Individual,Fitness,Controller
0,1.9562741209933954,"-0.5260522914584612,-1.5555611519922763,-0.5810373249514543,-0.4280504817300976,-2.3526820224575755,0.5145403628026362,-1.2390487088907487,-4.249071018992826,-1.5296708582007963,-4.504105890433751,-2.068264111483221,2.3368805609729106,1.0550094967128276,-1.755187443662342,-1.3557248278738134,0.929844147145004,1.0351386352378478,0.6948766909389612,-1.0499718258738304,2.3607903041170815,-0.6877844925461998,-0.30604788055992865,-0.5688172428609221,-0.8581566954876916,-0.574143497630924,-0.7449664586459415,1.6560523422342497,0.8809091271882367,0.3404613773320578,-0.557560957292254,-2.245390185552968,1.9556365754193707,1.7063029707115105,-3.6280828378276504,-0.27119578055845694,-2.063484404901582,0.041909800569920094,0.4344482366348121,2.888443371357777,-1.3807085865457962,-1.5134488961015884,2.196058247745154,1.0295781792447554,-1.3165337825456165,1.709506885577019,-2.1899952651503396,-2.2718606033683146,-0.8164302229703195,1.0874669515209772,2.675687460423426,-1.0876862747805824,-0.5153547552316439,-0.11825080393117406,0.7364339057416289,-1.0433598122218926,-2.1558313197667847,1.127359129180316,-1.1541409014068913,1.0201575763000046,-0.19946961125013546,1.9578673299380904,-0.4208080856167463,0.15730525030253822,1.7116145870513306,-3.357299932878438,-3.9832487953530498,-2.781475554267529,1.0225611494896696,2.32060771908319,1.414966484541649,0.4973128835458568,5.193366475389844,-1.9575834379229744,-0.5428774869911387,4.044099444125053,0.15884861854707072,1.7413786566102285,4.132632312092695,-0.8812415761416945,1.5042756776069914,-1.602061373841995,-2.5301612417262596,-0.9633222727703228,-4.47043773189198,-0.6032530580052285,-2.1255800016506843,-0.599413705934362,-1.3018411922748994,-2.8350187090866488,0.5413287109034001,-1.5926975007559414,-2.5077414279367005,-2.4443274532052297,0.317297024670216,0.013822975164445264,-0.37133309127327163,-1.6015641667675076,-2.00016891593361,2.4343179165650217,0.6254521406863347,-0.8463562442198282,-0.17722825589212218,0.022494132433434753,-0.5505955864399266,-1.1963319415986866,-2.245658778712964,-0.7102986012913418,2.002496565366708,2.785358812412565,-0.9763931865722182,0.5043162466990039,1.925311501059572,-0.23047246880537275,2.1568448297941316,1.2511901741853246,-0.8037165798423802,-0.13180332683411433,-0.09245646207930117,1.0480894369300207,0.2928260818029929,1.8060193194345031,-1.5816854005695828,-2.0060537188551364,-0.6532020144675377,2.0465933291518175,2.9225995094297827,-3.186700003609957,-1.599692712719707,2.281505404472745,2.4612954080224934,-2.2226352846857944,-0.480792792540217,-2.1989649057495213,0.14337775179010076,-0.8838677539140218,0.23322394167557164,1.5433166447327584,-0.5910232688009653,-0.46730747460989847,-1.7928729468613653,1.6695686439854087,-2.62245749589812,0.6318255298391354,-1.1792577915255995,0.6028455941196738,0.4198940687847745,2.813029410167975,2.2992969654262088,-1.1132368425434778,-0.763198701734517,-0.7504343924887384,0.4044974212828571,-2.709282394364329,0.4867345608055862,-1.003750057628225,0.2822147156785171,-1.6170068722926803,-1.7784700635368482,-0.5531239227658796,-2.159168833731148,0.6933473653338375,0.011410753661546681,0.8069880789878578,-0.7641109610814598,0.7821914652784767,0.9194527854059028,-2.046064297983349,1.110040085847193,0.18842822637795426,1.520432507729834,-0.7374450355932296,-1.0597707344019944,1.9678225957064053,2.6307193091718943,-2.4619762182822402,-2.268988642018704,2.204821571833656,-1.2399874342912303,-4.481666277490894,-0.3955723017259522,0.806251923617419,-1.1065646434499794,0.2434959472812257,0.8517301661640976,-0.550659409219944,0.5001393221537862,1.4047114919135284,-1.298432394905932,1.517655980442338,-0.8612291503263465,2.645846830166871,-0.055463526901288765,0.8409642713466594,0.06089711417257892,2.7271183572157263,-3.9874858260000594,-0.5322477850102163,-0.731392910195659,2.6716000373811313,-1.7163605490082945,-0.34450708952579706,-3.083541727596924,-3.130258407732285,0.8676611107156273,1.5039187678748467,1.8985067709700325,0.6375067033115858,-2.2275325478944383,-1.2903095018554918,-3.6013428363424262,-2.655602101051883,-2.73619017385014,-0.420897065643345,1.2952137556574166,1.183431777243424,0.9106670788569418,0.5427118532017001,-0.05166079219135261,0.5923597907425326,0.6485577170414168,0.024108339619215324,-4.820183640303148,-0.3298093798562738,2.5605620412690264,2.4255418778719844,1.06425231217621,3.2665554326269843,2.480111874602573,0.9139217585209499,0.04835799275703819,0.9122448406099163,-0.13517910097976862,-0.5406884459255578,0.8866619233030746,-1.5028234305163999,-2.0706970636784496,2.0284163898229854,1.1239705454089057,0.7819554175652317,-0.2162444794149515,-1.5215585785632173,3.8134449507266233,-2.807328441900083,2.719752642635922,-1.6559381734846297,0.54310618665269,-0.16301155435445666,2.397676819156469,-1.823185059899473,1.4832880636121104,-1.3875047860003382,-0.2633183742673969,-0.5449005956395159,-1.7268770751624987,-0.32917728794527024,1.6339931870383988,-0.39314511254447526,0.022855816485708752,4.108351355049588,-0.6783098680329827,-1.4079138653956031,-2.3775774195354886,-0.9235700577127479,0.7948907837963992,-1.2948689229566601,-0.19206608635818925,-0.20883804745872134,-1.0419555751932306,-0.6423090491530312,-4.600023858031129,-2.496131606827922,1.936875422556295,-0.32979334855557596,-1.8183362124280211,-0.44062577951985127,-0.9886827082120669,-0.27720911988472696,-2.092748240324784,-0.7439277645680786,0.8386208021385206,-1.3962107497272611,2.319359618114491,-1.1593007882436965,0.0928552788448252,0.9396353445089696,-4.720227645103103,-1.3745328957288994,0.13733112968778527,1.4649716881556478,-0.6775149269723213,-2.7010163579365756,-2.559403450047744,0.46721667359447894,-0.571648632373455,0.16895892138018204,-1.3978635699886717,1.8388412350915166,2.8351807975047456,0.2633473711712898,0.4295401084887695,0.4373914678526635,-2.393035635798116,-1.5127185110302996,2.3480536670691063,-0.34681091061587144,-2.1038586111134276,0.044525925007513026,-0.6024437225708147,-3.1242530461073343,-2.0012479222720545,-1.0444830611608045,2.0236856288599823,0.2667605992352326,0.6751781676865021,1.7157306003011692,1.0012861110439624,-3.299162979608859,3.3073523174514983,0.7711620059139523,1.2981944056122572,-3.5541584106666892,1.1240516374597984,0.6195558808014203,-0.13708885495031675,2.309697455648242,0.27109047115584534,-0.7989880623642113,-0.17587586191719118,-1.1505460248315362,-3.084321110425422,2.902201554159124,2.256499572960288,0.5428533389174889,-1.357355293170543,0.739667747547932,-1.6655742550165518,1.6391957580284455,-2.2349869517455865,2.5242471484622033,-0.9753902241241317,1.3801286976339946,-0.9575003728967252,-1.76695159416117,-1.3915095762441663,1.0376267824680123,0.737427580441017,-1.9219043678395995,-2.1387625580040375,0.6813253590949775,-1.9596800203125124,-1.9853287706653577,0.9207225053425294,1.4891240652228004,1.2069988346039617,-2.3988139349464825,0.2127733989168554,-0.698917487792081,0.7938050865822152,1.4202428830714784,0.6394449443661674,-0.23410323504057162,-1.7905090712683285,-3.0102476405356526,-0.005951477798559597,0.45732289048260766,1.8672661809924036,0.031692117412059045,-0.022766736286066284,0.9748873487199889,2.8932806101087127,2.3418161940224147,0.6298143749419796,0.45653510034046313,2.734333876503396,3.0785117318998654,1.3583977880079248,-2.355530871632776,-0.727839497871272,-0.5121438791072371,0.10426799938789397,-0.5446844914198372,-0.7510926688524311,-0.6828285604615109,-1.0449016560196314,-1.3811576799577028,1.2120927013224656,1.2596328690504595,-2.618676450483388,-0.06116836965164499,0.6934314194248871,2.649403717289551,-0.04490965598733185,-0.4926952084738683,0.622610768810623,-1.3707814313099278,-1.9859961108877369,-2.147360027845406,1.8230982454231524,-2.2787393269897147,-0.7273697945847696,-2.1695537610370628,-1.3578166661804107,0.127976026576974,0.7764008525406056,0.48466355474006656,0.5901348745912967,1.4518743729142953,0.4303933217145785,-1.6899097948107462,1.7373357895585726,0.9133319062989733,1.0905054903487983,0.9428151833627061,-0.5673260972797423,1.225383076531879,0.9417646855732179,3.4425264663047943,-0.7157614902671019,0.36751147566131015,-1.650200287167902,-2.8705939059991903,0.9930071073800457,0.9926689963664386,0.2616839703737433,-0.8671721672060522,-1.8680542180331308,-0.6524326147713305,0.09393164339019339,0.8323367047071215,0.8374629990025504,-1.9769989156333807,0.5259367319085243,2.228005333154307,-0.9697385435734887,-0.44005532963048133,-0.6712822172428891,-3.7377107778487355,0.7867373512396563,-4.0356575439152556,1.1690786025472102,0.024237064219393548,1.3473295040209676,-1.1038402277573878,-0.21861768499883777,-0.4337137378528434,-3.002518468963381,-0.8248400159427542,1.4626292477119462,1.1296524772869425,-2.085364785821493,0.6712253560512051,-0.19820765787881542,1.5819234091278092,0.720769024765279,-0.2850040242882607,-0.016303116522833103,0.053936961610496714,-2.0287968767382014,-0.32535880245969806,2.8185367662450043,-1.3090688193738584,-2.9724746528217714,-1.124126016723624,2.7656579033072943,-0.6156708110231036,-5.227197227009786,-2.0029022253742332,0.5855739751968109,0.13181128544656157,-2.5290718073022447,0.04826240148472463,1.2115201027189477,0.9815781491878092,-1.8565758987764915,3.4197649105387806,0.9108999543482363,1.173533187314911,3.3542370666867933,-3.4658675330875894,-0.6104706360746093,-1.5657130239191295,-3.147377913889837,0.745672652784286,0.04088360288208949,-0.2838986210824169,-1.013649127267821,1.1192928436643366,1.0828771599807676,-0.534214230338553,1.37317595074405,1.911301012390784,-1.6993629584451273,-0.8402613572620886,0.6458757670898054,0.8778475412565959,-0.8051602534415544,1.0664416088021507,-1.3294263404354354,1.8926197699257628,3.0003497816931644,0.5279183320594991,1.983711403078352,-1.7506930464160573,2.4698964199123328,-1.69873313628218,-2.1151069695735556,-2.946763442738433,3.05648405304825,1.7441500885797794,-0.08517363864521542,0.15833577678927108,-1.191602394968418,0.5082342214808293,-1.0744530273049004,-1.0967063286529364,4.7603544621188405,-3.528861165869716,0.10097926152903111,0.851554500769361,-0.9549196290439492,0.32989717375460004,2.643682822709451,1.6205153396054872,1.5886794720834017,-0.36049407632452424,-0.7691543431345282,1.2144413091466615,-0.2787439109963999,-1.3204668882154091,-0.4128763259201693,-0.8365065185456734,-0.2561271061968374,-2.7809459180261134,-1.241407974142221,0.9082891686833627,-0.2387839281637865,-0.4038977991376051,3.0037760939641287,0.28118259664827916,-1.200417070138672,-2.256749446031359,0.6862406840609968,0.12874651988542216,0.4376451814379311,-1.0231782363558046,2.6060753689012617,-1.4149981772423648,1.4305147229469046,0.6888854545710619,-2.514022793537502,-1.1378374801169608,-1.9058757665018473,1.2562938935753147,-0.23209699727866562,-0.8140353222040463,-1.9105557083868754,2.2290035713091614,0.3452248231807708,1.0879436877455526,-1.0234396213825754,-0.041796179381329956,-0.28455864926384844,0.9558518631879054,1.8232004683597416,1.99622824066759,-1.058943877323149,3.778139768867013,-3.40598783543771,-0.5907017516405781,0.008447771552818423,-1.7781610379964963,-0.3781588332680489,-0.46128859143294443,2.015521276694469,2.52829827872624,-4.537482086277789,-2.433598165374617,-1.206579300161484,1.192023258747889,4.067360853306739,2.36106577575028,-0.992799571895071,0.18527582787124128,1.5852064896029383,0.9023011456724953,-2.9304801453301574,-0.26546844124530616,-3.8917949830651692,-1.1638529576549237,0.3158950680269154,-1.5474715265931838,0.8794746184219625,-0.698783420606858,0.4153272177566994,0.7981869474987089,-0.0628377156179958,-0.17031857826990518,0.7231920351410135,-0.33404251471363755,-0.344180575544859,0.31647146984134106,0.9444338435900896,-1.7932720888966653,0.18246392700871872,2.99288286341874,3.6466450686746588,4.051102271052407,-1.4932335770875134,-1.1089664739162397,3.0818683381346315,-1.1533519179604506,0.010557464847146064,0.21526170824336222,1.5262007254823644,0.36750203183269425,-1.3088723511221716,0.37112673333704577,1.5715137625611488,-0.6174782879989738,1.1704794343328535,-1.2143048732903823,-0.5604669029838373,-0.021607973679373588,-1.7760321879637637,-0.7034097176745346,-4.323666964657852,1.6039308107137962,-3.650699789149105,1.6758858762610367,0.8610749674466645,-3.9999780502237527,-0.724157752854777,-1.4367753859393522,0.47873362383945384,1.6802246003060657,0.22131250417554166,0.0686471173971264,-0.4994010493344141,-0.6019468702918762,1.1828829691434843,0.9348830533546246,0.7508098427803995,-2.007161874245326,2.879497511728875,-3.4905585148477556,1.912232932783782,0.49095854417947743,-0.354596638681584,-0.28678048053920113,0.8687069902496055,-1.314282721582626,-0.7952454509364774,-0.08461946142186136,0.38964856325128155,-1.0429005717386088,-1.4422065991376263,2.057584552844212,-1.1505309269968307,-1.0351435240313769,1.1700666008488447,-1.5936838282179449,0.09170941571894711,-0.32434102032950834,-2.4252263121295354,-2.1847341964317497,1.1904424780499143,0.7790067184233325,-3.2184961805707326,3.07558998042832,-0.3432944446175119,-1.6677686667034624,0.20122907094056508,2.283273375823163,-1.1684807432318722,0.145845427291921,-2.4775083275174965,0.9449138358682777,-0.35615650505096674,1.2318292474993489,-1.353902647382983,2.1472472670155045,-0.2910176494313372,-0.2633712353269362,0.781362662003707,-3.2446732143381523,-1.5424989274623795,-1.0581207289799868,0.1925050423813745,1.080563264493127,-2.2698759405163678,-2.7547316989560913,-1.47301896259206,2.3281436368132593,-3.2318267057114576,-3.209933436250388,-2.3209311392395944,-0.6302903278208594,1.021669878462183,-1.9088054070937732,0.20254904343809516,0.7528464987585495,0.5946706329714592,-1.6443791366387834,-0.1297581408325694,-0.8058990402018449,-2.03005562118981,-2.1442335072047825,0.2517375789428627,2.627219482035508,0.06580473681755977,-1.7772938383291446,1.3936480586825986,-0.4329825731710961,1.7677243306562684,-1.428880096813482,-0.7864481051346448,-0.9564135827810873,0.9432816315931203,-0.22572283558483627,-0.7180157493208289,-0.5772416632717632,-1.689634801307638,2.089120290536909,2.62173280731001,-1.0375951333051978,1.5339968827292398,4.678549966603802,-1.68686857598093,-0.5571397771668797,2.3928537697256256,2.8538509738396294,0.9623732425184929,-3.1778093511963124,1.5211135314293844,0.5899341319611177,3.6593577414156973,1.3091495040245473,-1.0141863595368417,1.6695995995932724,-0.6284604710047733,-2.4244665991375114,0.18884486380545812,-5.435700595717741,-1.0119861314663845,0.7353192438370008,0.0420838932120278,-0.8055246603983093,0.8354823620685654,0.17809037669638556,0.23111794087925328,-0.4887894726604334,-0.8921364917346846,-3.984327356007465,0.8143430399587284,1.050334024707578,-1.8528993038641948,-0.7015584074860736,3.073002694143284,1.0484408893197135,-1.5980498781210248,-2.0751692671367175,-1.5721093961524841,-0.4480907154387721,2.7832320286554673,-0.28403444957350465,-2.607847310061709,0.4275400271957481,2.1705702776696234,-0.7854857258443878,2.579970061282406,4.599618819896778,-2.2523638680506193,-0.006404176765132625,-0.46945493181638287,-0.9023949160624073,-1.7220303077997912,-1.4655396464716286,0.5477075636655173,0.7591741293476306,-3.9696711147108137,0.2683241591343385,-1.9238759048299698,2.3247523543568724,-0.018531998722350368,-3.941742321434564,-0.25990353105388303,1.8718731397715216,-0.4243734427096166,0.5681505965880912,-1.5693169025854197,-0.0357793885589304,0.6412078455539211,-0.5040456822246532,0.6480008734356625,-0.3511985708481151,2.755167089713086,-1.5661213096994713,0.5075058814173437,2.6708601859984906,-0.4124024882341167,-2.2627122338365444,0.7000513084923412,0.8978961651748141,-0.15179347089961925,1.8482597953892774,-2.3749068785711116,-0.26248411421793905,2.1427867095719533,0.34532777735261594,1.449599320183398,-1.8334846863579668,0.6981748921874861,0.3677338657089597,1.0649286168408594,-1.3764034956295195,-1.0697410755742276,-1.3230108363992974,0.11037924347643253,0.42752462036076183,-0.6953975100568863,-1.96598179929255,-0.5089580611274123,2.4019740082675485,-2.7590032098606256,0.09020671964932861,0.6253513042355328,-3.6365642926845494,0.663504662423541,0.7230601905118998,-2.1323751930078414,0.6047588641628497,2.048798295287207,2.3406760131869886,1.5990635317627833,-2.3043583185434002,-0.02029561768287265,-0.9523511382595923,-2.092088607906855,-1.1522253399556304,-1.0520598640251828,-1.1743618609983606,1.3770476404226037,-1.35974242697077,-1.8524584562438224,1.2227504339087574,2.5578120159009594,-1.2630461884959985,1.997778799189298,-0.6848001011912417,-0.015414949448574466,-1.429895581091047,-0.6066421531597431,-0.3882253165128602,1.7950010492057558,0.5325719567164704,-1.0358453283521791,0.6122434720156295,-1.946393217766537,2.158743122424543,-0.5530171807962746,2.368932860455601,-1.1989055218839244,1.8300480199133362,-1.6347311964970546,-2.944824133922241,1.4924681201310748,-0.8990195278691753,-2.117016511112141,0.5592802020362861,-2.1613097521812787,2.0037651675913377,0.5401703039874581,1.2991900964859313,1.8999999555152767,-3.7290723193157778,-1.6886263360948166,-0.9648942187570785,0.37739760214839896,0.11552657118055878,0.909521637238957,2.87621266330708,-1.976965246703178,-1.7914845959637336,-0.9789939778019396,0.5043478829181179,-2.176933390747429,-2.643727168417323,0.192744732037637,0.5233016819519091,-2.5531438389435923,0.8524354528047474,0.325601940466564,1.6314148317135164,-0.4705945156916415,-1.391798908461529,0.0007093385156621973,-2.434958857361381,0.8356183064970826,1.3585094094088108,0.8952121790080589,0.8439374821156458,1.6331887602564337,0.7064312211591836,-1.6297873063076695,0.42480832652739586,0.7871428553455996,-2.5179265971600535,4.281358012939765,-1.9807744142776051,-0.9480189963980215,0.3012564152632876,0.08594856829146202,-0.05260258443548238,-4.643380983372432,0.27250435691945324,-2.0436112848132897,-1.3321017510374276,1.364753948507439,2.2597242314513353,-1.7857744977327779,1.6747575734750484,-0.797237643138677,2.605216442332179,-1.8641648677586469,-0.7095698046470784,1.3477072906590444,-3.6851468474642384,-1.2206279889745382,-1.8226586998622423,0.4260053031749491,1.7191875033515267,-2.7203042302324327,1.2967969471436651,2.0836653143757835,-1.7826893207391148,1.877210397536056,2.4591766731864593,0.04647298809754638,1.5284075837993631,1.3931644593286319,1.2423739225314063,1.5390134757703688,-2.170097601627974,-0.9656401607121343,0.08554415449108888,1.3013879175042125,-2.131748372304867,-2.069028335033269,1.3440157938961124,0.8002291915511586,-0.9798800256037807,1.5219094169937364,-5.420866913021252,-0.5009732641455531,-1.6833260513306325,0.16511437333429269,-0.8821705933645237,-1.1001808178890642,0.8506954297273543,3.062027435222876,-0.4219593146436349,0.2965631806147859,0.9410059476500697,-0.25396821464662966,-1.7117073793197402,0.3267290708409327,-0.6920064200082326,3.2658897616921405,-0.16108709110686725,-1.404387183783507,-3.219707616855288,0.4057342760116475,1.9097760177085337,-0.33425784875620174,-0.22677422901658817,-0.0495483446204157,-1.167917541835441,-2.3295127801761235,-0.8951310098386642,1.7463699255534957,-1.9571066794980219,-0.7702520536632866,-4.740941409212293,1.2411312276628281,-0.024024223951459804,1.7243397982670003,1.9457113126434469,-0.06502686212241335,0.49667622450243487,1.17719472220777,0.89416819373101,-3.243284817815722,-1.2341433352993776,-0.16732242986397391,0.3638122399610999,-0.20032094503835496,-0.07424828835955159,1.2350432591229163,-0.4068058667705494,3.262256833458286,1.4649534265390267,3.1425692019440308,2.9949367544046903,-1.6940815649517107,-1.4948201778397818,0.433591036529003,-3.017978658915133,1.153433388686556,-0.3993695376642084,0.2874041934971267,-0.47884747997565696,-0.4231829224223397,0.06425488393980426,-0.6281703641182456,-1.2083306792514237,-1.5600437010012846,0.3663823343966833,1.6218058940335462,-2.695702881395425,1.3811027302987282,-2.4772224783267203,1.2778664747810566,-1.6022643428134495,0.4453676472421465,-2.611220556404889,-0.7008556669682082,4.650154143919987,-0.02880943394444796,-1.7306840027701682,0.30938027305039484,0.8796233156118844,-2.9470963105323227,0.6139503161063828,2.8704419336555063,-0.7594800931628971,-1.8750474524654897,0.22701334104099052,1.4181717990901022,-0.9108016491758256,-1.5562907570481528,-1.0144450826047653,2.248607694174023,-3.4003020366790917,0.6412949457930114,1.8759264410982244,1.432997597960506,1.660338303020365,-2.5920233480082158,0.524822195723365,-1.7576751421856331,-0.40935485339914424,1.082360714471815,1.1767335023817076,-3.4800950698436592,-0.7006001358494709,2.603639896724003,0.43183364107705186,1.3352181303033235,-2.349437263856589,-0.8290832585014367,0.4150977838508814,0.44581983613597154,-0.06378440842529456,-1.0744392267611187,-1.4554091982936557,0.7729722070235908,-1.2262697847171626,1.2359647297110088,0.925917935595636,-1.0491085756502627,0.30723810269894314,1.131827678496692,-0.9068465033287936,-3.5221257992597366,1.6001161795808865,0.7618532994211067,0.4844219150121412,0.09972954937973576,1.1213333341385752,-1.2995597770513734,-2.4967360052301792,5.212388391132371,-1.8663000032083914,-0.39693476193922705,-2.380539066528624,-2.3445050019707185,2.1923464044112784,1.4022187855008714,-1.13390855543262,0.7689724245435331,0.6902253775198182,1.2596411992213912,-2.0838977462580077,1.9602717672745522,-0.6814084808030307,0.13257383287402272,2.4045642953263333,-0.3608536740104663,0.5999271536984354,-1.969420143835888,-1.412898065824561,1.8578013953895205,2.2049304183645297,-4.098296993373656,-1.273969479265321,2.731290854647969,-0.953164414527988,-0.5372069470829361,0.6577184257782365,-3.55326406274053,0.9301210022065672,0.5391785971169875,0.830855675340766,1.20626597958609,-0.9401088979727305,0.7234467872488858,-0.5200564124210156,-3.1644745232698868,-3.690330482850073,-0.3968400626488031,0.2541831178590003,-0.5556813405705365,-1.4022350618376485,-2.563263523798162,-1.292313552311563,0.06785646916286844,-2.0504077842768433,1.0517139039948589,-1.8153599022519071,-1.5762168050771637,-0.5637110665478701,-1.3613088241890448,2.6761309941840663,-0.0950658174387945,-2.2309119408508726,-0.20950936745190496,-0.9846934825690613,0.6120881249878154,-2.282601305037454,-2.677770716018027,-2.0961339753164188,-1.8743174127184115,-2.524534292326675,0.6439320343953484,3.7478679425689214,1.0691130611958144,2.191775220850665,-0.3004975348386883,-3.393227008521011,0.3928670028174444,-0.29113690523726454,-1.064459427774859;4.890540526527035,1.4349126254027598,0.4135843583655736,-2.18219805088239,0.40719729622986683,1.7220314811425221,-2.1252202432713805,1.7128565206066155,0.08271878771624955,-0.5019275452926497,3.075254234905171,-3.5267865254492303,1.5809026367509675,6.147160220137524,5.999541635891822,0.2973295652158996;2.2792535818838338,-2.254665440680227,1.9278539574742297,3.617359691548089,-3.8283947087490073,-4.526325748744515,0.9843327785140332,-0.0567896709680262,-0.7063451498841983,-2.746583812804416,-0.18960063641234018,-3.237157308826906,3.2575257220151688,1.622121687007033,-2.3554268987906655,0.6726489640643668,1.0081407481081404,-4.906071431812618,-1.9367420443010157,2.201263173412512,2.6283973824436533,-2.588606444859254,-2.438724712901965,-2.5075647872477944,-2.0725730153071016,1.391625076294303,2.3182125333049637,-0.6229754799181801,-1.0977996905505605,1.7340395321076367,3.90310361361923,2.007040464912987,1.5902419368312157,-0.9330053651536534,-2.8434226158873503,2.077095025498786,2.7114714484429028,0.8020782614711396,2.1921081619812512,0.8531114625277423,-0.02477852800604175,0.8889971792130227,-0.5572124187714008,0.5223990602230398,1.0635242829932037,1.6688333913599638,1.4206040979670491,4.256207009911388,2.009475122814459,0.4114684265246119,0.8161059834592915,-1.3968950524338002,-3.0837195666800805,0.008103823671165397,-3.3039059280165244,0.6463864533790497,1.3595455726999757,-1.6278051092286279,-2.4679753352994496,-0.1716709749137293,2.730977506959769,-1.1658526820346786,2.0660526578269267,-4.455352318513487,0.9726577759355682,0.013036409704444224,2.2891614988282547,1.0352424490019703,-0.12011978569189424,1.0370580756465737,-0.8731949914933952,3.690852769172137,1.9406404274905351,-3.1426321650189086,0.6794526963881501,0.3993714993439513,-1.8333590288297208,-0.08989626419983965,1.2526012681683094,3.351833519850465,-3.44052026053477,-3.371484007784137,1.1641720825497606,-1.859677172385956,5.641528227648815,1.8181881799901944,-1.1251322012479692,-1.309844814616338,-1.6534594973622392,-0.4198925461690838,-2.5249222068734456,-0.8112708537280635,0.8608487822916517,-2.8849535309443737,2.0464360284033773,2.1905210792143293,0.7074361654814613,0.29467169087050327,-2.0570049273126174,-1.9593245001851687,0.2475473176785512,-5.3511253458740295,1.6519292705107476,-1.4761807642736813,-1.3940228654675666,-2.5652671771166107,-3.4816281359030334,-3.7671699661075864,3.898792965264757,-2.8913141267513467,5.044331752863644,-0.4365627156134918,-1.922343487007242,1.3527322430722162,-1.68663111433884,1.4362532448197087,5.101102845009908,1.8504332916329271,-3.7204910680977514,-1.5472943417575764,-1.3680553684951025,-3.235707332132961,-3.5818703398237752,-0.3818591945766293,1.294804445660926,1.198181045438649,-0.08086914160966105,1.949465935442379,0.6613069566761804,0.1548806743496584,-3.680413513437383,-3.9883525695783164,0.7341614805979779,-2.443949437203726,5.661926333017896,1.4515590866427586,0.09475875241091831,-1.8066120079046355,1.870432854962454,1.647419204414144,-1.3420847080333713,-1.9053904414402438,0.08202885357863775,1.5239459851682537,1.4299810398468658,-2.5170854011669226,-2.6748888802386612,-3.0858978664940224,0.09801562914382347,2.7454550051952764,1.1055290172850103,-0.15317398631109413,2.8042295329638334,0.01910916210441152,-0.23952681842688484,2.8419151041307193,0.12644600949692802,-2.602736615501512,3.028884292073349,-6.878779078605677;0.3151054285936621,-2.1377318427805005,5.001816022499452,1.4847314735481538,-2.8668737423033166,3.6433431395033806,1.007072799766617,0.355201648701457,-0.8392979924336323,1.2145271609878727"
1,1.9293766635939198,"-0.5917902605175348,-1.6226315660554074,-0.6720182530898919,-0.5537088931152906,-2.4570534000233133,0.4250011482049771,-1.3067513263224433,-4.636082307156638,-1.5898203050072732,-4.756478246165159,-2.0411198433106406,2.461935195036534,1.0392764289638339,-1.9826734672998567,-1.3244131237628478,0.7779386581619253,0.9136676816748024,0.716848858908005,-0.9862486619226553,2.490064952962959,-0.7710796790081957,-0.21491333102384402,-0.6412214725094634,-1.126386679931818,-0.7351529921272035,-0.8272778365480296,1.6312815286099034,1.0262470156266534,0.5551419125543897,-0.5789130370845705,-2.460787257459006,2.112324187317976,1.709758228784241,-3.7624573946844695,-0.03726719221340524,-2.0617903431978037,-0.01820228536387508,0.4190638970576348,3.121335537466007,-1.372158170398548,-1.568030463521594,2.3016721509942024,1.18742724359951,-1.413352222272969,2.0231301225521907,-2.3112235842607607,-2.6611011378977043,-0.9839684501853644,1.1911822478597627,2.8578019663822487,-1.21141927759266,-0.4869708621576007,-0.09598326511467846,1.0208724982410013,-1.1693803096967652,-2.247651871361817,1.2349133443638003,-1.2353709426747437,1.1155494705477191,-0.27913603000511594,2.029030546776259,-0.3307854884241974,0.22053932941940724,1.7097426136968206,-3.447158453696757,-4.324690375093266,-2.9440149874325807,1.1307575388269329,2.494213598924464,1.4699406117780964,0.7009485894591069,5.369212718900367,-2.0736875481391817,-0.6606124728596587,4.199346347078277,0.23216378488296485,1.6885673432692905,4.633259589634169,-0.8338425739104656,1.6622354851078676,-1.881076684276674,-2.6875991150244953,-1.2907110826338464,-4.690383553390739,-0.6589943739235824,-1.8776489951039288,-0.7170903982977408,-1.3832056306214764,-3.0165947162374707,0.548802574954723,-1.5632607111227999,-2.602588824756639,-2.9911495718588044,0.28092541364789425,0.12130150064558237,-0.5396367584476779,-1.6364441215073244,-1.9893497924307368,2.4122871391800533,0.8643155425866047,-0.7457513410596379,0.007194210130541112,-0.01682712559996516,-0.5768103809863643,-1.407179836250702,-2.5037188368210797,-0.768104121004798,2.2051162976089937,3.109176487731924,-0.9345809141667643,0.39302340187713386,2.0822739820618663,-0.3625148409763218,2.376849589352272,1.3382734761509136,-0.9833778530195723,-0.04818649536138586,-0.29102614469740606,1.2940373869852828,0.2357686799386813,1.8769327396607909,-1.6667485954629124,-1.9514138278352986,-0.4851184342304753,2.0801340382998372,2.8963499036390243,-3.4519771475179715,-1.7755512313986987,2.4793116879840964,2.8024434830632514,-2.3053634588457106,-0.236892005525545,-2.289975428114737,0.1015344162172229,-0.8238523589751194,0.19136094139649817,1.6961301703385652,-0.6514942039737879,-0.5212866233187489,-2.1110949915341477,1.634318567614761,-3.0122463627025864,0.6542553862342879,-1.3304513341577,0.6426681976364437,0.5275513168936621,2.887391589432287,2.3219878718116953,-1.1572567166203034,-0.8187527931389788,-0.855589158618149,0.17329071605532465,-2.7463098740133414,0.5470859379269081,-1.0716875716479506,0.345884053573669,-1.797018544986666,-2.076237687356385,-0.7203467757383538,-2.273621129663682,0.8417069444739036,0.07223132247109426,0.8382630223573458,-0.9279688469538112,0.8407659601460528,1.1168080647125889,-1.979408400128316,1.3042194133125933,0.20903974171678613,1.4722978967887221,-0.6551646463433071,-1.311521201524791,2.0596577504593165,2.613047929427473,-2.6029157812815997,-2.323835035955612,2.117354682730523,-1.444662249629161,-4.930259994082975,-0.4552963297786774,0.8178638857247952,-1.2236443177328056,0.19203496433558875,1.0287634936107115,-0.6362403315483391,0.47952699441809826,1.4862208828632462,-1.4119168440754328,1.5342837523188817,-0.8699609450016935,2.750158241200886,0.015775402964479712,0.6063045433035907,0.022019745692270054,2.9133698775500205,-3.9955470611397677,-0.6710157047134818,-0.8250713674391638,2.9701018124237013,-1.7823163680980576,-0.3809191920860686,-3.2873934608522246,-3.197758729379874,0.8029932026582536,1.3276874506938006,2.1282851722088596,0.8000528208398591,-2.4759475523123813,-1.415247868678473,-3.8892168542975645,-2.781698895028536,-2.940196855936969,-0.41970904883274945,1.4898196432536766,1.1392603506590406,0.872618394125597,0.7173608832962763,-0.06004729880193404,0.7831485542278087,0.6055243116513552,-0.15250392299716298,-5.112069414331871,-0.37763625636387377,2.7919651189194754,2.5712691327664188,1.2961727479365033,3.507350595399419,2.553827555361755,1.2399979253216233,0.021154533876415582,0.9253488802370203,0.008452118239901552,-0.43173771304684405,0.9249935124995088,-1.6056358187399873,-2.3051880558622257,2.20280052423512,1.2958621735256612,0.7314835747739841,-0.26796723882501783,-1.731827817422158,3.9237590184176603,-2.931927556161928,2.899849393041653,-1.8690249138767463,0.6236739619190619,-0.24998030266602583,2.440991890362729,-2.084449982269678,1.5703302359887212,-1.3893475095854233,-0.20855269884893013,-0.5504084282563967,-1.6900949402733345,-0.291584508079208,1.8913027848627466,-0.4929585442784918,-0.04253041024230997,4.402823493809059,-0.8314801866251499,-1.4424035710867302,-2.4958672328382807,-1.0941091190885062,0.7157116193364204,-1.3878872712890598,-0.19847919575259054,-0.18164999523364664,-1.0413346240297685,-0.7866971089742164,-4.738838902389719,-2.5697898281071487,1.8719071258992714,-0.5662522332207162,-2.0401974889135137,-0.39392057550852244,-1.2212135719520316,-0.3969357513483395,-2.2015897353327762,-0.9453370298558939,0.9280994992962404,-1.6531539834806541,2.535102029071497,-1.2785604304554625,0.0664465528956396,0.9840843980852523,-5.050670388472732,-1.5266390981651061,0.1483013901426646,1.5365151956835446,-0.47677651549347144,-2.7870755853603497,-2.7013953158916375,0.2636196336887803,-0.4787209994429381,0.28010233075018337,-1.5310764501790346,2.163568469566007,3.0126369625644345,0.32680815996134976,0.3773575590050786,0.3840492465081939,-2.5205547274086912,-1.7353378549547087,2.4533603059982445,-0.2293920626289923,-2.328166660483087,0.13879971602293378,-0.622596595661865,-3.2754307166530037,-2.159654624503192,-1.2549194802120875,1.8789288748629853,0.23712266739531568,0.6863687982913791,1.7318391894925769,1.1613753685729882,-3.494919933574808,3.390540767340023,1.0256323577161275,1.3532206083549982,-3.675788926843049,1.2587097461147019,0.39862127572238026,-0.13155062926051325,2.6248569438026452,0.17585082430260018,-1.0104844124217633,-0.07064290267264084,-1.2127175320993697,-3.2523963613585916,3.207056729035978,2.4233221550887336,0.5871688379883164,-1.405016930669042,0.8654322574854276,-1.7501054440460766,1.741317835643593,-2.3880139984271818,2.536034626944758,-1.1420816521146353,1.5493162163593936,-0.9887969740466781,-1.994113528400549,-1.3441696754107906,1.1621267535201274,0.8502441868247994,-2.3419222716255703,-2.1293705596327346,0.539217797943983,-2.151678490217197,-2.208859953472183,0.9261083192149209,1.7499881667224604,1.4236846704331594,-2.485166566475486,0.2426738275634408,-0.7273408682312646,0.994408042198041,1.5924385430593306,0.7300643734840353,-0.12607160938891215,-1.7748990083962133,-3.2391936482048838,-0.033748816515055485,0.47592867393066307,1.9698808009107143,0.11742929299096311,0.033048512594009954,1.1819846066268016,2.9593732825731043,2.4867058696115487,0.7906393045540416,0.5543442098613168,2.9698777367057207,3.127205560487409,1.5852673485992135,-2.4457841141314898,-0.7779139341407766,-0.5624186964414684,0.1048550006247782,-0.6357201313658623,-0.9260237924544686,-0.7264790755916912,-1.0881143264998898,-1.593536225515236,1.167126167986013,1.4394864168538817,-2.847428101799271,-0.2061048105860971,0.5284656019402154,2.696703051054153,-0.1652945660026947,-0.5260995481951661,0.8135488703453713,-1.65191643524072,-2.174085455511313,-2.4537859334205576,1.7502034276497482,-2.397141922418163,-0.7022460395904695,-2.3882267948846962,-1.4147529064960487,0.11067860806577959,0.7869574417988383,0.5044872096502387,0.5203435794905314,1.5792948689677166,0.4949827726767224,-1.7958724950829001,1.7660828930826822,1.279841476628588,1.28944777849552,1.0233571779305926,-0.574811019124278,1.4499550744118475,1.0525060109462023,3.71247226130298,-0.767564590972253,0.43295933202569115,-1.7010757442411053,-3.094057759990969,0.8658482163566718,1.1920876109451077,0.4731102731804737,-1.0591853804794156,-2.110205775997041,-0.6930544620129543,0.05061752534166303,0.9134347117618562,0.5786995637217691,-1.9708059774450961,0.6492984841578429,2.146930634098834,-1.1114793022774037,-0.590247794619684,-0.6050164355740059,-4.163106366658393,0.7526204866153823,-4.29663943083218,1.0010423482933923,-0.0571838714054434,1.3492502433902172,-1.1838409624507789,-0.14772118537251527,-0.44611007821426146,-3.237438621166872,-0.9322270979077372,1.5170179760864457,1.062840106864873,-2.130522996579425,0.7440040186631285,-0.40156177254512737,1.6877712593311482,0.6995392635797857,-0.2391973718882579,-0.01559388395811123,0.3517726876854055,-2.323332351238501,-0.32547020540543137,2.9233030622277085,-1.331730063960456,-3.2164523835026,-0.9655319915490509,3.0410082357959007,-0.727768735857315,-5.499211795547767,-2.143185979348898,0.6429808084159773,0.26033978354805654,-2.6186903934330936,-0.01552922858109293,1.3326625525780367,0.9522897804139746,-1.9835994423279588,3.6551814941912157,1.0351333755203664,1.3469437438556429,3.516674405253963,-3.7938887968463053,-0.6177726682965993,-1.669989845625792,-3.3853995223591857,0.8744669625140815,0.07923064954942927,-0.257076483395282,-1.111695220520452,1.1779304689951184,1.0721461166716366,-0.5023423931942747,1.28871490509756,1.97297695214411,-1.927595826274083,-1.0492389262830966,0.26646318395932544,1.0047868528054464,-0.7487086610050406,1.0450288251459956,-1.3300931544415215,1.8806470910469628,3.1384808671529485,0.5605282859590176,2.1628856802255534,-1.8930227260267447,2.67893360107857,-1.9561517624157094,-2.455219732689958,-3.2592343488709687,3.210628788381003,1.8053421820747702,-0.05750125551642907,0.2581773455808511,-1.1934752918109637,0.27609240516890676,-1.0692226576159523,-1.0816244709400527,5.313334536461161,-3.8057431004367626,0.04352243296540437,0.8822350442036493,-1.140319915747837,0.49309653776674356,2.7462344600423,1.681632885669756,1.8786360628069116,-0.45992106239935676,-0.8876125115379048,1.1205439553151273,-0.29110494341961896,-1.378349908502024,-0.4619377239849648,-0.8712112428982153,-0.4582589039920981,-2.7298052738661873,-1.3286364189532152,1.0539297638159273,-0.20755672150572985,-0.35088318184919454,3.0284551942758657,0.40401112894856583,-1.0302720710514888,-2.158633457938014,0.776893053566373,0.26159457488707005,0.32728976233650425,-0.9955115160232774,2.8172682415077253,-1.5793873727962122,1.6236373981461742,0.6611279010323289,-2.8129659774810376,-1.1303572801753528,-1.9414728298977273,1.43047314644862,-0.14011173498639906,-0.8403280905848622,-2.02562717858634,2.4131377815355823,0.42293303048649267,1.2712922655886052,-1.0627290428345022,-0.09638784403223208,-0.21694039195015902,1.146884249293056,1.873833673948633,2.27437811295214,-1.0245601642974675,4.128662268133062,-3.633095034725164,-0.3800668187115964,-0.07904392158334661,-1.7933727262487043,-0.6173711691708038,-0.6337377194309376,2.211476879182708,2.664347509680173,-4.826752171397419,-2.7131528145001784,-1.0781459988359263,1.504688998640234,4.439206497926093,2.3882690176764583,-0.9550935632218118,0.26715837566233597,1.773440170647814,1.0250368768559885,-3.1544098839008115,-0.35634991012793965,-4.058312443917233,-1.2104135999965946,0.2638889663553883,-1.5895027427588901,0.8369257138762978,-0.5712318785823854,0.3107531574516901,1.0210914612588669,-0.17879884943132734,-0.12267573323008743,0.7761794880366951,-0.4202624688779795,-0.2951785190788049,0.28576336015387277,0.9494101799382564,-1.9266612062189017,0.10467486606787652,3.2779405422230106,4.02982915573835,4.319623193590402,-1.6901421869189983,-1.0150842820384465,3.3476560951643712,-1.003772073900271,-0.055118752737117915,0.18778955225745983,1.4484008901886085,0.5039537796673167,-1.481312706050986,0.34594155231834733,1.5831286995248512,-0.4813617179288623,1.2332971827863883,-1.4471349593016996,-0.5202555197348561,-0.18285580417267555,-1.9438544285441282,-0.7556324396553427,-4.57122215562078,1.7270242995244447,-3.989941231526643,1.8455736718558338,0.7260521046279854,-4.214804761041219,-0.7395031569979156,-1.5197808439453642,0.5444998336859825,1.8552101075748624,0.17321255466593102,0.29020127357986647,-0.6114708570573211,-0.8917954193722364,1.1944689697960127,0.9783038434913758,0.8520989863752295,-2.0483896169374867,3.1745709513241263,-3.868320567054029,2.1276525453680586,0.5517243731678462,-0.057799258640629514,-0.5296750383650657,0.9525409103834435,-1.3001953549115226,-1.0664923099227501,-0.16901131252840484,0.14415365467689356,-1.0309914707111199,-1.4242183128975079,2.4822936244111684,-1.4367480767702714,-1.0165754886033527,1.2246831934068518,-1.6919187106713682,0.04679602950023504,-0.33872855342306396,-2.518435068003013,-2.1766493179416746,1.2967134048181488,0.6566702910266287,-3.3831176806519077,3.447791394328698,-0.20000454625795294,-1.9016926123467848,0.13340702944197302,2.270161919581977,-1.1851175280562332,0.13606530892308544,-2.794841980789502,1.0116387738643629,-0.46583688719082383,1.3124323577617845,-1.3779868029135365,2.351278074140625,-0.19097556856670778,-0.38188795454721775,0.8306128870342809,-3.407614912046359,-1.5417055954341534,-0.8927283395505409,0.5152359939111089,1.1156300316777967,-2.5464571416727413,-2.9234481531399896,-1.8269339844461112,2.5389259454346442,-3.4552359979525793,-3.465019116586494,-2.5506246811427737,-0.49768236318007364,1.1594331696793176,-2.2084561271603107,0.2588333520580736,0.8913421886389786,0.7060749395121745,-1.7953878552326803,-0.072907929309774,-0.9042276415587787,-2.0985555756127594,-2.3330722073194465,0.24470744979381648,2.883486410572594,-0.0736663797652598,-2.0183426735825027,1.6244178935158642,-0.657078097843882,1.656742461816064,-1.6336370337500101,-0.8994393397182345,-1.2013070923866356,0.9373981117377898,-0.14684078931918804,-0.6766881047585512,-0.7630305240113409,-1.7003254014662488,2.1464427754205126,2.7533870865786607,-1.2522848827599042,1.6466401028398843,5.045201949965895,-1.6163142559073291,-0.43413324187068764,2.6652776528281246,3.044776320809012,0.8139101113635004,-3.5733491186694004,1.513399195507271,0.904668644852535,4.273394704289671,1.469892699341754,-0.7966196320036569,1.7921372743434334,-0.764878301404116,-2.6556709109887127,0.03761056849811484,-5.865563482809987,-1.105191371912777,0.8357385810121414,0.006808614692476761,-0.8374751767401724,0.9828772062820594,0.37286093321824,0.20352753315312766,-0.4443149906156496,-1.0777454112823284,-4.29967764884143,0.9269128464661281,1.1926949895202579,-2.2199966740659134,-0.6524206535165334,3.382764061544771,1.171148075227954,-1.572128448685562,-2.359535925897655,-1.7082732199062252,-0.6830764207362675,2.9159895116607704,-0.5151961958636081,-2.7399755643586703,0.39076480145155534,2.2428419678232183,-0.863700106831036,2.7944420139571804,4.711023137017296,-2.422494420437076,-0.02474577041033571,-0.5440165494481153,-0.7295003581065265,-1.8051938297339738,-1.6875723964473135,0.4709441742615648,0.7884717457363908,-4.322767778006323,0.21040269120196992,-2.1691906940055494,2.4770829016314737,-0.10632629672982868,-4.165282189453092,-0.32125833519997854,1.939779199842047,-0.5087046640913211,0.6889222502659713,-1.6057575398537578,0.1276707828242023,0.5970484977570528,-0.4891283703416475,0.6050002741316259,-0.3824070276619833,3.1120689746786843,-1.807772034907601,0.5118802024773483,2.592785780414941,-0.26199539456181886,-2.2128457495077183,0.8605556602022224,1.02161587358867,-0.3453341461358177,2.0244100500024436,-2.606603216104128,-0.2828810052894357,2.3807996937183313,0.30971678271236,1.732869233555781,-1.8503961637495658,0.6031107222652411,0.2323213185366375,1.1188522279073647,-1.5541940382062371,-1.047490230944029,-1.573698638644792,0.00918623848144906,0.41717809267450645,-0.8015765428332874,-2.105584699988571,-0.4858644221752123,2.446054917122963,-2.9161793671084477,-0.07951767998137216,0.5758933820705926,-3.757331490889866,1.1017862616227279,0.8591311477952459,-2.2296875458338765,0.7707952616568539,1.9813801941789553,2.5935609757122915,1.5553336854332496,-2.4498535446934406,-0.11460177019681583,-0.9787113984883612,-2.164374670243272,-1.0316376457437229,-1.1087401156648047,-1.1631739173207132,1.5799055388898973,-1.62831097526408,-2.1810659606850544,1.2888037015990208,2.8619043154942583,-1.2537750008608333,2.115875735850067,-0.6600333970287549,-0.030306761387524743,-1.591144674018894,-0.6269613575617302,-0.2602160958195705,1.762054795176567,0.5324153398486271,-1.059174850981507,0.7822996038747246,-2.1552792147529565,2.420430960034146,-0.6621917142826721,2.212467244993501,-1.469220577315733,1.855109607702385,-1.6310230466166815,-3.0828569615996884,1.5314369529874337,-0.6590908688126366,-2.3307515564570314,0.6603184150456929,-2.265421197042663,2.1962772402266584,0.5853400084540488,1.3072156568591915,2.1043016186121655,-3.835114392465852,-1.8852416190508232,-0.9093228797239022,0.2947149543678961,0.35022652810654165,0.8269429521415013,3.170515538645386,-2.0352176049245694,-1.86815880778764,-1.1588004267347696,0.40137224060451293,-2.379260689561698,-2.671333879946626,0.1582280901526006,0.5342860188569563,-2.794949922869667,1.076746605655282,0.5519086817348042,1.7166383761568884,-0.4218886140538299,-1.548786144833301,-0.07154254650824726,-2.577814957572243,1.0218677471143298,1.4833004498875535,0.7570979434672175,0.8359700148051156,1.8004796136708152,0.5416372556700622,-1.7075906280764146,0.5541890190433543,0.6057435052449268,-2.705840979165417,4.721953207833275,-1.843055400615217,-0.9344714213371806,0.4568310846741126,0.35023351691021354,-0.06150484152070888,-4.728807479265568,0.2243418571907083,-1.8782697702497588,-1.44729715097756,1.388990311760292,2.3993480448069406,-1.8331467499821223,1.6046301895840778,-0.9761205994643479,2.714605749290293,-1.9941585516834006,-0.6510742179375283,1.4614973956459267,-3.93333730125126,-1.3084924878030801,-1.9426593105102479,0.4007021979174955,1.744828551770358,-2.855448836703669,1.367852263202666,2.3541255215053907,-1.8769992134740463,2.058066881281235,2.566744799329413,0.20195062341581815,1.7120864628260506,1.2930196019599638,1.3191082251909536,1.41389903453078,-2.132549981658895,-0.933456674534145,0.21151624501567912,1.3179557958586652,-2.336160139544551,-2.1709812844126426,1.4113097438200954,0.9593180035817923,-0.9746692340533547,1.9222390191888188,-5.904858580358317,-0.6444644670395264,-1.891158103025723,0.14139787248793978,-1.290200245393755,-1.1048295260140948,1.1305017013033207,3.348012418643777,-0.30247910746488976,0.1767848635129669,0.9100710099238837,-0.10451312179250433,-1.812125402644197,0.49544497092519413,-0.649793541402791,3.3763878678287993,-0.20404811696823227,-1.6390916364597703,-3.3863458644273967,0.39230228837912584,2.01710962562688,-0.5947509066763417,-0.3265113906107386,0.06385328236524246,-1.275868864173194,-2.477900214944426,-0.7502379223169204,1.767789968843039,-2.0656577748794946,-0.8112730826973993,-4.947351157868895,1.422626763281865,-0.013020555063155553,1.716649537410174,1.9518994316709148,-0.27541874577548275,0.3503572282554731,1.345350009244768,0.9265458170634009,-3.531003541496501,-1.3960738143565257,-0.08757983749418247,0.4659140781578543,-0.17655285974612228,-0.15542412555523044,1.1443168923108389,-0.5351561988982857,3.2982421446144032,1.4990446022324015,3.1960482507534844,3.1685935617455137,-1.9548219496269215,-1.7215327995935588,0.2631707545762867,-3.119833562365802,1.219607451838646,-0.38987182637031603,0.20975824055434983,-0.49791293538688314,-0.49364978009691646,-0.0330517378322861,-0.7457210798497644,-1.3182381248242914,-1.712411640847435,0.3449171862637026,1.6968272312596338,-2.6829077264350745,1.5028841270866,-2.7198499526250224,1.3063460495339063,-1.7020819862123096,0.532505898802937,-2.782707376761368,-0.6118685211977477,5.0462237833787285,0.11009250493906564,-1.748754730562526,0.24229407614652815,0.9282432889457468,-3.379219151108084,0.5816366828837066,3.1056940023860413,-0.7420041107728165,-2.11754884577316,0.4413455268566314,1.5214270738909625,-1.1064782318154023,-1.5590198265853172,-1.150313430879648,2.497219908018563,-3.792397261673216,0.4991507259722505,2.029207770403363,1.46802879990796,1.7377048081968336,-2.763955445311508,0.7715938173290323,-1.6350917211753782,-0.5106631183804207,1.1666717381598701,1.1580098357664168,-3.796412092769504,-0.8372249649640144,2.7551851444019118,0.4057878762202575,1.5016791540216925,-2.421413970376443,-0.9949634578888339,0.4949797300972611,0.38164842554669354,-0.12625413902297627,-1.1244285170365274,-1.5908464999494143,0.827131646520564,-1.1642206931250902,1.4352843518994793,0.8271403339636705,-1.2478207043526797,0.332462133202195,1.1971239886519018,-1.0368969225171591,-3.6881309303623393,1.894640840218398,0.9416011658045577,0.4492586215711126,0.21344619527254544,1.2038292916785847,-1.5423558152332062,-2.777703846220948,5.549578247409378,-2.0880665582590323,-0.5085636469429868,-2.4487317347331863,-2.4964756382121793,2.4839810203853707,1.3810279838959758,-1.196947642859246,0.9434819082277363,0.5912479048854549,1.2874813743001015,-2.2435335426803964,2.192232847544225,-0.8915533634695917,0.347274087988398,2.4725150871331385,-0.3896838709928392,0.5663383212820338,-2.0139473268900026,-1.5242134374038026,2.2593533517913675,2.36253833448009,-4.380141596970372,-1.3176691643004403,2.945734069382509,-0.9342490220555468,-0.5519540898594725,0.9181900079006355,-3.8118608526955513,0.9031534427632304,0.5985853525434683,0.8343837213162647,1.2223833918356395,-0.9340636154723887,0.576886104660494,-0.42619316526245377,-3.1085295207319104,-3.9069328392625153,-0.33024290668693385,0.12947599869790022,-0.6510340884545296,-1.1796361997367952,-2.7647648482267946,-1.3797251707031088,-0.029892313390876002,-2.1351551708046754,1.1687730837423809,-2.055387874771169,-1.7862194630852493,-0.7702318109317853,-1.3334303415316564,2.776826085889144,-0.2758963873192122,-2.269528638038985,-0.2660391629237253,-1.0263823476086054,0.5823426752151992,-2.473011518917705,-2.7804267909527773,-2.1599771784321598,-2.046633480456089,-2.6659705226172155,0.6562053846238703,3.8417839350445813,0.9773091758176735,2.3283401912879236,-0.3512995043737446,-3.6524953679164813,0.3297525203237267,-0.10799589989065728,-1.2414629136503854;5.064827365796198,1.5871606279326296,0.4295286611164811,-2.39740784493473,0.49855488734691383,1.7054357020481237,-2.325462091683882,1.6213222844830468,0.2011670373950718,-0.4158678078465462,3.140572926018181,-3.6131300954916075,1.4784361363423921,6.479537615511488,6.222048417003715,0.10520792833557802;2.0744956892202095,-2.1945423728017595,1.7514841077599577,3.644526029824723,-3.757368073497561,-4.542117525640686,1.1595580247918493,-0.265500927172852,-0.9429995093226325,-2.5456817020689635,-0.20341458369827697,-3.4133055368264644,3.165274550604702,1.6133496021741085,-2.3868946288375508,0.6974413968505825,0.9353707998404881,-4.787400021013093,-2.040530344032004,2.5345596028498374,2.748109103706922,-2.5926905606672097,-2.5496734883036085,-2.3623790919656456,-2.2704169651156807,1.372891187948208,2.219885618138866,-0.5781549408012937,-1.0849757519832623,2.067446140902537,3.721928018980754,2.0898520957972604,1.405748918352198,-0.9014315965194839,-2.982148494942527,1.999588629346326,2.5806483788963956,0.6801135992172929,2.316716819725304,0.9841857494617792,-0.0716257206554822,0.6736099514321279,-0.689522251879467,0.5908729077238499,1.2749678109976317,1.8413697823191597,1.5034980949475976,4.515335409874862,2.1092174991843815,0.5489911913503952,0.8023188930393905,-1.3108479534439108,-3.068997182915574,0.0405334847946234,-3.1086200715967776,0.524325481881017,1.6711382081283819,-1.6396854345091632,-2.4736952162631627,-0.06303810344197958,2.844289228932018,-1.0569994464142236,2.2134506715684874,-4.544933948251158,0.8784582033947294,-0.13590495950518822,2.3168079711802645,1.0636596030880023,-0.11199350212847659,1.1549301887802434,-0.7727146769784224,3.5159278810784977,2.059413882481589,-3.2560045068202474,0.7990320807139905,0.3811824182747913,-1.7917909389354452,-0.26494899711653963,1.4168861514573412,3.10303085251592,-3.333044882993562,-3.17494950184491,1.294988049116233,-1.6879452105911517,5.58191052179129,1.5798910339139884,-1.282974931910631,-1.2038631027130762,-2.015362291042612,-0.3759941215465716,-2.7634852272912798,-0.772169687495364,0.6543922646248836,-2.819784719805572,2.0317128095485475,2.2601282579532254,0.7100687285324537,0.3217482118734966,-2.110114585254391,-1.8589601719875228,0.09003059068068109,-5.397086436222147,1.6787778774213364,-1.155876630644539,-1.5077526456169792,-2.716695847381096,-3.349036663885039,-3.983790644902668,3.6849630573135967,-2.873665131610833,5.022817529293234,-0.2567856992732209,-1.9067668488942946,1.0534182812015154,-1.8997387218323731,1.5459346263867306,5.006396185289588,2.1418550504258045,-3.5231997041432654,-1.55193512606474,-1.4685233456695375,-3.6256409495168516,-3.498358550952213,-0.5033193064215639,1.3534910367394128,1.3136974299158064,-0.32455424598360194,2.3061013949294282,0.3720728089393034,0.2542390403176028,-3.6699808097122606,-3.9618011978044496,0.6268752779011182,-2.406951047770406,5.592192341245175,1.5574439841129533,0.1453054313071287,-1.714100669127425,2.2744177307599864,1.5321476421840599,-1.442854821191081,-1.7464645136378794,0.017877726943721473,1.5714162982508184,1.3491709332406474,-2.431238615609935,-2.712256022563542,-3.224598252400938,-0.06011338237110586,2.593289162107246,1.012616905812688,-0.2084785990367306,2.740787574230574,0.12989447625856493,-0.3513757069135228,2.7067375538090683,-0.08724012697514047,-2.689473136700802,3.0963627859975724,-6.887706455685045;1.6066721140632776,-1.281264257857845,5.427805795275526,3.2702079918455835,-1.7579910377005779,-1.4428030884952343,1.6510503603310889,-0.19707002249811248,-0.6480199970217639,2.011709550704095"
2,1.9022691467562995,"-0.7268103226543042,-1.5723039561212702,-0.757250113290211,-0.8469897142846514,-2.48944767101022,0.18809363984133426,-1.3548177724305817,-5.231254033900356,-1.6249146552917435,-4.995967841807159,-1.8205617389748237,2.5160590403935346,0.9239349842826808,-2.340592402576704,-1.1214119070708848,0.30427440683829876,0.5128313091524165,0.6692680256259611,-0.8481656441360461,2.5609978770117876,-0.8696263058047926,0.11189568762105351,-0.7644192037249466,-1.6409469306907505,-1.0528231717647918,-1.0435490099506168,1.3667529645476442,1.2674339084877502,1.0055292940171292,-0.6553639251645064,-2.7281285006145963,2.348572990632739,1.6110406891670426,-3.741658331754572,0.5341149047632769,-1.8247882105058848,-0.12435037793559754,0.28220700495048734,3.4149972500840278,-1.2460649284616565,-1.5032124533890487,2.3533361528107033,1.5245814247204905,-1.6240384843345224,2.6655755230552125,-2.482786511092235,-3.4000297146770424,-1.2946974567075111,1.3335222010552121,3.1022808766752576,-1.3216090662053996,-0.43304205636033943,-0.10499472685130563,1.6953920706327323,-1.3894337495142082,-2.2267020746765174,1.3713094455208152,-1.3230649530231686,1.2679284901032744,-0.4397757160001201,1.9907738349817372,-0.14545510040778784,0.37002347998269325,1.4887052579864986,-3.397489575755439,-4.755449326362377,-3.0777234518329752,1.362697424398385,2.783205699058729,1.4935551185567815,1.083110941804332,5.383382598144525,-2.2117342974729635,-0.9634104381821736,4.19545633885306,0.31522721384814995,1.460659544217315,5.418250235192262,-0.6482018601446307,1.8929802860453024,-2.3647561981800327,-2.9254577381575437,-1.9272207620994555,-4.8949818033203965,-0.7112357795871294,-1.121454591643986,-0.9480522715815005,-1.4710403051918965,-3.190820985493413,0.4945284704043853,-1.3503719935198144,-2.6690553591004167,-3.9570592849290245,0.13911738176319374,0.356847482839016,-0.8724590782402732,-1.4919594917304073,-1.873967295546386,2.081606345295062,1.36406270584626,-0.39960590021124087,0.3888161172939118,-0.22681185772393858,-0.6718111878591578,-1.7447831074743045,-2.961507753145658,-0.8531271337910078,2.505531507548128,3.6890077319423558,-0.7993991177562616,0.13282136997667876,2.2874670794196663,-0.6938960401067498,2.7493041988366453,1.4401512385398683,-1.3729505815214853,0.22218299961941318,-0.7695538619337878,1.7786840145163518,0.11152047301327349,1.9140691780289119,-1.7012414925103294,-1.627263320625258,-0.06717470659605423,2.0452234060870236,2.662960423341495,-3.849393665344082,-2.1080230963143873,2.6990228695369702,3.338002015412524,-2.3729283689444176,0.36381836152776015,-2.3951683476232852,-0.05876972821349449,-0.6189282577804751,0.1001340037427432,1.9254363291777659,-0.6766624850358933,-0.5573021750304636,-2.6377147249068114,1.4728041089827038,-3.751825554758965,0.6393099663780255,-1.5479399568569345,0.6741283664061772,0.7807973566462818,2.875019414673537,2.2299242790184093,-1.100693401385792,-0.8717014092084316,-1.01664455080444,-0.43763499184798804,-2.6527365562596676,0.655784304134378,-1.1119235064249908,0.37698768065935906,-2.026101950711153,-2.6955627184971034,-1.0060135752766635,-2.4710176877470973,1.193892853657967,0.14610653813664864,0.8142020610751047,-1.1707302741959045,0.8710402417568349,1.491407300239671,-1.6640301633122474,1.6786745349141317,0.2780303347307267,1.2369694535640474,-0.40045289121956557,-1.7952131126982078,2.0901392906433465,2.36378784865595,-2.770263603686013,-2.1974535321447575,1.7829674563099631,-1.7659508843785579,-5.587742377092916,-0.5629623774346635,0.815188884779905,-1.35139593635054,0.04084349387989511,1.429757550820002,-0.8386713217735652,0.4929347660273463,1.6058156850533878,-1.5693432447164315,1.4761969835604456,-0.8176163142086337,2.7841968249557514,0.17265055014354785,0.03387459636209711,-0.08517746934845963,3.149303106083993,-3.704279315020841,-0.9314047504047451,-1.0332347822900487,3.441966591604312,-1.778969850581105,-0.49868510442616293,-3.453851922324375,-3.1580389185230637,0.5683984280899529,0.7826524187452812,2.6026858873554506,1.1037715921557179,-2.92257254624148,-1.5704769998286237,-4.23063126039804,-2.85235323607196,-3.2445496822298248,-0.3801739433619661,1.8457217646011275,1.0314740559736972,0.6635369758184837,1.1199331255789073,-0.05540991145849052,1.1966323539386554,0.5100535434826332,-0.5952013713864304,-5.453038451104407,-0.4030651857621399,3.103059807490688,2.6644569967567486,1.7627709549338522,3.784412123741058,2.4672975813135456,1.9029417224030174,-0.12481494949625555,0.8303878636972772,0.29272502811244466,0.016007421133644395,1.0056732895008647,-1.6005125661326671,-2.6415969669951287,2.4719089993473493,1.656346718763115,0.5784295608629281,-0.3406365562729149,-2.1088320009061383,3.868579712151598,-2.9743315462687097,3.22089995902801,-2.279014633204293,0.8373747904589647,-0.32447226304494015,2.326190016166923,-2.5096022672225065,1.58637311574985,-1.2420616500197095,-0.04837150407707172,-0.5347712066035816,-1.4912328445612926,-0.12349067321413046,2.368734823675373,-0.6281623930609825,-0.17833473275933942,4.782304559343357,-1.0750790367948104,-1.4948493380609373,-2.63138700314358,-1.3250383495644482,0.4378691294665489,-1.5615621696217532,-0.16418558262648417,-0.167319591851964,-0.9967815959906963,-1.1933089847409888,-4.696595775796826,-2.456891363794333,1.5530387237989196,-1.0904790751131768,-2.4301043546115055,-0.229296690156732,-1.6515746955519002,-0.6077113232871906,-2.348767681656652,-1.3858890920365188,1.067992299112289,-2.244243117052402,2.9139851207020095,-1.4628303307125752,-0.05617761875005871,0.8945206748707263,-5.486548553241318,-1.7789431541906915,0.13786205901810128,1.6463801627178951,-0.04308459567426187,-2.803037862982351,-2.6760909483802853,-0.2550894455937882,-0.3004742240391821,0.5549841648244627,-1.6576627114972828,2.744309873291458,3.1599565760041717,0.4638110301114038,0.15493879902779184,0.3203124440563544,-2.6527343954990514,-2.1385816189918088,2.476652768268118,0.04751365727001372,-2.658946077881061,0.3309049412241782,-0.5010231700877967,-3.3749893604906682,-2.367109048859724,-1.673275740683579,1.4317584336281404,0.16263325659444672,0.613042499443378,1.664365505345601,1.451749296252562,-3.6695156352588474,3.347343690249844,1.5315304061620818,1.3213559122695224,-3.6226521482140583,1.5285980912928139,-0.24457498742967287,-0.13735079059507127,3.1031340214704324,-0.039052166611339534,-1.4612657449664248,0.18822667514085734,-1.279122590330821,-3.4943215165472945,3.6962760011103333,2.604305117589445,0.5850416841989975,-1.40091726924635,1.184720699920656,-1.760121209714987,1.8624278639609815,-2.5822196527289023,2.323686816845651,-1.4542517123969194,1.7965981643822562,-0.9098955440381175,-2.402281532803971,-1.1249349052040607,1.349286306322988,1.0009371274360501,-3.1879921958561015,-1.9421693306995822,0.1960021998234991,-2.417010727133391,-2.632955422244815,0.8313188199265857,2.312228276744337,1.8325573974298481,-2.483761976195274,0.3366544021002929,-0.7345946120792191,1.3608588062914109,1.9453045055298703,0.9515309381143514,0.17293464798188146,-1.617229809246944,-3.533884333004491,-0.08757671233579331,0.4982371894613533,2.103288305640401,0.3701042269140078,0.19638886187296134,1.617477311857898,2.869091926564257,2.7115361737322745,1.1030209296650935,0.7527477987485316,3.287877286928244,2.9285347304492966,1.9206111011851732,-2.485050288098563,-0.8974830040287538,-0.6768507797338961,0.013365401463334065,-0.8211544527098351,-1.3309527191285433,-0.7177666260548144,-1.102134552845754,-2.0027982858464433,1.05217343055742,1.7069779146784945,-3.1593192150419154,-0.4663146806126173,0.12241283586435009,2.642580712534325,-0.45021419871448753,-0.5995190270079309,1.1698141948422671,-2.193777299829393,-2.5224923102442602,-2.941115746019986,1.4441211179948672,-2.5182737465870844,-0.6545298598579775,-2.7878529489756936,-1.5105331075396156,0.002521958707955227,0.7278284457835484,0.5485445846392899,0.2344000768375354,1.7093299552932892,0.5428571574168221,-1.857125854218039,1.626515607467382,2.0431179864295093,1.5564816613030403,1.1299875897764688,-0.678547678628324,1.8964262763988495,1.1879242049466239,4.0944819138175585,-0.8814322663119369,0.49844063109630443,-1.7246527232879287,-3.32252346865041,0.5737799201413811,1.53236466437773,0.9245046214701949,-1.4405996589023449,-2.5392850779674485,-0.5782394966910169,-0.03793865351051508,1.051765899206876,-0.11153371732976936,-1.7674228515145682,0.9555674730896949,1.827284546217238,-1.3552135158020726,-0.8427198877805941,-0.44783834735924766,-4.788872996580192,0.5983221282795268,-4.661594399451959,0.4110342490418233,-0.29525944455644865,1.3157566165945673,-1.210804692017548,0.0005470481383560988,-0.35561611275192884,-3.622803700660488,-1.1886155584941125,1.614894893950973,0.8890476553013964,-2.069885433286852,0.9280986771376398,-0.8420605628376427,1.864625534479835,0.6051840686226467,-0.06775873210492858,0.010945898362842548,1.0361481804380426,-2.926871236853576,-0.29260609626832684,2.877615840763237,-1.2785313013748079,-3.5307092530575943,-0.5198609511602132,3.2687925319793076,-0.9799954999969724,-5.597365713998807,-2.285930530142327,0.7235349131357034,0.49115125324536113,-2.6057263725084643,-0.08137989767811546,1.5531661992543648,0.8504577972540397,-1.9822197580256318,3.929656315854145,1.2369199567442455,1.6491426815780164,3.6360431910466384,-4.384995812509347,-0.627662098996005,-1.7392717792747816,-3.6515398242830703,1.2021366164928369,0.20034789132446068,-0.10627219851318429,-1.3669851777366568,1.2275682798532297,0.860194187372191,-0.45005896428048536,0.9532386055205425,1.8666994989022585,-2.366361995167152,-1.3649673785179002,-0.6101847799009944,1.1678961162608148,-0.6199442620677593,0.9216862442502604,-1.2822877969357607,1.7431719369473127,3.225765337927489,0.6665928063639884,2.4536774606152774,-2.005028567118874,3.0029205740905716,-2.3036401117227983,-3.045581381794948,-3.6457728173511796,3.3218037813239776,1.7631239385094468,-0.07401374666366399,0.38921757045984684,-1.0221399516169518,-0.2980701271384931,-0.935760366887464,-0.9831676017581883,6.239694937618871,-4.106990849871297,-0.1329332736105328,0.8124783542828555,-1.437480136366795,0.7800474085584377,2.8461228586200584,1.6399219782319703,2.448190923011627,-0.6151191851847211,-1.0243276677911923,0.7919986823177827,-0.3653755436401474,-1.39996821907221,-0.5761837137789795,-0.9488393241243203,-0.9116316438369418,-2.394183996345261,-1.5240154920255224,1.295780168821843,-0.2131302983756528,-0.20173470118413203,2.819625957253567,0.7084675269286014,-0.46638092926117014,-1.7498571380232963,0.880840896902389,0.5439562279152059,-0.10661817574088728,-0.8292280659184024,3.2116960039875813,-1.8670877338838165,1.980179809461868,0.5415581947163788,-3.2581580279595834,-1.0157557352230182,-1.8517627205138354,1.7528654787203053,0.09445727269474538,-0.8203123233253634,-2.1866476435931617,2.6522073328420075,0.5510468075124717,1.5204151873264802,-1.0506524589762658,-0.26089760245696425,0.022393237221656204,1.549796355922913,1.8788653408465745,2.71536237298804,-0.8989347675511297,4.639634083648039,-3.9374725992344772,0.17990718253783478,-0.3928202222151756,-1.5772996400285368,-1.0683255587525005,-1.031024368398869,2.4722500730763546,2.831938618559739,-5.132672907692203,-3.1405926460560964,-0.6524267138789301,2.1322992126245195,5.026985696797299,2.2157335296098957,-0.7113657334067796,0.4671546007522911,2.129983892489667,1.2265204264403788,-3.37420479563821,-0.556824322232312,-4.167431673967264,-1.220527010898855,0.04809884183076907,-1.5125619867440763,0.6616411189083616,-0.16551652232337988,0.03871512748091893,1.4245373705796633,-0.5117150461700418,-0.026485179869806225,0.7961420338660835,-0.48014037146577815,-0.08798543213131171,0.16479518305460117,0.8705924662237214,-2.1134727737481285,-0.08448877234276889,3.7279088054980125,4.621277936895652,4.544400931006119,-2.056146526412173,-0.6613050235263702,3.716985240494988,-0.5719669590653239,-0.21899975244622574,0.07717211327620428,1.1276410681329798,0.8232089618535825,-1.6977869851358462,0.19864075293940095,1.5605035185166367,-0.1541264116096936,1.2040078042334605,-1.9607000779098254,-0.2705186310563982,-0.4852021203333461,-2.130583137956585,-0.8180780025606387,-4.751548648039403,1.7979216880050637,-4.431040573725605,2.130824412311409,0.42515383322357886,-4.337243892810981,-0.7810899960279312,-1.483183318703278,0.5899621528238506,2.0910835331591797,0.06171107237685365,0.7343378425026459,-0.830638339586881,-1.5288904697283212,1.1179603864217957,1.0168109290213405,0.9378168698594374,-1.9306186630070477,3.6856017157683216,-4.496646514232846,2.517803521832726,0.5577823825830996,0.5142150360229999,-1.0612606509247235,1.0981312232644453,-1.1641875468580667,-1.6665733385253776,-0.3386088415431474,-0.48534781188331133,-0.8809898885325785,-1.2514902044978777,3.2642712947428376,-2.068273029401741,-0.885205106449846,1.2467108571535097,-1.7964802893760887,-0.10520126366638713,-0.3669808369417091,-2.476483478215515,-2.0082961024892634,1.4794699162649707,0.36485571101866515,-3.5060519758642683,4.004582502670704,0.26406575965604406,-2.265285757691066,-0.14268165302955665,2.097273391115859,-1.0783355255710858,0.07247433008638525,-3.3490727799263498,1.1452324525490714,-0.7432198884958321,1.4609493092881067,-1.3815122331197256,2.638149312212084,-0.042525671651721525,-0.6059279824085411,0.8869853076286486,-3.5903820688761083,-1.407393687810655,-0.42358617724553166,1.2439757848450304,1.0726073787949753,-3.0238954930572386,-3.121655454482846,-2.442308335823982,2.88589203198172,-3.6943310442634605,-3.7761507831792733,-2.876387621503313,-0.190409730326686,1.3081914126414649,-2.7257316042605932,0.43459143742774453,1.166502581459203,0.9306260241565746,-2.0073891697418245,0.03616721312890028,-1.0742746236850607,-1.991032800370668,-2.60620673963717,0.1977352372581634,3.2766957939843038,-0.4394413847692654,-2.450904769448595,2.0119911199216207,-1.1952814034983332,1.2915388320344334,-1.9957061671350955,-1.1136661357583832,-1.715180907339859,0.820938333251554,0.050815543560373155,-0.5628794771913025,-1.1598247393395,-1.5130928631641656,2.141495058050184,2.8467300601245684,-1.674425064216056,1.7883721017432745,5.580714061721328,-1.3562698260013546,-0.14030683850108822,3.0902234541739184,3.2601564612678624,0.380210951558767,-4.106553166033633,1.412364506332316,1.6299702887969882,5.4064530242741755,1.7064502888246988,-0.24100781673725957,2.0145375091404114,-1.0097342365953303,-3.068716605020912,-0.3380018620269436,-6.430703733454811,-1.2270632600762554,0.976757371331066,-0.03039823533076909,-0.7680849641011978,1.2584140048133425,0.8628147308498664,0.2312923808707145,-0.28205875057150476,-1.4061848502200789,-4.725531154991654,1.107529349323601,1.4447349386190291,-2.9226439335561936,-0.48018307029959717,3.849554647299676,1.418047881646181,-1.529448876307707,-2.703055261889082,-1.9669323226745632,-1.1995524322076025,2.9021247113002,-1.0743022412613796,-2.9278067891548574,0.2692689444545227,2.1874985668484763,-1.0258398992160473,3.025540581544603,4.55562855314736,-2.7016856160283966,0.03706628246410466,-0.6801615626439838,-0.23914573327549427,-1.9263355091944914,-1.9584795165154216,0.1689802515449983,0.7794139107247583,-4.847076271449176,0.06649983005512494,-2.6425240284101936,2.597742372231243,-0.24768826884038686,-4.327155793777874,-0.32762014742034956,1.8849500580276766,-0.7128440401320235,0.8944274035041152,-1.5030103919969657,0.49294334215438745,0.45320355063121837,-0.39277566358877003,0.4929169524652327,-0.43327002372624035,3.699039956566588,-2.2009941505306783,0.4576001121009344,2.1931425952781414,0.14044099117166775,-1.8639687310535864,1.1263315415119777,1.3038077668470036,-0.8313781001448131,2.3149945530877516,-2.827752995341833,-0.45671866911556414,2.773846004949253,0.15204012742656123,2.3586131924305778,-1.7393082941966802,0.3874973620498115,-0.10092150459146076,1.2219064499932117,-1.7752734909733614,-0.9701017069874737,-2.0536895821705587,-0.20816362561446092,0.2768819096007647,-0.88901418830004,-2.2517662635639,-0.40843073861468804,2.338044471026226,-3.035357815531843,-0.5233902154344547,0.40772704546410954,-3.764696949932073,2.0990533721611158,0.9998345107504598,-2.2989119570871566,1.0420535820245649,1.6563642580839384,3.0882873647715328,1.3242164433490438,-2.633634873435334,-0.3480726132850279,-0.9210909869134902,-2.175247181037942,-0.7117980803354864,-1.1664475571094932,-1.090867895690209,1.9963118826362227,-2.0189549054799723,-2.814380179332166,1.4300666606599068,3.4432120088433407,-1.134078630955195,2.220652730829379,-0.5704559182505244,-0.13344133705261205,-1.833253450066428,-0.6556348347407326,0.16896480198560265,1.6144891484559905,0.38725818802147716,-1.0777105321917988,1.1105358276860477,-2.502924253421857,2.9254388095101005,-0.7854188009045833,1.6756374715572622,-2.007494371682879,1.823820848664114,-1.5018229023929675,-3.208337882934001,1.5617713399936834,-0.00039520757791244865,-2.6527264645040565,0.9132479536479077,-2.272666845910152,2.523194162737256,0.6267634814731925,1.350074156656824,2.4569214204580447,-3.754192364019205,-2.147300628504042,-0.7047796918852558,0.042299534436188946,0.816008428742683,0.5238388529192135,3.586311310344386,-2.0243968033331847,-1.9133013426617533,-1.6099118687895722,0.0927112128893346,-2.7289069573570557,-2.4720922518998534,0.11826967653359008,0.558896944664404,-3.1766270857919103,1.5004914085773413,1.1038890384555717,1.7719752354669154,-0.31270529309277995,-1.7681263601872235,-0.21250323039728544,-2.780284239277474,1.321190426737897,1.614758811494535,0.3849732793850203,0.6877539803965744,2.0392940011303433,0.08998359101245795,-1.7092530407305895,0.8197144796790741,0.08555641836177674,-2.979910667205982,5.346282183838127,-1.2549698216656366,-0.870738832660935,0.7523101025018724,0.979072157979546,-0.08057926591213102,-4.612194890633045,0.12747193649295527,-1.458021780935828,-1.5506754489427386,1.3298777915022053,2.5627749428985633,-1.7910932823835441,1.2858846611037142,-1.3949299809383708,2.7320850550069737,-2.163625015176731,-0.4364199170137655,1.6781454457885774,-4.192257698934458,-1.3625984356085525,-2.117266355892708,0.3445697963077301,1.6454903363534603,-3.0730086342492346,1.3766991500882924,2.9211383358394603,-1.9808963407636202,2.3430855842359137,2.6518093153325832,0.5316134096252862,2.005226532610247,0.9745780122086888,1.3635150470508433,1.054199519571576,-1.86797363747374,-0.7799024740372024,0.48206031297582813,1.133194154163718,-2.610934807903105,-2.2577666239107828,1.5261588760587843,1.2500801620171238,-0.8895173637158388,2.7617062674377197,-6.617252970551072,-0.9661519576291879,-2.212791697250842,0.04548081927354372,-2.226624633104183,-1.0681801587626103,1.6855325893455682,3.734951209356299,-0.04312808532409507,-0.1922751199184236,0.853343617568916,0.2848116074015037,-1.8449552586560656,0.8395309216573528,-0.5369859881912497,3.4051008242945433,-0.23355602187582414,-2.06667159306471,-3.575033919646843,0.3099484345478924,2.1151848797039903,-1.140711671379714,-0.5567662833977559,0.2848089755612525,-1.4515405013948608,-2.5578152718059264,-0.43267158310848686,1.7143768941283342,-2.031558005190972,-0.856283742608713,-5.064640174566702,1.6888295730652587,0.034868423882422755,1.4454627302418732,1.7135889078413875,-0.7413902271015598,-0.06518171953970608,1.6119461026410111,0.9179292633970889,-3.965569463424532,-1.7110788737827904,0.1513388036064298,0.7229180156585241,-0.1638964877518193,-0.3285970879650113,0.904835998219564,-0.7685021396758113,3.1871697911788965,1.4833968237685016,3.120451479617896,3.3193163310287184,-2.334739024866376,-2.091682072516196,-0.10894274206206911,-3.0980050977219666,1.3121905446956006,-0.37532788187712357,0.0526719491862864,-0.6046279072458864,-0.660890870636897,-0.3038908680833296,-0.9497735956023854,-1.5212299940246075,-1.9616195473587137,0.27263493373608333,1.7708098819294424,-2.422104568283154,1.7502919778174302,-3.11226164050057,1.2325526136692264,-1.8916847218268407,0.6307632726675669,-2.9640480481362883,-0.355425230813415,5.641414292263189,0.39218061160737355,-1.6692311716482104,0.012283479064592318,0.9883124125478913,-4.1723292157431775,0.5082273965147621,3.46753480725744,-0.5277869243861846,-2.528495300151333,0.902917848776176,1.6505256503757466,-1.567176974036887,-1.378725005060712,-1.4278500766820694,2.899039844010265,-4.381624555701785,0.11184585242038392,2.275857162736459,1.4407250177974769,1.7856929343128054,-2.964444838183423,1.2738175987717082,-1.2060020228843658,-0.8892063922063549,1.2417881816478789,0.9078239880841666,-4.242344765127998,-1.0348272875438316,3.0182967482788987,0.3731998366246103,1.8040902016268627,-2.382193573134079,-1.2395110638186948,0.6368242235752329,0.1642029868533733,-0.18349025263664148,-1.2039430330945293,-1.8068787495182923,0.8820654790760222,-0.9635489506655799,1.80796520561599,0.517485473382512,-1.561083514012478,0.3775550137096619,1.192383119309524,-1.2783402332365235,-3.764594363233446,2.4773357936163856,1.2549895115338043,0.302447539253184,0.47674946360767995,1.3629106325743148,-2.005793970774697,-3.106471713266898,5.890215135695396,-2.51894452385738,-0.7612512893953189,-2.4167837018609486,-2.7055040991417614,2.979260000350509,1.1982504993037688,-1.2842293090065828,1.321747392332704,0.37274880495308504,1.2531134879553405,-2.4403273512057977,2.5988158303368643,-1.3370976586056131,0.8935253921351122,2.3877350735863163,-0.4166770806455561,0.329681213374305,-1.9235538941512054,-1.753087460886212,3.020276012957858,2.5174048250100305,-4.718299512990459,-1.328194430983182,3.2484699807682036,-0.7880452222763672,-0.47088826630548103,1.474603048317134,-4.133113223205364,0.7968895599528546,0.7173324125217155,0.7376827252027057,1.1533536212949425,-0.8190143806415658,0.11562457952947514,-0.16947202446108756,-2.704350590429997,-4.076591478618425,-0.19529792793903133,-0.19350420799010343,-0.8941165688805606,-0.6057049706261356,-3.031421997247097,-1.4791134617407191,-0.13670382131892148,-2.1693433268486695,1.278877333628155,-2.4786438024963013,-2.1540989545467095,-1.1193848608995556,-1.2759162990634525,2.8120533693353638,-0.6561392590217543,-2.1719909393909944,-0.3199108865406304,-1.0073473918546973,0.5030823110577678,-2.7852482102566323,-2.770597780058285,-2.0726051123666034,-2.366678159073017,-2.7210218963094044,0.5966746295007662,3.7578123528434317,0.7348412206474799,2.504492927101979,-0.4876805561706841,-3.8745257618201716,0.10886090686201769,0.35217229787767845,-1.5585636563178935;7.095507382114194,2.4232275471386355,0.8031120132499026,-3.5930513562723894,1.1772561857580373,1.6883517471047604,-3.404294841695072,1.3344127978296452,1.0720226713001137,0.11315568871278758,3.839117889583504,-3.7828519134948726,0.6733319106481122,8.110125894146659,7.550115480256247,-0.7712535693610333;0.9707531618835943,-0.7674198438049002,0.40930051821696,2.624554423468659,-2.470317660436267,-4.358062710685331,2.3266586126639246,-0.5081552620998631,-0.5821699114164589,-0.4061103889200668,0.2922401898294585,-4.137686155259966,2.838811585922118,2.557541454805086,-2.0965752331266843,0.41248978613921483,1.212327062869095,-3.528727990409109,-2.562555308527219,4.282388297736093,2.7562444959898356,-1.7798573854939403,-2.6646588472298256,-1.8677235229498352,-1.8305329589469488,0.6142913299670397,1.155114951529399,-0.8582412995016954,-1.1351296786994802,3.10683006213295,1.926894730936872,1.1610402265049071,1.0249912175891978,-1.1734010584100658,-2.3827901721437454,1.4091863203510964,2.18844160513246,0.07501609281953181,1.6697588758717354,1.89528932161759,0.3072819798353138,-0.727278965982733,-0.632570131881431,-0.18520493162692253,2.3818210793973176,1.7170162517406788,0.5695581944578174,4.5375918093797845,1.8612760666555406,1.3307700919663261,0.7133914086472931,-1.1489180518482316,-2.539934160028831,-0.15238769343893752,-2.4161670979971115,0.7674241637804098,1.0046055240913032,-2.0651608596427566,-1.816521893209461,0.11643493490395213,1.474920687654215,0.5744277235039619,1.0241742983356186,-4.704763313116081,-0.08924158626268963,-0.7229248051465108,1.5983465748344676,0.9116820322041952,-0.7603981297767257,0.8280161025037728,-0.5509811642797261,2.9517682056391967,2.046078105611606,-2.4603453555685166,0.9800292015297016,-0.2153428359034663,-1.004099025424392,-0.11267810806362932,2.2399232554580597,2.023987490904455,-1.3931114944268834,-2.062353321225787,0.4025531249263,-0.9451568463276893,3.9710476330893933,0.3418019883200756,-1.3975956940066914,-0.3094916469874879,-3.3245758286137823,-0.8780912926623019,-4.502928671874895,0.1344168228429483,0.608155969237719,-2.484501881693017,2.728820595234038,2.3296376219638004,-0.3846918826866136,0.5234805077991278,-2.0154393156292385,0.6247141682551105,-0.28325375765653577,-4.340144684993489,1.2506010871471336,0.3040926224374607,-2.4229669723375102,-2.899409638696217,-2.0726779648669886,-3.6022995759376135,1.1496352227005073,-2.8575642378000694,3.408056233924131,1.0051456061351223,-0.9983877982989832,-0.8076362025453443,-1.73010713370497,1.6124559348474599,4.153362394539969,2.8682281459328465,-1.53094664422475,-0.9953809909356023,-2.035752610883442,-4.3394153595989575,-1.6965881049910758,-0.2514118460806535,0.2087608645451462,1.0284852530299342,-2.976044740189224,3.568347691066362,-0.17818669404046406,0.47370666205701195,-3.5952459654231466,-3.6864208412306922,0.321294484644818,-2.7427066175669137,3.5692330318105943,3.465525822660555,0.44442503402919953,-1.4924492527312996,4.003687325742039,0.7861110778615709,-2.959225243445868,-0.7347978798706365,0.016024653432833796,1.8986269831456886,0.9755162268292183,-1.1274770930741707,-2.6804930188428675,-2.1581900525978357,0.8254379588292279,1.4811655631089724,0.2843993053068776,0.052140619866940296,2.689109081880468,0.8655154561540286,-0.9583082214427633,1.840713199351852,-0.2381301113334578,-2.049434875945707,2.020154000124428,-5.470763751445024;2.6228801483909354,0.3142661881745248,3.636407225549751,4.437162829410961,0.05030989842022482,-6.440938748503429,1.8948102327150054,-0.5394638118511916,-0.6289825797691883,1.8784721327460898"
3,1.8948519735598426,"-0.182832459095007,-1.3700185378916647,-1.267879949711877,-0.4251730697700982,-3.0342532622160556,0.2359963813959898,-1.2682906854930462,-4.615198282616661,-1.4694562312164123,-5.531481292460744,-2.107136010902499,2.3517561531116433,0.9838152558240681,-1.9222034055939552,-1.6870621158129815,0.3494483111698659,0.6147710962842506,0.7830212150513169,-1.012659666423646,2.7694051715755834,0.030710126033967944,-0.6560067877510461,-0.8000074034042584,-1.2523275689668745,-0.8653617539676894,-0.6354298305537873,2.070944380727944,0.4795060835912468,0.6527076133328205,-0.6278371579439074,-2.5487557639559646,1.9597104764449222,1.8211624817923224,-3.605087280976188,0.36889407981518346,-1.6713528467253056,-0.31807264834367843,0.27965866860975397,2.4134264543344504,-1.110218671247821,-1.3542186054604588,1.7430526135992646,0.8808196748745234,-2.1444559087961057,2.0043746691322757,-2.4888361269370907,-3.1367613103439043,-0.918958640144333,1.1646906636894283,2.988955849871664,-1.4243993921044262,-0.1683614732171061,0.29656699171668444,0.6523451036468677,-0.9160371572599186,-2.375106334141949,0.8087356977117193,-1.1751412720335666,1.4541065681447325,-0.5140089060894779,2.494303484610704,0.05921811869845289,0.1842417198770916,1.8278554074950757,-3.4363648259030852,-4.371578896031929,-3.4749023637706493,0.44489972180611725,2.7312349436748815,1.586800332582934,1.0764529734795452,5.474425681992534,-2.180195449558984,-0.914453990320603,3.82201149583262,1.0164361757045173,1.599389075325325,4.419406308265382,-1.2552778497598231,1.7422786628041356,-2.2287134898135137,-2.3377245762966656,-0.783581643148293,-5.331287983743847,-0.5468278454039661,-2.37492052730017,-0.1425271039733742,-1.6853258315091353,-3.190175214319068,0.3201024702759444,-1.9276978456392562,-2.3092434849054957,-3.178512373212309,-0.051431429438814846,-0.18606194158800649,-1.257102686686431,-1.7818363631686895,-1.831493658578464,2.5617068655050073,0.6233016763098351,-0.7997854820182135,0.17030672020377138,0.3615911599167023,-0.9523228865774811,-1.5943138670777195,-2.38533116364277,-1.1597715188634927,2.3154953722757456,2.8671813235874346,-0.9735197948009852,0.24646003216621062,1.9750028469123913,-0.5816458961533774,2.135536541405277,0.784517016226332,-0.7783314037220895,-0.3995083115210341,-0.5628576632039013,1.612188159744408,-0.13992404407214346,1.5830321065777104,-1.2462412930697715,-2.4108322910251307,-0.8811243390788495,1.7981729409413212,2.801246359287399,-3.6246988878066415,-1.7154354047691875,2.563974286725608,3.433443812890774,-2.366239469288796,-0.5316179451493567,-2.6060367528279937,0.5352746575475352,-1.3772269047844252,0.4397498350872382,2.0750663133804625,-0.7558317211632282,-0.8441142972414051,-2.558047997921293,1.482680694368409,-2.952551049609021,-0.2618867047102512,-1.511199333530625,0.7422711951202791,-0.09055714044196117,2.512761616705898,2.53725322866196,-1.5613006218740582,-0.08464567422861269,-0.5195510743040316,-0.1566544688876662,-2.7960559588413716,0.48812483217063646,-1.340758081460913,0.6508512487537716,-2.2699120499741863,-1.9500147562391361,-0.7147972075185166,-2.472734854389128,0.8959638163300394,-0.013395661497337022,1.055636973215135,-0.026453294783754244,1.024453369727302,1.0210207395783657,-2.1248508957121137,1.2557711270557044,-0.023022027769771997,1.632208199364804,-1.100965686682773,-1.3063564727784147,2.5310514260302597,2.2276024911961043,-2.6125148591069256,-2.509119945514297,1.9377025975124644,-2.9050370543125013,-4.991138508693535,-0.996016833884715,1.0187245324365914,-1.425526232074276,-0.12739242107985055,1.254562404630553,-1.148191703240624,0.34687433154794345,1.7565700426128878,-0.5420575790903067,1.9105281475651896,-0.2075173597771417,2.462671264959525,0.21842772570957258,0.7702199786354343,-0.10893724219423609,2.1995132480272392,-4.624142775385741,-1.0461653176907142,-0.2278741486022009,3.1906646048356713,-2.254639897565716,-0.4580068832405786,-3.3385022833872218,-3.3535282765512635,1.15019605774485,0.7736215327297853,1.5788578997382086,0.4214750360568005,-1.84349284151412,-1.0439520995129696,-4.316191892242785,-3.0304217678226486,-2.868123614939709,0.14959208829941556,1.844196620680887,1.178698060244345,1.2997142178136478,1.4081841945150293,-0.2914711195775137,1.2434771111215828,1.6399051834802365,-0.6192032794331273,-5.039108295834982,-0.39215815160916667,2.0125338317822,2.334494180367449,1.6120025966219298,3.8454633611451268,2.7983716030819457,1.8568744044624947,0.018734780172261017,1.4094758230257738,-0.6468618338310756,-0.397644541975102,0.8265869070983352,-1.927940892895701,-1.9167451896364343,2.5794752866865753,1.1985651405350792,0.9987519098150139,-0.29076624131526463,-1.7929443750780605,3.6914126906640576,-2.8185867347630373,2.2932311167121218,-1.7051774489397804,0.6490532849187587,-0.5198215425708079,1.836659309550763,-1.8948807590033492,1.6977155356742968,-1.844366268831517,-0.2679228218930028,-0.51608825081225,-1.6632646281411145,-0.27212099179996974,1.3275413398687728,0.2939263687451697,0.0891322781395745,4.46123667938292,-0.6963706280314572,-1.9206187275890882,-2.3302587804050674,-0.8719478851577249,0.534100838642723,-1.1797318302608097,-0.12167353547812038,-0.057739700259383145,-1.0810523558858134,-0.2569246995828348,-4.909094385894386,-2.040611835770178,2.589167796597404,-1.2588366534850162,-1.929674582545593,-0.1652332988006006,-1.5691223819652962,-0.621472277574668,-1.3404714969029778,-0.9597258723118518,0.8581002800716349,-2.16197000759833,2.363913183726808,-1.543125030051111,0.5483620045075738,1.624597468550376,-5.003315277087955,-2.3063039493362516,0.11422784257220749,1.7888514096421606,-0.7450424405670163,-2.406765303003692,-2.624997593658574,-0.34641226681869075,-0.08369490369454069,0.7026673052590827,-0.9148731916400344,2.347677746992523,3.5689887097948,0.5677538500072977,0.2814969283166486,0.8675636874585034,-2.3131606553611554,-2.5146107180166792,2.7338918790374924,-0.6449386363621679,-2.357038187086989,-0.29113679687786,-0.3214829064366667,-3.8573083765001117,-1.4821044281628435,-1.021963988426211,1.879710189888218,-0.4393874225051074,0.9439348262391486,1.1997266886773144,0.6707541000462933,-3.8179661529441713,3.0376379404619867,1.031609383869302,2.067019401344699,-3.482349884330319,1.6676649902159164,0.38053744436605874,0.02908649366582841,2.1552404875604063,0.48817889358463423,-1.140972756896466,-0.3508284079697109,-1.739682545869309,-3.468797769505063,2.579700753298769,2.4857780047265647,0.6894797447348671,-1.9933713855158426,0.8348719512823883,-2.2793767512757315,1.7695115354137751,-3.3599294021641635,3.20417132888431,-0.4348921453892981,1.1540059226254573,-0.672714650861651,-2.232289834450299,-0.2690545815602763,1.8567326108108677,0.46355429476938215,-2.3430965210589334,-2.153774697855042,0.0517225689207329,-2.3928060855649154,-2.360386075884314,0.9101760920499042,1.3858642090301696,2.066308076944086,-2.070132129559223,0.2672539432527189,-0.7966789036727104,0.6892450397486696,1.8321872890653825,0.3533341319490415,-0.2663429524131649,-0.670952352269931,-2.4846330027204435,-0.34476806656451575,-0.0004203228475442855,2.181432570361469,0.12351509647150209,-0.1999446769367059,1.232139151387497,3.538822761156807,1.8925799193027923,0.6581464557952096,1.1846174432713,3.078754999886673,3.2015121117740755,1.42624827960464,-2.4030516083056432,-1.2528944901562022,-1.06769599090654,-0.11150183588513393,-0.5257949223954435,-0.7524223716577826,-0.32412890468386957,-1.020410698691698,-2.023807034641762,1.4420915060276576,1.153858120234716,-3.241603634914556,-0.7662956021421952,-0.06359013921622325,2.9606027537484705,0.1046659093891778,-0.15390799730409566,0.3621429766054195,-1.4113803960556204,-2.5406409023806864,-2.475757400708962,2.281255216841301,-1.9687588208801319,-0.352643830102646,-2.1169967034386525,-1.5323699624823488,0.7553355877973954,0.6747440871414787,0.9103379198913344,0.8579519906998965,1.2748774460405343,0.059102430676448825,-1.9150537279542486,1.7604490398039043,1.2085660777540224,1.9776043693056655,1.1256785331795756,-0.27217784284671365,1.8164917632591202,0.6447207763334266,3.947990455355654,-1.2950662413318477,1.1276954688688643,-1.4088864378804116,-2.906350145069525,1.7106114136274202,0.9589344962667466,0.6756982103131106,-0.8306129505239103,-2.282016076294972,-0.794064992161518,-0.8236878061853872,1.0773586251803022,0.8318449872091981,-1.845540859719055,1.3794279200767705,1.0541532621849035,-1.2626569063132533,-0.12443900827360627,-0.5521008185915662,-4.17476411756927,0.8927127488073583,-4.3397029108046,1.4469835873240662,0.14270642755467733,1.3596222872883488,-0.9059696531124393,-0.5683488160771402,-0.9378288627864693,-2.7422896932221175,-1.100690912358491,1.0315284758448304,0.8400507088226636,-2.5316599465156138,0.4972292384863918,-0.11948095024849437,1.694979650253158,1.4267247458085226,-1.0271140154493608,0.46845253290986405,-0.05410985794187523,-2.1955848699926124,-0.22977166061577234,3.008396321284454,-1.3346269366279173,-2.546758426636626,-1.1243142082057849,3.0031975632707164,-0.161244831612552,-5.298607928277382,-2.104723159166652,0.8628383959572459,0.665140892674146,-2.1912119533141325,0.16593553848506723,0.422819681629918,1.3035964849602832,-2.1347906282493874,4.124018000313408,0.7354645229915703,1.938381674794131,3.7452079505555815,-3.511885438061164,-1.0009266134214845,-1.251543390495445,-3.118358714353362,1.1742088333477256,-0.5420005179843171,0.43217532442896245,-0.6622423668035269,1.3384316617657648,1.203267197277476,-0.25573169284936925,1.3226834201716895,1.8896525160335,-1.690723770931481,-1.6439337770322666,-0.0782095250699893,0.45475520299017347,-0.7442666998070941,0.8267959944722527,-0.47485188417502266,1.2618786607938655,2.4593222786474516,0.8655495702319724,1.886249202287428,-1.7041027945483973,2.8580158099093467,-1.6796814717867266,-3.6452912320013664,-2.6967201626067236,3.0306815763822494,1.961524920929165,-0.322827824730338,-0.21044133714726027,-0.881479043193514,-0.055982465029020656,-0.9108749310807619,-0.7460752161249218,4.891910331842923,-3.946876278663769,-0.5866016685752916,1.1713652229565754,-1.4876630473100414,0.8797354903504064,2.478972744752443,1.8094224960570888,1.4912250718064928,0.07881323806488,-0.652754846252152,0.5017740162870723,-0.3877269676529474,-1.4516006531509864,-0.3068469004757264,-0.6322755225682767,-0.4348866318237013,-2.791953434708785,-1.2375928244810201,1.0769747492819304,-0.22035382420025101,-0.9924699987496013,3.3351405840459147,0.1109242799272902,-1.602550272088156,-1.8435167079732635,0.13038457525713543,0.4502278105207748,0.3475379438877704,-1.4309848510650571,2.609841970478569,-2.1001464615803878,1.6859192894182344,0.8714182348303686,-2.786169430451578,-1.4664636670375644,-1.5902649763205134,1.4040758956955282,-0.5325909468007186,-0.49972142709339396,-1.478933842094967,1.992248102708033,0.34585052738814015,0.6850300355705887,-1.1985739253480219,0.36932245327377355,-0.4780773542215146,1.0237942211194309,1.3285997213837304,1.9112341718993577,-1.3912385632029207,4.3513000584465535,-3.3168047022543115,0.29809747745734494,0.3760704688039635,-2.0304955555152064,-0.684042398629441,-0.34357195296982795,2.2233449190035643,2.796233480307848,-4.793498439000923,-3.192466157227799,-1.5674478789007833,1.8341633661501926,3.764057329136306,2.849875656430117,-0.4915561107016833,0.2542872921725025,2.1843847586995158,1.0520782183491095,-2.931086866813029,-0.23221978006313457,-3.6225400642459458,-1.2290341926925443,0.12841144083941114,-2.024802656568245,0.731323816700377,-1.0151513163628265,-0.10474167153480934,0.9617504739577698,-0.5794883745772312,-0.3815284991147154,0.8369411295479325,-0.209136274286996,0.15132852555735832,0.059696432920957415,1.5062402565450195,-1.9525012121018954,0.23345739494428802,2.799543455909509,4.364779231647952,4.008549459124792,-1.8378839315717603,-0.9186219285258166,4.387646712673844,-0.408925842093824,0.23897369172324756,0.6135517930434612,0.42029534681575753,0.18206145221137193,-1.623344176354554,0.2613456263111014,1.9020708322983626,-0.6797328891474506,1.4910709146828067,-1.0813224096854959,-0.7290758734852156,-0.14424809265445676,-1.927058157783096,-0.5030478549615267,-4.482218729081374,1.681263326626696,-4.037449581230049,2.2952808934923237,0.7975268907200034,-4.480716638677144,-1.046701871019507,-1.4682746582858603,0.7202005484590143,2.192715288681459,-0.381614543399712,0.6458897194924338,-0.6936761778169435,-1.121235351558224,1.673160404777102,1.4833505911670206,0.7574044250736188,-1.8883462796013997,3.2766955811663907,-4.101701177808376,2.264585047492246,0.7352969190763049,-0.45069166395040117,-0.23485517041594767,0.6024790593702554,-1.2696066677323987,-0.20636653331167532,-0.47805538802623326,0.5157952826765022,-1.1857127275593862,-1.4264967439750929,1.9925195715241957,-1.0519454557301224,-1.7286455374327763,2.0991956053244563,-1.7320937457254213,-0.6471307295450477,0.33414061057817523,-2.4807287152685564,-2.6676277566496824,2.165847791343783,1.431730395695289,-3.2192849143471083,3.0121403607226567,-0.8864211042047753,-1.1315398314507492,0.4979614230789522,2.1471290994176204,-1.5221431440918054,0.0428962219606763,-2.270666982030511,0.3185366958756156,-0.13033518268975808,1.3502391041372033,-1.275048833900291,2.4209414652602894,0.26747196644848437,-0.5440121506016937,0.5585272061786712,-3.422373906610563,-1.4866264514319756,-1.2251603630938765,0.7720337734955101,1.1190348057391777,-2.8718397215740055,-2.4339964956736826,-2.5775541529699884,2.559670969017753,-3.6611364753196414,-3.5286713112343464,-2.1096297080134403,-0.16655732557248876,1.3985817091575552,-2.3486132530980237,-0.1254216503039396,1.028051103495874,1.0241736891787934,-1.2121428991832124,-0.13464585478169708,0.006149263583085873,-1.9029050974837611,-3.1587083262442484,0.5205595833103143,3.149009033043346,0.265575744798403,-1.8672533876998574,1.5513033424867362,0.07200335050930318,1.3460490229712596,-1.5296906748548056,-0.6760616773983429,-1.567809164496349,0.687534375421062,0.08268174880512033,-0.8135805901976941,-1.6076572326986964,-1.449252903998785,2.0755633097979516,3.2149719711302054,-2.266770865754682,1.1028810156655702,5.6788180033855955,-1.1943641604237771,-0.26616045375696495,2.3601131177521277,2.685684488003672,0.4276973789903728,-3.6050216510906257,2.1110994911192322,1.3268595928308606,3.5823672899962844,1.9647783048587748,-1.3616588570038402,1.7284658233982588,-1.2212856703139403,-2.7613760732324137,-0.22943696358249527,-6.087671525028388,-0.5995325268997462,0.9092586110879624,-0.2962466152398645,-0.5435658487371627,0.6451478931833372,0.16190585059622967,-0.3892896968131151,-0.4807626657857247,-0.3897882475508486,-4.450183438448409,1.287603414349265,0.8422136710186561,-2.813697967583506,0.245038449389676,3.4019176571124823,1.1923033470691804,-1.3332020536682723,-2.4080404140900744,-2.1036328581563684,-1.5275580520829979,2.123828589908832,-0.6754741257001848,-2.614857147377755,1.1406780322200567,2.1099824690606783,-0.47850277460226387,2.7942063896558604,4.67625574526938,-2.305258729074054,-0.48901005662362707,-0.3044917627774242,-1.2981037963154516,-2.0904655817237936,-1.9970245510429194,1.1913003895308143,0.21897361474639243,-4.543996341554275,-0.4725776216091891,-2.0780093010000193,2.46200063852767,-1.168575062040157,-3.81042102235848,-0.05177385231468895,2.030920328718402,-0.4846103400924525,0.8505459537745232,-0.6666420286830644,0.37568969686275433,1.061706358890163,-0.6932232613628214,0.5659141038534424,-0.12776622750181077,3.078165380093059,-1.9193656942642117,1.1544960402211482,3.140621333036412,-0.21682472812196926,-2.1032286033871967,0.27449922734441,1.4380292390180305,-0.34805793679151475,2.5872409324704977,-2.5756952017149364,-0.6359886366838138,2.4307142606830006,0.3408562905611002,1.596556045888891,-2.1130996299976723,0.7591846714858089,0.5754464604235603,1.2342830441363266,-1.8672180168071022,-1.2152131785289266,-1.1486239784308903,0.034263144168923815,0.09815429447211788,-0.9303427903869831,-1.3500881281134052,-0.6336097648970811,2.6096840690917626,-3.800828750887357,0.023297374795713657,0.7075477545592558,-4.3467825971053005,0.4392159076637795,1.1981133132065085,-2.566229244252102,0.6782538636219527,1.6936743186898395,2.559750632810289,1.5015886501922335,-2.75988630910632,-0.14193839151131937,-0.9684190568038107,-2.620764456705465,-1.343311852577812,-1.4146199798167705,-1.2742783213323283,1.5769242075626735,-1.9420857093316277,-2.7849397319961184,0.9213556989956595,2.0474615312409314,-1.4876772943443015,3.166277494164853,0.05585762551260287,0.2695143989790289,-1.5101680216948956,-0.46631284685913776,-0.5647487082077642,1.4187328254264524,0.7177964130546958,-0.519528139783656,0.7792193509757984,-2.9345592838761436,2.6380232388664844,-0.8747444357567916,3.0167423491807352,-1.3571805424525196,2.285535026663748,-1.0362381944141366,-3.4350017267941615,2.258151333846632,-0.6346518388005198,-2.586163232285527,0.3012128965900887,-1.4796887164455355,2.7276718522318197,0.1416833484192797,0.5899936218217108,2.0231127367413855,-3.6278205838282056,-1.5357153269509203,-0.6424584934549948,0.5540425034890568,0.10620268879984765,0.7027958470659548,3.008953457508235,-2.3575937190976606,-2.014599678322513,-1.3932472184383575,0.969609968099512,-1.9926287109222098,-3.2076789197710807,-0.18602797284146055,-0.3649796614325882,-2.637916068521123,1.053474240451215,0.393414305222321,1.8353182926600682,0.38372070867602376,-1.3202786594122273,0.2415674966947428,-2.526902862175936,0.6925043877466434,1.2663607826738805,0.8539916660331424,0.535539763664344,1.4234427091747575,0.5994818239088578,-0.858118662395261,0.9098712853509653,0.401763829664336,-2.6094090745091405,5.078795272610772,-2.1168249131180645,-0.699248553201764,0.9542322865610788,-0.07389059500988965,-0.3016918401516989,-4.98981468304847,-0.26435645099791083,-2.1741854728529337,-1.1768440885578941,0.7940928053113717,3.1087693949362487,-1.1568471427161806,1.275739566564648,-0.0896260089986679,2.67652465499858,-2.008492735163118,-0.6156034699350275,1.4934072951102517,-3.610455724669137,-1.3366019725416696,-2.5622531817049476,0.32767643504955607,1.9044539909171259,-3.1272043185100182,1.4084708415377787,2.204924173936689,-2.405054799267291,2.117395063829709,2.0516978552195373,0.03448162667106819,1.9425331298772945,0.8082831867482891,1.2192542986822363,0.7724398466413688,-1.958210742971836,-1.0806956216368733,0.08609684182155963,1.318372091595142,-1.9827493521746868,-2.576720432382067,1.4774506162534455,1.6453392355894896,-0.776650456741185,2.26874095540529,-6.125548323237182,-0.4946721918864615,-2.8556407420997423,-0.03113581034426946,-1.2853339396978631,-1.08697412516647,0.9761510821295551,3.4216798267732282,0.30900266689832184,-0.3170932912381524,0.7016575516092758,0.06033202921378067,-1.5057126410399793,0.48837828833134833,-0.8144374619451238,2.906318296249164,-0.5337573880999751,-1.1337583094097756,-3.8236545280623058,0.7221087073929573,2.030153654475263,-1.0861220437445722,0.2213403153161329,0.21224062538638244,-1.222929383534013,-2.298940725201271,-0.7483533003727902,2.1403264996552305,-2.1842800660421617,-0.44344921244772006,-5.030020067544817,1.929472597936972,0.7679711207538267,2.0289534022361577,1.8496159487380506,-0.19361687323610466,-0.600803073001348,1.1064986169558635,0.5303158227472514,-3.0728683366195395,-1.1216829263404247,-0.5268406170302194,0.8330006128327634,-0.1396587912408367,-0.16286741675996477,1.8556964128101239,-0.5955930575983577,2.91133929097275,1.2878212166757963,3.0408859386988407,3.4502492862233107,-1.9436244252454973,-1.4589244215009864,0.13109187859001248,-2.9100245959634776,1.6975536743546429,-0.24242492958157952,-0.20166186634937466,-0.3447660193859503,-0.05359344079398615,0.24846684025136395,-0.31835640283021754,-0.7299029107928585,-1.6019719001063497,0.3650295227241151,1.6735221851238329,-2.8649987492768267,1.4795380109453962,-2.45900171931559,0.8158808181617034,-1.694077661440036,0.1406812269886803,-2.365713053078971,0.08350091492318723,5.291800005802933,0.12375697086307641,-1.709701419417285,0.18888021486310674,0.6019971909061093,-3.5698318194248504,0.14518568911799656,3.1318819936848805,-1.0958669748316319,-2.3157002341774913,-0.12186838811274914,1.8499637600396075,-0.43090798945127573,-1.1474104562391365,-1.2494244317920036,2.381829584784527,-3.640075503670493,0.2204186260265732,1.6554372688118415,1.433520629240689,1.9672136138778982,-2.731469714724481,0.64922396644519,-1.463847801852678,-0.41095795313805406,0.8472575205047366,1.3739381656931102,-3.5460165650598583,-1.2854933096720527,3.007570863790868,0.16807165876189606,1.982965184108199,-2.406871553981366,-1.1703443463607042,0.5679890036693205,0.25972545131216596,0.007378044465914196,-0.7256805827236632,-1.992096824823045,1.080649293108319,-1.358466450688684,1.675131544938875,0.8539015949865651,-1.934927605789829,0.8006763293943912,1.4445311515604708,-1.154827164342473,-3.2830796267828504,1.633822235149998,1.4896514030462418,0.7227751499849246,0.5944803197147739,1.0053566785853725,-0.4690057002356065,-2.937644363988557,5.6770376519453425,-1.977119082888702,-0.5154656202964969,-2.5755203698323417,-2.4896082501547783,2.071485555000893,1.309126529881968,-1.1105566612845434,1.26214210205929,1.078706794289599,1.0336372586926295,-1.9692146092060472,1.5349571009818055,-0.3750724008009666,-0.23251700981061374,2.2372757391701272,-0.3291414333183973,0.4920816149701859,-1.1223517312866615,-1.5909438009583794,2.7883750214159178,2.201603059732844,-4.314875796335809,-1.4467714305649657,2.215672603995451,0.13682628813235054,-0.009112174332521206,1.1372144072200239,-4.328945388400858,0.8178548103262713,0.8093121813150073,0.24858502381704617,2.107708461779713,-1.2733953562987967,0.7445958906198235,-0.822255957727545,-3.0643283015388434,-3.7204505116020594,-0.10789858598580529,0.39022925258932734,-0.822721347339411,-1.2129576307874421,-2.323477933342781,-0.9027569321686264,0.011919468816908953,-2.7839507120778504,1.780619557111497,-1.332736819183804,-1.475640107839677,-1.2284551516921596,-1.1749225947631223,2.8094967302876346,-0.2477839828363047,-2.6309261366263703,-0.17820218949058692,-1.2699865582769774,0.7735013271200555,-2.4455628708667936,-2.7029497618359426,-1.4953118959531286,-1.9250000630601507,-2.690096102057091,0.568343425956292,4.133003758499254,1.1089262110359392,2.5482759426349038,0.018396856369524872,-4.040432011633726,-0.15288743912419028,0.19748871576434385,-1.1444293353431332;3.0632870346454917,0.6104779654368749,0.07939761720262128,-1.2182759411484299,-0.294816944339835,1.8136679022620152,-1.0951459677081994,2.160594445449385,-0.5641335363785193,-1.037420076130223,2.6076850935724236,-3.3170059460639614,2.2851193991944236,4.392947203085464,4.627166390151447,1.1464172237481907;2.421793938383866,-1.6391256781165908,2.0359717349154933,3.160488791896883,-3.2761052238738526,-4.084477831707149,0.8018503513891718,0.8915617680234219,0.15457873360216368,-2.980956648572836,0.1379970887995376,-2.307706957270198,3.4803428372854626,1.9031025583983734,-1.8988985039801674,0.001240275081993869,1.1483790720236682,-4.6674967667356935,-1.7356088029894152,1.0841110306624113,2.0556171404336077,-2.1758102448431393,-1.4507977804368164,-2.847559292088725,-1.366103317622315,1.0891755341570422,2.3837305335747154,-0.8286683613992938,-1.0659465255507892,1.2456439446727072,4.135201816939253,1.6806435566168745,2.3469851747124157,-1.293223499560467,-2.3981896271004204,2.1634905756420584,2.80721064878447,0.8261900040613561,1.7989024383561731,0.26157940891733233,0.35535797797898894,1.4283873706109667,-0.25977124941740637,0.154707377237415,0.6615604941081153,0.8427749232485955,0.5258362302125429,3.1130427634712774,1.4779294189656667,0.23294365181984034,0.582087956809753,-1.5111022488434958,-3.348831291975812,-0.006623169484758287,-4.045818835008148,0.992640836466137,0.0863171597409349,-1.4826842006547871,-2.260630871499607,-0.7464286934116942,2.008350355321292,-1.283044245177752,1.0516954201323871,-4.120415456094245,0.8454062106615112,0.10723289878533662,2.2131113001486398,0.8116737675940634,-0.4197930610594419,0.19225020641991908,-1.1964399777537726,3.9387594512988393,1.505957457086637,-2.285020712088362,-0.02093922212025312,0.4808747416422703,-1.6773393736389588,0.5565563042192855,0.6764885943380795,3.6760775230500244,-3.105523414812305,-3.388495346231076,0.35627461121985915,-1.955693500861921,5.5565561350341275,2.404468965892004,-0.39835572225641624,-1.5667989488208154,-0.9767047298380238,-0.5767261969865779,-2.1762235132447225,-0.46534316844045237,1.455761083864685,-2.9213403259614785,1.634843195752603,2.0504264051509344,0.4293174855490498,0.4383843479616687,-1.9210087227078723,-1.3322336322954498,0.31090315086496856,-4.790128998791623,1.184352703796927,-1.8882703643115026,-1.0531246589423868,-2.1816262730103584,-3.4363071561232936,-2.8278145708475924,3.9297233945526187,-2.593085545996105,4.6687799403906665,-0.5667914496763611,-1.5869748518138544,1.8904447736976913,-0.7400551134039259,1.120617806984986,4.840800411785877,1.1322858498895314,-4.066389876726661,-1.1490711194890468,-0.9316689463096174,-2.172781385834084,-2.9174197651141855,0.17471362115092626,1.0773479814454219,0.4778777869370403,0.13160365167399501,0.795271787239036,1.649513456633541,-0.14732682952798104,-3.5602491733874,-3.4195796810437566,1.0206055565717818,-2.2588247167156816,5.167955769884088,1.3611844859294742,0.14986269165458538,-2.1252807523305988,0.5893355453350919,1.522464528859258,-1.6196945982782323,-2.0614401030708844,-0.01787049858656576,1.484402429810619,1.3936659969132077,-2.6733863512051284,-2.1030095225539043,-2.0778804817692906,1.25768980341218,3.114222571220103,1.1769996541136396,0.7695912794437817,3.0541631166534366,-0.27575163826238147,0.24074543916455016,2.827504940666638,0.9113336975721034,-1.9103353319911704,2.391805726473109,-6.214684995932903;0.6211258353235325,-2.608837909883812,6.657967557959942,2.0817332122391083,-3.2885358704717773,3.1668980753751312,1.3519383048746536,0.15696696563005463,-0.6978362893007632,1.9595569055500153"
4,1.8812188656888753,"-0.4758184070891709,-1.5043090754089534,-0.511513950722932,-0.3320281950987579,-2.272926292441192,0.5829620469069011,-1.1873135320326706,-3.9533350755571397,-1.483707461415019,-4.311254728201699,-2.0890064929134278,2.2413196527594117,1.0670319719640322,-1.5813532536105084,-1.3796517691260177,1.045923224090312,1.1279610622591345,0.6780865868195638,-1.0986660903207914,2.2620046577858295,-0.6241342029929838,-0.3756886450826219,-0.5134893136280619,-0.6531878743360289,-0.4511075650541841,-0.6820679496260657,1.6749810405976029,0.7698487037101169,0.17641254319474167,-0.541244695584089,-2.0807938075619123,1.8359032235851864,1.7036626239381623,-3.5254000800860137,-0.44995307753300773,-2.064778927701116,0.08784464792246874,0.44620423011132715,2.710478059830107,-1.3872424150500537,-1.4717402125855628,2.1153530376582013,0.9089572997120777,-1.2425496547167139,1.4698506618263893,-2.0973582480407313,-1.974421174020881,-0.6884053379028547,1.008212568123045,2.536524064211945,-0.9931352954167156,-0.5370444000904696,-0.13526661665108541,0.519079223656193,-0.947060836319177,-2.085666344523871,1.0451712233735244,-1.092068699317789,0.9472635478717587,-0.13859225642560616,1.9034877247089892,-0.48959914811412847,0.10898472163362105,1.713045061621489,-3.288634249879826,-3.722335093864573,-2.6572705140460107,0.9398825241999427,2.1879462173878963,1.3729578251561307,0.34170399190041145,5.058992992458788,-1.8688621018232965,-0.45290991192010843,3.9254670147502635,0.10282459406096206,1.7817345946735883,3.7500763382454947,-0.9174616789435265,1.3835701733364858,-1.3888509105092717,-2.4098545751862024,-0.7131470414104206,-4.302365412001042,-0.5606581488756441,-2.3150372923564495,-0.5094906760362152,-1.2396662902178963,-2.6962668085030566,0.5356175332092951,-1.615191719968974,-2.4352634790012924,-2.026471540219391,0.34509051036154076,-0.06830709210838984,-0.242723292753801,-1.5749105351101087,-2.0084363845944075,2.4511528072615625,0.44292388977047675,-0.9232338104828081,-0.3181552873456917,0.05254160054930898,-0.5305634653254594,-1.035211832306297,-2.0484613400807135,-0.6661263240708047,1.8476640333295673,2.5379124752111903,-1.0083441714793635,0.5893610385891715,1.8053681070995198,-0.1295718576300915,1.9887274721920758,1.1846451837627525,-0.6664278294961016,-0.19569940247577144,0.05928121127231814,0.8601475053373725,0.3364266823187818,1.751830597104534,-1.5166840815827722,-2.047806970541002,-0.7816436328329822,2.020963086399846,2.9426582316706154,-2.9839876052254577,-1.4653098496784607,2.130351085048927,2.200605989111429,-2.1594182794403585,-0.6671703777902869,-2.1294189169956756,0.17535247371837476,-0.9297287145261293,0.2652136904534932,1.4265436886280836,-0.5448142056270683,-0.4260591313251153,-1.5497025291460456,1.6965051052992737,-2.3245990566467234,0.6146856816098516,-1.0637227507162426,0.5724150212106162,0.3376274300305703,2.7562053073233144,2.2819576349917896,-1.079598911588555,-0.7207468608304431,-0.6700800335355775,0.5811747823581208,-2.6809877245137397,0.4406168583083341,-0.9518353837730416,0.23356158258856377,-1.4794503630079736,-1.550929958511283,-0.42534003195882636,-2.071709736926557,0.5799779070090523,-0.035065483201015366,0.7830892285766569,-0.638898420905305,0.7374315731752802,0.7686431023222622,-2.0969996206485813,0.9616573167653254,0.17267786942250427,1.5572147283366757,-0.8003198645330554,-0.8673947903870972,1.8976464614125685,2.6442229518829943,-2.354276789594294,-2.2270775904523963,2.2716596816237526,-1.0835845037755008,-4.138871919669667,-0.3499339900742364,0.797378604740191,-1.0170978268735114,0.28282002595025385,0.7164495691552,-0.4852624671179059,0.5158902999049545,1.3424258238500695,-1.2117128813753195,1.504949814101625,-0.8545567208257697,2.566136923772113,-0.10990098848841479,1.0202802711161654,0.09060538263257886,2.5847936479191884,-3.9813258067649375,-0.4262078246598039,-0.6598082102662323,2.443498928293906,-1.6659601938245243,-0.31668266209312523,-2.927767757950492,-3.0786778158602135,0.9170773044656779,1.6385865061124716,1.7229208530658888,0.5132965552120176,-2.0377054086301585,-1.1948374396347416,-3.3813629626428536,-2.5592448229274365,-2.5802977995465897,-0.4218048925802953,1.146505029254432,1.2171855175433801,0.9397421059159674,0.40925322482369586,-0.0452522156963949,0.4465679322312544,0.6814418347183497,0.1590671785589669,-4.597138170060166,-0.2932623155247283,2.3837346215636086,2.3141839187411994,0.8870295515766419,3.082551020313529,2.4237817957080967,0.6647495876568491,0.06914560496066349,0.9022313458089588,-0.24493536758449758,-0.6239435053031994,0.8573707138704485,-1.424259007312008,-1.891510003968486,1.8951601823483368,0.9926189947836234,0.8205236415455339,-0.17672036340322828,-1.3608806509903881,3.729148094586789,-2.712115620635085,2.582131120939128,-1.4931072428870085,0.48154005729775107,-0.09655410048180357,2.364577465623543,-1.6235386137443957,1.4167745024996685,-1.3860966627372884,-0.30516774451345896,-0.5406917673054192,-1.7549842640112676,-0.35790393380825647,1.4373692150899866,-0.3168723517641272,0.07282091580065526,3.8833295057264356,-0.5612642673991696,-1.3815584438269506,-2.287185871263323,-0.7932520753926858,0.85539580165549,-1.2237886474137214,-0.1871654878094804,-0.229613886616048,-1.042430077058603,-0.5319744403237605,-4.493947887221003,-2.4398454357832513,1.9865211592386363,-0.14910251736050276,-1.6488001913352446,-0.47631571413953616,-0.810993487072487,-0.18571962230893269,-2.009576655423843,-0.590020214818862,0.7702453626341992,-1.1998667360836281,2.154499348156542,-1.0681681420342393,0.11303559327588926,0.9056694546338369,-4.467718740451905,-1.258300442940983,0.12894816923009,1.4103014825504174,-0.8309098415861571,-2.635253917429302,-2.45089990069452,0.6227960184836103,-0.6426595874449232,0.08402832108000863,-1.2960685112765686,1.5906998552826517,2.6995770877488887,0.2148536015630574,0.4694155745912119,0.4781531010058149,-2.2955915042782298,-1.3426032102211627,2.267583254018602,-0.4365369078891934,-1.9324528805072545,-0.027513701173631222,-0.5870438385912066,-3.0087301340048103,-1.880200921929697,-0.8836773822964283,2.1343019765512907,0.2894085219243775,0.6666268106569035,1.7034211691097916,0.8789533805598189,-3.149574662069367,3.2437835910004966,0.5767076531128188,1.256145952558041,-3.46121405335182,1.0211522026829327,0.7883837829038118,-0.14132090825063426,2.06886730052729,0.34386815923894876,-0.6373724337497828,-0.2562899723953934,-1.103037463921321,-2.9558858569248283,2.669245473779122,2.1290215504297136,0.5089895051551333,-1.3209344967690124,0.6435643853603437,-1.6009794700530564,1.5611588379364802,-2.118050832811498,2.515239708172011,-0.8480124234576373,1.2508435010569374,-0.9335849726216456,-1.5933650580844179,-1.4276845165192529,0.9424897218114556,0.6512184011625093,-1.600946310969056,-2.1459394843212563,0.7899173173960621,-1.812963760678669,-1.8145166851876597,0.9166069180316846,1.2897839076487658,1.0414176434399107,-2.3328272887312056,0.18992488843313413,-0.6771976685338493,0.6405136810097704,1.288659005496096,0.5701978107982381,-0.3166559556202907,-1.8024375519399862,-2.83529779890407,0.015289949626793996,0.44310522012090564,1.7888528830862434,-0.03382422612313483,-0.06541814153050485,0.8166333007809768,2.842775677970482,2.231098273861114,0.5069194782260231,0.3817939489440975,2.5543422642485796,3.041302183296887,1.1850346702119774,-2.2865635607692516,-0.6895749533861927,-0.4737262127752351,0.10381944047011275,-0.4751193089843484,-0.6174184777967541,-0.649472876355435,-1.0118805523368741,-1.2188679187624925,1.2464540250512433,1.1221971914187863,-2.4438751268957954,0.049585286401451684,0.8194905891714255,2.6132597764729377,0.047082867299854454,-0.46716917286598003,0.476704793139711,-1.1559511972494776,-1.8422670221410837,-1.9132036684576552,1.878801059178459,-2.188261595886831,-0.7465681942519684,-2.002454045998517,-1.3143086516588833,0.14119390558686148,0.7683340002827329,0.4695152439116709,0.6434661213312801,1.3545055835123403,0.3810370812108198,-1.6089380503361663,1.7153685962446987,0.6332624176959494,0.9384830892620845,0.8812687544129549,-0.5616064697367358,1.0537756488070371,0.8571413390763182,3.2362465028984206,-0.6761759811915963,0.31749928185788073,-1.6113236400120778,-2.6998332700560335,1.0901759904414503,0.8402826088766314,0.10012186859545733,-0.7204446413787438,-1.6830133118914832,-0.6213912971521478,0.1270302685645186,0.7703653969944272,1.0351979256050774,-1.9817312696338045,0.4316694448781538,2.289958829983024,-0.8614268785637347,-0.32528526558079324,-0.72191943134672,-3.4126433453537093,0.8128078650859,-3.8362273802288334,1.2974840566075507,0.08645513885662558,1.345861764740922,-1.042707404313531,-0.27279347739692295,-0.4242410337637004,-2.823003465218716,-0.742779825532295,1.4210679227841534,1.180707368976773,-2.0508569911632875,0.6156113026429895,-0.042813945107018955,1.5010394277094845,0.7369918163094076,-0.32000732775110796,-0.016845078910128,-0.17365518397656748,-1.8037266292012504,-0.32527367353383585,2.7384792580268127,-1.2917521551002118,-2.7860382708171927,-1.2453161605067502,2.555248044876033,-0.5300108146046117,-5.019336403527086,-1.8957039353004905,0.5417063555667105,0.033595812650511085,-2.4605894711809255,0.09700898453743788,1.1189487028789937,1.0039589521150767,-1.7595104419290504,3.239870557076434,0.8159665786555058,1.0410209425594725,3.230110042386638,-3.215209010012188,-0.6048907642356929,-1.4860295490721596,-2.9654929221813586,0.6472540591618517,0.011580581572442822,-0.3043948454470902,-0.9387268839766204,1.0744847102109087,1.091077321873027,-0.5585691990827775,1.4377171354116576,1.8641711410199213,-1.524958064958251,-0.680570463426546,0.9358051351860895,0.7808464505698411,-0.8482979226988727,1.0828042575666923,-1.3289167923286564,1.901768731705337,2.8947964603157437,0.5029993289791903,1.846794792343458,-1.6419313555664894,2.3101599732607645,-1.5020258499942039,-1.8552086876604639,-2.7079877763754543,2.938693848670593,1.6973899499119742,-0.1063195808489514,0.08204151498422804,-1.1901712147118528,0.6856261507540166,-1.0784498314338378,-1.1082311796221271,4.337792927124179,-3.31728092869373,0.14488508526535143,0.828109863015492,-0.8132453927141478,0.2051878452147921,2.5653176531522592,1.573812166601035,1.3671081935817884,-0.2845166192603744,-0.678634145760834,1.2861932796207871,-0.2692981875838764,-1.2762353886780538,-0.37538589789724136,-0.8099867897626458,-0.10166743086553204,-2.8200252087628286,-1.1747520723389435,0.7969974308934491,-0.26264630041059434,-0.4444090925783113,2.984917478628996,0.18732277138842657,-1.3304339284702402,-2.331725099694019,0.6169683789880627,0.027230243536194354,0.5219736363934541,-1.0443198513152316,2.4446916435750676,-1.289379635032886,1.2829393981550734,0.7100964800225188,-2.2855843803928497,-1.1435534994023793,-1.8786741539161582,1.1231942469996148,-0.30238783674035064,-0.7939436171286498,-1.8226234675382165,2.08829681146642,0.285843842048959,0.9478372714617584,-0.9934164812947088,-7.978003324309035e-05,-0.33622936206144677,0.8098738396537084,1.784508938469105,1.7836791047318734,-1.0852183042493417,3.510286852979966,-3.232443125253746,-0.751659125534794,0.07530483542599742,-1.7665369765954446,-0.195363943291322,-0.3295110254474245,1.865781161236032,2.424335813288202,-4.316435403281905,-2.2199755646147494,-1.304722028029402,0.9530987095292093,3.783213786057867,2.340278329333104,-1.0216127419219372,0.12270501078523642,1.4413671057072013,0.8085122346899937,-2.7593635021601326,-0.1960210691328674,-3.764550119957312,-1.1282734903085936,0.35563570095577013,-1.5153532350945311,0.9119885031917548,-0.7962523492168093,0.49523782845214737,0.6278537332255623,0.025774364595131362,-0.20672501435258311,0.6827014994599832,-0.2681572543411276,-0.381625657490746,0.3399371724378658,0.9406311598705506,-1.6913423580030085,0.24190669271062915,2.775055104505711,3.353833693494934,3.8459111286034,-1.3427652179463325,-1.180706858333754,2.8787657530607453,-1.267653845720697,0.06074416162470486,0.23625464622005568,1.5856517244413433,0.2632319818019064,-1.1771014891061993,0.3903720719019785,1.5626381704377152,-0.7214922108431966,1.1224770461039388,-1.0363870004720999,-0.5911945631986417,0.10161008413011743,-1.6477902731529557,-0.6635035536268424,-4.134496854661385,1.5098685180687337,-3.3914673298324702,1.5462183914756626,0.9642531303124653,-3.8358175155266427,-0.7124315120177085,-1.3733464933347292,0.42847815917993215,1.5465088517933108,0.2580682381359746,-0.10065421671038491,-0.41376253869861795,-0.38045815216574635,1.1740294887970102,0.9017029143547004,0.6734094119481842,-1.9756575596331145,2.6540161764026093,-3.201890405363219,1.7476193302596217,0.4445241369305596,-0.5813953287458878,-0.10117180861947983,0.8046450255965271,-1.325047628964965,-0.5879712752222079,-0.020131151988588225,0.5772443017124645,-1.0520009502948657,-1.4559524069853829,1.7330417247487588,-0.9318171545450735,-1.0493323491199353,1.1283311527588966,-1.5186173210406142,0.12603012690362964,-0.31334673979231165,-2.354000536040436,-2.1909122828104945,1.1092352012888143,0.8724905001093117,-3.0927001220958252,2.791171050918096,-0.4527898897690522,-1.4890149174646443,0.25305550609051486,2.2932925380540636,-1.1557676896175644,0.15331893677647124,-2.2350167770008453,0.8939257559531322,-0.27234388180058844,1.1702361167914346,-1.3354986610510253,1.9913364574849262,-0.3674651331937418,-0.17280629615473153,0.743727941236411,-3.1201607823484365,-1.5431051547301635,-1.1845058650752835,-0.05411087127679205,1.0537668794941233,-2.058525509761145,-2.6258064678913082,-1.202573639457798,2.167073645300991,-3.061107763308772,-3.0150088781346542,-2.145410066874727,-0.731623138334462,0.9163976082599258,-1.6798263279033223,0.15953920465709018,0.6470145637188969,0.5095406672437633,-1.5289853297235776,-0.1732004161702743,-0.7307609174174373,-1.9777111566583316,-1.9999317960052367,0.2571096751580198,2.431392269238031,0.1723820473666774,-1.5930955813585337,1.2173045335500035,-0.26173924400812465,1.852531489231501,-1.2724144128092099,-0.7001054831452913,-0.7692774053117165,0.9477775425609737,-0.28600080960257246,-0.7495964042743004,-0.4352704968198855,-1.681465544181313,2.0453171259636966,2.5211287585971482,-0.8735392580820331,1.447920197139246,4.398371652615561,-1.7407828907530563,-0.6511356239990699,2.1846801671778127,2.707954744611617,1.0758218304546499,-2.8755563423629558,1.5270084664911763,0.349428723079306,3.1901393850688042,1.1863170648377106,-1.1804406869816955,1.5759620340829996,-0.5242163390932449,-2.2477910669686105,0.3044110459050797,-5.107219462608248,-0.9407630417024067,0.6585834784292843,0.06903961283052205,-0.7811095686875511,0.7228501090977347,0.029255817994564823,0.2522012413105505,-0.5227747937830576,-0.7503028279339878,-3.7433513968656795,0.7283224536141066,0.9415484271684389,-1.5723806460636707,-0.7391071831237019,2.836297530676239,0.954673791302791,-1.6178578233250764,-1.8578695534531122,-1.468059364251145,-0.2685256190826165,2.681784963193899,-0.10739144401753209,-2.5068810717785435,0.4556419363987575,2.1153436289259355,-0.725717950436416,2.41608061618198,4.5144888460844905,-2.122358049212729,0.007611612093413933,-0.4124784274900341,-1.034512858809172,-1.6584806301267472,-1.2958725933496915,0.6063665591031123,0.7367862598251288,-3.6998511429494467,0.3125850385661249,-1.736417805197335,2.208348467725896,0.048556301654370054,-3.7709235991238965,-0.2130190565091069,1.8199825015546414,-0.35993146367916085,0.47586254186448357,-1.5414706702621186,-0.16068037237275384,0.6749523558088355,-0.5154447949590025,0.680859922234509,-0.3273505263561556,2.4824393453492064,-1.3814631165485403,0.5041632296520455,2.730520998743721,-0.5273365614949693,-2.3008178711650453,0.5774013824303312,0.8033553447688918,-0.0038987300104857264,1.7136540013784038,-2.1978553633659104,-0.24689776309933611,1.9609083081681211,0.3725400355443242,1.2331376880806477,-1.820561725518698,0.7708184889990228,0.47120980714993743,1.0237227128273776,-1.2405442701988323,-1.0867441313770012,-1.1314469312309565,0.18770620968269056,0.43543095338038945,-0.614260454390628,-1.8593037854816943,-0.5266051409717633,2.3682894373866583,-2.638896534497696,0.21990217552862829,0.663144737448329,-3.5442796426248946,0.32859034288356553,0.6190811228280804,-2.058013639866858,0.4778816071956892,2.1003160580648443,2.147433140794432,1.6324798370646798,-2.193177664937612,0.05176873764336173,-0.9322078590675252,-2.03685097661259,-1.2443728214507892,-1.0087474640888778,-1.182911164803716,1.2220331128845534,-1.154514891144849,-1.6013519554307514,1.1722756130577396,2.3254388891675455,-1.270130796893504,1.9075346382348661,-0.7037256592958552,-0.004035322579995518,-1.3066765585880638,-0.5911151665640946,-0.48604398177663155,1.8201770371316424,0.532691636009003,-1.0180179972233565,0.4822945218674734,-1.786772299001153,1.9587735042040966,-0.469591103451253,2.4884965729857207,-0.9923433869077524,1.8108971255196473,-1.637564791373514,-2.8393458965510177,1.4626899588685414,-1.0823617985300527,-1.9536901761614527,0.48207152063279957,-2.0817526505922896,1.8566564367486666,0.5056537263741353,1.2930573382404364,1.7438821705067318,-3.6480399217965633,-1.5383821236462714,-1.007359239493126,0.4405798182618925,-0.06382016962158844,0.9726244099276891,2.6513201571816034,-1.9324515163732636,-1.7328937458660159,-0.8415942909264934,0.583037057270106,-2.0223243226721204,-2.622631409381427,0.21912073698709017,0.5149079649287132,-2.3683669279194945,0.6810273506634983,0.15266890289973703,1.5662909810928451,-0.5078132899555257,-1.2718365976048087,0.055920853104632615,-2.3257949004859944,0.6932951864231377,1.2631499270965512,1.0007526244647311,0.850025848356982,1.505352906688974,0.8323590696404523,-1.5703336431474084,0.32594164657832486,0.9257597628657119,-2.3743312066711657,3.944675751672208,-2.0860128496413797,-0.9583714202533888,0.18237352207638202,-0.11600564081299083,-0.04579989552607746,-4.578102046736693,0.3093078888347096,-2.169957544713166,-1.244074808871528,1.3462336521459575,2.153030237163163,-1.7495748360172179,1.7283456435648652,-0.6605436461637239,2.5216262451352938,-1.7648297684168028,-0.7542693988228701,1.2607542092344597,-3.4954912993000518,-1.153486044410472,-1.7309598401953248,0.445340753933166,1.6995938122196714,-2.6170330365557812,1.2424997946483745,1.8769922612543206,-1.7106221073107617,1.7390083231195543,2.3769781372744268,-0.07233575616971709,1.388048766784253,1.4696904800932236,1.183737153824817,1.6346200858332693,-2.1987897384077675,-0.9902332770862188,-0.010717831082020332,1.2887275189945755,-1.9755464508549787,-1.991120654836619,1.2925929016525681,0.678660954771389,-0.9838618690340417,1.2159962402693325,-5.051023095198675,-0.3913239914747036,-1.5245105083116242,0.18323741513513192,-0.5703733983392378,-1.0966284923493215,0.6368805508478663,2.843491073449831,-0.5132605062950296,0.3880921739403026,0.9646449816353148,-0.36817481336416974,-1.634972617895327,0.19780426319320205,-0.7242635294552116,3.1814522719713,-0.12825828248385385,-1.2250370075390578,-3.0923704541796924,0.41599837335507917,1.8277566896659563,-0.13520122534874343,-0.15055975031342786,-0.13620456930797567,-1.0854261852960627,-2.2161220358817855,-1.0058515372394436,1.730001729316323,-1.8741570044228368,-0.738905699969926,-4.583212723718641,1.1024408196638196,-0.03243271357297996,1.7302163362887995,1.9409826412205453,0.09574478487155016,0.608486364725895,1.048698308856292,0.8694267268145283,-3.023423612744539,-1.110403629353932,-0.2282579930057539,0.2857907858869903,-0.21848340526246873,-0.012217506489736192,1.304372109480131,-0.30872654008689704,3.2347585400749765,1.4389025429734692,3.1017030116353586,2.862236336293812,-1.494835945994291,-1.3215769853705441,0.5638182531639072,-2.9401459008360344,1.1028662615877403,-0.40662724485746765,0.34673760275359117,-0.4642785497777259,-0.36933544232889526,0.13861205767714488,-0.5383435996759482,-1.1243445447350051,-1.4436112407142865,0.38278499764770146,1.5644780934734428,-2.7054803409665866,1.2880430770703901,-2.291817899159369,1.2561037144539828,-1.5259883636756166,0.37878066690642376,-2.4801783409554963,-0.7688554858699681,4.347496231673293,-0.13495180549040253,-1.7168751969402454,0.36064441014315973,0.8424702037429058,-2.616888226566335,0.6386428847709379,2.690673294809568,-0.7728344223456891,-1.6897392185000855,0.06323069924375271,1.3392689426570925,-0.7612747476486231,-1.5542053296227563,-0.910620839258372,2.0586298566804855,-3.10068118626301,0.7499149169366668,1.7587960112644987,1.4062283902540083,1.6012184346898053,-2.460640872721492,0.33625085281768785,-1.8513476648503904,-0.3319398108968472,1.0179341695751154,1.1910412535517576,-3.238380380735815,-0.5961978251917349,2.4878360993519455,0.4517365976005519,1.2080163938160284,-2.2944360278227895,-0.7023253608290384,0.3540557329878782,0.49485662971958927,-0.016047959180799383,-1.0362397468663078,-1.3519143406330814,0.7315860939425538,-1.2736848012877948,1.0836539875804034,1.001399163410828,-0.8972620516567602,0.28796307717314445,1.081931289225363,-0.8074680495494343,-3.3952724346079726,1.3750541954926037,0.6244983785926448,0.5112920608660957,0.012832601962488643,1.0582937779838246,-1.114026389240322,-2.28203350927786,4.954723658054055,-1.6968363638102997,-0.31163318384342975,-2.3284294157673866,-2.22837614253454,1.9694928574183652,1.4184118059538813,-1.085737030302462,0.6356204310120743,0.7658593374161338,1.2383670382495489,-1.9619115295637302,1.7830179480400181,-0.5208255804219145,-0.03149007028338724,2.352639475206664,-0.3388229845583028,0.6255941700035597,-1.9353945510643713,-1.3278360600389656,1.550954152694418,2.0844938130486694,-3.8829245164043256,-1.2405762218153389,2.5674233697386994,-0.9676186736397424,-0.5259378696286534,0.4586782131719618,-3.3556564787094993,0.9507283510825448,0.49378273038178516,0.8281597074531136,1.193949806225935,-0.9447284203955935,0.8354416128817495,-0.5917823201692791,-3.207225080196994,-3.5248130827557573,-0.4477304975039757,0.3494784714215141,-0.48281722596434506,-1.5723347113942308,-2.4092856267549667,-1.2255176778167551,0.1425515215097275,-1.9856477912869004,0.9622627483846697,-1.6319417408832066,-1.4157425861346526,-0.4058975633056455,-1.3826122580226037,2.5991845100491147,0.04311645481307343,-2.201402865212586,-0.16631193908901729,-0.9528367998047745,0.634818207857388,-2.1370987164467268,-2.599325740125275,-2.047347982548688,-1.7426415251666265,-2.4164553337014287,0.63455331361909,3.67610172931384,1.139265300894503,2.087418651397233,-0.2616770434258343,-3.1951062425024572,0.4410961413350635,-0.4310847043180337,-0.9292016343002484;7.645879644149547,2.555985864293069,0.9154879791652915,-3.9167079511052156,1.2847057885414481,1.739918056491204,-3.594025241658939,1.4143580230497133,1.3652698277891535,0.19497367405395138,4.124140250137259,-3.749630775620665,0.46320040049336164,8.257284989524953,7.734280572293241,-0.8997650809646673;1.7960656471235827,-2.053828521832599,1.430873323208475,3.3596407332448055,-3.5543457598719748,-4.547870443542561,1.4867294719564748,-0.6455304918651117,-0.904788211552989,-1.8199938991705373,-0.13656782355132213,-3.7595210574754705,3.0427388715597092,1.5834592688176914,-2.3600183823156007,0.9797997787332813,1.034179939653209,-4.489053066991078,-2.121892358191018,3.290428453629019,2.756450258421658,-2.5869116260695684,-2.942512345037582,-2.124361770957136,-2.131858050114874,1.313697081269879,1.8134179533986883,-0.49277058937652546,-1.1046793252200917,2.071784437812907,3.104160536366103,1.8419194026207797,1.0275414309613689,-0.770802541569103,-2.69330344893189,1.8137308067859501,2.484093365368897,0.6191542956348423,2.1463640354582707,1.437196902795127,-0.07925739821008485,0.13215450505207005,-0.5959087728714675,0.3814354491521012,1.6781366310091204,1.9865166356852895,1.5540967024265195,4.6839196511419345,2.0863148813985437,0.7548620188655901,0.8039399412376922,-1.2202283530090559,-2.6680448952264078,-0.043723174776844564,-2.42089600930555,0.42268879007105553,1.805334978554051,-1.7372497562204505,-2.3666452329577146,0.19270194097821963,2.73959826968802,-0.5895308671335344,2.1023440095129664,-4.621450854838346,0.7340450490749928,-0.16357105191496818,1.9307347055180695,1.0478802495427586,-0.08982757199614963,1.4278918017646394,-0.6823269621308634,3.2577651518734676,2.053058186632077,-3.3231944750125093,1.0426149151533892,0.24251892107445142,-1.5881766030066513,-0.317146367277559,1.647891924360327,2.810862922861096,-2.9125072080848047,-2.8792611318155177,1.2734586658004505,-1.5998918418331811,5.060386628921064,1.1519418333684188,-1.415925489109972,-0.8106366597861006,-2.336483167398428,-0.46196856978009887,-3.0608345708279248,-0.7807899668922412,0.5228900761431657,-2.669358525316875,2.375736262395137,2.164110495641212,0.5097493256524506,0.12595488475777053,-1.9430203013778666,-1.4385123732809877,0.14149018703878802,-5.177083771498556,1.6702997080487751,-0.7508187319063424,-1.8694983001476735,-2.61188231400241,-3.110059789582804,-4.077885676293807,2.988971078222514,-2.828212380747972,4.655046998845983,0.032750503294555644,-1.7312313590985695,0.40058397827478365,-2.0124051154846643,1.5879015627390507,4.791549047528395,2.418400274320147,-2.7445445052710387,-1.5240532021512998,-1.7255083765937238,-3.823403148086228,-3.27174459519338,-0.6175112110809066,1.023075047338725,1.412477625187561,-0.9920488347229556,2.8252331057462463,-0.028457940150042327,0.4400726574523829,-3.625750396989973,-4.0375634591620075,0.3866896221064672,-2.595648359783555,5.209397965739118,1.9762120480512735,0.07263280744308027,-1.5689619105665662,2.9059372925299543,1.508627577781554,-1.6054126750324957,-1.6056271471957564,0.031050307217686778,1.5338601803056142,1.1968626730664353,-2.053154173391425,-2.8770698096418004,-3.208000292309958,-0.22510517681281586,2.075402440925568,0.7234656960946539,-0.6490848075176657,2.602079420867005,0.3139836890332787,-0.6413750305548008,2.590675603117919,-0.30963918244714034,-2.6574091465229097,2.879007725528696,-6.572829534138232;1.722284975826256,-1.0885200148277558,4.683216822281278,3.1181593225103557,-1.366124556077693,-2.042132509898682,1.4433681847806765,-0.10435496974517176,-0.7218011461224927,1.600812621038083"
5,1.880996556561377,"-1.6133530833703005,-2.250416873879338,0.5326901441796486,-0.9285231547181607,-0.7167955897010163,0.6528905479832945,-1.3621034552819569,-4.471829575008063,-1.7650549173801067,-2.233579413458896,-1.5490296712458362,2.441083128640227,1.2619043247772574,-2.2029360204027544,-0.0691845155981512,1.1592417494116263,0.5986216293525841,0.45043888999991866,-0.7295074209106852,1.4760088152589836,-2.4600786788488573,0.48196418201245117,-0.7569689826060417,-1.6471377691462616,-0.7473951848074717,-1.5095664994220028,0.35819019942926644,2.297800291575661,0.2837860148826596,-0.5367458760089123,-2.262536940023239,2.6095942740029807,1.1957371825058176,-3.8735024813725696,-0.028745444753265917,-2.8197439937627626,0.4540187217857563,-0.22748889155585894,4.7398380501449,-1.7627665622572526,-1.598947561631455,3.2984174350257156,1.8513146496128985,-0.2280431182493552,2.828687624696232,-1.8118729458004,-2.29829449255226,-1.1028538181948389,1.6114481124691913,2.1377945795479647,-0.6185434826270036,-1.3322564951450826,-0.747900042060851,2.4764097015833957,-1.7242939141207918,-2.04259826115675,2.2296867166026737,-1.2667074852958287,0.003384650308836612,0.3100513082804674,1.3015927301570205,-1.0150783663516014,0.4258584182703503,0.9171343947049235,-3.0000346844764922,-3.9021947429820867,-1.89250491663128,2.8668122912713327,2.127652050337467,0.8331932243163851,-0.031363675984476425,4.849390210822059,-2.1497960402448446,-0.031324297973533755,4.059910484909849,-1.389667052993818,1.7070584698674987,5.096692657420344,0.375516876977406,1.929550835633755,-1.661966364722855,-3.5459388358612345,-2.6731494348914615,-3.2820872035497644,-0.7931091762214808,0.07323731783337917,-2.1941705311288033,-0.8876735132076361,-2.3838706041127047,0.9794336103499985,-0.07931183651927243,-2.768021716788683,-3.4135736183124825,1.0091992855594611,1.3125845390897273,0.8282283612088773,-1.0014853069732839,-1.8790339169215282,1.5836878884777148,1.788943043243449,0.1959699772894945,-0.0012161118084865266,-0.5827022726675494,0.3771188747136739,-1.4717652843588587,-3.070631346907383,-0.016746225340577237,2.1578912573342044,3.722884692310858,-0.2300957277190332,0.7581051823385865,2.5429113586476757,-0.3371422499130676,3.193499307030111,2.8149939136758535,-1.8936805113599302,1.0666823469575948,-0.3411591029225292,0.7152224153692367,0.8044616259568718,2.610710895152876,-2.248004868180264,-0.5861818786759079,0.6124880022162356,2.401717796877351,2.6101520638682025,-3.5825348894791063,-1.8037332996157924,1.7888580742659617,1.9628362311486092,-2.1032601253193204,1.0899117413574482,-1.7150509645484646,-1.2399696624454988,0.552411691277894,-0.6790668032209901,0.7172938955617805,-0.23602619080770815,0.0473019191961781,-1.3660042274072213,1.6522539191193188,-3.089408971803752,2.360561851262696,-0.8406284475414146,0.07343393066398907,2.044811979246413,4.039648488771116,1.6974751730612154,-0.2333673845189308,-2.3387840796930224,-1.3936742699241211,0.1916631494266438,-2.1685944440253873,0.42848604045029404,-0.5714546591970214,0.01985524663079513,-0.1989037212454734,-2.415349668701853,-0.9051685004591896,-1.7565299771477498,0.8453209314232704,-0.08896473317518666,0.5331982296628579,-3.437087922843034,0.3186915896547663,1.7547165569019705,-1.2247164495459004,1.8392377722800681,0.7082114527559142,0.5167660663742338,0.6370184999093232,-1.4578558051495012,0.7502015036548539,3.032510945867779,-2.2260205233748445,-1.4718271116047328,1.9435764726112577,1.6425353204495736,-4.91308151645092,0.3292824738095186,0.39249373658525816,-0.3665239608891149,0.5078637990221672,0.6859654626794343,0.1842653704857974,1.180762927920711,0.6192430534438618,-3.036639078218829,0.5829644298893604,-1.7836273336121153,3.2460126794139152,-0.14172090301560822,-0.1015850910558368,0.1761441968857845,4.488521667532168,-2.520071742599033,-0.04582496524157609,-1.926838670048718,2.338154081147678,-0.7716208533098918,-0.19066800564773595,-3.4110948949007565,-2.6439974613507125,0.0021724695750076073,1.5569671707274437,3.5015046054237957,1.7870421291843552,-4.138197683535505,-2.433726455082631,-2.876171849588884,-1.5038927950429857,-3.0174032504793766,-1.1191410094912246,0.6296874297458578,0.9156605450538524,-0.7952638434717126,-0.00624345561637929,-0.04838217792174741,0.23902474690580588,-1.862980932221737,0.6706867532706159,-5.307711736678905,-0.6673954442680949,4.883275199033343,2.3586233719526293,1.1936676267708966,2.7909088730218246,1.5197169025306951,-0.1505941545077496,-0.42814132903126895,-0.36036905497354,1.5221829931564477,-0.17520033914905248,1.1572477963645913,-0.6165545274911144,-3.660482768376357,1.0387714366074268,1.3123202634920768,-0.24330630135234155,0.21238574382596143,-1.5879768453732575,3.880348285506958,-2.7434927672302503,4.534195929727723,-2.2732711002273156,0.8642452147034956,0.21925098661966397,3.4357459336360967,-2.655499746168868,0.6926133169074464,-0.2713981761340285,-0.14700425288510724,-0.9337273449355781,-1.1472776894367125,-0.5381775269171096,3.116932857562264,-1.6039808040088004,0.05666780297042902,4.047506096660976,-1.2669527570001784,-0.10376775355978407,-2.8265622730101603,-1.7613411827323233,1.0274758481871158,-1.6180405617007825,-0.5099740431718285,-0.03968112104094876,-0.6065551287588267,-2.056957336326914,-3.744764401501178,-3.548702835257666,-0.01618324849265851,0.40682484541338393,-2.5501005439364084,-0.19963710487948608,-0.7362356626055775,-0.40859509895083007,-4.2905726586626525,-1.3108324381974563,1.3419078639534952,-0.8460330530182251,2.9877696206220525,-1.1545629003958946,-1.041220897538473,-0.9939379840703892,-4.796112957712431,-0.05766160511551632,0.23747066172795364,1.1300122861603152,0.7384561599912599,-3.5605391520671112,-2.549138837851334,1.065031179036421,-1.2435949822293468,-0.5468291084961638,-2.7561108044344875,1.9251737094421018,1.3269676055444126,-0.3158281412972694,0.3851646309576295,-1.1975832339765575,-2.6960808574845374,0.038681872107045656,1.3817999116878716,0.6969746355686395,-2.4692798778993788,1.4928132904333111,-1.0058741275806882,-1.5198387211652216,-3.060945562642509,-2.187876962856845,1.4196781066122215,2.088826703578887,-0.2483865981721326,3.107825698201362,2.3337858731453025,-2.4721414510290924,3.8007175335944767,1.2409960416845423,-0.3607233556579488,-3.557955413372178,0.42983797305145255,-0.044376685910753555,-0.3814825078595074,3.6547944031882666,-0.4734965142171505,-1.484964412990878,0.3669655451750457,0.33249655899694663,-2.5847061445533708,4.3327453925678014,2.440332468366425,0.44208147524986535,0.2351538713003256,1.493161667881506,-0.40438509258597133,1.4119016137052323,-0.420493740780276,0.2560665390781014,-3.0332402309506072,1.9743835098279598,-1.7528919884465732,-1.3888943466664805,-3.103493751382576,-0.39957457187764733,1.8758681015154564,-2.920759371194295,-1.7292634010623433,1.1767228179722533,-1.454881086813851,-1.8493068683024176,0.6371518553779092,3.377269960144159,0.6100040965773144,-3.0233948135400226,-0.0836612518045628,-0.8056965947026341,1.9533622157746042,1.414769007306645,1.3065596219138336,0.217382639862489,-4.0360377555986915,-4.618464705634616,0.5779975555959261,1.5027360834096988,1.0360934985779333,0.8379241802973056,0.5108510985494485,1.1075084136063396,1.31489368380144,3.809896254124193,1.3990744780148014,-0.2764727836694403,2.3559463827939284,2.801950352426821,1.9363919874257813,-2.2534557306300367,0.013404519372909207,0.8749473136476895,0.4519913821714591,-1.0995130359434113,-1.5906366265343,-1.1808776702499284,-1.1436940070048836,-0.8629502514416902,0.6335593896129397,2.067186717865755,-2.0066792721739457,0.16752446049219738,1.4413373972452037,1.9733871417132285,-1.3983483284970506,-1.4671392928985325,1.8225471546603451,-2.5412200195613677,-1.7825671153644258,-2.9897828072089987,0.23896103761450616,-2.76626924964558,-1.6050440561748327,-3.063500670507822,-1.185782577742557,-1.0345793153129104,1.381731854662418,-0.46456780002390663,-0.6683147092317846,2.017458635351108,1.5928375304067597,-1.518644235330281,1.541236734587103,1.9726571422614336,-0.2717394865573546,0.736041015466731,-1.30409971962558,1.2008832793420992,1.9553810928353466,3.225978164167226,0.44101102841369055,-1.3373829448741823,-1.8322057100575408,-3.3094604464767627,-1.1354213174753003,1.6944064699356076,0.5773029034711519,-1.244050411307961,-2.0677048574302033,-0.21479754809811347,1.7961873656077303,-0.11452284217386444,-0.6156534189436678,-1.7294416655379587,-0.4871303559174973,4.629364078011856,-1.03106753038479,-1.7077961352978726,-0.3525775442192089,-4.351730195583885,-0.020642609015660285,-4.022006667280653,-0.42579875862077565,-0.9319224487633819,1.054547687170912,-1.2425586887357054,1.1324243697197496,0.47065355705006034,-4.436041687932278,-0.6034100841029056,2.684703759314596,0.9393220667563585,-0.9094001907878504,1.0057602477524976,-1.497100754104646,1.4747193874675362,-1.2999571514275807,1.446012834334741,-1.1938563202549957,1.9992500370224147,-2.787058401948545,-0.22490811290201007,2.005490943852913,-1.3058962453076162,-4.230030709186988,0.10228623565513273,3.112607866702168,-2.153362861477725,-5.985307236204329,-1.8193233923509986,0.03513948236220443,-0.8691592742844674,-3.5743477457194044,-0.46879586005993534,3.887561649178182,0.04703146215425136,-1.781331078966295,2.8997433261304497,1.721513580413614,0.2510733764541999,3.0219379576292016,-4.786065643299131,0.08068657110149413,-2.8132618713836175,-3.470718336982499,0.332698407156629,1.4904052861101063,-1.487031353320321,-1.8296349069035718,0.8260057826782259,0.04014437575598695,-1.2901436836973943,0.7647921425591304,2.0881622102063875,-2.6194936972786618,0.38500145450664447,-0.02229698941803754,1.7593429946772865,-0.623227584908625,1.0747064165444893,-2.5007203487958822,2.833114262586492,4.293502906834742,0.28900135027266277,2.810008103002547,-2.231393844650609,2.39117396418181,-2.343165137455937,-0.16819370456256255,-4.733318852231378,3.0058350876088715,1.5848567036844248,0.6394558120948546,1.0508728510826058,-1.8253613302265537,0.2793726002615205,-1.0295784920025108,-1.6970013693908277,6.270586052992493,-3.249216015986594,1.0054375536718414,0.18125466422044034,-0.5307977878082153,-0.07533367981741435,3.4262737265019974,0.9138441476558172,2.9479221738003574,-1.6974375477051513,-1.421629733890648,2.2961977013364656,-0.24484685398838876,-0.9393368896883527,-0.7096226693429467,-1.8094335182767531,-0.8087736974862194,-1.6616155803674735,-1.4794113737926213,0.606502230393728,-0.3195449927026153,0.7923471567275363,1.5145710596046904,1.4677877613504937,1.1143545196894555,-2.035462125490747,1.9611146703906872,-0.06265864186271164,0.08250178849243367,0.4168350714897836,3.1341788868116045,-0.4508638552809616,1.8758607120609327,-0.09829159869381687,-2.9716770012051366,0.13408971880043397,-2.51435563534752,1.7260486710575165,1.4272975617735417,-1.5183284651429665,-3.435870819766839,2.9798862037110294,0.6988099145147493,2.685383785357855,-0.6613432452894661,-1.525467764577859,0.8889633769261139,2.113000379959585,2.9725784537008364,3.0848110020852704,-0.1091219080365643,3.195678770852966,-4.245167812740579,-1.0515849318582453,-1.279285132994831,-0.6133052307106015,-0.640320966527856,-1.6290220937995334,2.239283500751345,2.2182903000329994,-4.987614207076048,-1.8518927504673566,-0.08837455813953132,1.0019661305592784,5.874763739975313,1.0988160728236613,-1.7835134758097118,-0.27976188777983974,1.4617752787142126,1.207249438208191,-3.7234387963150537,-0.6387004532038664,-4.864117937564974,-0.4526552733496587,-0.4334199416536898,-0.5292471734311155,0.7918385520782562,0.430014992189785,1.0123020330520487,1.5184980574486375,0.8574628124871386,0.28338607553874784,0.5707420901990509,-0.7981175582971677,-1.131541739456357,0.37755682527797074,-0.5481794401035784,-2.1672962392972908,-0.2128338513911751,4.410178467360263,3.4621515629721396,4.653923843644705,-1.6910684690449223,-0.74910862738851,0.8916094594604234,-2.036013178015722,-0.2583906909101119,-0.8829896100901787,2.859498569526865,1.3537863431779908,-0.8365563435954647,-0.22495638976575993,1.1779615902061074,0.47185549862763865,0.2457478376457286,-2.5664653619285382,0.10293539055445333,-0.6301590591889978,-1.9802756509496608,-0.9376368695956511,-4.022900514395931,1.7658880895144426,-4.034865053165198,1.2805113190218735,0.2778175254095066,-3.366687373569495,0.03840671659039441,-0.9817980462170053,0.27119305715522285,0.47497474615976487,1.2569100343516604,-0.06332458746784037,-0.6064188087570784,-0.967782213504094,0.13531607208467933,-0.21472456655246508,0.8956132700325277,-1.8557640742209733,3.2650704148975516,-3.5249624940914575,1.2982551375200173,0.09955487820978443,1.4995663049456724,-1.7864362699275007,1.739234655846976,-0.9547359928357841,-3.7206269581439066,-0.05003705704501171,-1.5323650055149054,-0.45810266170056313,-1.309480495765074,3.9261839268146828,-3.2442499326447365,0.6577052631035192,-0.8746054599527799,-1.7509486985842575,1.2617522325861898,-2.0203728129379943,-2.5011935627766335,-0.6658352500014977,-0.38623581573280874,-1.1459749947102607,-3.8984818762109645,4.561256381436559,1.9371481518597986,-4.002676560369418,-0.9055095043765174,2.0392914874735664,-0.2692494377577418,-0.053301484715164965,-4.340089817666645,2.8550940278261203,-1.2231824556772246,1.043700036337587,-1.8509672687013676,2.333780788749625,-0.5686638736716846,0.15977767141918614,1.2829635113173883,-3.196734778890709,-1.2411015848876403,0.11390577287865755,0.8775551770817293,0.8209249993277901,-1.6912758963989125,-3.7474031836136312,-0.3954192161292194,2.2260131892422956,-3.1551711213815365,-3.1782228482135673,-3.9681968577336564,-1.0743217096667754,0.47063860696024595,-1.7947202459093212,1.420111564475603,1.4075416560937315,0.3941791027200545,-3.164601832505228,0.01540642095011388,-3.100369887043815,-2.1824428514532084,-0.7920651715775497,-0.5639159016306927,2.4555512378098485,-1.6203071916059621,-2.202158679016349,2.423295399809941,-2.6674886848213273,1.4347728478783297,-1.3062785245156807,-1.5126106808901332,-1.508786403926171,1.2909827085921086,-0.18764100260198602,0.006961214549839556,0.6640219231160038,-2.20434732026225,2.3516786042000057,1.7923681710208577,0.842739962680807,2.5321353165686915,3.647358605261502,-2.2563398212087646,-0.9685181708219808,3.3053344727614506,3.4570013171240777,1.384744126074913,-3.4196454410310633,-0.007522297058394134,0.4989512732419064,6.0746145107809655,0.31962523550173483,0.8739049812504267,2.2040567084345355,-0.03456594825182724,-2.91101603394529,0.15570964007865373,-5.438075195149394,-2.340723020371938,0.30417168200845557,0.6366176122218293,-1.429312285315064,2.1631387652707352,1.4317414528711552,2.0257614101075236,0.25650328411502155,-2.8150304653771276,-3.697843488300526,0.5161220645730474,2.0899157863710043,-1.0290484458640803,-2.5087818702998708,3.468347417177323,1.6410615189556408,-2.1644763774816242,-2.4570598685231375,-1.0394172155311598,0.19255239843836014,3.9458960981216378,-0.7557416869167103,-3.1982552544402507,-1.3892647629178914,2.3116194629607874,-1.5427515737100124,2.4760372732275187,4.222067967714283,-2.840965105649816,1.112517191994963,-1.3123256646553922,1.317067348610668,-1.2411056365894688,-1.4305662881717016,-1.2651245711045982,1.7921492276108029,-4.398097602547994,1.7694143731202696,-2.560664932707158,2.0962025529189625,1.952465828342835,-4.673485661985164,-0.674729342186344,1.531555080417228,-0.5671603437972421,0.38953069067040436,-3.193091587770373,-0.557149459385322,-0.6777856480251115,-0.35026522245522906,0.527896778318739,-0.983518459978273,3.2571519980907855,-1.4552444822549297,-0.682747459087272,0.6901113249465247,-0.06766695532665837,-2.0296768281941304,2.032946083324382,-0.22098639815393284,-0.9592721715733192,1.3392532941428144,-2.858998641446431,0.9334610936552801,2.6750546372677615,-0.16612497494811185,2.7874519318294007,-0.7788626434310031,0.19004028854999677,-1.0142770860445736,0.7462378994738335,-0.7929739630954286,-0.5989398233622036,-3.0531107864004228,0.12985904026595665,1.488052678822033,-0.4795079484490508,-3.394693722051713,-0.07992250452393385,1.6674029353968902,-0.49209858930980666,-1.1432952404507062,0.2444733502467829,-2.6460132992881915,3.4375535584264423,-0.46175596838582256,-1.6545672109482408,1.0419123526805012,1.866981330514249,2.4700232188297058,1.0811165682249082,-1.9646330672877574,-0.08998238073911115,-0.8117195634081469,-0.5317694812472278,-0.03221322884022826,-0.5204404446290268,-0.6961010887936452,1.9390723114630701,-0.8417878314652966,-1.3760454948809253,2.8429249284248543,4.8391288066509155,-0.7965158691214618,-0.3828762187875743,-1.8118377506818912,-0.8250273076693106,-1.7882889584726593,-0.8770585374630984,0.4900238309182545,2.1143430447082703,-0.35403652679644015,-2.503491639268397,0.9025218102183797,-0.6271623581640604,2.4798849168339374,-0.1046729518525763,-0.0061510108384132955,-2.032344147955632,0.4718193498577843,-2.5854131517168257,-1.9392332493256763,-0.1215579662090478,-0.19951211760118387,-1.7145900143640422,1.9430451162151778,-3.9680457991213833,0.6258421143594044,1.554704370321483,2.9902679128962424,2.606053900916012,-3.4055921713296753,-2.5847181913219246,-1.5292323334955014,-0.5838765511554979,1.3200419835799737,1.0714885866021011,4.0375664474530035,-1.5278409787774352,-1.2185769109165858,-1.0982162369200328,-1.4674977970008625,-3.0193973158479768,-0.6736078211068768,1.152655384296471,2.635190805316446,-3.569845191793316,1.5891615779197337,1.4040610702842895,0.9969993235553262,-2.020599514932301,-1.915729432753036,-0.752416364984412,-2.569106231650654,1.7939872511648922,1.7752335241439046,0.09093057246555636,1.8441750535279184,2.7074864360166746,-0.5999798230036097,-3.3207939834898355,0.13198963064268265,0.5779320565057062,-2.7674351379502893,4.689239948080781,-0.3702856079974821,-1.4515905192925158,-0.3189516826095583,1.6883564188781732,0.6628510664189248,-4.015541741453571,0.9618614393663815,-0.76368696302639,-2.193944981074785,1.9813419770518692,0.6963563012116825,-2.788587301231552,2.1418184453530262,-2.8093733730294264,2.257393934360757,-1.56756593667397,-0.16128727273000992,1.4568246196922852,-4.397036332656065,-0.7068922504422979,-1.0389667550822685,0.3040211902795232,0.9383729294425196,-2.0916309145918324,1.1593600222931488,2.904867641828042,-0.7837819765580025,1.6943452173709181,3.7822069146804367,0.9589943813478997,1.3446036837197175,2.076684899786178,1.4245282956844865,2.2753514298746356,-2.293854185511944,-0.4379440919245634,0.8280562309914347,0.7366172213233091,-3.0491566105791406,-1.268906724003747,1.487962517446465,-0.4913924118266553,-1.4995843398983277,1.3777889447220126,-5.162074029670458,-1.3675253248758408,-0.12262820921044337,-0.018539838153450033,-2.367732168320129,-1.0130441963111891,2.0224717594459296,3.46317848609753,-1.5781053000521241,0.8190453076991346,0.9518621139660752,0.6848158979925811,-2.099992195452482,0.9922399772156701,-0.19660734908735672,3.7576879670627448,0.2583938558199889,-2.737533356244226,-2.0890955595183223,-0.28843965249676307,1.6316657748144932,0.17570026531760485,-1.2086144529094676,0.08723553062399596,-1.7600129072443433,-1.9666773737709233,-0.47413616166922673,1.0837410837006214,-1.5364020032692918,-1.5826619333500682,-4.275665324127858,0.5120394219159966,-1.5001456750240028,0.6731249477107704,1.7190033671473386,-0.9531364108308384,1.9898138415729667,1.8248883402486478,1.3610083965107231,-4.770594460442666,-2.356332559933329,1.467605951775288,-0.18113920149635315,0.3317101650245399,-0.0920515647824959,-0.33694248192301446,-0.766482163068838,3.3346209329590204,1.6291783908775144,2.8368428934850436,2.524462336022193,-2.226005259328512,-1.987786803051246,-0.008844931946455692,-3.558711360176636,0.05203649364147567,-1.0354056049084943,1.1226104029086987,-1.1968195087725426,-1.272716251491773,-0.9442890513137445,-1.9117613053434364,-2.8741135074901756,-2.1942839754782795,-0.2779431327063142,1.7464243880748573,-1.8342438178044653,1.7464703180375134,-3.383564380799445,2.059897034130703,-1.8303851664551454,1.5673097710066373,-3.3783151955189714,-1.9882311472443892,4.658990299255897,0.23070356762782845,-1.4745662986559882,0.1135570006498631,1.3828874001516713,-3.555480982200822,1.2258474346423123,2.578590613598717,0.25904656023327133,-2.378385551285848,2.0012279296033957,1.0019443389043907,-3.1539817890311435,-2.100236922236178,-1.5268746333303296,2.725299857832877,-4.157035297274388,0.7580294188012959,3.006919999038062,1.7142322654425053,1.006419243700893,-2.431409492134991,1.4240540385397122,-1.1506989418149998,-1.1983397851488988,1.7327673672174595,-0.03772273368214818,-4.049419758297741,0.46744469011856826,1.8095701787532876,0.874532947388905,0.3542566467227539,-1.8095404730510691,-0.8989970370307879,-0.11278107739584625,0.14409302009193156,-0.5746455789048353,-2.083990836408546,-0.8794796967217013,-0.16983362140928981,0.06776737103730412,0.8708680875623971,0.293450873599414,0.0003654855611969765,-0.49842220985603947,0.7153158968989766,-0.8955666181754145,-3.968913625045512,2.834701901409873,0.2836503611772965,0.030876631770770158,-0.04573489375651174,1.397867307126466,-4.344025368815582,-2.2618794218462983,4.876420260812429,-2.585712400456395,-1.1634481049776517,-1.4702710953461562,-2.4611812820354895,3.4694255014450928,1.2227864427356792,-1.0520580858633106,0.6170896009106737,-1.0274388329355395,1.5277741588690656,-2.6890728801443182,3.630364289455133,-2.076042670536076,2.4042692176123066,2.1903105322045118,-0.0887941593381425,0.08631014657777158,-3.474889280082402,-1.342692853822362,1.9021303535207976,2.131622187835242,-4.829011534519628,-0.7072685373877964,4.42235283969152,-3.0053206703863733,-1.2937057482169187,1.322434084387278,-2.2894528318898146,0.7701706186807028,-0.05776464163019357,1.9464996149814406,-1.245984397961507,-0.38532654991550375,-0.4695077203531032,1.0915088639307937,-2.3286996752543567,-3.7901974853317077,-0.8920114475201382,0.08422115630596866,-0.2640478887519182,-0.45436008535247563,-3.6463275488158624,-2.412826466394574,-0.09259967773890698,-0.941814443694651,-0.38331333809975865,-3.4862893492039895,-2.76030152159565,-0.16348872346842303,-1.2977697614963346,2.3431471876653434,-0.25005141282733745,-1.3758772427175816,-0.5077507095016658,-0.8798567394340392,0.012242397951861772,-2.6415751116266373,-2.7998484206224727,-2.7678793896396225,-2.21509753282086,-2.461757341277319,0.7115838139552038,2.8125595176229763,0.3708937603481599,1.5310158618539944,-0.7117888232849345,-2.355899563323117,1.0983749057430967,-0.3004610296147797,-1.017338229163676;7.947580149096034,2.9923003871146134,0.8884248239676288,-4.873359427862617,1.4147342710461217,1.7796128730033651,-4.23147163823276,1.3208483902080932,1.9471843168541552,0.39414386158615866,4.515507126056732,-4.064827270661743,0.13354309240996698,9.061364048779819,8.223486792934178,-1.5545511808037078;3.1036654931384815,-3.6481750444394248,3.013057846280759,4.580119774743371,-5.02565528080573,-4.742989659003611,0.08967485251453033,-0.2179651543309545,-1.3090554980795728,-4.436450096979947,-0.6981999209138199,-2.829512708823902,3.4471550697139928,0.5826737717282309,-2.6835875301153536,1.1617220336862566,0.6933523054999632,-5.971775670547609,-1.5255644112535804,1.0813827651406214,2.7440488344483125,-3.4623113483122006,-2.6464156422838956,-2.760135987951446,-2.665112227480822,2.1543298829997792,3.1354296962768817,-0.22951930517481445,-1.0421634953838175,0.9537363870256399,5.3032128695817535,2.9482690490787244,1.6026083258427444,-0.5361488365979745,-3.4638471734592295,2.529402869074728,2.9476921842943815,1.2957243552415485,2.9159551638803185,0.25974850498457636,-0.48279369788244153,1.8744224240792584,-0.6982020468267055,1.3068563299759104,0.31238407993527884,2.0562737153549246,2.5347735967237495,4.585940987282943,2.3626304048274487,-0.17511370739821175,0.8987223464261123,-1.433936389252787,-3.412363795050276,0.20046884408824617,-3.4666832580784654,0.20629823941497566,2.4621224254313203,-1.2374819117850664,-3.119389864284045,-0.11240137646339052,4.2560966693407005,-2.5468511085322563,3.428269717871359,-4.41619543048675,1.8366663021936374,0.47895674788564635,2.87190083969726,1.2180149663404447,0.5967212379531853,1.6590045255446664,-0.9601531721248253,3.977028525752337,2.0701715973786285,-4.148088166240277,0.7412170375872225,0.9440281536036585,-2.5235104753143798,-0.4577259910381919,0.6625664020199781,4.097976236312443,-5.180494448379587,-4.203952056131694,2.241259675389684,-2.4362267083717573,7.019376710248424,2.6695107368088897,-1.2344194333676946,-1.9438469161589547,-0.789479370125834,0.1149867076649651,-1.0622742701415642,-1.750539398110366,0.6303250811112575,-3.0955014825679616,1.4759780571308263,2.13165967005113,1.7733808679705878,-0.004640450396973861,-2.11811120938562,-4.290355980038713,0.5197291568888358,-6.408752699970563,2.1338225145025618,-2.4965947401735056,-0.7277391085301214,-2.461731993561624,-4.585687036361993,-4.446202727453081,6.017361327948702,-2.8654749892179865,6.550661665729366,-1.4496004835585425,-2.78382673391115,2.6859420569903856,-2.145056446830412,1.4980267488244106,5.801986126195731,1.516866561452475,-5.226077825810243,-2.133960258825433,-1.0034662254607445,-2.970017061570071,-5.306152430680591,-0.8378440988866125,2.3975329151446014,1.6753469152506426,2.1485603952575545,1.2416558841220036,0.7384375548488551,0.12273919876067199,-3.725439919044144,-4.299989308211342,0.8203788182317366,-2.152180811493163,7.549957519359144,-0.2567938307274673,-0.21664305202115658,-1.870758456220154,0.7714623712444091,2.3200935434287606,0.0943712468181519,-2.753890907570668,0.027251984013090053,1.1989879698830939,1.6650382457059436,-3.619334040702645,-2.8387566446217893,-4.360455441095545,-1.1035538311472233,3.4972234354222094,1.6325194036202233,-0.735341083551269,2.718524943019397,-0.5568541907080264,0.13780944299973835,3.571654780011515,-0.049880328677577995,-3.3588032436075324,4.1302031461871,-8.232774530630609;0.5802284910774107,-2.886574263550207,6.934093431047671,1.9318382920110662,-3.480159788456995,3.588467193774171,1.2728657169987425,0.22258387863932458,-0.7098238329672351,1.924444294755649"
6,1.878958543696447,"-0.2624863192361755,-1.4192206872214987,-1.151822292708852,-0.4502083532645187,-2.921830423143961,0.2728093709246153,-1.275781772580536,-4.619265922759741,-1.4928998800877855,-5.380531771400434,-2.094277856437352,2.3732160347068736,0.9946175843605906,-1.9339813294313175,-1.6164279525995204,0.432906580097429,0.6729880241104387,0.7701326393031185,-1.0075155208629256,2.714997292259486,-0.12545672729733315,-0.5700937757260414,-0.7690802214605847,-1.22779770811972,-0.840000627541638,-0.6727966057679344,1.985310011582618,0.5859963512479953,0.6337044676357639,-0.6183080694489481,-2.531621890756914,1.989435477751224,1.7994639623916158,-3.635738700228044,0.28978490756222897,-1.7473994550299032,-0.2596660551201485,0.3068110166786994,2.5513078956574518,-1.1612373635388697,-1.3958633418593838,1.851856510600383,0.9405384925923713,-2.0020567893944463,2.008027721497086,-2.4542420329145616,-3.044115641966965,-0.9316207835214736,1.169850503978773,2.9634106394462894,-1.3829166567337843,-0.23041791918305243,0.22010887514020305,0.7241242198419435,-0.9653815149460505,-2.350281670283373,0.891743515495452,-1.1868723742277616,1.3881648509113442,-0.4682620560293944,2.403680967106887,-0.016743979758259808,0.19131150728274907,1.8048502467538858,-3.4384671311182013,-4.362446287053489,-3.3714999377050465,0.5784861760653899,2.685069630335583,1.5640392363897664,1.0033149294487949,5.453933057526073,-2.159450606315715,-0.8650125646783382,3.8955060651083793,0.8636812383643281,1.6167585771607997,4.461059112798336,-1.1731937168632443,1.726688428165511,-2.161003292351002,-2.4058706233407436,-0.8823566690941027,-5.206457226923396,-0.5686748353480238,-2.2780655536574983,-0.2544364113130754,-1.6264810310343212,-3.156366452952169,0.3646470323040758,-1.8567154008930071,-2.366379181039154,-3.1420191939093174,0.013302646801088114,-0.12619590026290814,-1.1173598317874776,-1.7535179077128416,-1.8622397413394662,2.5326039655441313,0.6702446242856763,-0.7892611005495355,0.13853683827596738,0.2878855671035633,-0.8791832606855885,-1.5578652460530094,-2.4083898634132153,-1.0834853592099227,2.2939965297412974,2.9143154017063866,-0.9659355596028716,0.27500659152310264,1.9958963473338507,-0.538965124785414,2.182537761835719,0.89237371796346,-0.8182688768256047,-0.3310803741847581,-0.5099122745066774,1.5502210397408036,-0.06674931653223645,1.640275958734509,-1.328144681968708,-2.321350065998728,-0.8039931562278364,1.8530912961753399,2.8197699438586272,-3.5910573891081525,-1.7271443332453325,2.5474843144695787,3.3105421055598914,-2.3543824776751894,-0.47421334571853535,-2.544476600491564,0.4507938519476785,-1.2694445895326956,0.3913704322983912,2.0012598560019716,-0.7355096097552157,-0.7812362440562397,-2.4709937049438775,1.5122156290380862,-2.9641780734821404,-0.08344713532754533,-1.475994537796769,0.7228712394191734,0.02983358065793229,2.585729349191839,2.495325390219592,-1.4826038550975698,-0.2276297805958799,-0.5850021562419648,-0.0923901180810961,-2.786366774114538,0.49960885241757236,-1.288350462185273,0.591451931200657,-2.1778052531924192,-1.9745995512151682,-0.7158781125148003,-2.4339529147212713,0.885396052938577,0.003282146779230527,1.013298437992841,-0.2020440121092566,0.9886760568075236,1.0396775060540222,-2.0965226521585816,1.265207535908065,0.022177295159139243,1.6010620203893184,-1.0141357653694512,-1.307362421509066,2.4392367552384315,2.3026767822895557,-2.610645219745791,-2.473031483034991,1.972693938966894,-2.6205957499986887,-4.979281029336192,-0.890699181892976,0.9796023398646594,-1.3862051243363835,-0.06517665164193576,1.2105829162436326,-1.0484774960094367,0.37271146344482586,1.7039133770961161,-0.7114825124076641,1.8372459694685694,-0.33654335831622717,2.518665911151095,0.17895656336208404,0.7382937086988164,-0.08343038167871043,2.338553109673271,-4.5017094217885685,-0.9730963734129443,-0.34419192901981116,3.147704969983329,-2.1626441165175656,-0.4429922970205132,-3.3285476744079534,-3.323188604141338,1.0825703820309187,0.8815385084788208,1.6858713934700589,0.49521169499024226,-1.9666778227134365,-1.1162704198023534,-4.233028764316244,-2.9819773149853672,-2.8821615226122055,0.038707706102529826,1.7751736209996243,1.171016666729736,1.2165275641085715,1.2736305969979473,-0.24639605171165485,1.1538176245871299,1.4384359144975638,-0.5283029343701027,-5.053319137902988,-0.3893296812661883,2.164345853754459,2.380611503176101,1.5504875295218805,3.779608187674975,2.7507410717466745,1.7367236392174117,0.019206082400648302,1.3151810579978664,-0.5192244939753489,-0.40428496470544556,0.8457538381516779,-1.8651646279356313,-1.9924032982030346,2.5061092847600905,1.2175159570521488,0.9466953051837557,-0.2863256155357848,-1.7810405314078839,3.7366674378062408,-2.840662445030916,2.4113838629704243,-1.7370904800915934,0.6441100828630367,-0.4672638060294578,1.9543668644703793,-1.9318036893022754,1.672904342905994,-1.7557409865052613,-0.2563591361995966,-0.5227728882116273,-1.6684904434274104,-0.2759119555575238,1.4373467406615485,0.14066258311457341,0.0634879663555686,4.44985937908955,-0.72268629641221,-1.8274754177881092,-2.362514804039842,-0.915218852956255,0.5694736807188133,-1.220274850419892,-0.13663318975118283,-0.08187405659541372,-1.0733164216466786,-0.3601099604032106,-4.875933246959819,-2.1436813203105736,2.4494649202864043,-1.1239400398104742,-1.9512014395846402,-0.20977536228880203,-1.5013592054265874,-0.5777386674212402,-1.5081939159161541,-0.9569233170345262,0.8717342246955375,-2.062866480824474,2.397256116169673,-1.4915950395699582,0.4544979778303937,1.4998429379950164,-5.012538765198689,-2.1544464354408084,0.12086444317806436,1.739703176192898,-0.6927915325219296,-2.4808394053578056,-2.639877792693019,-0.22759463938707813,-0.16063524637391963,0.6203631377801684,-1.0348928318167632,2.311818265687087,3.4606265166564514,0.5208241809075067,0.30016797272108425,0.77338822113478,-2.353555381544442,-2.362829552746734,2.6792519562720543,-0.5640014625238189,-2.3514147987222977,-0.20739685415257358,-0.3801316658067184,-3.7439744296344175,-1.614072783798038,-1.067337384158691,1.8795580109652836,-0.30762165132388236,0.8937679672236116,1.3033677356799,0.7663137831470234,-3.755045533048245,3.106373815698472,1.0304452216901994,1.927990804682734,-3.5200265501979326,1.588011628171406,0.38405968301430665,-0.0022012501516188443,2.2467090043496545,0.4273458778988699,-1.11555717537513,-0.29625588979085593,-1.6370440893828118,-3.426648659159466,2.7018926395429648,2.473613303393701,0.6695523619375255,-1.8787759350884752,0.8408242679950194,-2.176289091531476,1.7640201692861586,-3.1706267079276813,3.0740364660051713,-0.5726334327936736,1.2310016193450668,-0.7342788931294325,-2.185899566053326,-0.4784577694279396,1.7214422761665138,0.5388709716310185,-2.3428678091971946,-2.1490214352786494,0.1466733845233078,-2.3458409862583505,-2.3308729072386343,0.913279256703874,1.4567856554463592,1.94114251030711,-2.150969553070654,0.26246640505059365,-0.7831737396721588,0.7486824952338318,1.7854907521196157,0.42671093969252133,-0.23902190877442575,-0.8859711445377966,-2.6316008999322866,-0.2841899732784192,0.09235950978011404,2.1402280377719634,0.12232974742668794,-0.15456393870853408,1.222370409771819,3.4259617579788966,2.008299500118999,0.6839524602485572,1.061857354552779,3.0575486693953553,3.1870392159809824,1.457220870511118,-2.411374738542293,-1.1603811925811849,-0.9692817124508368,-0.06936140688243422,-0.547205364232869,-0.7862352082006916,-0.40249577806246223,-1.0335975245248887,-1.9400019801012283,1.3885357344936418,1.2094907461734419,-3.1648289587092817,-0.6571856675529344,0.051726221146166484,2.9092022671051287,0.0520849490169592,-0.22640079151728565,0.4500645709650096,-1.4582302763061383,-2.4692458679850713,-2.4714779562860922,2.1778207676222303,-2.0521962013092576,-0.42073683481541196,-2.169824950497322,-1.5094613579878005,0.6297739363899512,0.6966001975439646,0.8312892366303984,0.7921950517800085,1.3341696829071057,0.14400006969740708,-1.8918404643325133,1.761546361237956,1.222448587474371,1.8435701764159655,1.1057491152980554,-0.33112255697966386,1.7451003824161788,0.7241462523421851,3.90211791490156,-1.192323262628852,0.9923797593100016,-1.4657969701227185,-2.942910484680059,1.546074511937925,1.0043463835653097,0.6362395885322816,-0.8751326449874279,-2.248552101324596,-0.7743908873681824,-0.6533968999943569,1.0454307039429336,0.7825391417461561,-1.869939098689457,1.2372185582029054,1.2669965815814046,-1.2332116195710472,-0.2151658944977507,-0.5624073420023963,-4.172493504666458,0.865426585245533,-4.331315315803395,1.360126359117704,0.1037732323409847,1.3576020951532042,-0.960091428841597,-0.4864219904948574,-0.8420554134015703,-2.8387312412702785,-1.0678787418400857,1.1260886300165738,0.8834440259102972,-2.4535293755947776,0.54529425585051,-0.17442262464513322,1.6935756516979343,1.28508878606731,-0.8736492767628579,0.37417345214182185,0.024945025986684355,-2.220466605881136,-0.2484111350942483,2.991822468108685,-1.334062704598358,-2.6771966004336196,-1.0933877496946953,3.010562054205205,-0.27158828435602445,-5.337680107195968,-2.11221467073282,0.8200161158391724,0.5862966431717247,-2.274473130296597,0.13059113589350582,0.600032334233318,1.2351714909554006,-2.1053426961251622,4.032701396600676,0.7938318674583197,1.823185647063918,3.700695829765366,-3.5668120246719996,-0.9262986428794036,-1.3330453823820934,-3.1703710029046297,1.115827266900562,-0.42100157784442127,0.29792781304390237,-0.7497835620698532,1.3071703934467016,1.1777283759619106,-0.30376475192358265,1.3160672770402801,1.9058818505937152,-1.7368600067533206,-1.5281033898786887,-0.011076653013262827,0.5618864129957164,-0.7451318730713845,0.8693018161297242,-0.641429629584944,1.3823979266733977,2.5916039053441815,0.8061397175942544,1.94013046643493,-1.7408992604612896,2.823135464880202,-1.733530367165046,-3.4134976620183295,-2.8062826313119538,3.0657304005090515,1.9311047700140849,-0.2711494232855268,-0.11916715950906986,-0.942247429236032,0.008696690558999687,-0.9417167627299753,-0.8114310873677424,4.973992308364707,-3.919387372960861,-0.4638706266900072,1.1150505255944823,-1.4200100495527836,0.804428735112822,2.531028060036164,1.7845325545573048,1.5666821991359117,-0.026117555462377817,-0.6984987336622485,0.6222935760349427,-0.3689076244882808,-1.4373333997835012,-0.3370543759707837,-0.6788137042185312,-0.4394389149492635,-2.779848662787164,-1.2553256412059048,1.0724862127070582,-0.21786129654899733,-0.8675063315838493,3.2754066089044453,0.16800962907566436,-1.4910860387891378,-1.9048928828317024,0.2563068482451937,0.41348718516314953,0.3435941486702996,-1.346166485933081,2.6502429681479835,-1.9987167505418149,1.6737884704450892,0.8304593956075353,-2.7913886692139305,-1.4009992816204109,-1.6586707168443775,1.4092173624001227,-0.45614666786184094,-0.5660623440352586,-1.585414839433862,2.0742259681395643,0.3608641031159295,0.7992179774889703,-1.172115035861168,0.278614750036715,-0.4272149742935636,1.0477688117857782,1.4347964704144456,1.9819647377208554,-1.319819581093747,4.307936270422255,-3.3784094590751925,0.1660095118729349,0.2874265601316126,-1.9843104757515424,-0.6710566559237989,-0.40008835465981174,2.221033347538851,2.7705456792134138,-4.799975361901693,-3.0991089506098577,-1.4721451767982041,1.7699907177780358,3.8955580298886683,2.7599672343004458,-0.5818406028541735,0.25679422927114276,2.1043439265437773,1.0468113002812054,-2.974584118381621,-0.2563969542974794,-3.7074166751407165,-1.225407407529895,0.15479877917159238,-1.9400180691770161,0.7518921949512228,-0.9286878800671677,-0.023814576166171553,0.9733084848006461,-0.5014449498400478,-0.3311110185355248,0.8251064138925551,-0.25025791646521256,0.06436109380331956,0.10372812357881517,1.3977848978499403,-1.9474682815464899,0.2083740599203175,2.8927222006910216,4.299540064164234,4.0691381644937215,-1.809107856816251,-0.9374101721755432,4.1850848177617594,-0.5247857141613037,0.18169247992551146,0.5306248850275416,0.6205423524415805,0.24475732533692285,-1.5956803077797224,0.2778226125313296,1.8399495768810603,-0.6410955787126758,1.44086360058555,-1.1525727478955943,-0.6884033464068651,-0.1517678251132722,-1.9303296146361961,-0.5522444642767979,-4.4995541765651845,1.690176319904834,-4.028196246461401,2.207690154271538,0.7836055457910399,-4.42892423506628,-0.9868679142711403,-1.4783066627974661,0.6859788265293847,2.1269784561787604,-0.27354931046339115,0.5766112814090943,-0.6776648164983178,-1.0765466912476223,1.5799243288784934,1.384981216957323,0.7758483508669667,-1.9195183701309149,3.2568044800451292,-4.056244980459836,2.237914319277647,0.6995419784768391,-0.374166906153354,-0.29227806453062444,0.6706615897544943,-1.2755645122874915,-0.3738956477476334,-0.41786200503773424,0.44340959849014766,-1.1555772336013566,-1.4260529675517946,2.0879142400541286,-1.126894543512945,-1.5899536531286236,1.9288643655038689,-1.7242687412574034,-0.5119726647742053,0.2030839927652175,-2.48807288754427,-2.5719985065091016,1.9965640446408655,1.2807697612153226,-3.2511950826050313,3.096993336703321,-0.7527258224053005,-1.2815446526901015,0.4269561394443047,2.1710925475192497,-1.4564997178255523,0.0610430268304447,-2.3727620194534746,0.4535341351997496,-0.19568179242429345,1.342875377909937,-1.2950983513773413,2.407372930820052,0.17817885183093302,-0.5124347653724527,0.6115220987908201,-3.4194992557669988,-1.4973543710798805,-1.160411643745182,0.7220165483724592,1.1183716483279382,-2.808464042172184,-2.529328370341612,-2.431353753528366,2.55563040248163,-3.6210326607692234,-3.51627359442219,-2.1955235381113525,-0.2310514795978894,1.3520020761237717,-2.321314455842176,-0.05057922374984836,1.001423924001598,0.9622167018590995,-1.3257431581722983,-0.12262098555597076,-0.17116740436084876,-1.9410124908804176,-2.9978968593506603,0.46683108812979496,3.097292445754796,0.19950060293781707,-1.8966814724671928,1.5655440690401865,-0.07000189188157135,1.4065636570935065,-1.5499365992627077,-0.7195695723723442,-1.496424526052654,0.7362010374524324,0.0379769991037919,-0.7869176561452866,-1.4431469152741172,-1.4981549998360637,2.0893687024862477,3.125067786127609,-2.0691765801742172,1.2087905010198368,5.555406824220566,-1.2765485661871345,-0.2988769856959387,2.4195508717512846,2.755625813315523,0.5029211181198864,-3.598852702952159,1.9946837250245262,1.2446282755503084,3.7169606412427356,1.868388044859791,-1.2516045794087347,1.7408672908135538,-1.1323899245815316,-2.740787581754145,-0.17742336536428707,-6.044410917529145,-0.6980211210278201,0.8949389082412047,-0.2372196965306164,-0.6008113944279484,0.7109283805039457,0.20299416481543026,-0.2738250191354811,-0.473663649676069,-0.5237835974680531,-4.420869002890291,1.217350698913918,0.9104779022643033,-2.698061098363786,0.07023781808578355,3.3981870574827795,1.1881828753270398,-1.3797384190011783,-2.398593058628805,-2.0266275504666806,-1.3630759917797148,2.2781199985848475,-0.644256342930152,-2.639226813031805,0.994615325031521,2.1358598869655228,-0.55352874139242,2.794252282863125,4.68302748785536,-2.328093054109304,-0.39858399703034053,-0.35114467853412423,-1.1873553068983567,-2.034902400984404,-1.9367516853418574,1.0509945853053189,0.3298963659905147,-4.500907032586982,-0.3395516269305245,-2.095768957132451,2.464938253293066,-0.96167788513623,-3.8795383290218197,-0.10426210228887695,2.0131685149435503,-0.4893032592819779,0.8190660508848195,-0.849556195677781,0.3273823560503948,0.9712036416038106,-0.6534711259386308,0.5735270270693897,-0.1773633316813627,3.084768878478498,-1.8976302836567762,1.0293319477742133,3.0339178630522676,-0.2256227457525603,-2.124579042957701,0.38864708557161537,1.356923237725359,-0.3475274164317416,2.4776167799557456,-2.581715242528033,-0.5672128710961868,2.4209922602169844,0.3347911611163982,1.623106148486389,-2.0619321376883444,0.7287857098334047,0.5086150123677708,1.2118002597025774,-1.8062494569078267,-1.1825453087317959,-1.231416964446703,0.029378844782886097,0.16029145609447987,-0.9052626265219879,-1.4972383183382927,-0.6048329893355415,2.577813559370212,-3.628523104572782,0.0032717976698252854,0.6819050624851399,-4.231973548809309,0.5682665973054795,1.1320888043205124,-2.500680071979972,0.696278411755525,1.7497116005029945,2.5663359683032745,1.5120567217279248,-2.699500356399653,-0.13661396096287795,-0.9704237251148555,-2.531872135555788,-1.2826061915183662,-1.355042899163436,-1.2526382043632294,1.5775048898427209,-1.880970922680508,-2.6673215406922326,0.9929245789796362,2.20609284088765,-1.4421194873846996,2.9616877921031515,-0.08357848057823503,0.2111173890867394,-1.5259400718097964,-0.4976028087057647,-0.5054340355661932,1.4856026101982356,0.6816892205115717,-0.6246366461133444,0.7798193004883326,-2.7827767150614062,2.595642179291093,-0.8333449449290526,2.860091427151339,-1.3790028948716766,2.2016998583312346,-1.1520861114036896,-3.3664135013619125,2.116607131842944,-0.6394118973488582,-2.53641598248592,0.371156887494498,-1.6327280395741182,2.6241706304500214,0.22809560275501706,0.7296889729565204,2.0389261234014713,-3.668195781425411,-1.6037935450207155,-0.694436419848824,0.5035325480447612,0.15373189768065335,0.726976327570841,3.0404213580355037,-2.2948036174737863,-1.9860769784743588,-1.3475833580304006,0.8589327091858036,-2.067934107825091,-3.103213489252378,-0.11897625210378221,-0.1898271579753199,-2.6685019935926055,1.0580070644165993,0.42428470029969345,1.8122026718360438,0.2268099171519709,-1.3647857044462817,0.1805821737510726,-2.536819154057605,0.7566554147510005,1.308614731250487,0.8351194034207725,0.5940554078782532,1.4968792465248766,0.5882152748116348,-1.0235727041395366,0.8405940508866476,0.4414935242534127,-2.628191387549555,5.009292140939478,-2.063502055884471,-0.7450635721970977,0.8573520567883768,0.008717250043730196,-0.2549099435106974,-4.938977576545932,-0.16917130828568375,-2.1165491399434266,-1.2295209914896696,0.909962664285046,2.9705934051206744,-1.2885719176032384,1.3397985173820814,-0.26229105140459563,2.6839418167404117,-2.0057008259681846,-0.6225122071951212,1.487192114325807,-3.6733442766267514,-1.331127009212398,-2.441573142373757,0.3418998680833599,1.8733632955922246,-3.0742737396945423,1.4005594468985665,2.2339845396535725,-2.3022039290033427,2.105839547004482,2.1520149957889565,0.06710003374946974,1.8976483849880947,0.9026966604326065,1.2387031285346206,0.8973786551460159,-1.9921672863784972,-1.052017478173029,0.11052513140611651,1.318291008504771,-2.0515841643035175,-2.4976934784182707,1.4645681726759046,1.5117209525340312,-0.8152191304245914,2.2012517996292527,-6.0825639618856755,-0.5238476542294386,-2.667785748322492,0.002469059874989493,-1.2862817637324124,-1.0904518717626568,1.0062143859462425,3.4073314186888375,0.1899026434617283,-0.220899255255747,0.7422508265202421,0.028224675942780997,-1.5653935156275134,0.4897546859572996,-0.7823693028970391,2.997875067585916,-0.4695389868893319,-1.232183501489494,-3.7384786908230323,0.6578713844163373,2.0276130323231674,-0.9904163066409011,0.11463369910730531,0.1833388056225539,-1.2332405549363226,-2.333797167888883,-0.7487203734845748,2.0677665127334213,-2.1611756690676343,-0.5150913012293459,-5.013918411710294,1.8307528105009088,0.6158551774937799,1.968125100920312,1.8695379901221403,-0.209549653811197,-0.41554290839608854,1.1530203737966067,0.6074906521335872,-3.1621006178184303,-1.1751268106287793,-0.4412845606915012,0.7615021369729245,-0.14684475263474206,-0.1614176660166128,1.7171390246491942,-0.58382160080374,2.9866974469609526,1.3289617890114904,3.0711073382187672,3.3953904093233573,-1.945805398533946,-1.5100733932230663,0.156817252403199,-2.9508896779060207,1.604462745581883,-0.27114357599009953,-0.12152841605063525,-0.37459487455329815,-0.13930445054399926,0.19363467573997573,-0.4015954218541384,-0.8444946136325509,-1.6234825587425654,0.3611121864367101,1.6780613744461235,-2.829532369088095,1.4840851995880444,-2.509807862692308,0.9114101094673936,-1.6956366862678236,0.21699801933250962,-2.44693220924306,-0.05193814411555553,5.243968434900183,0.12109550443835262,-1.717307942567576,0.19928378271648933,0.6655410601621996,-3.5327056544014037,0.23019447558682177,3.126781285032203,-1.0269441104557733,-2.2771057314590317,-0.012169631281404969,1.785973746501048,-0.5624907038869152,-1.2275807699103871,-1.2301203036456194,2.4043044822838704,-3.669743640495862,0.27470806036111567,1.7282375996897583,1.4402418826083891,1.922511538883128,-2.7377970517547614,0.6730582861571315,-1.4972014612089963,-0.4303778083405769,0.9094707252209757,1.3318811981217136,-3.594786805595144,-1.198182824553819,2.9584129880298295,0.21437231441109006,1.8892237516301804,-2.4097040212863514,-1.1361849178984533,0.5537687823020095,0.28347273160341163,-0.01864987141430037,-0.8033458383584885,-1.9139441715470633,1.0312709487060918,-1.3206326586637704,1.6284158331877912,0.848689228978864,-1.8010978638489006,0.709480934735395,1.3963429632346989,-1.131857559762018,-3.3619726073619987,1.684622607750956,1.3829061183353617,0.6695015671732297,0.5202652326036812,1.0440137471391162,-0.6780651182125546,-2.906492299915314,5.652212025567097,-1.9987286344253736,-0.5141213035521134,-2.5508253911021437,-2.490945830623855,2.151828455892651,1.3231309781210203,-1.1273832755216928,1.200075760681952,0.9837630566567505,1.0830791903831942,-2.022644478706115,1.6629765450632092,-0.4756688491946187,-0.11958946849819846,2.283093967987789,-0.3409334540265264,0.5065448023174708,-1.2960103107969099,-1.577946540538706,2.685335984289482,2.232948875418246,-4.327587799720177,-1.4216258193914606,2.357868727057829,-0.07179005971968433,-0.11484301958780846,1.0945544095131579,-4.228231380390831,0.8344686646523969,0.7682683247396489,0.3626826822042302,1.935271210172093,-1.2073027596268973,0.7119305843494884,-0.7451136947155717,-3.0729374972050634,-3.7567721985697538,-0.1512052141090638,0.339441608620743,-0.7892813374907969,-1.2064675220295715,-2.4094286257565987,-0.9956573762532036,0.003775670506552427,-2.6575829814097336,1.6614485002247312,-1.4734895959064855,-1.5361325215787303,-1.1392057040195978,-1.2057955940028358,2.803133377074694,-0.25325951485238163,-2.5605357303113045,-0.1953104436251939,-1.2225390816452004,0.7362688193389606,-2.4509091211774767,-2.718040180504957,-1.624770620709366,-1.9486909455522992,-2.685397095157494,0.5854565465352185,4.076282055166768,1.0832907912468952,2.5054384383327544,-0.05360994264717489,-3.964872501447584,-0.05888229801995243,0.13798861877139854,-1.1633288380512314;3.453132669206858,0.8007091920576453,0.14759362448255386,-1.4479387753711344,-0.14028968333319897,1.792587212497398,-1.3347780963231817,2.0555588913207625,-0.4150737931549495,-0.9163585942949806,2.7114771540953373,-3.3746828787471994,2.1279994333350376,4.799358280964782,4.937806044088015,0.9436179635164669;1.2038314697706656,-0.5233096639935244,0.8927090568803062,2.542303956311444,-2.108614252793327,-3.703780343972946,1.866063122122171,0.41271162031031616,-0.1609144117211646,-1.4468104365238479,0.47808242168783005,-2.5990192117466173,3.1035173916630536,2.1265153349401547,-1.554987854480965,-0.3069845723536112,1.0032746528961516,-3.4860155853401067,-2.157464436293168,2.4172058060034365,2.095747875625707,-1.7520217866076118,-1.3750605157004898,-2.199214571041446,-1.5403580272313533,0.6086048633035716,1.5305678701774643,-0.7243375152974354,-0.9822945634126967,2.5190893587156493,2.809446000836039,1.536220956278141,1.7956438768190341,-1.380770532826169,-2.3874805849279506,1.6588230324132964,2.1130826189363567,0.13785800599243303,1.8830609972038603,0.7749932249543928,0.5017125381092012,0.32076280417342184,-0.561972303857135,-0.07329261957672828,1.7600964220769808,1.0294628886641797,0.06610475975288366,3.4493142196774857,1.424441698039108,0.9810474425471143,0.2601517015587891,-1.0828174361767267,-3.16266270960281,0.06986959441865415,-3.1198357821250915,0.6076959719239973,0.5321527981364926,-1.4865908510120192,-1.9662155520998894,-0.5273818001622945,1.7444838874424238,-0.36916066389159496,0.6535637439199724,-4.318638489844357,0.0636324404899411,-0.6188410874072794,1.9051432867862776,0.7105399276212168,-0.6741105834817446,0.18973032176008997,-0.9137571033100328,3.0129952680011782,1.6739942386492286,-2.044657627527166,0.1111136705368958,0.335320458295843,-1.0899009957779822,0.25523331188337306,1.168819061914786,2.40202240096594,-1.76256562626851,-2.064072748433586,0.17631489347046347,-1.0505024543845036,4.638915761013909,1.3341841967303063,-0.6001511537567241,-0.8895097170576394,-2.5102698894765796,-0.5918371458248463,-3.3742711231800384,0.10500072518184644,0.853801050739557,-2.4640360500504275,1.4514198578693112,2.181417920888973,-0.04779664474523293,0.5466289868318338,-1.898706171306949,0.2838721943195186,-0.41716880786037847,-4.2249076167240585,0.8217502250602012,-0.21426541089516127,-1.651911160818561,-2.483680141147346,-2.4438444566925215,-3.0807545452467915,2.1381440110828285,-2.13619763139419,3.7953715419026155,0.5409813175529052,-0.9751597900448684,0.22218928168387098,-0.9844903564173574,1.4137392886994755,3.8459835627087093,2.200003924744565,-2.6190392152084714,-0.7223211203199098,-1.255614653183062,-3.325202035220339,-1.5403882336091423,0.005017200626111773,0.8393692128161454,0.42612389034089404,-1.5990043904201976,1.9840347921151609,0.7609300250192128,0.24454675064370324,-3.3331314002096804,-2.7442976697192325,0.5165278314525994,-2.0462645607714958,3.8948197155089286,2.240379874455175,0.40932864626114224,-1.8272763918371695,2.0062571318413265,0.747535647309719,-2.6146841073164504,-1.2376905141009744,-0.45597251971887126,1.66058318048012,0.7730504091562334,-2.011603295268054,-1.8541370340707308,-1.7316880512238455,1.4847368945371509,2.1870126922369124,0.47329923609661484,1.0281524025852948,2.8451907400022867,0.18360535888053034,-0.12960545729901082,1.9736022182240462,0.3847372832025018,-1.6066247078142322,1.8635623531143928,-5.248499140407807;1.2234598713761402,-0.6913244742749243,3.3538998394096993,2.5226160988192214,-1.229967133940781,-0.8461775774946898,1.219194573162816,0.0511681858290286,-0.8251645773168318,1.0787504636511076"
7,1.8734272541735735,"-0.2291473378353086,-1.3801786598329653,-1.0702026553721902,-0.36653483615547733,-2.8314459483120533,0.3410000973265804,-1.2297596234887693,-4.350111803505877,-1.454644189107449,-5.180933257424894,-2.1111846818691653,2.2894028739979593,1.0072789348381936,-1.7772436638381366,-1.6271819226045816,0.5518868288712989,0.7667945627758508,0.7527948320493134,-1.0511314787074921,2.616347848542208,-0.09187392619766965,-0.6201558236283412,-0.7137573393896998,-1.0369644832990002,-0.7237822184801451,-0.6212743220558681,1.9891525093887097,0.5013743513502352,0.48106790206017885,-0.6019292314607011,-2.3787788778017767,1.8848662497723692,1.793653382236516,-3.5468695068921945,0.11430687286365143,-1.7605028946752501,-0.20860404156287685,0.3217925964868683,2.410571855165231,-1.1751966369697762,-1.3643426510557664,1.7952894718731849,0.8398619862336483,-1.912237950221635,1.7899686030542505,-2.3643081937803623,-2.758244900571085,-0.8168123246312144,1.098357843405872,2.8324507245767947,-1.290156770379948,-0.2599339143792768,0.19259881563046188,0.5370908996404713,-0.8852667246985872,-2.282380099978063,0.8297795803614034,-1.132084782535401,1.3113273651827573,-0.4055531772755745,2.339864263245279,-0.09140942300364277,0.1483383978569253,1.8025485125060356,-3.376154897119884,-4.122990032981156,-3.241979776883289,0.5240042194107235,2.5568084254260977,1.5221474286625825,0.8498906990144733,5.328134987369597,-2.075260202540684,-0.7751862406749086,3.7988033108406443,0.7886233410308003,1.656297365599281,4.1185939968166645,-1.1933672926203551,1.6141278721751162,-1.9558816887766362,-2.306801974255432,-0.6696144379039338,-5.033558638880136,-0.533241801845397,-2.435717486143714,-0.18994706881362544,-1.5605349568148104,-3.0244863862681584,0.3664205152644149,-1.8661077345478319,-2.3092171794729586,-2.7550992868973583,0.04880680473437088,-0.19173520649972903,-0.9781239280261538,-1.7247627980633484,-1.8746022558108615,2.543399265042914,0.5110887277195311,-0.8577444103252981,0.004992111693132966,0.3037415924227451,-0.8494417736317788,-1.4051653988758783,-2.2321071275237943,-1.0312281566995836,2.1493764734087524,2.695966470071198,-0.9938945261435477,0.35706612648625846,1.8897509131888834,-0.4402248160245177,2.036537666214948,0.8485761616111018,-0.699285434581373,-0.3786429848059806,-0.36318542747690047,1.3690516204697614,-0.015501445105287642,1.5998156765132432,-1.2816864505854852,-2.3454115200021426,-0.909074422940343,1.8383195480704684,2.840973071177522,-3.4008541273122765,-1.6063862206836024,2.407005074957163,3.053453896902294,-2.294852404639844,-0.635240721842316,-2.4713803757450177,0.46671873545741505,-1.294384331629573,0.41296895226099384,1.8831597978185954,-0.690168268824201,-0.733748571095066,-2.2355077113475783,1.5414194743962313,-2.694272808861365,-0.07110784333579745,-1.3650757109669434,0.6920687592639937,-0.026341340657810686,2.545330049330462,2.472933803438913,-1.4395789178346012,-0.21131897345578787,-0.5219583952141673,0.07886309728434852,-2.759035261292756,0.4593373785534179,-1.2327737267602126,0.5377544617329588,-2.037875824253987,-1.770875287129293,-0.5994738156252343,-2.3480861864776115,0.7803153877310968,-0.036502133326705086,0.9848583915048699,-0.11534489466322273,0.9422337100741379,0.9050229258357537,-2.1385482955835116,1.1313214082846148,0.014894961094124665,1.629734382669803,-1.0578816829396982,-1.1320208039800765,2.3608224044493187,2.326765830616111,-2.512100847810982,-2.429139274256012,2.0391544182378767,-2.433319307437915,-4.664700083491256,-0.832553039032941,0.9653739298785023,-1.298422278061121,-0.019548264753898842,1.080275072691464,-0.9731845935887696,0.3911313607197522,1.6388364212859212,-0.6589328706281107,1.8141654020826343,-0.35068479991927604,2.4547274997397177,0.1231065172476421,0.8968734500811476,-0.052329408111648976,2.2305126344208324,-4.4768948727999405,-0.8649033609123202,-0.29712329926906256,2.9328793951487326,-2.1022422756277583,-0.41525486447498794,-3.184878659139208,-3.271376424707026,1.1170491686473474,1.0213112882837028,1.5424665748926938,0.3934584944819417,-1.8128164695413844,-1.0405118263587885,-4.019308923217624,-2.8864781431093123,-2.7421460034910305,0.02049522067158238,1.628689374135904,1.200605005518724,1.2300100303858872,1.1307848025313774,-0.23348287546877372,1.0067589969850002,1.436849125904322,-0.3909324350917069,-4.85206879263686,-0.3555453472399162,2.0268318980635236,2.2862528830457887,1.379167789927045,3.601421296259019,2.6918852279085956,1.4905735908313744,0.03824394436912486,1.2912626172054678,-0.599341338461327,-0.48127736177170777,0.8220372312535432,-1.7836504708683285,-1.8407974023351026,2.373041059747151,1.1006586013257,0.973718682112218,-0.24957264693458273,-1.632592170713018,3.6668606907223205,-2.757263383320129,2.3043593245528204,-1.5935475423065724,0.5871699932319228,-0.39839655371291727,1.9426252538895497,-1.7554604054551333,1.6083359701383988,-1.740561845185129,-0.2927242370848292,-0.5199812970534521,-1.6949511615715962,-0.3027128334140306,1.2751871902795395,0.18621565950313462,0.10504928457103335,4.242794363598675,-0.620034520086413,-1.7888292063064282,-2.2851101136446497,-0.8031172730063441,0.630216464025326,-1.1617865314546707,-0.13450786115642113,-0.10461103914202942,-1.0725364677197204,-0.27563194703248894,-4.773964073476528,-2.1084920719063946,2.4728529491080624,-0.9379518168579228,-1.7999133005749122,-0.24931755953306883,-1.3286343566657322,-0.48741879840729285,-1.45861403486294,-0.8160782748128206,0.8114946863583872,-1.868209876820147,2.2520860453556883,-1.40037841063247,0.4581920565558925,1.4492979404178519,-4.783627821577717,-2.0246027272967377,0.11425737394543833,1.6821236462690206,-0.8245377060540764,-2.4324593588758088,-2.5432258598340103,-0.06703578191540471,-0.2374792048639717,0.5299797334404106,-0.9608444878448763,2.079823650478896,3.319930074988995,0.4692270685910086,0.33947249372823074,0.795809248724293,-2.270992786233271,-2.1838419612496107,2.597274621079032,-0.6331668256700298,-2.1941643968766718,-0.25998800893439317,-0.37527764267593944,-3.6208176875274765,-1.5243347214021314,-0.9277523256055795,1.9804464307130742,-0.26630251405458244,0.8781017067646713,1.3083868768296896,0.669694683008236,-3.608715581811935,3.059158114895966,0.8528673015124417,1.8678344367917075,-3.441142842484984,1.4816513356417969,0.5386289868593084,-0.010967286080704616,2.041346527054614,0.48420166268543074,-0.9641350240631944,-0.3610596866457386,-1.5776118096706604,-3.30287259998905,2.5085302332111317,2.3554114140021545,0.6355351222217874,-1.8275841197119411,0.7540849867984903,-2.101199089991516,1.6919682859232428,-3.0342704608980062,3.0454168604754086,-0.4780250261022876,1.1251295379016804,-0.7221134820153652,-2.0202682999181607,-0.5442891225607689,1.6134406985056704,0.4720327319371907,-2.0500306674046924,-2.1548235395707676,0.26062512461724097,-2.204632619536446,-2.1704186650362094,0.9100112284588103,1.2860520305290764,1.770464020064387,-2.1034453139457376,0.24087174827938795,-0.7612420198501082,0.6181574471194884,1.6581293498139926,0.3750425818561077,-0.31004914970404474,-0.9305635203014895,-2.495040352365563,-0.2553146487095068,0.09393501023368811,2.062233734479531,0.062375136081490076,-0.18635892365682555,1.0764680267212554,3.362193293794916,1.925436915577159,0.5758846261788256,0.9744268834141854,2.8900225297513105,3.1508249187422015,1.303922264577754,-2.3497626299863104,-1.1109693853969542,-0.918805068781332,-0.06316389693449542,-0.48709964430559793,-0.6695890178233388,-0.3843525465936435,-1.0055406841911496,-1.7788106154094547,1.4114862337118257,1.0928339304681933,-2.9933258497286372,-0.5390420224974929,0.1848057038794239,2.868170638314389,0.12776364987401345,-0.2144794049199401,0.3307427529842451,-1.2695915701714053,-2.3269325244770918,-2.257192568307231,2.2124206164198164,-1.9827370308076913,-0.4489265382536517,-2.0256667755960835,-1.4661786033016133,0.6221468654577078,0.6926675988432875,0.8050767027283923,0.8305384124619453,1.2546385456740274,0.11228385124768198,-1.8143328061879915,1.741678326225212,0.9691253094743704,1.683870589768187,1.0464774796750551,-0.33514596725022583,1.577354963133964,0.6593988964910238,3.7067424950379757,-1.140102580242811,0.9255403891483831,-1.4392532191795744,-2.792862091479565,1.608923167468146,0.872448049643522,0.48266461991647225,-0.7482568595214126,-2.074497892029193,-0.7429882607508421,-0.5965039545358393,0.9838903542917006,0.9551972221543658,-1.8780814182914034,1.1289256958138725,1.3568843480804054,-1.1297854493771424,-0.12468832956590836,-0.6102181343007516,-3.875587365116464,0.8849321173564366,-4.148065619235323,1.463649798217826,0.15442919316193532,1.3559463937031822,-0.9128067576858458,-0.5230007147482548,-0.8183984951485472,-2.6900845698202147,-0.9878732208321276,1.1029983762512292,0.9368231557109705,-2.4097996527923726,0.5020946379571937,-0.041274856665894255,1.6195672837291024,1.2776829071450764,-0.8815218472721058,0.35889809109451165,-0.1702869682772371,-2.0190420794282518,-0.25125574525583244,2.9161897603373235,-1.3181767243889226,-2.527565688140596,-1.199097606456113,2.8197654716606024,-0.21074249856038818,-5.154180027088127,-2.015595102153104,0.7732832647685696,0.4843362529956824,-2.225052134020982,0.16952006815981863,0.5433651239496486,1.2448613116054927,-2.0121757202811423,3.854272192093943,0.7163774884050951,1.6842380655202474,3.5804795811341936,-3.3467544021159386,-0.9095082082024856,-1.2731300900358598,-3.0125966983608228,1.0168896862044554,-0.4287638792310007,0.25818252770448713,-0.6951586293922118,1.2613920566544472,1.1812052190976732,-0.3335136822835265,1.373909170413014,1.8654309664592752,-1.5849883524811856,-1.3642620137888257,0.26394300343175886,0.49019084514164846,-0.7846208332914909,0.890893018258201,-0.6670806106564019,1.409639118436694,2.516049418050015,0.774092596169709,1.8236726052348873,-1.6474478340810825,2.6719437675417486,-1.5625220280636147,-3.1400592708579795,-2.6056311527859775,2.9637685145354733,1.8836775413044797,-0.2823382217224069,-0.1744584954707017,-0.9504689857984707,0.18066681952776958,-0.950198277762509,-0.8321912975512771,4.601369639179751,-3.7220588186062695,-0.40457493820175155,1.084833681611847,-1.2801579631958242,0.6788533261168406,2.467698812542009,1.738024312632149,1.3763788264705004,0.026743702871297903,-0.6230912887770812,0.7066458318905038,-0.35734007802491524,-1.3947454084884683,-0.3075887667433352,-0.6619166702656087,-0.2992432649773865,-2.8136018649111416,-1.1972974057155565,0.9702540880461396,-0.23923951313611508,-0.8848720496477478,3.2488373985124146,0.09133363136485745,-1.5922216659388173,-1.9829135991060012,0.2128535323025318,0.31511650970335503,0.41990639624537907,-1.3521556991942711,2.5093510078949954,-1.8682163699204364,1.5372576721639768,0.8433881658162519,-2.5838087980753257,-1.3959504346123082,-1.6445799844436866,1.288600255685373,-0.5082862562493955,-0.5581340662335705,-1.5218905965932747,1.9587154034284855,0.30904626057779505,0.6893049409618961,-1.140577555710822,0.3024504558827331,-0.4663786234358781,0.9183557439457299,1.416148621623711,1.7991509959796348,-1.3325920554591126,4.056782843465915,-3.2297476598488477,-0.0015360800455994084,0.33452096763714656,-1.9664653286981297,-0.502261974795585,-0.28873183708293654,2.084067117760704,2.671676258600969,-4.59933594262433,-2.889590462768889,-1.5467366861923488,1.5419654667607814,3.6569549049396026,2.726907695946857,-0.622280749779738,0.20010561289967999,1.960574487595461,0.9604244937475821,-2.8252985089309974,-0.19683247398425005,-3.6046414930887165,-1.1923806271622823,0.1951900454116826,-1.897425017485018,0.784778407384407,-1.0040505086037699,0.06177333306674332,0.8197301863052533,-0.40837102508607404,-0.35641923489985594,0.7863125718188767,-0.19659958376051215,0.016566333104178654,0.13203847168595986,1.377312332437846,-1.8536915111974215,0.25866954393944663,2.7086123094907086,4.0221881236089825,3.891446892784549,-1.6673282020560072,-1.005802563729702,3.9680424938260703,-0.6472245965919787,0.2184959661540729,0.5367750043545224,0.7061723257577478,0.15946397356108138,-1.4711322400197737,0.29796284924757394,1.8221133318963538,-0.7299271407337526,1.3892008974670578,-1.00143365250192,-0.7100587706690606,-0.040538283624518445,-1.8138509066178725,-0.5235521350031052,-4.32969727017609,1.605763221570215,-3.7902548165629883,2.0756656885386118,0.8755496015661446,-4.271045113731511,-0.9667896996985476,-1.422015017158301,0.6347669021826279,1.9946870950079105,-0.22307573912582992,0.411300912696142,-0.5970288990754522,-0.8674823461926751,1.55723011745973,1.339289666702041,0.7081296611765727,-1.8956649599697044,3.0479855061141277,-3.7857743748590265,2.0835604179468525,0.6515755247314425,-0.5690717222428221,-0.13195501528958709,0.6229091685493473,-1.2863191064044077,-0.21107005061208095,-0.34959404344543077,0.6031995488842816,-1.1591546598938618,-1.438523318632584,1.806798510176756,-0.9391183459740365,-1.5811538101273586,1.8640859585237595,-1.6545608200282589,-0.45947292172342663,0.19256690035796664,-2.4242469630664156,-2.562641985053427,1.8959407890446158,1.3423850675772306,-3.1414376000961353,2.8508288336262098,-0.8316549708537417,-1.1419900286607088,0.4631038733338989,2.1839897122205723,-1.4346104602863077,0.07070593667667031,-2.167549907603513,0.4281838113591825,-0.12946677215729419,1.2855311692578155,-1.2814522319596133,2.2630124940337972,0.09443864598421275,-0.4248641818683625,0.585497434880933,-3.305459275004204,-1.4995893240530855,-1.2655581432066942,0.4891939429012526,1.0938220679722621,-2.6057188553367228,-2.4266593961712517,-2.1617127627947665,2.408057166228427,-3.459003003676737,-3.3365055376388453,-2.0488667647755383,-0.33360594391406856,1.2486623638966667,-2.108143217219512,-0.07808223520265006,0.9007017627981216,0.8748414245634089,-1.2382826252915158,-0.16036694661262044,-0.13042040481392347,-1.899234487300609,-2.841042543705751,0.4633084260775091,2.9105365637290754,0.2863690085133059,-1.7332561189440552,1.4069033202619203,0.0639553435552771,1.4934183160909837,-1.410371349586871,-0.6476226598193764,-1.314513708819239,0.7479324262344398,-0.02402170183247293,-0.8115476488177064,-1.2878387914056808,-1.4983692120552194,2.051572660018598,3.0191944019150276,-1.8885343199655664,1.1468694297953812,5.280459553642795,-1.3386178827937745,-0.38975608655916305,2.2389583384483114,2.6334939651024514,0.6182106453263418,-3.32214836450287,1.9818100111975057,1.0123296362951613,3.3100068864994663,1.7412194282108184,-1.38601971254996,1.657388577601659,-1.023353893420532,-2.5763834755063337,-0.06384086844118264,-5.737964197471614,-0.6484871432709238,0.8226899384341996,-0.2033745699876983,-0.5875130491805137,0.6184900205092745,0.0736582236681651,-0.23648890692735441,-0.5035545576576574,-0.41540021808041383,-4.19643732879389,1.1278623399618029,0.8219381390726632,-2.4240221869371084,0.008578093239603235,3.1816625121586593,1.1019957064322767,-1.4051045741865733,-2.198875311019483,-1.9196327578398134,-1.1734763807349724,2.2097621997052688,-0.4782154642763859,-2.5509387089810454,0.9973524219507148,2.0895351467117607,-0.510766696427867,2.6447476054626953,4.606427398146574,-2.2130722238822518,-0.3716209027609354,-0.30648074648241386,-1.2905199094091546,-1.968216644243542,-1.7725195622922794,1.0825106381490874,0.32686283812273387,-4.248002146632337,-0.2783180023895512,-1.9275403779655742,2.3592067163309776,-0.8680380053298975,-3.7345411813567604,-0.06971970946344386,1.9630469957020746,-0.43125034812476953,0.7299387991883115,-0.8528298665683124,0.2058650359242833,0.9877989477892515,-0.6576379410361908,0.604696984961839,-0.16338317609828515,2.8370020802795066,-1.7257640010442548,1.0066594848655335,3.0716159738751463,-0.33185330822234016,-2.1626890692854714,0.2946528448736022,1.2579605384297963,-0.212523902283059,2.337632861374246,-2.421139785999207,-0.5422112987666166,2.2535453516088264,0.35866527976483825,1.4297965914072952,-2.042120904361369,0.7902905755944791,0.5925355508253645,1.1706844171466153,-1.6727502233507952,-1.1929351096450698,-1.0696386061020298,0.09915637412173922,0.17724596617749108,-0.8273114694532134,-1.4229888775711437,-0.616420356181361,2.542087429417239,-3.49193921895716,0.11844984383359403,0.7123627555004911,-4.129785175238174,0.2829657828682619,1.02688030482289,-2.422565346121282,0.5833576130733555,1.8054952982324664,2.391078204170489,1.5441826757291102,-2.588606051428172,-0.070036857527986,-0.9523618498132107,-2.467543935693185,-1.3571524772172787,-1.3061897654894215,-1.2570447936080367,1.4361804012573716,-1.684165945584158,-2.419803909261784,0.9580982458185252,2.0189751695411173,-1.4414400926745814,2.8472852147202734,-0.12270435059381124,0.21234331019764832,-1.4160034371753558,-0.4883435589889045,-0.585372064832874,1.519053729705567,0.6761375650934087,-0.6248520238287898,0.6613644754564239,-2.613362642137554,2.4065709048252253,-0.750747054341031,2.944606627986853,-1.1939831690041378,2.171085458077611,-1.1728335985230143,-3.2594354143071373,2.067250223498667,-0.807416327596523,-2.3796185152144713,0.3116872343683742,-1.584143557690508,2.4737405680667544,0.2101546634594071,0.7459954682357525,1.898983325373197,-3.6006021019279455,-1.4774030548895474,-0.741325127715069,0.5532530804336842,-0.002429680777969734,0.7883342488574255,2.840191549984787,-2.244350809862849,-1.9281543940273496,-1.2150782530583815,0.9133668703946135,-1.9386947459841701,-3.067590458114873,-0.08440186611475839,-0.1700243505766027,-2.504730274350131,0.9023467759687511,0.2713624227132606,1.7491679234789645,0.16825598783310353,-1.2623251117095577,0.2213889388634287,-2.438786514942004,0.6368754216630121,1.2282453908839102,0.9284423071896013,0.6087836599575693,1.391771361124034,0.7013294637338422,-0.9952744034011022,0.739539485529682,0.5741787161455478,-2.5001378927909057,4.691249488712567,-2.151148327630614,-0.7616906213735202,0.7337096864928532,-0.16256892544331225,-0.24136963500886688,-4.871455211364798,-0.12067345486044931,-2.222775243794325,-1.1574750239131677,0.911233018655563,2.8515963429806703,-1.2761995807019202,1.3987285261695923,-0.1646590306955269,2.6088476111774925,-1.9146424114647183,-0.6643735705160443,1.4068927814117618,-3.5101862707790494,-1.2690168865903195,-2.33899872357423,0.36176900275335205,1.8506141492794044,-2.9717638625520593,1.3497852975577265,2.0499983918733724,-2.2203341582299596,1.9779499045608704,2.0927550947216504,-0.03617207581023521,1.762565894918116,0.9873112762388068,1.1882595636926516,1.0041856920156598,-2.023666000283311,-1.0699569881712776,0.026537779824249708,1.3067285600238026,-1.9198772364490846,-2.4142306896057497,1.4156367784399877,1.3798690754464156,-0.8248984007982213,1.911594692688856,-5.73842650176697,-0.42839170078180266,-2.4934510129735226,0.024270741752295447,-1.0019862821052832,-1.0877564183120023,0.8158701844865683,3.205717130510045,0.08793871905152251,-0.12231868253629824,0.7701802300751641,-0.08099663665157944,-1.5047471696339494,0.37235588866469926,-0.8067689828820841,2.9351991914623006,-0.42952208794475893,-1.0839981906343796,-3.608958719400519,0.6571640021692453,1.9523907203119266,-0.7938177634582544,0.1674327748027562,0.09975350721860607,-1.1596025105675765,-2.235818628106939,-0.8497852411548633,2.0414583994455997,-2.081880666724569,-0.4977268247103021,-4.867502436986316,1.688752181176151,0.584335815030257,1.9639495296151426,1.8683475021262967,-0.06537998278920787,-0.28449673417858123,1.043090215751248,0.5970190491443294,-2.9755169480404624,-1.0706213086044944,-0.48346105373058024,0.6791158597106504,-0.1645404749767495,-0.10460138501655813,1.7586630094785074,-0.492500992438957,2.97342605081227,1.3116462400648594,3.038564296084321,3.2657307371900655,-1.7643809825707664,-1.360047416899464,0.2796531800475914,-2.8862917456229136,1.543737067479335,-0.282267053945142,-0.05483695324593568,-0.36598056328864226,-0.10361851580094589,0.25287218735090394,-0.3326990116630098,-0.7858418811725608,-1.5206368108742678,0.37546173436684127,1.6264744327906508,-2.832891708980095,1.3999023170609886,-2.3486336367002125,0.9065334863739463,-1.6262966118435394,0.16821737347176685,-2.340119395500558,-0.13520647279912673,4.960362905886564,0.023847451733555472,-1.7059030856438653,0.24768171425830746,0.6416096088486505,-3.2256452335453476,0.2660483924130772,2.961983575006655,-1.0283212697807624,-2.10200328925308,-0.1443856510468,1.7039605562074194,-0.44671074382528286,-1.2382472819253565,-1.1323778026708653,2.234516463967223,-3.401059036889433,0.38231052084119976,1.632796236919484,1.4168748130369937,1.861569765527399,-2.6189323926949943,0.5047665028354964,-1.5878854902023296,-0.3627987936813016,0.8604498447994855,1.3383401363751577,-3.381923215522317,-1.0892510261959143,2.8450614373785843,0.23978819159549156,1.7584844236841417,-2.3599719635056293,-1.0151916759642297,0.49585235696819413,0.33193072711933075,0.02081816918571086,-0.7806737453962639,-1.8072759699938516,0.9857740577376798,-1.3579565561092872,1.482142871247484,0.9167315076758812,-1.6415907786143529,0.6775993669578926,1.3432689703417142,-1.0375961630869197,-3.258616473414814,1.4872691077370517,1.2408655912124322,0.6856623102126675,0.42935617820182514,0.992565080371836,-0.5415841125343344,-2.70574108911525,5.413259387290278,-1.8475194919909452,-0.43609223940757136,-2.499415532914638,-2.385214342315159,1.961121289446028,1.3400990271665383,-1.086075759741804,1.0686916977715335,1.0378767086625083,1.0714227908333789,-1.9197364398993666,1.5213434293408366,-0.34494481899135043,-0.2515558709808582,2.2429076886476564,-0.322684193338865,0.5322276399605163,-1.2921956414547209,-1.4983090993318284,2.3892532933325703,2.1279921974922265,-4.133102331170424,-1.387219767007456,2.2306701992451554,-0.11768286793464389,-0.12113888275963142,0.9062872749163068,-4.0321695665573305,0.8558728842333149,0.7204201142780047,0.37811129685573697,1.8970010278317946,-1.2011551183367173,0.8089791889238298,-0.7984530278001651,-3.1132874024934085,-3.6114696508518893,-0.2044207234476239,0.4184145451482307,-0.717566713937222,-1.360627284462733,-2.2824340187074013,-0.9492861238682926,0.07064115686701496,-2.578692447856626,1.5611611767296183,-1.3282292331531274,-1.399220183551553,-0.9812443430123714,-1.2300703618775592,2.7319395597796787,-0.12805804160251955,-2.522579694858313,-0.15858481582457207,-1.1860383489151631,0.7511675932903493,-2.3190092543067156,-2.6488428226380316,-1.6005608489466365,-1.832280847060637,-2.586062904089472,0.579583566585073,4.001918945464996,1.1432696813257253,2.403520780686081,-0.02948419282683795,-3.7722862129630976,-0.0001461742154663659,0.0009897145225094273,-1.0428998785655623;3.2834667278588183,0.8028156005098154,0.09954034113356325,-1.4901543378744604,-0.17940325923768669,1.792702156569665,-1.3481150899713215,2.0449576015389943,-0.41449573592669275,-0.9286992646888103,2.6902033687942706,-3.4260853283202075,2.1556716295337393,4.8128455342007745,4.908263201640699,0.9037065105048198;2.163119616336758,-1.5631711270097177,1.8131605372082678,3.1948085147891043,-3.1863760003408785,-4.104427866987336,1.0232155510247898,0.6278930908356013,-0.14439096759414494,-2.7271534050627095,0.12054568117612346,-2.5302381762862054,3.363800276155201,1.8920206261339887,-1.9386522523233958,0.032561000546815766,1.056447489857692,-4.517577042833425,-1.8667264254658307,1.5051703940104022,2.20685110722257,-2.1809697816699827,-1.5909613603879178,-2.664143596559252,-1.6160431315269732,1.065508676659181,2.25951237627341,-0.7720457696201679,-1.0497458137163538,1.6668424995812945,3.906319435386421,1.785260976721874,2.1139118320604444,-1.2533357907660945,-2.573444520810127,2.065575353824512,2.641939516214955,0.672109856469453,1.956322792921432,0.4271679089228977,0.2961750784054328,1.1562848186699888,-0.4269206370877514,0.24121161817198566,0.9286808993158742,1.060743243684204,0.6305577048857763,3.4404043235642012,1.6039357538191057,0.4066786297227122,0.5646704779473929,-1.4023974037907305,-3.330232240238855,0.03434580365811792,-3.799110706409884,0.8384390196769073,0.4799577304452143,-1.4976928288823208,-2.2678568998164215,-0.6091908364752148,2.1514990880996354,-1.1455279982557716,1.2379059772918382,-4.233585537300027,0.7264021994014475,-0.08092740704649878,2.2480375850386616,0.8475736685555781,-0.4095269811336103,0.341160163230237,-1.069501392392671,3.717773699549955,1.6560060952481765,-2.4282460269851693,0.13012756103966405,0.4578961489588894,-1.6248256593575792,0.33540904381008896,0.8840326369855165,3.361760646376537,-2.969747840740049,-3.140209776276466,0.5215367704671688,-1.738741430232496,5.481240016841635,2.103423902841431,-0.5977612778278613,-1.4329103493664097,-1.433903026735986,-0.5212685290039374,-2.4776044601246108,-0.4159459631121535,1.1949408583538101,-2.83901139680201,1.6162430890310469,2.1383624037865294,0.43264324971668777,0.4725906030795104,-1.9881031071222062,-1.205441574531458,0.11190944157635961,-4.848192469418742,1.2182710309498401,-1.4836244015230609,-1.1968015321218024,-2.3729288309220595,-3.2688019689614607,-3.1014753636003043,3.659588232712832,-2.5707892535631434,4.641600635485491,-0.33967591719787654,-1.5672966052211377,1.5123160717514823,-1.0092777801073327,1.2591802655498852,4.7211557881876764,1.5004441899900662,-3.817148154452664,-1.1549339056254255,-1.0585919456869117,-2.6653915255851137,-2.8119178228531325,0.021270881149353937,1.1514878056202207,0.6238117094405815,-0.17624811583008732,1.2458157662802902,1.2841187648566548,-0.0218056219099248,-3.5470693514615723,-3.386036856375656,0.8850689704768564,-2.212083987071519,5.079859566066047,1.4949507779723694,0.2137192186246586,-2.0084095170948566,1.099696892117875,1.3768398946960092,-1.7469992914677792,-1.8606661251050156,-0.098913768640659,1.5443725286149121,1.2915771383642567,-2.564934565708597,-2.1502161043466046,-2.2531031695270918,1.0579225841001483,2.9219887296451375,1.0596221155366468,0.6997239692425405,2.974015751141983,-0.13579456184003486,0.0994447301924482,2.656732714353069,0.6413801648231415,-2.019911136499031,2.4770525193636925,-6.225963111680353;2.7624257555682195,0.5333643032654365,3.3904125151514077,4.597408975727124,0.2986256404397043,-7.1272823433872645,1.9282833191778344,-0.5864813000179906,-0.6263683631325765,1.8601759810137481"
8,1.8573004079144426,"-0.4058266879810678,-1.4328986919005677,-0.41464585976110596,-0.19823872214836202,-2.16180128742404,0.6782951344205699,-1.1152300367560781,-3.541281193142775,-1.4196658847486703,-4.042551948273561,-2.1179072031197776,2.1081730261472895,1.0837830896872884,-1.3391471420534529,-1.4129895802920631,1.2076581615710915,1.2572921167968563,0.6546926513101872,-1.1665126310002323,2.1243649491162713,-0.5354491800549288,-0.4727202979230242,-0.4363999758171332,-0.3676013556726133,-0.27967952318093436,-0.5944303951961927,1.7013547155694662,0.6151063408268748,-0.052159466776483865,-0.5185109727053876,-1.851458895495985,1.6690767232125991,1.699983784206207,-3.382330460299819,-0.6990186370742333,-2.0665826081710144,0.15184644618154677,0.4625840542793334,2.462515986981812,-1.396346108604958,-1.4136267997433123,2.002905106030209,0.7408941920145037,-1.1394663204598836,1.1359335995512434,-1.968285528262923,-1.5599937959285146,-0.5100261043039668,0.8977860978127945,2.3426253550028644,-0.8613958197197599,-0.5672649484230112,-0.15897503576382677,0.21623527586355284,-0.8128858475360814,-1.9879043000375947,0.9306574267691581,-1.0055824522837487,0.8456990675122249,-0.053770810255944296,1.827719702741498,-0.5854468967785376,0.041658913322897534,1.7150381659884493,-3.19296119458763,-3.358799629002115,-2.4842135347551615,0.8246849998559891,2.0031067075690516,1.3144264508709151,0.1248914962808314,4.8717681502835815,-1.745245166498651,-0.32755657079846734,3.7601744482254205,0.024765374982646443,1.8379632044404541,3.2170546418184323,-0.9679277596219746,1.2153891565631154,-1.091781172664842,-2.2422292657555896,-0.3645736682581042,-4.068187411407376,-0.5013099429253272,-2.57901133379384,-0.38419940045593604,-1.1530369495848645,-2.502941443098919,0.5276600529156423,-1.6465332953315428,-2.3342787292231186,-1.4442658426794224,0.383815643167148,-0.18274030130700175,-0.06352908936809765,-1.5377735801722587,-2.019955588245626,2.4746091446649316,0.18860419644399073,-1.0303486213550193,-0.5145112993101391,0.09440724511733348,-0.5026523728071904,-0.8107204641023713,-1.7737028198731144,-0.6045803445312422,1.6319332526582455,2.1931413163573987,-1.0528620181266213,0.7078553828016334,1.638248951487164,0.011014667260139333,1.7544867197952123,1.091926925236931,-0.47514109601758203,-0.28472688332005536,0.2706998730916744,0.5982848393336124,0.39717613505493743,1.6763285355027673,-1.426116646527673,-2.1059824809666616,-0.9606035079709709,1.9852520365001263,2.9706063879873126,-2.70154499849502,-1.2780719380373773,1.9197452201049845,1.8373830209502753,-2.0713369588427626,-0.9268534136266356,-2.032519316833953,0.21990339355788455,-0.9936275651424418,0.3097855474562906,1.2638419576009332,-0.48043033783496913,-0.36858711829822505,-1.2108890810955177,1.7340361315720276,-1.9095878649817088,0.5908044417280133,-0.9027458279677545,0.5300155902669186,0.2230039334814543,2.6770313255616167,2.2577984531860045,-1.0327306145349822,-0.6615979942539166,-0.5581209487151423,0.8273423320987193,-2.6415642833583584,0.37636028488929685,-0.8795017923002284,0.16577235092319498,-1.2877905564804064,-1.233894488992353,-0.24729657973128072,-1.949851500920075,0.4220183268942991,-0.09982160860378728,0.7497905568535929,-0.46443767491969057,0.6750668598999688,0.5585174250090199,-2.1679686655756534,0.7549130997003662,0.1507326311890034,1.6084640172421583,-0.8879244251076428,-0.5993541400232507,1.7998688688322615,2.6630378052322463,-2.2042173574903696,-2.168682214789439,2.3647863483126,-0.8656656603934967,-3.6612507540818138,-0.2863453600130552,0.7850152597548438,-0.8924422010158288,0.3376109286038057,0.527960829622016,-0.3941438036977035,0.5378364031036097,1.255642151070362,-1.0908851192296445,1.48724609804172,-0.8452599121629204,2.455075765580538,-0.18574962269623563,1.270124280693266,0.1319984145939217,2.386490227821428,-3.9727429479751297,-0.2784605578046505,-0.5600680394073514,2.1256818023453525,-1.5957365281203528,-0.2779144176369605,-2.7107252563653956,-3.0068097064542294,0.9859297214302631,1.826221339173751,1.4782740295206585,0.34023245902845434,-1.7732160509526422,-1.0618146036441578,-3.0748612910574273,-2.424988600674582,-2.363090322753898,-0.423069783176903,0.9393066503513579,1.264215173712407,0.9802528319433556,0.22330306494124685,-0.03632303788047263,0.24343367460239618,0.7272598310063044,0.3471076071426953,-4.286365151059364,-0.24234067382737456,2.137357992600422,2.159026994410292,0.6401020874717434,2.8261745663921563,2.3452961458559876,0.31757379562635923,0.09810933596717479,0.8882793744613573,-0.3978606266801,-0.739944184992837,0.8165587772924702,-1.314793870186885,-1.6418456487530295,1.7094920589276734,0.8096046619043835,0.8742613991014276,-0.12165074534319664,-1.1370053820409551,3.61169586188144,-2.5794539894444903,2.3903807315203016,-1.2662321584775103,0.39575892994741757,-0.003957808108720595,2.3184595775839587,-1.3453678500126598,1.3241000349622212,-1.384134700823843,-0.3634771785516526,-0.5348275357367691,-1.7941464847218782,-0.3979292544340541,1.1634097156938776,-0.21060022658080685,0.14243813215508333,3.569802764389263,-0.39818265614695986,-1.344836990039943,-2.1612418011232943,-0.61167783068115,0.9396984644456512,-1.124751299567905,-0.18033740112278776,-0.2585612140384064,-1.043091208517864,-0.37824336724349966,-4.346150446384424,-2.3614209634795005,2.055693402245779,0.10265706805086727,-1.4125827911477884,-0.5260431025398379,-0.5634160956227007,-0.058245760869279684,-1.8936922821317546,-0.3755782275842654,0.6749767085023035,-0.9262973073196454,1.9247967509582873,-0.941191487627441,0.14115316604387762,0.8583442068803424,-4.115893820907242,-1.0963518043095044,0.11726804890859574,1.3341285621731358,-1.0446375656326485,-2.543625998910974,-2.299720073693012,0.8395673461088285,-0.741600349907616,-0.03430691806240477,-1.1542357375337915,1.2449602818305783,2.5106381497707835,0.14728641372704301,0.5249747346639104,0.5349469725899728,-2.1598209508419437,-1.105578689825871,2.1554624690651862,-0.5615536545871254,-1.6936303824915404,-0.12788772845880475,-0.5655869202714071,-2.847770110388301,-1.711544092914497,-0.6596241153158673,2.288425601144164,0.3209642549349374,0.654712060549013,1.6862702308308852,0.7085051220331924,-2.9411507339871013,3.1552122113096526,0.30577112070073875,1.197559133082457,-3.3317131112777,0.8777806831257502,1.0236145489479518,-0.14721749955678906,1.7333145798563154,0.44527054063161187,-0.41219065010941935,-0.36833231002435607,-1.0368429839959181,-2.7769348500604836,2.3446638343698143,1.9514042696352596,0.4618064539064176,-1.2701887863101229,0.5096619484687608,-1.5109784657154903,1.452428679802872,-1.9551217642597156,2.502689489557828,-0.6705347834782868,1.07070825415596,-0.9002632416938554,-1.35150400699158,-1.4780876714867814,0.8099336491555447,0.5311016963454285,-1.1537500321222853,-2.155939216915326,0.9412203260770875,-1.608541519360592,-1.5765213229509878,0.9108726007547666,1.0120399009675651,0.8107105745550626,-2.2408869806150196,0.15808967306219585,-0.6469350777012305,0.42693017785802223,1.1053209675552869,0.4737146106121347,-0.43167805480634736,-1.8190577054288033,-2.5915372311672336,0.04488598904275823,0.42329549999231064,1.6795983113903474,-0.12510925357581193,-0.12484506447137936,0.5961352642437302,2.7724063034302593,2.076833126631118,0.3356879439984805,0.27765584097113194,2.3035569123904382,2.9894574910805085,0.9434849115813896,-2.1904702422809836,-0.6362603175975166,-0.42019822973233634,0.10319445575768287,-0.37819296594197666,-0.43116797079651226,-0.6029978386010721,-0.965871691134494,-0.9927468548170498,1.294330237468483,0.9307057416731938,-2.200321491856837,0.2039002250527569,0.9951309584297156,2.5628998135742127,0.1752576029549489,-0.4316033165392698,0.27341153414588215,-0.8566246055061707,-1.64200685644764,-1.586949660044509,1.9564127299230734,-2.06219744575388,-0.7733176486034052,-1.769631192164584,-1.25368820055151,0.159610599547134,0.7570943188523882,0.4484088467103533,0.7177734477181644,1.2188400055208455,0.3122681981163855,-1.4961187518464294,1.6847613349643424,0.24303687127102225,0.7266677114828295,0.795515075969739,-0.5536372161259635,0.8146721227909597,0.739234201844869,2.9488331475976497,-0.6210208231393982,0.24781644795763022,-1.5571561512391263,-2.461909593324376,1.2255630355539648,0.6279600826973607,-0.12498533520050337,-0.5160067026831224,-1.4251926936218624,-0.5781409052936307,0.17314714176976875,0.6840197277982706,1.3107053368751918,-1.9883249383511747,0.3003252424985712,2.3762796829738635,-0.7105144072572528,-0.16537419786540108,-0.7924731165827135,-2.9597214040774897,0.8491323521336448,-3.558357966511818,1.4763935434087352,0.17314463257450227,1.3438167388245967,-0.9575300094039019,-0.348277523506321,-0.4110425552441537,-2.5728821800435684,-0.628443976945648,1.3631598271505014,1.2518430114443067,-2.0027766983274473,0.5381233031883721,0.17369873815539394,1.3883424109675884,0.7595953056306535,-0.3687780213693189,-0.01760020425340906,-0.49076316248834995,-1.490132453815764,-0.32515506196433974,2.626933780346654,-1.2676245544388671,-2.5262733124702175,-1.4141724336944295,2.2620804371188346,-0.4106592955373455,-4.729720409194899,-1.746342748087638,0.4805848605909386,-0.10324946360714532,-2.3651718761880063,0.16492842161348262,0.9899674087507032,1.0351425026520675,-1.6242675023064266,2.989220717535701,0.6836943036981731,0.8563893949545891,3.0571617639960404,-2.8659622583540445,-0.597116234606696,-1.3750052184023172,-2.712069492767607,0.5101257712278389,-0.029247812693189074,-0.3329525808585662,-0.8343364576095036,1.0120527814479405,1.1025027458674104,-0.5925033881791416,1.527643457552117,1.7985042956224933,-1.2819567826708997,-0.4580704452457479,1.3397686181571682,0.6456931934054901,-0.9084023654976914,1.10560261231412,-1.328206830349615,1.9145161345997501,2.747727235756788,0.4682792613206923,1.6560265672677037,-1.490391855660346,2.087596485572405,-1.2279502673223215,-1.493088024034055,-2.37529760957353,2.774574768452161,1.632238259331308,-0.13578257909371527,-0.024260567939766386,-1.188177127100109,0.9327893204276663,-1.0840186460981822,-1.1242889490326782,3.749030807002009,-3.0224826124739197,0.2060598106672571,0.7954440534556171,-0.6158482875818105,0.03142823249699722,2.4561301394974535,1.508739847240776,1.0583891908205991,-0.1786559457299619,-0.5525108266558745,1.3861665113533517,-0.25613730169653415,-1.214606893684715,-0.3231498516434207,-0.7730364039601204,0.11354384226322056,-2.8744750442579354,-1.0818792791140501,0.6419327738746843,-0.29589414649140827,-0.5008541616150441,2.958641451523449,0.056546292372216145,-1.5115886120452244,-2.43618994363333,0.520450106919107,-0.1142140980341626,0.6394698962621326,-1.07377682033745,2.2198329747010446,-1.114353199560374,1.0773202068501815,0.739650159855026,-1.9672972830069297,-1.1515177255669415,-1.8407736879002572,0.9377442625224179,-0.40032524996740043,-0.7659495052717599,-1.7001059919478188,1.892247707655824,0.20310731860618608,0.7526246364664604,-0.9515847333787977,0.05804438340807189,-0.4082230384743317,0.6064801951556985,1.7305993767067713,1.4875308055138003,-1.1218269068337101,3.1370828635525916,-2.990640350883407,-0.9759237517612492,0.16845791115877407,-1.7503409756153747,0.05932726273990352,-0.14590311817504625,1.6571457305507438,2.2794831551654022,-4.008447328294736,-1.9223315887356396,-1.4414659475506582,0.6202011017310926,3.3873068804705997,2.3113148293196506,-1.0617586181259142,0.03552403505871174,1.2409532639206067,0.677834561733546,-2.5209437945493938,-0.09925887320239996,-3.5872577041225786,-1.0787000178250947,0.41100699569154153,-1.4706022773489626,0.9572906477201552,-0.9320574528572914,0.6065786313340364,0.3905255903221899,0.1492390718486571,-0.2574507163367934,0.626285352560226,-0.17635820883119943,-0.43379852228992205,0.37263233199861645,0.9353328164496375,-1.5493219432362229,0.32472930163792824,2.471552010783004,2.9458546614022936,3.560014845923309,-1.1331151130441324,-1.2806639470180534,2.595779492629102,-1.4269126512412318,0.13067013346465758,0.26550446109236153,1.6684858049047047,0.1179507608735823,-0.9935029225877641,0.4171869270120202,1.5502716581000546,-0.8664165654387038,1.0555945082389144,-0.7884910247784263,-0.6340079309006744,0.27329188416468103,-1.4691086483489098,-0.6079016215888042,-3.870922946954259,1.378809937826785,-3.030274368069697,1.3655504959604916,1.108013006421271,-3.607089871279799,-0.6960931427045083,-1.2849699465026307,0.35845637188914514,1.3602004420865756,0.3092806227498849,-0.33654462355943515,-0.2944409561350908,-0.07185418216945028,1.1616937851714637,0.8554724665601788,0.5655660850449911,-1.9317620662481907,2.339849225460549,-2.799684255307651,1.518260418960947,0.37982629343461904,-0.8973977722831991,0.1574398872933903,0.7153864087921973,-1.340046556147073,-0.29917266712918855,0.0697214981952671,0.8386246109819422,-1.0646806613640802,-1.4751046731076163,1.2808507236385005,-0.6270795632017423,-1.0691018786425122,1.0701804483839776,-1.4140258893655815,0.17384975317758655,-0.2980282231214093,-2.2547604598274065,-2.19952031485651,0.9960877316881633,1.0027430312659171,-2.917426350213975,2.394885355052682,-0.6053517419309057,-1.2399543010435061,0.3252661530857364,2.3072524059274784,-1.1380543774030931,0.16373190370431176,-1.8971492060784265,0.8228832034591416,-0.15556633895462957,1.0844173680001807,-1.309856076210359,1.774103294579205,-0.4739807028575234,-0.046620637546604726,0.6912908494660043,-2.9466755089177674,-1.5439498214163088,-1.3606004087500545,-0.39772498698915115,1.0164310239155443,-1.764047386706829,-2.44617276701529,-0.825757605249515,1.942652107046165,-2.8232421788908972,-2.7434172007200357,-1.9008535937140518,-0.8728118538588894,0.7697199770478522,-1.3607859113886125,0.09961287021887144,0.4995571420409757,0.39092764888562304,-1.3682051905440307,-0.2337292717630609,-0.6260697025080952,-1.9047787305807848,-1.798873785781531,0.26459470750289743,2.1585429078172993,0.3208780133248895,-1.3364490404039842,0.9716021230639301,-0.023143022664781188,1.97069473493469,-1.054408133932255,-0.5798028503464947,-0.508537410130146,0.9540417712095829,-0.36998712837576525,-0.7935982639454306,-0.23745967393587475,-1.6700831803190206,1.9842854373067758,2.3809554391921846,-0.6449574376470321,1.3279880980150451,4.007994477944292,-1.8159026156721068,-0.7821016241682477,1.8946283724940676,2.504675065501213,1.233891663192743,-2.454422122713078,1.5352219790273014,0.01432847682548366,2.5363695281258964,1.0151725537398586,-1.4120856480100437,1.4454952333279258,-0.3789712303180182,-2.001626065474121,0.46543135833900096,-4.649541154637977,-0.8415267083915179,0.5516662410825033,0.10659747202422244,-0.7470916092469579,0.5659176896476765,-0.1781178851746985,0.281576959716297,-0.5701271154217078,-0.5526835898150997,-3.407595524991107,0.6084685185155149,0.7899756176681381,-1.1815292646132796,-0.791424526094072,2.5064922305121278,0.8240265107195174,-1.6454565677629687,-1.5551021940626848,-1.3230846982967874,-0.01833453902624771,2.540437054321692,0.13872823759807007,-2.366203107531023,0.4947968008898038,2.0383954069303227,-0.6424424999990552,2.1877306856465575,4.3958758164619525,-1.9412187471506481,0.02714004731562787,-0.3330921021711555,-1.218595018769016,-1.5699357914198013,-1.059472624024007,0.6880971276900314,0.7055928632817042,-3.323906421365802,0.37425446906234705,-1.4752292704312042,2.046160967426845,0.14203156311111803,-3.5329189896758098,-0.14769412665209816,1.7476823993424304,-0.2701433664276711,0.3472760372700499,-1.5026720446837436,-0.33470702161923654,0.7219691516002902,-0.5313273711643164,0.7266429896314291,-0.29412264337804384,2.102443175111319,-1.1241757387496016,0.4995058565189421,2.8136474162974086,-0.6874761460129759,-2.3539110989298915,0.40651116995037034,0.671630023719537,0.202165509134956,1.5261054762539608,-1.951166498359839,-0.2251810369669561,1.7074940611370852,0.410455334262804,0.9315380419047834,-1.8025559460241691,0.8720340387593688,0.6153845831744449,0.9663098311536242,-1.0512493179175326,-1.1104347760617403,-0.8645377083003384,0.2954471770823544,0.44644698064630395,-0.5012108250268477,-1.7106675079688947,-0.5511931152256351,2.32135615613689,-2.4715498761502976,0.40060904364115596,0.7158029659483334,-3.415697881806222,-0.13805143234124317,0.4742053325159655,-1.9544044325512517,0.30110138320248,2.1720966266329134,1.878184584487061,1.679039339354548,-2.038267783387841,0.1521772204638509,-0.9041418881232368,-1.959887452443859,-1.3727634629929575,-0.9483995660853353,-1.1948230541196077,1.0060487548094819,-0.8685679009583334,-1.2514810288282372,1.10194819308231,2.0016694889150815,-1.2800019013715855,1.7817959253327353,-0.7300949588922047,0.011820103639592523,-1.1349934144297718,-0.5694811540237008,-0.622336379400912,1.8552551661137378,0.5328583871876381,-0.9931788758119433,0.30123445591081977,-1.564369778266881,1.6801524593780983,-0.3533521415406487,2.655086712052212,-0.7045368771953412,1.784213861067746,-1.6415128869498252,-2.6923812878054174,1.421199544085543,-1.337815679309036,-1.7261248365037258,0.37449536144564594,-1.9709043979161445,1.651687358669881,0.45756119609866164,1.2845124626476783,1.526360625173532,-3.535136114395831,-1.3290443261148224,-1.0665264697520347,0.5286126665746653,-0.3137070111984188,1.0605465683756286,2.33797363190524,-1.8704297844522129,-1.651258125331534,-0.6501529877091243,0.6926760122751437,-1.8069048981111955,-2.593238332191576,0.2558708699460426,0.5032128573029213,-2.110914138503753,0.44220154834792813,-0.08828161768727749,1.4755528206437871,-0.5596708364409853,-1.1046910847609823,0.13284798842699205,-2.17369491653528,0.4949939806160444,1.130283950592969,1.1478039087859446,0.8585088718209486,1.3272370538701517,1.00781646676296,-1.4874958506074254,0.18818903240110152,1.118897040155636,-2.174257325017275,3.4755706733930958,-2.232643338201817,-0.9727956271740837,0.016731980093948606,-0.3973918496202723,-0.03632159422995168,-4.487147802324777,0.36058687114596977,-2.3459979215285744,-1.1214253843371316,1.3204290105776841,2.0043716937815454,-1.6991372362493455,1.8030108062606,-0.470085592597719,2.405158612264521,-1.6264244975920714,-0.816550097978017,1.139601012999169,-3.2312410223989865,-1.0599360396019082,-1.6031942710197926,0.4722811638833272,1.6722935915974708,-2.473143539047731,1.1668466554668162,1.5890312074176258,-1.6102096422483418,1.546449039795839,2.2624495295649774,-0.2378739852106786,1.1924844575891445,1.576315476687964,1.1020375541174254,1.7678303896036727,-2.238766976945392,-1.0244992812955234,-0.1448412806144282,1.2710875720263322,-1.7579076767977175,-1.8825705688308991,1.220944517801195,0.5092778782287619,-0.9894098387043635,0.7897622469082406,-4.535713460359225,-0.23854780883337834,-1.3032301312006167,0.20848855521786475,-0.13594110294928607,-1.0916789772067057,0.338968670618772,2.539000671400082,-0.6404719979113564,0.5156210654747859,0.9975816467460393,-0.5273007953202181,-1.5280567794154305,0.01817115227131083,-0.7692079045916187,3.0638040921234486,-0.08251734923441725,-0.9751453793024737,-2.9149494357990866,0.4302995134556222,1.713477775306291,0.14214772839172363,-0.04436883053213403,-0.25694415004022403,-0.9704895856633213,-2.0581327976663184,-1.1601203171802184,1.7071956451816293,-1.7585818218371148,-0.6952302961998326,-4.363446683545349,0.9092011329158618,-0.044148404109398506,1.7384042159185358,1.9343941035006038,0.31975063467256115,0.764273320606659,0.8696620869392488,0.8349540232901427,-2.717087284162337,-0.9379950081654123,-0.3131605418064768,0.17708217681714816,-0.24378946769978654,0.07421102905354188,1.4009691670482365,-0.1720709585059767,3.1964447036953754,1.40260540712719,3.044763458801346,2.6773426035761716,-1.2172236615635605,-1.0801943207221636,0.7452660325140644,-2.8317002050814866,1.032410229758998,-0.41673953080981596,0.4294078434993648,-0.44397941338956853,-0.29430883929591195,0.24221516309572522,-0.41318645238039575,-1.007325245712966,-1.2813839282579385,0.405639105254636,1.4846023011817149,-2.719103440443918,1.158381491253682,-2.0334905691237397,1.2257812931052428,-1.4197117543004825,0.28600390312576285,-2.2975950099988225,-0.8636007814753275,3.9257978532622912,-0.28284176359314517,-1.6976351546659683,0.4320715977629488,0.7907041457807386,-2.156803728814428,0.673047457535445,2.4401986155661106,-0.7914412346353342,-1.431546127860767,-0.16497042044635246,1.2293322608013226,-0.5529363915330658,-1.5512996683860965,-0.7659607683092386,1.7939305286161524,-2.6832143973703397,0.901256956384141,1.5955962060560185,1.3689304012558676,1.5188457241209568,-2.2775834519894156,0.07351121740616484,-1.9818631719989317,-0.22407612530706433,0.9281675769627376,1.2109764847913107,-2.901595223928765,-0.4507323232991446,2.3264847135476705,0.47946772291375217,1.0307840670297597,-2.217801877161139,-0.5257114421561688,0.2690048130475172,0.5631804220274922,0.050464041407821014,-0.9830157666696318,-1.2077132083204782,0.6739221239328014,-1.3397489443057007,0.8714368593571048,1.1065684323516418,-0.6856917264005211,0.2611068587193718,1.012409807734626,-0.669002372255031,-3.2185255001811397,1.0614715337096448,0.43311944866425134,0.548730688689061,-0.1082423818127603,0.9704597001998627,-0.8555195879469599,-1.982884897197005,4.595715035724485,-1.460719814259949,-0.19278105507576326,-2.2558241596798925,-2.0665718422688344,1.65898724832181,1.4409738147112947,-1.0186188311376745,0.4498188472614586,0.8712414105439029,1.2087253906306752,-1.7919460745501492,1.536047209414709,-0.2970827144628835,-0.2600830761746953,2.2802917467722605,-0.30812725303656663,0.6613564571156748,-1.8879861182574789,-1.2093177314154104,1.123418709448046,1.916687457728187,-3.582842408462276,-1.194048832486622,2.339104036708333,-0.9877580368677258,-0.510236473774229,0.1813521248778206,-3.0803264959939667,0.979440918151554,0.4305319029155824,0.8244033698836386,1.176789473969454,-0.9511648789711974,0.9914858940611768,-0.6917192382659254,-3.2667901528511467,-3.294194895045251,-0.5186369994875246,0.48225509625549495,-0.38129442503806615,-1.8093374246351233,-2.1947456234481115,-1.1324498582778229,0.24662539889880086,-1.895416599817149,0.8376289432156822,-1.376382120299875,-1.1921511478587212,-0.18601334513142742,-1.4122946920138728,2.4919736747424572,0.2356481474465172,-2.160287371972382,-0.10612423291959391,-0.90845034592511,0.6664884160343133,-1.9343675034814427,-2.490027030955894,-1.9793736352514202,-1.559175288172442,-2.2658670961288827,0.6214857836359514,3.576108652874132,1.2370096007320175,1.9420168814967729,-0.20758779739754857,-2.919061234660498,0.5082946142051931,-0.6260763352866825,-0.7407446673163413;3.787440520042864,1.0517515645421354,0.19206468522278347,-1.7064925592757731,0.04615381354696274,1.7399057773250084,-1.6471370757313744,1.855037785095691,-0.2902365935739231,-0.7614984016869504,2.7585379887430044,-3.500446082696609,1.9712738376763153,5.391067897447027,5.345816645278322,0.6548120261162909;2.1710614693656094,-1.9320015059223767,1.8421877299389358,3.48774164622784,-3.5338518562028276,-4.339975940085226,1.0335154066198056,0.21794932122500266,-0.5758071096029802,-2.763539923178829,-0.06626482367837913,-2.9416402866112983,3.2809555419655334,1.7466323689403396,-2.1851458448961645,0.3420984481113157,0.9758728098554708,-4.720316815670349,-1.943054109013203,1.9183382651627574,2.494567481428322,-2.4048760515337975,-2.037299284894851,-2.5475105079260256,-1.9883226968250545,1.2430787592485226,2.313012194311211,-0.6835736156802051,-1.0657840115233974,1.8719242875517497,3.9214340219641586,1.9912031107972137,1.80317379006238,-1.0868049293753954,-2.8411268486503163,2.065198012313556,2.6301421806060112,0.691275443716991,2.1774139946284152,0.6446292171957929,0.09985524875909663,0.9975110858413413,-0.5812492920073411,0.46525926138856166,1.0380920288535038,1.4522311761381252,1.0917224726922006,3.984283197786027,1.8783418202981,0.44286364586244226,0.6935770178385542,-1.3716647856055295,-3.2599198849430944,0.05147013651271798,-3.5528858627970723,0.690293953434411,1.091115856277939,-1.557006708688497,-2.398042386111799,-0.3620779667118679,2.541444367101105,-1.1836472513988203,1.7810066498217776,-4.385749008502699,0.8373860992989343,-0.10084622540229347,2.352443659202366,0.9664563606682613,-0.25253746775147845,0.7298919681594696,-0.9280363896630034,3.6598126762331207,1.871673767763631,-2.860990920125456,0.4455110220236279,0.44140138570506326,-1.752564148775791,0.02526400076700802,1.1264410617221516,3.2814544720240426,-3.2442934757403563,-3.2177442867090864,0.9399250319554676,-1.7324986262780495,5.629730616833644,1.903269071745104,-0.9402075498046433,-1.3817247085809994,-1.6801380571258386,-0.42888350757461424,-2.5720468905311713,-0.6086959611167746,0.9322289100827892,-2.8573026756753293,1.781126237852377,2.2189239913758314,0.6181567366342656,0.4245009097475801,-2.0818831434380627,-1.6369427416241131,0.09625388721914975,-5.18277816969224,1.4683184128835334,-1.3882310453674882,-1.2976454452170603,-2.5725590541518377,-3.358840785463752,-3.5555741486714894,3.8032169288002255,-2.743458741989593,4.91367234428821,-0.35184626807962793,-1.7826578653871525,1.3888703075665065,-1.4646316854194745,1.4034414003581228,4.9167210571467095,1.7893727174611036,-3.8018267659484843,-1.3747457304793345,-1.2319691058629108,-3.137627192514082,-3.226508544797768,-0.23869284586323197,1.3172114291794277,0.9762304306728085,-0.1307264246783942,1.7166844919154207,0.8703807221359181,0.09163056342805054,-3.621797432293258,-3.6854496864609585,0.7911519545999692,-2.285604535330166,5.42721766065124,1.4514155317832598,0.18778403938052562,-1.877674757126928,1.611151351329179,1.468972313005852,-1.550211596961565,-1.8289567450014201,-0.035825765027658926,1.5640560728417354,1.3523362857333991,-2.5620557339143595,-2.424352927915279,-2.7776358359080877,0.48668164257912705,2.8403501529821513,1.0882567131319751,0.28730784648755886,2.8742610552577825,-0.028042603669253985,-0.08987907330845901,2.70880847235896,0.29306256011859777,-2.3853563516799023,2.8485950306322128,-6.639646792363375;0.8426633522096862,-1.3498081526492067,3.812925236397504,1.922301075212019,-1.9869500515512266,1.1075914592777774,1.0696766121820167,0.3287757267505421,-0.9850973183646932,0.8120749468170718"
9,1.8492682729594387,"-0.8459167201589962,-1.881908923060975,-1.0237276456015263,-1.039472716770895,-2.860526903210621,0.07886505774662034,-1.5684726225936436,-6.132170639517069,-1.8223429427630344,-5.732086318507121,-1.9361869275392765,2.9453649673769164,0.9784563448696908,-2.862077237029431,-1.203369948487533,0.1907102319127798,0.44409151709159844,0.8017877357327965,-0.739910932238422,2.9898082413975984,-1.093077926653188,0.1373899231854966,-0.9211180194672294,-2.1632963577348567,-1.357575214636575,-1.1454729276630462,1.53552379135555,1.588086749486254,1.3850428838022242,-0.6614548089292007,-3.2934581793645767,2.71803909837168,1.7231153877250887,-4.281915645200657,0.8670419127976127,-2.055241526595203,-0.2505804953796308,0.359591908393719,4.021638094700952,-1.3391044114360713,-1.779029079521783,2.7099489460603556,1.797632037820396,-1.7876279668401995,3.2355187012467246,-2.779861785056596,-4.165807176199792,-1.631629111842046,1.5921195059846034,3.5618108566946507,-1.6897399558172053,-0.3772458682006605,-0.009902558859823746,2.1204405793952947,-1.6565438671344248,-2.6026070370470133,1.6506908975086696,-1.5493858582462776,1.4843105489722799,-0.5871063740892843,2.304129650241569,0.017219237607328297,0.46498638010662313,1.7025060353854746,-3.7945289017198403,-5.644617672448559,-3.572351568157281,1.5490175757860878,3.1653302800217857,1.6824567653258817,1.4881530276403512,6.048990082640076,-2.5225168457488,-1.115746325684015,4.799491839591918,0.515581784033853,1.4844120844372408,6.568558770039832,-0.6506099489911323,2.2728683844871007,-2.9596797205647483,-3.29621434800817,-2.5563139049857977,-5.540638797512821,-0.8744762860185273,-0.9192100620049679,-1.1719989030881726,-1.6977400915074052,-3.718521905554892,0.5776946541958309,-1.4494654838020646,-2.96924501303042,-5.10502639306394,0.14032191048440262,0.53678645643212,-1.1902564185298483,-1.7712812565353129,-1.9475257812609041,2.327121693089679,1.7877013960236559,-0.3568380809055751,0.7201250937508084,-0.16883322246761778,-0.6781501854200548,-2.2222647827086996,-3.501314136471328,-0.9915657259612065,2.988393237028312,4.3609742018397135,-0.7729451820617158,-0.03720675343224511,2.6890514679590756,-0.8729574518867659,3.2273326731929077,1.6749156258728926,-1.6779031622235898,0.27505515102270256,-1.0586466105886105,2.2448103222953653,0.015199110485025313,2.1510661922318564,-1.995581519166536,-1.7401897474626782,0.16465042508919725,2.2097939866014165,2.7948755276875104,-4.477471886252029,-2.455376047853316,3.243981044872855,4.121236165047412,-2.6251697794968654,0.705967112195397,-2.6417992244661104,-0.06022139828275916,-0.5918479320342446,0.029529108086733813,2.286868837860167,-0.8852596349208307,-0.7299564400499784,-3.3412614044924007,1.4980506354230307,-4.519072115710905,0.7409635714361205,-1.9149275548212705,0.796612370087654,0.943727169422191,3.1748570773101026,2.4097052106393937,-1.3274264817214139,-1.0335109423377695,-1.262091045022328,-0.7204962731965119,-2.889448800380142,0.7803891875077731,-1.334316919067561,0.592013705259001,-2.492898410620361,-3.2273324522267455,-1.366788279868971,-2.716064928574399,1.4152277748312012,0.30734834914803666,0.9591640898489976,-1.5614022343414882,1.0672002297020193,1.879733952743768,-1.7217334585599111,2.0548678700666905,0.2887186775871064,1.286221593553803,-0.3370893495659708,-2.284725208869614,2.4146693682811455,2.5447348185159684,-3.1477526948810506,-2.5358574046838345,1.7792296815815325,-2.235883623579091,-6.664410510849143,-0.6861744055970462,0.8627528115932921,-1.6762449007342877,-0.006900256706797336,1.713129825374438,-0.9670746593417996,0.3998449180257966,1.8013156940669468,-1.850619190749558,1.5985625376113621,-0.9037158677491254,3.1533999288541588,0.2911671939576837,-0.30083096394679987,-0.12827038577192618,3.6333714252531557,-4.026709769323685,-1.2074575913545478,-1.1872087292212583,4.1240346213319485,-2.037284981183325,-0.5216792253543369,-4.075433006421283,-3.458698001013703,0.5530033297999648,0.6464214889643485,3.0165506973641207,1.4284152416321012,-3.436257499487975,-1.8982281811000363,-5.002065426482109,-3.2691573955585675,-3.728835394729356,-0.4151164745504516,2.242117074222084,0.9685047216691195,0.7255317456758734,1.3925101209897348,-0.09246742470803856,1.5206899431367988,0.43916798646180055,-0.8352425239970875,-6.240426426806213,-0.5625229356536439,3.686511234583663,3.134614059445134,2.192718839972084,4.438204150658471,2.838793842570249,2.500526399635301,-0.0840071982897001,0.9760058026382108,0.563694298013987,-0.010561573623831255,1.0731737984795513,-2.003082661113002,-3.2116712727064725,2.8769257418239613,1.9603519884766518,0.5363721208652965,-0.4679144218594624,-2.5446758260776967,4.350205467436796,-3.4135964034816677,3.596058147717553,-2.6927646750447027,0.9351287236448651,-0.586179616764213,2.608437064777427,-3.0944344813462763,1.906813389061075,-1.3964710156425497,0.0031576323823537256,-0.5717003242985134,-1.5479044550601655,-0.14626027320881851,2.8859969937469545,-0.8788121749015577,-0.2952971224717896,5.541178742033214,-1.4235981261222408,-1.5757321014142471,-2.953145909021217,-1.7533702510996636,0.4096248778445771,-1.7474728179944488,-0.2232706641995101,-0.07654782132412671,-1.0389341829598742,-1.3448650442185244,-5.2754629610995405,-2.854533991413387,1.6207560262425547,-1.4803428276034254,-2.8978574004043693,-0.21337000006306878,-2.1201194250748547,-0.8597688052764986,-2.622343588613663,-1.7239346083814153,1.2740016445479156,-2.6464319209828253,3.369107944918235,-1.739588221352819,-0.03564294158018354,1.1559132632210738,-6.328078949897482,-2.114643432157918,0.190709658768031,1.8130844073374477,0.29922771088184685,-3.1197589203905247,-3.250300167703658,-0.5234353314292075,-0.11948613567231792,0.7097548061757468,-2.046043950787368,3.4188823106737107,3.6986378782246825,0.5721316132426693,0.17563294315272204,0.1778416308226557,-3.013511472977907,-2.5959282645607127,2.8604492944602304,0.22451968063265793,-3.195285180742965,0.5032384884802816,-0.7005025359203799,-3.8598455798212084,-2.7720151065452185,-2.0684137654564876,1.31933566063713,0.12254987487711644,0.7296289625081541,1.794110945064346,1.780240186345544,-4.251667097711556,3.712126398229149,2.0093507553607544,1.5659380727165768,-4.145981920369907,1.7792641365878064,-0.4554563571075516,-0.11014124124032017,3.8431842832907663,-0.19232170397506787,-1.8280761244340225,0.33616125865428403,-1.453056947184588,-3.9021330216836825,4.385550184244727,3.068216312777916,0.7584814149861517,-1.5892648374962839,1.3516062314674822,-2.0768817668444344,2.136096110771731,-2.9795780847413877,2.5816020549889616,-1.7864688008831053,2.2033526243076342,-1.1097817650721118,-2.872264450003927,-1.1611655216354748,1.6434123381189933,1.2863648212075214,-3.965605881005711,-2.093063455394197,-0.010134302835591025,-2.8938962999826563,-3.0729753029305815,0.9469285214704664,2.7584231930934084,2.261337629626981,-2.8189841280047983,0.35826136673567643,-0.837218510413384,1.7698886302650778,2.2581036687801226,1.0803763016751837,0.2915514925888414,-1.714554430228511,-4.124241349111882,-0.14120633880525163,0.5478539546198359,2.3665631207411457,0.4488676565635585,0.24881623092973526,1.9825705344643265,3.214870936395134,3.046812925291639,1.4123480456268607,0.9324496347624489,3.8804310765831733,3.3154436585372697,2.4622880271916645,-2.7946804569246444,-0.9714891143577984,-0.7567684994721705,0.10712419981467863,-0.9876410259692369,-1.6022635327199577,-0.8952209918743588,-1.2551636454548607,-2.4145382835167415,0.9932968562092265,2.1347550114185845,-3.7317244699119634,-0.7663926493328019,-0.10925077048934495,2.8795503827415194,-0.6306723592985072,-0.6552323265809075,1.5516675626050016,-2.738713673622386,-2.9011915698258486,-3.6383514385742926,1.468410390351651,-2.85485658594166,-0.6051239197412297,-3.233561761969238,-1.6348540958666293,0.04381113725547191,0.8277665615888491,0.5811204751980247,0.2505479805146622,2.0718704689032204,0.7446693501316104,-2.2054976517410525,1.877211967316231,2.696675322664822,2.0585086436747697,1.3347122779581875,-0.6037458450136455,2.318093953247032,1.4806041307367659,4.756014831295413,-0.9678223532529862,0.6859642889335797,-1.8977474694816006,-3.957912833179131,0.37428391569100994,1.962989834345747,1.2904312001332963,-1.801460184401208,-3.046302814022874,-0.8500883097476413,-0.11682396440490905,1.2269392162633284,-0.4216148152252772,-1.9468656355225624,1.126184001051665,1.8335162324620922,-1.6594134370230655,-1.170854100820469,-0.3488495850928989,-5.807578754208856,0.6207332661075091,-5.305529786011047,0.3514564393255961,-0.37193673656380527,1.356675338853126,-1.493103687894548,0.12634685641349325,-0.4940312131937563,-4.145580862742046,-1.3473585560528045,1.727271124822943,0.8045602816947809,-2.3050932850734855,1.025348029312263,-1.1876776497672388,2.0969524345004404,0.617470344714114,-0.06212037104603252,-0.012852169187865747,1.503130718751832,-3.4619324395119593,-0.32590086118318123,3.3283032207192083,-1.4193327377316254,-4.159608946090674,-0.352447366107003,4.105443388843431,-1.161111128070158,-6.550751723885656,-2.6854877001513717,0.8649011916286831,0.7571986408123564,-2.9651333142820846,-0.26213163104984477,1.8009688044386474,0.8390683108173144,-2.4746405236981457,4.565242814928409,1.5153885453028344,2.0173053541839288,4.144616313933275,-5.0619365269368455,-0.6460004888898196,-2.073097819636443,-4.305531214047535,1.3723533806993897,0.22747069022546368,-0.15338884308619022,-1.4907167649429383,1.4046087850487132,1.0306626013844808,-0.3791338844484946,0.962209738981604,2.211400627820617,-2.809886707865969,-1.8570936641145166,-1.2002504653127795,1.4955023144322808,-0.5304809984783436,0.9622523874267629,-1.3326708897295365,1.8343637248364943,3.6724609127303056,0.6865901684931276,2.855528385224842,-2.4432334809234253,3.4870187844749427,-2.9512674473298226,-3.770010159086871,-4.467168306262682,3.806513577995989,2.0418954297718086,0.049473219889728026,0.6441397469938529,-1.2007154400948585,-0.6213094884167404,-1.0490033634896923,-1.0233218011093603,7.451016466041396,-4.876099042023162,-0.17859121967847041,1.000838310997995,-1.857030808264644,1.123984245217446,3.1426733050332816,1.9178979517433599,2.999535337685,-0.8442807912694797,-1.3455420062095544,0.75756039436169,-0.3388895867876422,-1.6021111111880082,-0.6515967532145275,-1.0053709813078242,-1.239649611522381,-2.5321084020253934,-1.6658396544217273,1.616939685644438,-0.08684019213785346,-0.14594200107367988,3.1238583909234907,0.8788353515888966,-0.37253428476742145,-1.7793417176352468,1.1273323210133048,0.775151753045179,-0.09931654083806052,-0.8885589315636405,3.6336867859985356,-2.2148746698233936,2.3702011029174015,0.5538241782360297,-3.9686051622153435,-1.101440707975459,-2.0790821266847725,2.103806343522471,0.21548016084048327,-0.941969322257009,-2.470464549531733,3.1249543407247993,0.723333421468181,1.9800717675181787,-1.2146120674829692,-0.3074254933882826,0.044454789315810705,1.8853674219955434,2.069568915860966,3.349635582952134,-0.8916413749644345,5.48369411712601,-4.511034364766612,0.4341948712709074,-0.41726480888746825,-1.8521772883006502,-1.5421059137276942,-1.3003826887485341,2.9689919685596964,3.190279629186297,-5.944997588221551,-3.7938407985592804,-0.5816551483717227,2.7133761343595957,5.876668265497546,2.4934299111512424,-0.8093316142523375,0.5836957173905944,2.5011042532760532,1.4995023537121241,-4.02006594973182,-0.7076748181640437,-4.702027079469692,-1.3904053363748263,0.06284645337992983,-1.7519848563912344,0.6724423471313403,-0.07814968787217114,-0.0935038662443688,1.882784265748569,-0.6270754362165137,0.06149952667694969,0.9810156580999634,-0.7535671330750708,-0.10574888954949863,0.16705352915581795,0.9686474450415989,-2.442309995267103,-0.1960380847378584,4.37990185537288,5.511122490933053,5.357657564912693,-2.4513413630668097,-0.6521593333859457,4.375124735841672,-0.425534006177541,-0.3090064967033672,0.08158910464184047,1.1476462884435443,1.0314419282278757,-2.1479237608889825,0.24858197490335632,1.6280291254399266,0.04483071766908342,1.476134803808714,-2.347197530491008,-0.36480842259124435,-0.8061993737208336,-2.592613014460604,-0.9575123522808344,-5.528208280165368,2.202872777414838,-5.301363351026503,2.5015440243947027,0.20408766626921437,-5.0452708103863735,-0.7988246310635181,-1.8406590742270215,0.7987354651110594,2.531660081422156,-0.01272975618985639,1.1466739352006754,-1.0447045555874508,-2.012277032423218,1.2392575352076531,1.1461577007100514,1.2436573480085045,-2.2077657041414143,4.315250677392113,-5.32865367877225,2.9604106038682145,0.7866297894595469,1.0895447877337174,-1.468644327042008,1.2766217669479756,-1.2457371373997896,-2.1150644661617917,-0.49524898995076644,-0.8048679361780254,-0.9849538804882056,-1.354680121154611,4.12411210891492,-2.543191613156873,-0.9447961322684956,1.4358172077840547,-2.0716700666761496,-0.12682782888234317,-0.3943471388520428,-2.8787566823873387,-2.1453952105099723,1.70753008761162,0.18374842221179155,-4.01950300857255,4.886628476488203,0.35391817289050975,-2.8059837698402488,-0.1287759302446181,2.2194763264155313,-1.2494311551388162,0.09825783036053387,-4.021574095963889,1.269580607259057,-0.8898336671990023,1.624023715697961,-1.4710900926262744,3.1400098742652,0.19576196210521007,-0.8400437919553734,1.02100187383608,-4.037506546352035,-1.5386387732834408,-0.2533629472370462,1.7628327070871952,1.2511893366466427,-3.6156505235079948,-3.575663544012291,-3.195080472769764,3.353757352788763,-4.318880149131365,-4.451116219628966,-3.438562161442918,0.014946686009750798,1.6919914151904614,-3.3668304686477164,0.47641433741083417,1.4267317032327114,1.1367359778013766,-2.3791495926355473,0.146860694378215,-1.284341291280441,-2.36335917621476,-3.063075141549302,0.2175307381150007,3.874149922154447,-0.612826648735287,-2.950176862870994,2.5165160516674066,-1.52337505106152,1.2277144614619613,-2.42517586915198,-1.3362350428139966,-2.1480038260399894,0.9146539032922596,0.1580973679389005,-0.5169258220434496,-1.4812435460495168,-1.741652573702264,2.3680370891759472,3.262329427908454,-2.0822214739133296,2.082090469485807,6.462586328978254,-1.3435689942366702,0.04137909559586106,3.718399888356966,3.782845707125866,0.23998897495296423,-5.102406407692367,1.483577512476419,2.1213531368270564,6.647107213173762,2.0912854761814184,0.044438633031917085,2.2658371148263687,-1.2922353336878696,-3.549448648049428,-0.5470231917613481,-7.527305322291596,-1.4654993965398875,1.2239344897255446,-0.1295567426702432,-0.9609878394812127,1.552668613980103,1.1257949328496781,0.09686995404227802,-0.2723878254141768,-1.795262825915768,-5.518742591246012,1.3620794145805615,1.7430266851416865,-3.6391028066150026,-0.462466451557676,4.580223623471603,1.6455032032272068,-1.4719227200090244,-3.4588259293057257,-2.234648326363914,-1.5914720740906039,3.4291965612538613,-1.4088093851675363,-3.2507501739746187,0.24860102525565386,2.522226150418418,-1.1660572379940635,3.6235366575208405,5.141684216205358,-3.0801763594085214,-0.09564975974790155,-0.8322530159088506,-0.06113346856783963,-2.126683095419339,-2.545895181337037,0.17419621172905397,0.9017289642871915,-5.687750697905574,-0.013507140415464247,-3.1175159885527615,3.065954496361666,-0.44571697838138447,-5.029431113756178,-0.5584405813632468,2.202286954202632,-0.8347079622418115,1.1557950973206852,-1.7466278811288243,0.7595280485097233,0.4263395623226511,-0.43146179331689705,0.43877076902208834,-0.5030510748465699,4.49176192479353,-2.74193297942582,0.5287902278435891,2.2909697589657574,0.31944061216292774,-2.0200744592072333,1.4810251277092985,1.4998851590123503,-1.0935137339505143,2.705362644226332,-3.5022830007389025,-0.3617302577060122,3.30089804594252,0.17205363123734171,2.827919495050452,-1.9157716832301226,0.23561654368200546,-0.29114954155353845,1.3273073500773236,-2.2414875732735418,-0.961474060215918,-2.54279465076373,-0.382000475497303,0.3771810181052013,-1.2120379865595767,-2.6452544132052678,-0.39659022050514003,2.6164606273318984,-3.523782871645458,-0.7356295345195563,0.38470149036939316,-4.224187114207903,2.796072725361814,1.3851472558281481,-2.6058726342542147,1.4126502272225987,1.7207587664771928,3.5711506570328257,1.3862850946804195,-3.012301506586175,-0.4791656440706799,-1.080613536674969,-2.4438144120836096,-0.5654759397308496,-1.3278517171780873,-1.1199241400890236,2.3641031690520795,-2.666529455781701,-3.4513799498535382,1.5441490264719604,4.0374486866693395,-1.2179349205523131,2.5724087994306313,-0.5642915459206927,-0.08787476204010242,-2.214493123821584,-0.7055102928470296,0.23463536554844877,1.6346928608983382,0.5318098984163038,-1.1493609196382502,1.4396938517992193,-2.962779958122953,3.4320503430911153,-1.0842330105839755,1.60761051634594,-2.5141906153000333,1.951991404767054,-1.6166882715330115,-3.616457167295852,1.6820806627322122,0.26841300094899934,-3.1569975015666962,1.0509067421281273,-2.667889865750782,2.94048050901172,0.7599547287358797,1.3382404553658613,2.8940804798212776,-4.245046384713029,-2.6453068672502975,-0.6944980555291367,-0.024915372747312092,1.2575175501033817,0.5077145186192313,4.308216457041845,-2.2604065752023947,-2.1645620322179417,-1.8538869489080065,0.0032942989670702305,-3.161407154875921,-2.7780544854612343,0.024795431272096685,0.5767487034993777,-3.729711445129043,1.9438771231919054,1.426753642336095,2.0460911709036944,-0.23360384462720413,-2.1556593287645764,-0.3508501674517591,-3.1300607221493175,1.741861255154273,1.9657112357050994,0.22318303543985396,0.8051697894724066,2.447183990412243,-0.09541478015408433,-2.008358707657169,1.0543422456435734,-0.09550077233415277,-3.4322707319894414,6.425183450810689,-1.3106683209978542,-0.8820999024689196,1.058243639901307,1.371892678127314,-0.09591872908474017,-5.059044833288329,0.03815774291498081,-1.2391010473762365,-1.892613603140261,1.482681998257288,2.9390986011074425,-2.0162759661973366,1.3335353558493233,-1.6676371314154723,3.1374773058319634,-2.496681448943323,-0.4249449874803197,1.901381330857875,-4.892779192147309,-1.6481545481780153,-2.40655149907767,0.3028867550456049,1.8439503979338345,-3.3778839054127676,1.6425342493856052,3.3996566794573524,-2.241577546101834,2.757212574024873,2.9825761287459054,0.8029880692388432,2.4221428260827063,0.905884763164909,1.6157437456829815,0.9302380626856542,-1.987400323595523,-0.809043408983109,0.6984926733546859,1.382003047853992,-3.126364635685818,-2.5651057523058176,1.6714512342592684,1.5743153506032797,-0.9545256240880172,3.46981260492114,-7.775848674466794,-1.199165378903291,-2.694584558896808,0.049715843343543786,-2.8675402877328606,-1.1228002627835698,2.2121623944893245,4.453558458285907,0.15940133213734198,-0.286247994096987,0.7904843187603594,0.4732426891342775,-2.200316232341204,1.1476582197876184,-0.4866091664544898,3.8035457632052405,-0.37012464109849896,-2.5464000378968112,-4.030527431069702,0.34037760144617163,2.432034366552829,-1.6017515718617257,-0.7120701800499656,0.5022354593009202,-1.6931815337303437,-3.051528728156641,-0.1901176769632369,1.8505944704796338,-2.48528901622051,-0.9698500668740921,-5.7452793478081015,2.124242869890659,0.029516862165825407,1.6869209225284392,1.975821143929431,-1.0887408683680888,-0.21527522170839353,1.995396069023486,1.0517095680407307,-4.643251785062587,-2.022056331611657,0.2206849746322312,0.860614112783356,-0.08467141810402334,-0.46922950181247236,0.793591569881616,-1.0313263113049647,3.4373523096239533,1.6308325157924815,3.4027848070156144,3.8399071157512035,-2.962778717861128,-2.597946792099901,-0.39563120605054125,-3.513579009350655,1.4754197415949561,-0.35315606255283843,-0.09040149071303821,-0.5716151923086507,-0.7660569341239426,-0.4092146714390541,-1.2001425906561969,-1.7431126749730894,-2.3014277858574825,0.2619383206432568,1.9868408580831467,-2.633444874491539,1.9736603871210932,-3.6577867635382093,1.4164409248035137,-2.0879518980727063,0.8693604698437842,-3.445632306693444,-0.2678665900166315,6.577329424270559,0.6470524760340322,-1.818611620617796,-0.017044293352985462,1.1161958811545762,-5.049697402528487,0.4567203015812642,4.0151193497997655,-0.6744463569037117,-3.0549982592775744,1.269899866884979,1.920586004415103,-1.8629147006124538,-1.5695697232359382,-1.6755463034285647,3.4582922172522848,-5.308138815546574,-0.05034308800741516,2.6217548494049665,1.6034506186120288,2.0367842646622605,-3.4286017039623315,1.7255508597541938,-1.1612150371530707,-0.9022953984859365,1.4925969571050923,1.0856288483925125,-5.019214170640766,-1.3653822022342816,3.3410209683420753,0.30510149806696785,2.145175617805488,-2.6996578204124266,-1.6362146008479046,0.8037832492723037,0.13357788706386675,-0.3677464105179918,-1.3176745442489475,-2.114413054648444,1.036498422107496,-0.9243545062629375,2.205803895609635,0.44529096207253716,-2.0159918309900875,0.4299718929563999,1.449543106018959,-1.5396391440410482,-4.329865027920352,3.033199124817288,1.6364612225715225,0.31332617036513777,0.653046156096901,1.522737921264264,-2.480944251737481,-3.8638548747068793,6.853069450882473,-2.945360300498913,-0.9400928491037245,-2.7123474440770137,-3.0839559073820126,3.611367118970109,1.2991096729731433,-1.4406409046994646,1.6180916945853632,0.20862588195335718,1.3951044911961128,-2.860645393830098,3.0889360610336682,-1.7039206423527289,1.1772512913806268,2.7351957631391146,-0.5011341636435385,0.4364923405247024,-2.1860782209427376,-1.9545306754931937,3.8116522515459974,2.9718109102410466,-5.469681969243228,-1.4866011590726311,3.774717619294908,-0.8611268707242423,-0.6089628359048609,1.925107653051693,-4.81153102271346,0.7989036385085927,0.8282369321618079,0.8480222599878828,1.2846892551317706,-0.9106940733138255,0.010319356068750007,-0.06334145213116094,-2.892260207379186,-4.7442630880207,-0.07279504650780805,-0.35261036840628646,-1.0196438368796583,-0.3191249677108374,-3.5437183042439457,-1.7176365091780221,-0.4077645294053964,-2.462767258772152,1.6212944400233935,-2.9832756654089403,-2.598036937198792,-1.568589082444718,-1.2256591371682914,3.166087992281302,-0.9749419035773018,-2.4188110798290987,-0.48456913872203866,-1.187541017865817,0.4673542454028166,-3.2090895302337943,-3.177269365453579,-2.406778949344713,-2.7127640722631385,-3.2127274270854773,0.7036510706734531,4.204839548309824,0.6224184375365319,2.856266029962295,-0.5476871452690072,-4.6547616565359755,0.08576780011099217,0.5999811789583789,-1.9257138854034648;6.344611607720569,1.7408652273760663,0.7552896182156545,-2.3629749134145275,0.8497977322178649,1.6864709312366466,-2.459837952209452,1.58879308655826,0.32755274292118997,-0.24218476658302815,3.3487792720074654,-3.3782296904714846,1.188385593663899,6.758076388359383,6.655941003227721,0.15021873720738183;3.075013643528641,-3.3096828442212454,2.6316053161678004,4.058975182830682,-4.856244841847246,-5.003270018229662,0.3789376578821704,-0.24902008907446388,-0.6564415610154606,-3.409268374559261,-0.5332056925461076,-3.5606459406553626,3.4178917385044256,1.3127807851690123,-2.7761565418825107,1.3936019379870652,1.1790270624267951,-5.768565366460404,-1.6944119342061783,2.011854358749518,2.7746752875078333,-3.084936030266969,-3.145371055929734,-2.773290240120904,-2.0142787205344894,1.8586108682362408,2.7040074971252226,-0.5791512073740918,-1.1985896760167678,0.7585282889014602,4.474808542971907,2.0209842305603005,1.5222250989135087,-0.6331116192285354,-2.7399074261492276,2.337780448960649,3.2140630382381743,1.352030721317647,2.090732421640938,0.9687765003918738,-0.27691643021907353,1.2394811174479377,-0.2995592453815136,0.6561293292818062,0.5600943126428084,1.8803208808762548,2.144287803424637,4.452049864097813,2.199210458636282,-0.0195540812839895,1.1740648120540111,-1.663452735800044,-2.8225061379812546,-0.12773526030019028,-3.3057503271903985,0.7943068518019705,1.4683666799168669,-1.7526172694433055,-2.699830377679425,0.02976991277397323,3.0949156527481594,-1.5371502763160474,2.632364645851793,-4.44776713987156,1.579671970017722,0.6037282180804566,2.252689999024548,1.179417427381047,0.2156472074521642,1.5319609976210091,-0.9472235919662501,4.213077250671931,1.9188399162899032,-3.674933520722602,0.9858000618517072,0.38404943225869287,-2.2259951058570415,-0.06501328315460358,1.1910476476827612,4.130052213480656,-4.370235965175304,-4.284970634319952,1.5513961031629593,-2.5564899413059603,6.031242417315435,2.2190484900881886,-1.2824599498518767,-1.4928635388718943,-0.7777560440671725,-0.4327280872981645,-1.8259585370889722,-1.4294480581012055,1.0994870251556663,-3.149441702839642,2.630711968470754,2.034497784515428,1.0424012763047306,-0.013664248445373506,-1.9743250587016759,-3.220166130408802,0.9175573245735691,-5.833446804376946,2.108431759010569,-2.4847130284763117,-1.2790344857062161,-2.3243819153136513,-4.168873276695062,-3.910542455150583,4.8771477933527105,-3.347866304982198,5.615876275853626,-1.128893173667824,-2.4154426677993137,2.104477540483095,-1.8557337163271697,1.3089558138980073,5.876764667008942,1.3616624626265474,-4.226660182555166,-2.0227686380351,-1.4354461485959003,-2.7091744258623294,-4.8092371517148935,-0.4995717364280064,1.2873777765136667,1.5487300522209775,0.8126585508050856,1.69533486052635,0.8022571878708855,0.05990362722565701,-3.880167890554595,-4.825267826546436,0.8865393135737782,-2.851215819568896,6.610763919208522,1.0608737144672626,-0.2144948388296828,-1.8484568662870693,1.5496572952482757,2.3517844504771235,-0.5159601885062519,-2.4662896325215664,0.5119548718827939,1.347578025307191,1.8596958520065154,-2.730097767904091,-3.211681556316505,-3.6856556666387825,-0.598819774262487,3.0084293305515684,1.4581332294502094,-1.0430563898841485,2.7936958535228524,-0.13939486122338424,-0.30762032492067337,3.502839469033835,0.16211089831858366,-3.0553048141170405,3.5039248175040294,-7.666049109088029;1.6870803407596258,-0.49951376071844256,4.007729566447967,3.337653520533662,-1.35440053955907,-2.501459169252713,1.855544954209988,-0.041612002286377264,-0.8903883573728456,1.388333697591143"
10,1.8448666635508413,"-0.5212592755685599,-1.5984309065743187,-0.9114556960712572,-0.6083771313906932,-2.700876150720103,0.304646977199015,-1.3451384112701301,-4.913236763755662,-1.5989200264181225,-5.165989584695645,-2.0404069421366273,2.521486851075987,1.0116738959998692,-2.131604343070251,-1.4067029955604788,0.5424709689045659,0.7380666721759424,0.7521244220698234,-0.9472781494770394,2.6657034106162683,-0.5994373395980226,-0.2761817071177111,-0.7402699371330618,-1.3592111519788723,-0.8907521629637452,-0.8318582249941979,1.7406995290283014,0.9739962803028756,0.7405475990796272,-0.6087311506421813,-2.643933178458877,2.1827144960948015,1.7446048792203102,-3.815139303754762,0.25174696585867695,-1.947285642932771,-0.14918368287139971,0.36736458958485535,3.0864020709448408,-1.2899129905760516,-1.5459466582535417,2.2169056530512803,1.2139942431966595,-1.6962949076308231,2.247197075604546,-2.4514628210676834,-3.0839332430963307,-1.0877128677533277,1.25939542035688,3.0291198532089934,-1.3637514779756754,-0.37377184526054186,0.03418990627660985,1.122114265925738,-1.188107209602885,-2.3518199153233597,1.1899878360635578,-1.2773421824686764,1.2835713798978343,-0.4055715700409852,2.2160820007496334,-0.1517682921564829,0.25628385135955123,1.7426369554990286,-3.509785249435002,-4.588157809535899,-3.2169696782714805,1.010969366768174,2.69001681730426,1.5440711230136022,0.9589010818214314,5.528418123949352,-2.1895496270077115,-0.8204091517991359,4.203491280949306,0.5133310115236035,1.6240498921076048,4.93757771553182,-0.9214136059417153,1.8010499933861461,-2.1861072634491743,-2.701313561423036,-1.3831754721159164,-5.037263630121333,-0.6672463364099276,-1.8404716602919473,-0.6365261409638444,-1.5303920625680545,-3.1998263930048476,0.48792655040853167,-1.647441371558073,-2.5868988705378126,-3.4456646810469325,0.15789292204650357,0.11078832281359928,-0.8709356827749876,-1.7041470378893528,-1.9356387224770923,2.43951143937225,0.969196994169313,-0.6878043688415607,0.18947217223272492,0.0641760307392445,-0.70492952238903,-1.6157643769824457,-2.6582218710199887,-0.9240276880520047,2.3854130802486364,3.2759423658373943,-0.9152789862878787,0.2690621855339066,2.1660192126484237,-0.5227121683042585,2.467843591930976,1.241357147129308,-1.0553695550635953,-0.08891375803316502,-0.5151960941829562,1.5663156141433374,0.08502679678734329,1.8435669356754036,-1.6070092280872625,-2.0447048476796725,-0.4769961147002043,2.02288270836916,2.8495512642611986,-3.696211760454203,-1.8868041283240682,2.648625724824613,3.2351455870856554,-2.38356349632092,-0.1439059670135533,-2.448265101610788,0.19674069782276196,-0.9404660502396768,0.23278284472830962,1.9178867986986532,-0.726014589216149,-0.6544398306550929,-2.4736282514821752,1.5645329551771265,-3.2801743739597873,0.4048987847076184,-1.4935285554180695,0.7007047673960355,0.42702253313916066,2.833130178936301,2.401040931056153,-1.3066824148934177,-0.6464442508099434,-0.8350570198138343,-0.0916214753292629,-2.7878376140663352,0.5741462867578605,-1.1994606124434233,0.48094720867370294,-2.065935445543036,-2.2575255233497997,-0.8411096796403532,-2.4151391497694745,0.9660155088383007,0.09189931513132782,0.9242095336883158,-0.786351671599072,0.936917756347485,1.2334439627071354,-1.9728224823013079,1.4322641094049726,0.15680257154696314,1.483462837713459,-0.7242781101015167,-1.4942526181121438,2.2636124334271734,2.488299294596268,-2.7088392956712948,-2.417722058108841,2.0012302196410885,-2.0180935010916667,-5.276199273193242,-0.6558638050558575,0.884630658385643,-1.3678880850146458,0.06171095336180307,1.223819298960797,-0.8473838912736644,0.42596077550995953,1.6242966864553312,-1.2426200618635688,1.655599479483075,-0.684177509340578,2.743093501159108,0.12669664378987572,0.48213324600695173,-0.044420824436210725,2.8425796580854925,-4.183800361978157,-0.8813953677644502,-0.7203792775446495,3.252528615018367,-1.9676024352459953,-0.4299283377167722,-3.451397655456118,-3.2923434936578175,0.8563922887928824,1.037989069688873,2.1370482672215845,0.8091787101742725,-2.47426275375501,-1.3989650957101736,-4.223746023551234,-2.9461297952575958,-3.068579615891738,-0.25368675032151133,1.7350351504844361,1.1183767150304567,0.9686740517778872,1.0455743512416982,-0.13332000432010227,1.0563070124528469,0.8741041331836009,-0.41713624495746926,-5.304504068933022,-0.41684848516537026,2.7351935228627573,2.6092237316771407,1.557512417963461,3.7816489663963457,2.6787139600798096,1.6575731890095664,0.0005452182758124216,1.0753824303187691,-0.07654432523190331,-0.34211778085612454,0.9244968480134435,-1.7743733336962233,-2.364100996252736,2.4396863915991203,1.3934259403548666,0.772082452899289,-0.31243162386521484,-1.9034315297949378,3.9370831632919328,-2.9902286404117078,2.855664737446052,-1.9774289282311774,0.689995525530783,-0.39190388944557414,2.297374182926074,-2.2206487201971976,1.6709814226562458,-1.5226958714955654,-0.18569859263630395,-0.5444828293945025,-1.6553945537306802,-0.2584279857877877,1.9160547578475637,-0.33772804541991414,-0.05218467878431253,4.63526221178441,-0.9043744715112335,-1.6063720459662134,-2.5343884870256894,-1.1544602750699764,0.6050838574289755,-1.3955722170723304,-0.1808911356379702,-0.12580783534907805,-1.052402235284909,-0.7386738222739214,-4.889813748470145,-2.47017924968468,2.032439286626977,-0.9402087272198659,-2.1704919918539494,-0.2934003100159107,-1.4923059808634376,-0.5496885975780874,-2.031431014372829,-1.0969014596026632,0.973272939940019,-1.9887900411351946,2.6433197323356796,-1.4425835858117402,0.18692331675012852,1.2024233134687137,-5.278749076313956,-1.8641285619081438,0.1464447145162742,1.6620725042482798,-0.4077004929097667,-2.7397261699274247,-2.7831414316868672,-0.06234044115260928,-0.2961209009431585,0.484021604031083,-1.4498018397182106,2.4546118494707954,3.303894794589731,0.443146212622899,0.3113616963544007,0.48528008050251226,-2.5537080103551606,-2.124314756793105,2.6118047068311823,-0.26401463444975026,-2.500689694638074,0.08306522366423982,-0.5499919947989624,-3.554863088956725,-2.0790201213294957,-1.3413359278875798,1.773223287232012,0.019179804202399148,0.7692773397677075,1.5892627934346897,1.1361997907021895,-3.7318888063920443,3.3490413697648465,1.2135863686255897,1.600559841736798,-3.7086813017619695,1.475888804323171,0.23169639557105626,-0.08089733470841379,2.7192544065423125,0.1967605769010322,-1.2031107097823681,-0.07491511903258632,-1.411085624805307,-3.438170499195917,3.248153686836555,2.5635203537958047,0.6492788435950136,-1.6105757073042493,0.948600604023249,-1.9655052867141674,1.8242291704880886,-2.7819487620164494,2.73848552047207,-1.0589115746124615,1.5584481875161167,-0.9200049305251636,-2.2294438424497383,-0.9976382334289353,1.4547387066240876,0.8206249734896842,-2.6496298522708033,-2.12957712651264,0.2938030049145157,-2.362132524644497,-2.4163962889514528,0.9254277285689775,1.8352556702308436,1.768677777399731,-2.427958467509058,0.2716854403361866,-0.7682557514546422,1.0526811839656818,1.788000982486757,0.6870906514873892,-0.08770700842938012,-1.4432233299773491,-3.187838895364865,-0.1443167146136205,0.3513565724233749,2.1063443181897763,0.1819367926656832,0.00630305013870314,1.3480870256895223,3.175836482885875,2.420380852664942,0.8698942956044621,0.8087611861946199,3.1738325542552457,3.184395607720328,1.705158265869616,-2.499434372150355,-0.9523488844477852,-0.745789296773985,0.04251995833808111,-0.6704504994720729,-1.003676123884507,-0.6417014638739493,-1.100096473310747,-1.8737742932392907,1.213986685522594,1.4882422210800608,-3.1291767695570805,-0.4746785740612842,0.2359904975625723,2.8078731391625964,-0.17507672599685836,-0.4425727825747353,0.8223246047745167,-1.7878706434731062,-2.418065135428998,-2.68440069992143,1.8509162448542207,-2.3595154055284637,-0.5824418309421362,-2.4695673838741374,-1.4905389830992097,0.2850339122211254,0.7621298704282469,0.6367303895046362,0.5672100719505029,1.5842297554865277,0.4158011427421738,-1.9079896460009445,1.78548550751893,1.5273744633966901,1.6346653179844013,1.1119805770096969,-0.4924952773355681,1.720627129984096,1.0152484086786038,3.978340471779016,-0.958500814288151,0.6823950462460888,-1.653542714101925,-3.203133919405679,1.0178578027018583,1.2703839562527348,0.6866012316970139,-1.133391337150444,-2.337252797938029,-0.7520842361026765,-0.23471343228490404,1.0203357543928535,0.46277470650995534,-1.9299349027487818,0.9513828007932574,1.770588455823827,-1.259060723281776,-0.5650278374791528,-0.5411727832601281,-4.477790548435394,0.7682943752668976,-4.500117242096314,1.007440784062689,-0.05877958861415951,1.353664735958174,-1.1617752772013095,-0.2178625741681045,-0.5978281129796328,-3.2657104424137,-1.0596833643977501,1.4159800105031626,0.9493164814527029,-2.279938422894131,0.7256742879396503,-0.4685442841946402,1.7673213068380302,0.894958223127507,-0.43424905564479005,0.12534584992396663,0.45198176755861746,-2.501812648657989,-0.29778980791267906,3.0246558500501837,-1.3491538216729888,-3.200717393688349,-0.8955360483229604,3.2315394009155485,-0.6454541733011897,-5.640075944908628,-2.2346869330956864,0.7487709989639189,0.4718281196623786,-2.5602623272748684,-0.009569114233340538,1.157370706175848,1.0327699477764458,-2.1204148213338474,3.9634664967815016,1.039113526140246,1.6454194393951964,3.701842252233356,-3.952124556592774,-0.7342683114096833,-1.6249087580810566,-3.4821145995920824,1.0556723815577835,-0.07292487265394068,-0.0374978615811416,-1.0530596351342545,1.26740219706363,1.1023311100644713,-0.40747756617556435,1.2367609338358319,1.9939388645350526,-2.0258994374631643,-1.3746872026791646,-0.11117772368493284,0.9381175044479477,-0.706109074647793,0.9660502323760918,-1.0824776549427841,1.69238228772572,3.0425421815336833,0.6728780353121422,2.213752903033169,-1.9423736253151056,2.883857256504154,-2.0643260064229034,-3.049349425304118,-3.324714909315852,3.27122884915966,1.895430483487053,-0.114221358845466,0.1952957182406067,-1.1043364939480487,0.009878087662782364,-1.0194587989764718,-0.9732455998078702,5.595748334691695,-4.049306272095366,-0.18132168967813453,0.9885628887971759,-1.3767583097131513,0.7246880358931223,2.7437492270763295,1.7634298542157225,1.9784377864326392,-0.3763956706291079,-0.9061679341890109,0.872326660105097,-0.3281805039301196,-1.4419582717719341,-0.45284912057592513,-0.8272932934405625,-0.5993976692199297,-2.7104098490119717,-1.3660582130402306,1.1671940952695596,-0.1884172221196962,-0.4982101773494726,3.13548393898668,0.4088726128011095,-1.0717773922306089,-1.9954180602052534,0.6556814084957783,0.41353415140450767,0.2524061859419584,-1.1015949378636778,2.9116442245751633,-1.8507575179277669,1.7830314042783966,0.7018197953173824,-3.02395744126477,-1.2223869766816111,-1.865638009123654,1.5502788444709608,-0.18665468636146665,-0.7607598149324877,-1.9512414419995698,2.4257871452299415,0.45743804351587947,1.2353925214334536,-1.1308891178757556,-0.001236286178068001,-0.24321291570107745,1.2509726370816865,1.7527157118072483,2.372579554793803,-1.105770877232882,4.449759520144573,-3.7075358330523027,-0.029191403185650944,-0.011042282275598465,-1.873293333347061,-0.8117666877000171,-0.6757586981949205,2.358319067762348,2.8021674428169483,-5.028791697189976,-3.056777131072198,-1.1261044905600153,1.829075908038496,4.515462043335887,2.5420872042558025,-0.7930293816483418,0.32334573052903604,2.0304026601258194,1.1226988805526583,-3.253495031278577,-0.38684664261960555,-4.053752525036234,-1.2498882276126697,0.18652945977539356,-1.7465404456256715,0.7751537844801109,-0.6066702979972497,0.11369233240332022,1.166997153568399,-0.37989769244615196,-0.162903520589059,0.8325822410695782,-0.4221105763204671,-0.12978842910998403,0.19770984289062216,1.1145869259556207,-2.031770798273813,0.08510874001491348,3.347762416255398,4.407409517608842,4.425883663543443,-1.8770984218921662,-0.9183982779882051,3.8438570230348588,-0.7217468307047463,-0.01786474686812802,0.2911981897976204,1.0932163848709033,0.5104282611263573,-1.6487066613145185,0.302970088733285,1.6841528091088813,-0.43929932243136083,1.3540464370053704,-1.5113974584755112,-0.5514073279939609,-0.28965612825537324,-2.061793319385474,-0.7205745671425539,-4.726562082753718,1.8038283291199317,-4.251978427664666,2.1002093264645163,0.6479777371336094,-4.449154246015284,-0.8398504651892484,-1.5655819869118988,0.643597568500251,2.0811730535472384,-0.022940769499276897,0.5555178385496189,-0.7173305329947746,-1.170465073140917,1.3418147988286024,1.1565918210259312,0.8987511903987102,-2.0321316724153102,3.4201302847867288,-4.212468050095578,2.3250193008908573,0.6494464546862615,0.04541837396023174,-0.6218974751662096,0.9123380249833336,-1.2810125868742166,-1.0154689067365354,-0.3204217891588098,0.07231410559113194,-1.067160722879824,-1.4117155453599253,2.651011235615591,-1.5345699787722653,-1.2095573338260228,1.5183453170624905,-1.7754611732036631,-0.1873778668905071,-0.15405952218381275,-2.575706230580782,-2.3131645299003183,1.6266157511333819,0.7919882289859234,-3.4560593463855795,3.593785132657874,-0.29427355900504254,-1.849457447197718,0.1895315773184586,2.2248754933362456,-1.2950625757209722,0.10188013693256324,-2.875003182141168,0.8594004648293092,-0.44877217333525643,1.3823849454816366,-1.3657494021518997,2.5207959505577557,0.015229255793690777,-0.515649723815583,0.787722534706622,-3.5311363546775225,-1.5251467096943323,-0.8681327868946414,0.825905266888783,1.1422794277780588,-2.8432505539978736,-2.9049252146470117,-2.303680306638525,2.6991934330225913,-3.6784570063658952,-3.6701548517653526,-2.590781630215421,-0.30458194867523736,1.3296240609016892,-2.468398228042727,0.18855045080919358,1.0323515525069027,0.8798797311476554,-1.7366972730773949,-0.04921526422372449,-0.7120858165414758,-2.0919257474814508,-2.7107784793233947,0.31958688933989143,3.148048710936857,-0.07731728456420936,-2.1509103221837336,1.772083708908121,-0.6095652414374891,1.485395071070794,-1.7533225101827374,-0.9173244101423167,-1.4868402830967444,0.8606077031026151,-0.022531369414674512,-0.6861569342057741,-1.1440140644979373,-1.6353131895417998,2.167829108528601,2.983635692217283,-1.703693718304162,1.571328604163621,5.497326497664698,-1.4422762435851404,-0.29538918564734423,2.7761085339457727,3.080322812341629,0.5932261578420337,-3.871991205319357,1.6811453269806418,1.2574663324452076,4.522278364611491,1.7310888839966956,-0.8013219672854179,1.8633387747411583,-0.9971108641214903,-2.855529850475246,-0.15053176576906807,-6.244567942370387,-1.026708050240733,0.9305529204543052,-0.10692125774185604,-0.775593998461268,0.9927655170845268,0.45419545025439034,0.011362138336950045,-0.42234217865082996,-1.01399831367417,-4.574110738890658,1.113926330729559,1.1952002067453302,-2.660867976073388,-0.3561111348502856,3.6150022438667633,1.267081654749368,-1.4838472981176962,-2.581705016095066,-1.9226100995361008,-1.1000198714995932,2.7833367417912926,-0.7308554169502264,-2.800369781783393,0.5814009364067385,2.2571877910921265,-0.8091921516602516,2.951323127666821,4.782462303015525,-2.5129852834834083,-0.17285002577049385,-0.5290947819793768,-0.7679275262915818,-1.9488091265700256,-1.939826155084639,0.623742757170485,0.6447015287668508,-4.645339976612554,-0.03011491406002459,-2.3222592837538296,2.5841822808561745,-0.47872956622810225,-4.225923125238546,-0.2879806527609794,2.015912330050166,-0.5634281101126992,0.8241889772250663,-1.3599894205459202,0.31923247503294405,0.6995290619828857,-0.5374194038806752,0.5621938519599151,-0.3313745211400474,3.3634125789667237,-2.016983844850331,0.7015026433061885,2.694577132090321,-0.1388243563426575,-2.144554038777008,0.8079983305650765,1.2329538503347346,-0.4877563783553912,2.316591805319203,-2.7671910578837235,-0.4002430339289401,2.5694564646503864,0.29269033828231733,1.9006205603182602,-1.9389815500757324,0.5788199371614806,0.23276690802530944,1.1917994549937145,-1.7751077555674972,-1.0798632082773574,-1.633837524191728,-0.05759152911482705,0.3170585075037434,-0.9166325948596217,-1.9885776126634263,-0.5118251910348169,2.5257815287916867,-3.2878347623145947,-0.173894715118157,0.5778929521574943,-4.016706675414404,1.230308380064062,1.0570450966383658,-2.39853017432033,0.8654537994011698,1.848581181545658,2.768812585235711,1.507741101983714,-2.6462659720531416,-0.19154481496803794,-0.9950159168501522,-2.3496708355440328,-1.0338081441933287,-1.2389534566349978,-1.1872177628259717,1.727491024570885,-1.9158733609559677,-2.5967215893899316,1.2305453450607546,2.8481695642600826,-1.3148448959602421,2.5070175311576026,-0.43423095764773917,0.045772897300313864,-1.6856547923854146,-0.5952270932956302,-0.25488379983888587,1.6383480048181074,0.5860793394930849,-0.9196970401160023,0.9058522291758859,-2.5342082146614446,2.6750557742996386,-0.8037461162610351,2.3312848216077877,-1.6345331901582107,1.9983149446971853,-1.4557637622416817,-3.286025036147254,1.7707722674880233,-0.47642260991170315,-2.561256082554159,0.6300819958112405,-2.113670279924691,2.491312901764869,0.4896912168108478,1.1050243037980054,2.230255818281023,-3.8525799903555553,-1.9277269171081586,-0.791239333168001,0.30943852846759995,0.4511880060909126,0.7304975150228848,3.339016085714813,-2.171366928506102,-1.9667507504992494,-1.3583943178133784,0.49085961848878756,-2.415161739395996,-2.847128756953017,0.03310111982662281,0.2814494520864429,-2.9263472168824882,1.2341450911864613,0.6715399427787156,1.8134332892115033,-0.15254052677275776,-1.5973791126841945,-0.03358361969100744,-2.667586835707952,1.0626165943779937,1.5116882045091948,0.6841352987496041,0.7429853577792587,1.8135246819604414,0.4378224549591712,-1.518096888363928,0.7520517264557032,0.4138223756720305,-2.8153810862577693,5.147897536244127,-1.8216932257195313,-0.8563197779135787,0.7149747373126809,0.42059847579098714,-0.1376971477516571,-4.867039720693578,0.047326564699929574,-1.8431181491851099,-1.4531387559571693,1.234147997102941,2.7073254870779477,-1.6716206024576075,1.4579009399072655,-0.8498562385788095,2.783609043980392,-2.0934455712296907,-0.5979774694294765,1.554025393430662,-4.021294612045831,-1.3809457695142955,-2.2102178550748994,0.36100091495586734,1.8098995011427066,-3.0331825848280425,1.431633530218429,2.508763946651756,-2.0992023831169915,2.207627687913633,2.4960486979094614,0.2671459942670571,1.9133537515514754,1.0791132242915664,1.3462946037327936,1.136255138459972,-2.0544974262330657,-0.9526186359480862,0.2673180981839304,1.3302008501162268,-2.38322398165746,-2.3632938940183315,1.4797424196943756,1.27475151245111,-0.9134112245543267,2.3157175478834127,-6.323062756578411,-0.7060162036647673,-2.323042658898466,0.07399064611818837,-1.587382534530457,-1.1030516170489544,1.290485736644015,3.578665494056446,-0.03765469158470047,-0.05414117565852977,0.8269727306698258,0.052678532181332116,-1.7967211759865707,0.6168603677026451,-0.666665186860813,3.3208837400779885,-0.33113465396642316,-1.6642511398036044,-3.6351530831726437,0.47814889160064467,2.0994398477252716,-0.9279239868403422,-0.24056804591488162,0.18988682495446796,-1.3395094663904077,-2.534573648783089,-0.6436591845043413,1.8915370127810909,-2.179506952307787,-0.7345872248231694,-5.122382801603121,1.7024790376329808,0.2215957117599982,1.8016204570542358,1.926755668648655,-0.4056519102630426,-0.03264761249548287,1.3991149559904181,0.8352942100839464,-3.6086506783336256,-1.434973555069793,-0.1566531337113583,0.6471226120970979,-0.14845661558273265,-0.21698746532830004,1.284293322505847,-0.6466148991689191,3.2123364064182507,1.4627169438337388,3.1901717226953874,3.377382376641041,-2.1423820417179384,-1.8112578561690031,0.10014230236965582,-3.1335053697644115,1.4066843588248883,-0.3401474541121039,0.03358533270088654,-0.467437378969494,-0.41755775910796783,-0.02259234736573236,-0.7077666043407115,-1.2279931714501051,-1.7918754049441863,0.3350436429308218,1.7449667197599967,-2.726368473317146,1.5852304714654046,-2.821732029972864,1.1849044512481486,-1.7728059866533712,0.48260581050367957,-2.7872314791588977,-0.34502315788762017,5.407306582371871,0.21570425599601128,-1.7506495226378473,0.17770550870529103,0.8691799127008664,-3.750740699453162,0.4313763314739457,3.2854473261635526,-0.8318700573411443,-2.3524933627968583,0.4348056887687406,1.692296466864453,-1.0536920146874666,-1.4416100403718368,-1.278493053777747,2.645678582692109,-4.035142341266064,0.3142707965058643,2.0329483170337803,1.4836537139190975,1.860901179206902,-2.8803504328831235,0.9166808116339388,-1.495708350372041,-0.5558757509786278,1.1357088006578506,1.2069482512124674,-3.9552521065651507,-1.0672478965938617,2.9393016748101477,0.3177668072816871,1.7631144113021622,-2.469867432015005,-1.1672313125598137,0.5746167436272086,0.2993185519848577,-0.13320278487885265,-1.0453345885661298,-1.8063605887213687,0.9403101146575723,-1.1751637232586605,1.6507245260903038,0.7626187735796625,-1.5925653019429753,0.48674877987121723,1.3166797243738992,-1.1662784322410964,-3.692108202759147,2.034509605694285,1.232127804606428,0.50287280320647,0.4072005483393248,1.206622971693358,-1.408656371797091,-3.0297130278435476,5.833307715417213,-2.2181685780786062,-0.5922553348602076,-2.5354158605717165,-2.6056947522302405,2.5777337675125276,1.344662222858084,-1.218017502091083,1.1636296163431248,0.6602273727474484,1.2342150928982496,-2.280774920330225,2.17130662844466,-0.895506397530603,0.3361945995660144,2.453998747091387,-0.39321844227437164,0.5202164921774189,-1.7878823152013226,-1.6250317723667296,2.706674936133293,2.431188051125748,-4.567460568405239,-1.3871006304310567,2.8908734017684936,-0.609690420241237,-0.4052688165021913,1.1723402274469539,-4.151105649905196,0.8586737903745689,0.7031902643059927,0.6670267099463486,1.491008740622641,-1.0280790447140904,0.5182859661653574,-0.4724014052819073,-3.0547665875014673,-4.011343243108535,-0.21700588999009762,0.11385987517456148,-0.7706188050004468,-1.0264059699807107,-2.784206186480218,-1.3053251834299262,-0.08929486867134087,-2.3853869234031766,1.4319316025662752,-2.0213997431866972,-1.8497999873970081,-1.0542921333394142,-1.2670462892507,2.859991910863718,-0.40007192274807446,-2.402628697609245,-0.2819260770875361,-1.1275590494137293,0.6160297816125921,-2.604389942542692,-2.8330740736552467,-2.0138794778357396,-2.1374479224287266,-2.7764715993414453,0.6396984124737624,3.9949933557831248,0.9483093571810474,2.4920805731358033,-0.28122808319903875,-3.954766118040933,0.1435529566812539,0.11464610713794393,-1.3428439391784226;6.5704552082408565,2.31048660900193,0.6865215422165112,-3.4163588640848164,1.047855850155778,1.6697241427323006,-3.2615488383459192,1.3151681972423295,0.8929081197832285,0.029937946565927187,3.65586902494211,-3.8307864404263037,0.8415029706431565,7.942378092653549,7.350787725650812,-0.6923050463323752;1.0763615790305403,-1.1649058164531862,0.8364917679086459,3.148248677747829,-2.7113115902995846,-4.147556884319929,1.9920159737520176,-0.4653255082952629,-1.1712596244748286,-1.4470795267061527,0.11341411541383367,-3.4554506755125454,2.8877449444771237,1.8577470727606524,-2.0383438778601546,0.2354829146491808,0.7736773093709013,-3.796213567407793,-2.378518010037697,3.35416932005525,2.729291469269336,-2.1657047378478946,-2.2282465112140053,-1.8920427909711237,-2.4234505145071505,0.9254382480674461,1.6041857635325019,-0.5355909838971923,-0.996699832363152,3.197446946113592,2.7714333006245195,2.0280936017627,1.1206493055709714,-1.0688353200214982,-3.049800607288005,1.6173908667664878,1.9876793962883599,0.07135393363995401,2.4282375644728442,1.2187343799672317,0.10154364026724241,-0.0784664562472045,-0.9798246313178443,0.43234359019400526,2.087892791691496,1.8787021251745522,0.976050423881679,4.652211929466908,2.0204847920088795,1.1394575196558803,0.4827808396571126,-0.9627492297753892,-3.0855533363155487,0.14437435753618388,-2.602840077888599,0.24204131615056113,1.9114120852518768,-1.5900278885586232,-2.2265488118349333,-0.018095150051126253,2.5771911931751688,-0.41492586868900994,1.7982071771658972,-4.666035874980351,0.20369136202334437,-0.7867530188989232,2.183482591235258,0.9562048788025026,-0.3834914986639175,0.9633728983352741,-0.5781926941759925,2.789102981060948,2.1774407004753886,-2.927835992100124,0.7570725280474652,0.31098257148214237,-1.318187205577816,-0.46272715644678597,1.7243224044163474,2.0753488241543065,-2.2338982585283373,-2.074027838807207,1.0635278208702221,-0.8965195094085399,4.939990320613899,0.8201059998064937,-1.3483576037526517,-0.7627650955239236,-3.238645165004452,-0.3691007277395618,-3.7165813988976146,-0.21000982938276047,0.2066269664178465,-2.462247713042055,1.683597286744664,2.4076525330383234,0.32585616979075877,0.5151357707921735,-2.1455068812780786,-0.4806569777805114,-0.5979060150458888,-4.913619942521381,1.3044081922324045,0.18701692183455165,-1.8815293956187387,-3.003553395922547,-2.5258645768334618,-4.092868062018122,2.3177158750341027,-2.442849461508107,4.332149222211778,0.6361230872843133,-1.3827065639864187,-0.17114233678124902,-1.9926886438852014,1.7706354684834205,4.151467305727582,2.949216305632074,-2.5367051010244,-1.1326037040163461,-1.6225484700019095,-4.511947025768186,-2.2580989508597042,-0.5623249144882618,1.2490704459907929,1.159420708659101,-1.6305132600546561,3.085959807952661,-0.1942497746824099,0.51246531276701,-3.467260560639305,-3.254766027659974,0.28580803316497827,-2.116300503363979,4.52752545492102,2.189878553504489,0.4198453114108592,-1.527435068060075,3.207398764303717,0.8143863348583137,-2.320951342738831,-1.057407023469985,-0.40142967686418,1.7459514975411168,0.8348625004961473,-1.9890414696444139,-2.3624082186549784,-2.8192023844247593,0.32349540851415165,1.9826081948855898,0.48748561464022055,0.2954574626575708,2.627445843511769,0.4518557727212715,-0.5307277562714194,1.9640544956265193,-0.4107329907218652,-2.358578069167604,2.639004745758448,-6.063216378956759;0.9753769156501371,-2.6413550692022456,7.418934480519585,2.6409004411356984,-3.0643867401533678,2.031524383927449,1.4705361690843355,-0.1317699943911852,-0.469614625915869,2.5705919058136124"
11,1.7451944135371056,"-0.6911504508761197,-1.6634723166991476,-0.38233527266484474,-0.5034688480132419,-2.163842191272431,0.5639704345385569,-1.268360996233856,-4.343471804371543,-1.5874052539905101,-4.275701141381937,-2.037908454027483,2.4054141254789556,1.0718762292989643,-1.8283967541638049,-1.2153679934874138,1.0533542618967615,1.1178189298454881,0.6754696875588125,-1.0259817263724778,2.2870492484443576,-1.0012551906289495,-0.12344303187886202,-0.5266585405188221,-0.8719555293684729,-0.5623469774498597,-0.8339504756136243,1.4888443870260375,1.1145048920365632,0.35269389375235616,-0.5443569147526008,-2.2613120054301707,2.046861079222886,1.6661155978236197,-3.7160562561553188,-0.3681159825286374,-2.2066626655523778,0.1386975222348317,0.48225805208707845,3.200917478497728,-1.4751037260872022,-1.604294947875843,2.425120185089434,1.1776841184431903,-1.0694134065990002,1.7866801271717756,-2.1518548796619688,-2.184189249581978,-0.8778755400639987,1.1204481739236938,2.6682726750944523,-1.037103029698997,-0.6261422282674743,-0.2575957595305511,0.9356731784868854,-1.1647490525463218,-2.129543554414456,1.308159006154422,-1.1944885712762245,0.917050887316843,-0.13096223008538282,1.8027399763110703,-0.5440340255534294,0.18482090773311444,1.6677668530502074,-3.381404211573276,-4.042519330753883,-2.622698494763146,1.2989853344857618,2.2723604696086297,1.3843176428472743,0.4048766752532259,5.194085166578069,-1.9444388963582695,-0.4759260875420529,4.21762762229596,-0.11308772061291417,1.7623340998808277,4.3234441638594365,-0.7156650633609659,1.5102408936482976,-1.536762817023424,-2.6940836407177655,-1.2231477347917523,-4.28407279872782,-0.6569855619933642,-1.8871841604179584,-0.8370409649987766,-1.2089884977140994,-2.8118836418557573,0.6270929797491248,-1.452103327413081,-2.6368535443661827,-2.497969722922952,0.4313493259522649,0.15091973407394726,-0.14524562289219534,-1.5559216242510334,-2.0557858260436475,2.3744418904712146,0.7675940935192365,-0.8039450282844243,-0.19587656614102086,-0.1254556213213228,-0.41839965697530296,-1.1747727356064495,-2.3470145790214554,-0.5792416616438565,2.00731519886918,2.9468982501251166,-0.9527066038431432,0.5332666838331023,1.9999258295170077,-0.179489592879807,2.2948709152181936,1.474311668667862,-0.9193677672654401,0.01610928777416644,-0.03700397167842251,0.9862226592705639,0.4181770186565801,1.9299724484853722,-1.755360558655539,-1.824888822838363,-0.4699323155113441,2.1577819430944016,2.9516855717244224,-3.182636560476368,-1.661203010279838,2.294700986475183,2.305731237106386,-2.218789960176887,-0.3177729510554336,-2.103147782649983,-0.025478185896569777,-0.6669520992257979,0.1325144401309029,1.4382303235449334,-0.5662103816647751,-0.36070442498292393,-1.6998428508044494,1.71742467188117,-2.7317509995976845,0.9737030150592134,-1.146679197507702,0.5751466090464392,0.6712870436330582,2.9674382799386105,2.2252318124187007,-0.9745401438326742,-1.0455672512666463,-0.8975536653467912,0.4740040625921684,-2.699288694624495,0.5219372775318906,-0.9200405020073634,0.18435008130126895,-1.4834684729788825,-1.8916044966839485,-0.5926359530201138,-2.1116044128692852,0.7066425767438691,0.056523241243774815,0.7340711518120971,-1.1323018905770357,0.7277778848137111,0.998895970161795,-1.97765097684346,1.1713657614712536,0.27837243166600883,1.4508498730728148,-0.5550933338203415,-1.1180823353985752,1.8150769386701189,2.7684818461233993,-2.4900287264263357,-2.2131522870970053,2.2512771759515187,-0.7488938863004576,-4.559803713317778,-0.2101407272143391,0.7350005753090636,-1.0585711485482119,0.3494130373032678,0.8083772605692277,-0.38159985301398947,0.5442948278303827,1.3235730022124264,-1.6436960412826462,1.3830426724603448,-1.1067561114979714,2.774925626333132,-0.11401234959219539,0.7281121923003194,0.10033628940572041,3.0313279822689423,-3.7581672133838615,-0.42540635301772634,-0.9719647562255689,2.6573911979553158,-1.5574739199330596,-0.3243224066483941,-3.110429190704586,-3.088109908525909,0.7255090770326956,1.6681501237840402,2.152011814428281,0.8131275076291268,-2.515741621779115,-1.45482562162584,-3.50885790250668,-2.5924064746812876,-2.8084045102077444,-0.6299541340311082,1.2085223553729936,1.159033140085381,0.7451045023080963,0.32784234386090955,0.03155093036583751,0.4658562759108824,0.2585887756830293,0.156130990420276,-4.912416509880631,-0.33518701791492433,2.8990000867963426,2.5452551643778443,1.000095596901624,3.1961942928152602,2.406715102227245,0.7601733754464124,0.0431519085169055,0.7371751744617754,0.1379548622188532,-0.5288101429430186,0.931433918179541,-1.4073551558895778,-2.2660666186660783,1.9289951168210446,1.1982628946783431,0.6723751536063223,-0.21945174740382253,-1.5462043951919258,3.923594461674519,-2.8769224706010905,2.9831532031503682,-1.763931154517701,0.5518283434010558,-0.08328315968733735,2.629586727604823,-1.9514313731133497,1.455954982325325,-1.2206142996767104,-0.2292169203030369,-0.5587538006790805,-1.7284999745881162,-0.32790987922372905,1.8989379159296214,-0.7048369431871078,-0.04020637152366543,4.152859467920026,-0.7623102038089279,-1.2398100032821642,-2.4649756557809277,-1.0434699700366235,0.843923695496968,-1.3922481666796749,-0.22174340638540108,-0.2483056209096023,-1.0272128318085791,-0.8694529099700139,-4.568529409046343,-2.7072076648819072,1.6585915044301147,-0.1281267482849957,-1.9086887833639605,-0.5142448076123625,-0.9128678373310628,-0.22147900627872497,-2.4337575456427696,-0.7837692883925218,0.8844089556831122,-1.266703127788637,2.430646998434172,-1.0887483234552782,-0.09025533376185559,0.7140887382193102,-4.811685480876258,-1.121946287683361,0.15231768146008484,1.3882231122533577,-0.533895913959476,-2.860134881788097,-2.6193114617951134,0.6458937105624654,-0.696070299589128,0.03849344916285011,-1.6542825755928263,1.8439124319883138,2.6703834429837543,0.18897572856751008,0.45309344818378106,0.2476576347454695,-2.497865912408703,-1.276076717944965,2.268503782274265,-0.16770943459195337,-2.1435062672298715,0.22373198264908997,-0.7176744845570859,-2.9441816825760427,-2.285868722483392,-1.1772921139863972,1.9909610480656872,0.5088616541114868,0.5829827093915709,1.9149898270565346,1.2175530460567054,-3.2242493502916196,3.4557502530426545,0.8259864305264708,1.0480719080889622,-3.6525381168148368,1.0038594619033008,0.5766976811799205,-0.19491164325025606,2.5529896059758643,0.13491080082471385,-0.7984019117204442,-0.049275202572569385,-0.970720567456145,-3.0424161834761008,3.2011830967108827,2.2709173626880013,0.5151654717631999,-1.151706488898265,0.7790857962710123,-1.4899111988718885,1.6517130309945112,-1.9119191135290932,2.2812249042205948,-1.2727653967185848,1.5633900032079995,-1.08073197433629,-1.7302806014630148,-1.7762048837091402,0.8101290152120901,0.9048876210201148,-2.015590835072171,-2.1276849587357844,0.828726196241458,-1.9140444038270465,-1.979704135082824,0.9277874014547811,1.681461655762198,1.0192713580040542,-2.5707657433165503,0.2104357994394083,-0.6797921098155929,0.9509602348832441,1.3706768059523329,0.7982689988199707,-0.1583197341831763,-2.1929153692740506,-3.3389905494570566,0.1021766537387836,0.6366383085082581,1.8124758785930208,0.04866657156146828,0.07540844148176573,1.002852946971342,2.6950360818164767,2.5927342658428407,0.7145678430498028,0.24671052348560557,2.7470823893317946,3.062101738391037,1.4677039163691716,-2.3914670348513893,-0.5644171976763093,-0.337626835367568,0.1839506199778168,-0.6055016999353429,-0.8541220636695255,-0.8405478069712156,-1.0794783975500664,-1.2705438068100252,1.1009160053459766,1.4049558487854639,-2.525003164999367,0.11232760940186998,0.8741554391169171,2.5629707546505793,-0.1711460000333725,-0.6370296159473197,0.83137146673226,-1.5222199763197193,-1.8933666381141474,-2.20794581800449,1.6115042856204371,-2.462781036609275,-0.8502833880034559,-2.3182814686583,-1.3273290371190456,-0.11293047044803275,0.8200255147336935,0.3398805977327378,0.45036251451000187,1.5923565514621094,0.6051331240428475,-1.669832962154206,1.7458489634734118,1.021666771116311,0.8820601616066124,0.9232411600768282,-0.6802768984306913,1.1409355866190372,1.1165161275075441,3.4164198900817024,-0.5334153522911793,0.12673332315889618,-1.7690340518482834,-2.989685216232064,0.6539067107533953,1.123081826496345,0.23457221101707015,-0.9942413368859265,-1.8591438825605442,-0.6243951972561441,0.405694389895618,0.7902369593782603,0.6864012306569094,-2.0216692521798096,0.2851224368850301,2.6116354464004976,-0.945914336052694,-0.6449814085666359,-0.675889544158342,-3.8287476621202887,0.7275826224451053,-4.078304963512096,0.9674590533342913,-0.06750444870729247,1.3439462649061846,-1.2239359193529966,-0.04807277765199075,-0.2556940858508888,-3.237218370125451,-0.7869619127716312,1.65332378258636,1.1965973030187143,-1.9479920100496777,0.7782689992859217,-0.34749232689902304,1.6029915342441206,0.4486369003607806,0.014965240423261084,-0.1941206208602995,0.2699131985467448,-2.1417675988386335,-0.3605706503219632,2.810725465797277,-1.3130816483389665,-3.2733817145804585,-1.030206256271127,2.8412612082722313,-0.8490920115644881,-5.361909605573852,-2.0484794003166664,0.5175995247295144,0.011772989475065831,-2.706330924291402,-0.03275392612564822,1.57320112256253,0.8458450915596357,-1.829448842500711,3.3001334201311363,1.0489219921623238,0.9949286363160295,3.306607987738298,-3.643059315441693,-0.47122706750652865,-1.7429358574780704,-3.298900943005161,0.6643225879721132,0.2778936198844199,-0.5313155771004405,-1.2008763465158827,1.073418625234598,1.0322613255535376,-0.6177473082612062,1.3417600961343292,1.9557585612648778,-1.837599925551763,-0.6684291946026681,0.6875873047712554,1.1085304726926855,-0.7941437396629202,1.1418842599337253,-1.6440348355374215,2.1174485592293886,3.2810185733948267,0.4230739781667623,2.125576017288704,-1.8520494434185013,2.4508919978507877,-1.858069753110446,-1.7537489254666947,-3.223610199682065,3.1571888537746506,1.7004361082318031,0.01858373188436835,0.353012309646681,-1.3067383032596467,0.5783143742889028,-1.1315030245468827,-1.2167030694583325,5.0392182436693895,-3.539012769966101,0.3197912024954981,0.7521207171186606,-0.8687516614186297,0.22430592157514417,2.7649307685394464,1.5872243716433438,1.7960984341248252,-0.5808581442138826,-0.882052176199463,1.4209128532883293,-0.2459873553283786,-1.3065042259808877,-0.48089458797679197,-0.932136196646115,-0.3100147178077063,-2.7466353245062627,-1.2944295813147622,0.9324512372765421,-0.22708119239555383,-0.15611659213815451,2.896542716880858,0.41646972336909366,-0.9518728305412811,-2.3506270604491744,0.9442654324137223,0.08915776218914673,0.4054716339158373,-0.8568617832325176,2.7296672267155104,-1.2603596308896419,1.450889837470844,0.6053449770733902,-2.5908630941401283,-1.0125801518345838,-2.0429861395830344,1.3050300965494959,-0.06717623055564234,-0.945162880662241,-2.137351830214023,2.425019300056725,0.3909798429447286,1.3445883170039064,-0.9822955758238401,-0.2252636794950954,-0.1733906034445821,1.0439169892766034,2.0350205774014345,2.1920789147200614,-0.9164171117365748,3.7748248638841395,-3.5731734413587883,-0.792852962381356,-0.17849606246350774,-1.6943832741769378,-0.4072478935607373,-0.6066207359885489,2.055067596250819,2.5102919426090176,-4.614529032720549,-2.320005024812292,-0.9978909965661931,1.140943188339334,4.3989265401746565,2.1974358490638664,-1.154785953940103,0.20835668750851746,1.4762881547620614,0.9198612604428793,-3.0627710878072687,-0.3314740341158707,-4.089335265507291,-1.167439828049356,0.35405446992526424,-1.3968368524319463,0.9087683932535937,-0.5069791296490287,0.5446651753578476,0.8699544833152104,0.058504927304122545,-0.06446651570298528,0.712724418400261,-0.4309906648569649,-0.49737390351670596,0.39271168777736726,0.7408110846752218,-1.8136611425209195,0.1176814843277524,3.2326582594382836,3.6093535178731115,4.225649861175259,-1.4830347743184178,-1.123396941535977,2.759037873201428,-1.3385496694164392,-0.11229263034052006,0.05255947352957416,1.8867858372634174,0.5164332002672188,-1.2952902464680107,0.3965878236599055,1.456846332738228,-0.5140390579525089,1.0897762858896969,-1.400981430308647,-0.47467624235010764,-0.07193608359407921,-1.819813769582893,-0.8079833317906248,-4.411864683103769,1.648339384739269,-3.7092494130673135,1.5485593277373435,0.8045386679779927,-3.950345019260688,-0.6146441261644544,-1.4743134023718576,0.42886815825863933,1.5953401370326772,0.414535596910234,-0.012487882611825984,-0.4942881809232735,-0.5825350155500812,1.0094716913267892,0.7589149177776191,0.808324596124512,-2.0752457226906365,2.9080683385229666,-3.489397518357507,1.9101564947394485,0.4370782346485201,-0.14362935083337652,-0.44960938073082535,1.0162049805745215,-1.3223729943252043,-1.172281872663708,0.010100648409478385,0.19799079187623275,-0.9833433342382301,-1.4373380137829022,2.332836371186374,-1.3561528921324781,-0.7691655556079388,0.8607603889368756,-1.600924699964705,0.33679136627650014,-0.5749686526931203,-2.4599767118034674,-2.0023972970204893,0.8946884615263175,0.4666157026110835,-3.315623595842112,3.319175604129947,-0.058801014797219886,-2.0033600278023145,0.051990360342335035,2.3255726193011363,-1.0482895974107835,0.1779107259415757,-2.7413480057176662,1.2147086413850832,-0.5040926658887545,1.235989949534662,-1.3971481694481722,2.167352627474423,-0.43716418960106695,-0.23031805768192173,0.8924404481224312,-3.2757587706167466,-1.5625729114402724,-0.89882921531584,0.17040246390419406,1.087169193405401,-2.2122144817965474,-2.972501780684554,-1.276333250871956,2.3677484156354507,-3.206182141849264,-3.2436894712855358,-2.5345482768693417,-0.7223249315388074,0.9646088329565075,-1.9244179530787329,0.3564459732606285,0.7336150462143438,0.5026742487405871,-1.892667598080752,-0.0943189764244889,-1.162664255971509,-2.117342864943943,-1.8829750416707443,0.14873566633582447,2.5870155582711147,-0.09018226996279527,-1.8868616196992867,1.4722423948006829,-0.7512702695297495,1.8570925563314562,-1.5129818070918288,-0.8938998790423576,-0.8765324947147873,1.0338343006691564,-0.29243874301300876,-0.6584217272535977,-0.30831723724094656,-1.7843458661237448,2.1280264864995666,2.4815164191616255,-0.7126922150037647,1.7591700003669897,4.527738987058174,-1.8262032285926084,-0.5913373077551494,2.566103219087408,3.0286663518825994,1.0711098964945078,-3.2547969721080507,1.2996196767118873,0.5052271731398388,4.051032196846009,1.163207238909871,-0.7576774505533441,1.7204690335852584,-0.49121519924853346,-2.437409032456986,0.2531453381050606,-5.450359180079974,-1.2187946848055935,0.7307891690344082,0.14560810932746926,-0.9207501224574892,0.9926886916904585,0.2992997879209812,0.44290522925439135,-0.465422316108691,-1.1866792862412057,-3.999652840389199,0.7069474655070145,1.211101071791032,-1.7168641711802866,-1.0205294711955073,3.1353719875588713,1.068158824996071,-1.6800909310273051,-2.121056205182784,-1.4572535187953748,-0.19024373235764386,3.104245917404706,-0.2769017765969366,-2.683458920310398,0.1435678086289706,2.2356154190922535,-0.9446432582843304,2.628115882755642,4.637365896511721,-2.3335927312474323,0.16018865704991364,-0.5742323909790148,-0.6545857051578716,-1.635775670283552,-1.4015122643587095,0.26564239988298577,0.9751348942271646,-3.967451183164159,0.5064663997957829,-2.0123723956013997,2.364432320604287,0.35236747746869707,-4.122310457851374,-0.37273730827995083,1.853578435422467,-0.4521296177666479,0.5357867313440816,-1.9227809175273487,-0.09034598115737869,0.46046499873300495,-0.4256604338066772,0.6527366210726471,-0.4518193167984893,2.847608012241291,-1.579239480553564,0.2722061157563448,2.451934444717575,-0.39530760867607617,-2.291842620126717,0.9515013019917101,0.7725106604171073,-0.19416084997516378,1.6807875320862957,-2.4381901317302757,-0.13722242850484,2.177768184720591,0.3258984954713777,1.5631951176570729,-1.7406822065762748,0.6194867821123365,0.2112285832371903,1.0345697602180688,-1.3011489507461063,-1.0030859232614466,-1.5354787438719313,0.07848337531603501,0.5425063042965886,-0.6718448908747573,-2.2750487010518037,-0.4494595125972345,2.351687797173029,-2.46895148506637,0.014371114252987177,0.565861411427305,-3.446893866565441,1.0053323773521954,0.6289126340348978,-2.030439874478468,0.6759905909632822,2.139476179336346,2.4097743857482996,1.6090257080853148,-2.2229668158396763,-0.031376621402177174,-0.9620423194790101,-1.9404790613982736,-1.0106060576053582,-0.9522935307109718,-1.1310034681054246,1.4236005220803014,-1.3045535079435004,-1.7040581948618376,1.3726567306653057,2.9254115571905124,-1.174966407883525,1.63802554463732,-0.942472471677744,-0.12899156222398336,-1.4958023824372557,-0.6702632989860159,-0.24756886229942368,1.9138526180449584,0.46437508950976036,-1.2394928457351697,0.6514824582067626,-1.7066713868345098,2.137377174737839,-0.4993287986584433,2.038152220270612,-1.3006735106784708,1.6774030436874396,-1.8525935202923511,-2.8462765105075567,1.2339986006740755,-0.8542418219993118,-2.0709996210385153,0.7139585728111213,-2.4735409561392467,1.8515179178243555,0.7134177340311769,1.5646999979868965,1.9756320727342533,-3.829053129182958,-1.8611996208967534,-1.0505636470635455,0.2635191992911364,0.25784229406402587,0.9366642688213489,3.001564373075074,-1.8714857756396837,-1.754821806431711,-0.9330827844350866,0.2723406701903993,-2.364429823161189,-2.452707490052404,0.3115878578234128,0.8564092416791591,-2.665067032181683,0.9112563121902146,0.4345890300942196,1.6068750652828663,-0.755890596581601,-1.5109955273587923,-0.13060672061925163,-2.485689854592501,0.9984551977562945,1.4662381490436793,0.8286370078745863,0.9526157077808318,1.809306213862761,0.6482353915289931,-1.9595593772287276,0.32302123531798344,0.8214948186329936,-2.5954912539502564,4.248881878459237,-1.8492532947395566,-1.0314710705983277,0.15323103323804277,0.3011138420301973,0.03371565386058195,-4.566555137896539,0.4413988933292268,-1.8977576614060163,-1.4573563388250936,1.5889195405473984,2.0301680076217448,-2.0450547150573204,1.7799713563819233,-1.1632724353762591,2.6437303900600484,-1.8880235818582753,-0.70950407782538,1.3614727625828587,-3.859480318800765,-1.2299813675925428,-1.6217334641472403,0.44718579765054967,1.6662413652896806,-2.6506673143586412,1.2977842982057988,2.19912947267828,-1.6096644927880739,1.8959229194132774,2.6726555425634277,0.14288841896134916,1.4848349145546194,1.5489539865148205,1.2962834108398287,1.7468323379058757,-2.225785735894114,-0.9042909399281176,0.1598869506441455,1.3049474061554478,-2.307496973832507,-1.9426900491122792,1.3347761371879245,0.5836385767345099,-1.051520845775754,1.4842124165330588,-5.448176239797041,-0.5882032989273753,-1.3752719114423408,0.22323792967621917,-0.9753917350751806,-1.1077876636908806,0.9701471757499269,3.099024990767318,-0.6200184697582973,0.45131449085228154,1.0107044283514126,-0.28108913001061586,-1.8468724600112065,0.36713348490132724,-0.6220102571216684,3.4634876964228263,-0.04948482698186449,-1.6427833977524409,-3.096256480465901,0.28145966389622923,1.9290313991652388,-0.21195989349303912,-0.4505601313872835,-0.07869688975167247,-1.2115724642487886,-2.428564306349474,-0.8633561032925309,1.6141938014780206,-1.937815372447769,-0.9146872908553065,-4.756797916992174,1.095441584556672,-0.3087171452820152,1.6077872208616215,1.984706020432562,-0.1422490720419055,0.8136158801001709,1.3026971897095576,1.0471110994089443,-3.4762065221442944,-1.371318265327128,0.012055845297890347,0.2517192892802609,-0.20856034015247135,-0.089701503813632,0.9531498438647378,-0.4133450908979813,3.4125787087369774,1.550256220065315,3.2116036628227516,2.9302895412112875,-1.7566258059667696,-1.6421793364435775,0.44396638605309907,-3.1179459865917987,0.9925282862149232,-0.4514552352051968,0.42127802772650225,-0.5394294627995545,-0.6007751926109426,-0.06105978059576754,-0.8116467242529541,-1.4492807175065852,-1.6347935256075419,0.3541773957946006,1.6471856914109293,-2.625883653221004,1.4169756904125763,-2.6275006819652194,1.4645847488414758,-1.6275746922682968,0.608961624473457,-2.802969977462219,-0.9365919557936102,4.6486113990909015,-0.002708300305769476,-1.7490926201090606,0.31398695690481915,1.0104738272506104,-2.973841673610034,0.7671857547532013,2.9135286361936203,-0.6254541116201222,-1.8565302952330553,0.48212631077509466,1.3205114991472566,-1.2030459395573048,-1.7082447320802852,-1.0084490668175978,2.3467443283242577,-3.5441696730698102,0.7119285734567046,2.0477036140746665,1.4535355646142087,1.5932878401564978,-2.6424946455915292,0.6251126523744093,-1.7931702295216252,-0.46871621357326093,1.2186969509621997,1.0931443468109545,-3.643042435108358,-0.5663938428097774,2.544800024333009,0.5134018690276292,1.1955574793957557,-2.370912931652571,-0.8017690760316029,0.40615345803825054,0.4762694177350895,-0.1269172168441646,-1.2322543881453172,-1.3382246058495726,0.6918937893330381,-1.1409445538254912,1.1924404318971173,0.8939440029449872,-0.8409976271003425,0.14073517410171082,1.0554915578888013,-0.8926272518291456,-3.7082556104536666,1.762012686111584,0.600621810326295,0.3759746482809285,-0.014889052811913606,1.212794478223504,-1.7486202106847237,-2.500888015382834,5.241081518234594,-1.9567874563266696,-0.4194109747452632,-2.3492015454249113,-2.3810838354976016,2.4093645565958988,1.423907379849034,-1.1797990820635065,0.6909103054865873,0.4888152180633633,1.3592142470490232,-2.220532023895326,2.2539201354655534,-0.9184001650600728,0.3938644555312181,2.5062847010877136,-0.3895745104499138,0.6197035694129913,-2.307223860859754,-1.413306046263211,1.7532686002391489,2.2994208564482346,-4.18545037278496,-1.2362928483588005,3.0477759846099635,-1.3427437606463197,-0.7401061398862195,0.6355533691001451,-3.421086767405819,0.9554410689456819,0.4750095318240533,1.0470354253786909,0.8843571673232111,-0.8139871949748746,0.6289409455836272,-0.3533971965827314,-3.168190395161187,-3.8074337394598996,-0.46366946584899105,0.13036360080088677,-0.5139213553836683,-1.3401030079356313,-2.7706706509684347,-1.487274767246422,0.030579230391359367,-1.8308459495909482,0.8529781473231285,-2.134853408000295,-1.7374697620172634,-0.4415068524258911,-1.413342636429157,2.6866824023265483,-0.1459230928426173,-2.10668491890787,-0.25447295149512217,-0.9044656585471165,0.5351366222979158,-2.335361147913149,-2.729261151278048,-2.3548272647212727,-1.9576529856551421,-2.547356922950653,0.678987756724404,3.6618357197509908,1.0001479519098566,2.141509900882563,-0.4478129853399067,-3.308685894990492,0.5561835155094126,-0.36242040275329185,-1.139800381301523;5.0619764915842005,1.3189605093048529,0.48158377952657705,-2.037489092210198,0.3833464817292855,1.7601529353360634,-1.9694915319383637,1.8530006505074081,0.06758208323551035,-0.5531369470343568,3.1336973382002364,-3.3752950128673613,1.5866613506636176,5.830647749602044,5.854411612846661,0.4910614605104411;3.0149890775139943,-2.865109278992209,3.0951303272239836,4.21599984895016,-4.2205661704113755,-4.0058003079518425,-0.04906024802370057,0.8108889432548739,-0.7530083604101824,-4.957684363317098,-0.33524939407111354,-1.4103656666635125,3.639218306946332,0.577168259233676,-2.0313799198351896,0.16059936574467415,0.5488104727337393,-5.551400733978952,-1.3008611411760418,-0.4508482549504942,2.0823983151437617,-3.0858192552923134,-1.1863782800881242,-3.0109067681315036,-2.2621742520891437,1.8534095799715025,3.2777756161589098,-0.26473708601122126,-0.8999957811509743,0.8135393326193545,5.754959211818526,3.0603306481375623,2.420438327847241,-0.9344893143561283,-3.3709820440234317,2.6276283534751195,2.756664128679506,1.130777029220928,2.9446698170867407,-0.720058497057277,-0.12004620306426644,2.619515056206061,-0.6554264046612948,1.2001921362684018,-0.0561656753480988,1.2335175820177415,1.598629161099287,3.4127931594791585,1.8312947463519202,-0.30179232157836045,0.4060749453454293,-1.3485320987292728,-4.030814923678705,0.38643858673216547,-4.256098488397568,0.20878950936619234,1.6258822790656706,-0.7884180126436018,-3.044587032925943,-0.8218834169201588,3.991513597645203,-3.0462086683809195,2.6050758925799795,-4.056370648435355,1.6515542543561694,0.34441386834323834,3.0840838382585103,0.9599235718092891,0.3898721345665508,0.7261714932956636,-1.2776049468691304,3.938738421723367,1.6958772350320168,-3.350273828107505,-0.18588884973025888,1.3141730670858978,-2.3824435647011732,0.005368354870703307,-0.18172227852169232,4.172650554783122,-4.945848890433517,-3.8897585283744913,1.6407327829059157,-2.269361711466211,7.2822193428229465,3.3657942311846742,-0.4120671938348771,-2.357105307575155,-0.361949968838581,0.23206615478189058,-0.5199766207303047,-1.382638841664297,0.9296712977131901,-3.0142097073603913,0.30751895870940515,2.06735833695599,1.7486223212356333,0.21560161999213373,-2.0540610938544344,-3.7916486496059374,0.19536243977929296,-5.959268707529005,1.5243557983323948,-2.6099640039098526,-0.15011400296559518,-2.183860695050127,-4.538252084089223,-3.7067523977617856,6.298424313830013,-2.162617974539977,6.445072112790642,-1.5297520533492293,-2.4657407792275094,3.2760382574921447,-1.2628429012738909,1.3045828768446057,5.245747186482825,1.0080808762033444,-5.888175083995109,-1.6355841603809984,-0.3248345359161784,-2.1539524720163175,-4.496956608739239,-0.40834379792549796,2.7177844308887145,0.8941353977296491,2.751890008863063,-0.08721545463466995,1.6638640520877623,-0.11558293804903019,-3.4557656001660453,-3.196175907151251,1.017962690379258,-1.4953151866937109,7.214342206210448,-0.8906374167073488,-0.0815038900211342,-2.190989521602709,-0.8313428565804202,1.9717249538392574,-0.12643548193197396,-2.8977585778631143,-0.4529317669130058,1.123655313151954,1.3861893862500894,-4.150976873562305,-1.9062577093266684,-3.4815828647306684,0.031614441665359386,4.011923001652145,1.668248977166483,0.6004960702878334,2.9299912186088837,-1.0234927651432288,0.8663246748206306,3.3946823698161714,0.6323362805540759,-2.65687885359824,3.629539183560378,-7.573594436602783;1.4134681249195906,-0.5049881299449113,3.289752790299778,2.783811281821276,-1.1576467402697677,-1.6423997060200408,1.423387977490339,0.05290775358453817,-0.887481913160767,1.0430595213265628"
12,1.5785792954297606,"-0.39799736829952326,-1.5029257940429481,-0.954379321025604,-0.492799604007605,-2.7305711817921967,0.3354374321553074,-1.2885259769172945,-4.626185991442213,-1.532783364036991,-5.123729051253035,-2.0724029341485566,2.409724636582427,1.0129950348660246,-1.9540185104563248,-1.4962616538187186,0.574889875763722,0.772029513738065,0.7482059628372768,-0.9987640484266576,2.6224359425600534,-0.391135428697882,-0.423934350846101,-0.7164653844353274,-1.1860663071444921,-0.7968550368404261,-0.7363667943364393,1.8396246276201218,0.7671628114751292,0.6013753852240901,-0.6020967172774291,-2.5024729062933,2.0400051061821314,1.7625493781906743,-3.687884396252546,0.15520050821821899,-1.8767736705519371,-0.16030189742697884,0.35300392138959447,2.7858785583589496,-1.2480328622372046,-1.4667114075699894,2.0369590304113676,1.0421350708803059,-1.759800431427402,2.014242473140778,-2.3953888654210993,-2.8865022922726244,-0.953162242144896,1.1786286770562515,2.919951876027273,-1.3123441951088193,-0.335991385165551,0.09003458158651544,0.8462383687255755,-1.0493285535899295,-2.3080487359829065,1.0329604816085503,-1.20682989997965,1.2759815711117424,-0.3904352735985255,2.249509500790758,-0.14597442298698943,0.20333897596157502,1.7657127402929984,-3.4420436757407322,-4.346909445258748,-3.1955866648641362,0.8057499963654287,2.606530937673869,1.5253169444945391,0.8788889059581164,5.419070000863285,-2.124158462713786,-0.7809003892721892,4.020538626811809,0.6038070555954206,1.646308424603992,4.531920904413806,-1.0335481687308987,1.7001655572427514,-2.0458113873489103,-2.5218040170029865,-1.050397582157876,-4.994089028042247,-0.6058420049107899,-2.1132911276339454,-0.44482200732410426,-1.5263713736977762,-3.0988493318454045,0.44042842343567323,-1.7359565885065393,-2.463581226342606,-3.0799352095017696,0.12343142858102032,-0.024348857961929732,-0.8796224411211205,-1.7053411639885,-1.9145464835632309,2.483092686398406,0.750106267086897,-0.7713565072123657,0.08448835875437898,0.16249400182043613,-0.7547545460552401,-1.495857066371356,-2.447618453093514,-0.9537036071975509,2.257421645607276,2.9945022044704097,-0.9530328871370539,0.3235713967785635,2.0314413938099363,-0.46635450563079583,2.2624985405914355,1.075864822788859,-0.8862124625803324,-0.21466741494780536,-0.41983898549454396,1.4447995394614621,0.05773911474132132,1.7376620043630213,-1.4674827395577321,-2.169118521107369,-0.6727738093548331,1.9465210925142256,2.8512831733896524,-3.533824823446977,-1.747064135981798,2.519430765834525,3.1014557001732848,-2.334210782675757,-0.37655382895255063,-2.439747453544704,0.30707096680106816,-1.0860800346404025,0.3090650221982909,1.875696694978978,-0.700936638260785,-0.6742650196223985,-2.322892676997079,1.5624619067955254,-2.9839585360954852,0.2201230017456356,-1.4161024146341146,0.6898670843891455,0.23464817325678577,2.709865630339036,2.4239956974436945,-1.348721060153602,-0.4708813470469499,-0.6963507432410324,0.016939543780104538,-2.769883058390343,0.5191460302563987,-1.199192052858115,0.49039890224507365,-2.021108658254758,-2.0164244088216305,-0.717717001047316,-2.3679751790561223,0.867417656149114,0.03165525125438922,0.9412700477351635,-0.5007675424992997,0.9278099393609309,1.071417311165356,-2.048329256442947,1.2812612169312796,0.09907259761145723,1.548074614885019,-0.8664164494894311,-1.3090737907704288,2.2830371393459172,2.430396844138796,-2.607464497672203,-2.411636022714713,2.0322229232524007,-2.1366902685041387,-4.959108504563223,-0.7115276328808411,0.9130457492903277,-1.3193101295369947,0.04066786323622948,1.135762856073056,-0.8788388017330943,0.4166668579722159,1.6143312781029304,-0.9997165089852724,1.7125747380439975,-0.5560487079313018,2.6139267463937665,0.11180628830977171,0.6839791742352861,-0.04003686100506614,2.5750945337785724,-4.293419802718096,-0.8487879058071879,-0.5420774353992295,3.0746199346077425,-2.006136386984521,-0.4174487473880509,-3.3116124059425545,-3.271573267116605,0.967522269568178,1.065132154406062,1.8679279915286633,0.6206561114791377,-2.176246147482427,-1.2393018891064829,-4.091547576979656,-2.899561238556111,-2.9060434988526915,-0.14993423704512038,1.65774831254966,1.1579487037761726,1.0750063535650276,1.0447214252079997,-0.1697121380597769,1.001284513734348,1.095686524254802,-0.37365881419965663,-5.077495318609059,-0.3845177489537771,2.422615902706628,2.459068551996056,1.4458350837878478,3.6675721403651154,2.6697096784501264,1.5323172712740443,0.020007884840372695,1.1547621842927187,-0.3020815985418965,-0.41558197716432915,0.8783615602352047,-1.7583665706168623,-2.1211165789384365,2.381295448129678,1.2497560144992559,0.8581340591656006,-0.27877100541634314,-1.7607891293945617,3.813657030645373,-2.8782187248134274,2.6123911031318205,-1.791382492085854,0.6357004653615645,-0.37785000985572564,2.1546167233167663,-1.9946187871573302,1.6306943262842388,-1.6049673145164614,-0.23668642760047623,-0.5341451208315193,-1.6773808564017743,-0.28236132881874226,1.6241530677859242,-0.12007727729412365,0.01986060685033681,4.430503758463872,-0.7674558006491541,-1.66901545612406,-2.4173903316490972,-0.9888335431918955,0.6296516925513584,-1.2892486224909099,-0.1620832864643231,-0.12293260592080717,-1.0601556713406375,-0.5356537810901556,-4.819517892861541,-2.319028176718211,2.2117955431523986,-0.8944473121293146,-1.987823983366298,-0.2855525027818688,-1.3860771698246586,-0.5033369073468973,-1.7935315117544128,-0.9521554727013658,0.8949289592078671,-1.8942667060589848,2.453980746290213,-1.40392969534245,0.2948118973090971,1.287604418970316,-5.028230215025397,-1.8960989934002987,0.13215495325152785,1.6560897937087808,-0.6038997280173708,-2.606857897125083,-2.6651927162617626,-0.025456270801547498,-0.2915299265978021,0.4803432560370018,-1.2390761233701135,2.2508123593574374,3.2762754450955986,0.4409851287807461,0.3319320681443235,0.6131723042295567,-2.4222768686390097,-2.104611998728191,2.586295842888945,-0.426307177330118,-2.3418480149501186,-0.06493436122257631,-0.47990780841191427,-3.5511651670695974,-1.838583815449188,-1.1445288277921546,1.8792991167264406,-0.08345526627030692,0.8084216490243394,1.4796869621486914,0.9288845974451768,-3.648001892040742,3.223310653976939,1.0284646919595564,1.6914685451201918,-3.584123939927458,1.4525014264944947,0.3900518879549037,-0.05542949270023352,2.4023197260951177,0.3238537714440768,-1.0723189429981002,-0.20341444839254877,-1.4624305190162525,-3.354942527781827,2.9097714625232234,2.452918117545367,0.6356509220930681,-1.6838205408642923,0.850950640786701,-2.0009113145766406,1.7546779882113754,-2.848575690675781,2.85264466205225,-0.8069656587827556,1.3619904705739478,-0.8390149980678715,-2.1069781688270925,-0.8347047311554127,1.491279731083374,0.6670033920234169,-2.3424787133735583,-2.140934952124425,0.3082083636055739,-2.2659416585281233,-2.280663658907523,0.9185585124352407,1.577440694485461,1.728204716563971,-2.2884941381214983,0.254321610522732,-0.7601980930651532,0.8498004063077671,1.706048315834275,0.551543159708176,-0.19254201089591055,-1.2517716475757286,-2.881629886531491,-0.18113155329842476,0.2502011062703976,2.070128868347242,0.12031317356216553,-0.07736000366169554,1.2057513479708817,3.2339570903849406,2.205167320031098,0.7278548992440925,0.8530118776873257,3.021471421079084,3.1624172166399496,1.509912959488454,-2.4255344554456593,-1.0029930385798345,-0.8018545206900192,0.0023299553693738317,-0.5836298567704226,-0.8437592621965245,-0.5358173421966652,-1.0560315986463982,-1.7974287157613462,1.297424032297297,1.3041356948268361,-3.03421611840704,-0.4715625016044186,0.24790806266872156,2.821757241150814,-0.037368356675566816,-0.349729084407959,0.5996410945116988,-1.5379335877337117,-2.3477851378746006,-2.4641975557866855,2.0018530154238467,-2.194143960438695,-0.5365799902651164,-2.2596989524152526,-1.4704881177439282,0.41616230383135455,0.7337828832774141,0.6968077441229271,0.6803261258995031,1.4350405409529277,0.28843209228039557,-1.8523489230564163,1.7634131782186337,1.2460661931058181,1.6155446412234176,1.0718442132686956,-0.43140219232613536,1.6236458679085026,0.8592687631310858,3.824077301814909,-1.0175318739471093,0.7621740451791992,-1.56261595558357,-3.005108725492938,1.2661562742271504,1.081603310936671,0.5691106481063247,-0.9508717301998585,-2.191621547726459,-0.7409203364720655,-0.36368966794060476,0.9911133602056701,0.6986576219828868,-1.9114465780798833,0.9952850250382437,1.6290960635955591,-1.1831178552596153,-0.3695149179938573,-0.5799413045388295,-4.168630626760334,0.819006027062616,-4.3170459282844815,1.2123605874134968,0.03753817333134861,1.3541652453249873,-1.0521660451028976,-0.3470440612719763,-0.6791209294285167,-3.0028023274189963,-1.0120570699071212,1.2869589967344581,0.9572668627503734,-2.320609820778014,0.6270648180645226,-0.2678920926858592,1.6911871005748054,1.0441307527013168,-0.6125675451708917,0.2137812612679187,0.15943706737368385,-2.262796633914872,-0.2801215222128546,2.9636262171436987,-1.333102805428309,-2.8991044117790015,-1.0407741434083904,3.023090886964614,-0.45930997181774325,-5.4041516120930915,-2.1249595972135014,0.7471647550664448,0.4521629433893164,-2.4161211234904805,0.07046150670527335,0.9015151803756828,1.118763539058006,-2.0552444313602445,3.8773491168231047,0.8931292532436832,1.6272085213102403,3.624969629256986,-3.6602558246323764,-0.7993378834171109,-1.4717005637096325,-3.258856856236488,1.016505685985392,-0.2151522532184576,0.06953936997671212,-0.898712932043576,1.2539871923129555,1.1342804820094998,-0.38548094512919323,1.3048115702245455,1.9334919896121774,-1.815349231317846,-1.3310470607971234,0.10313307772570815,0.7441432757459712,-0.7466037482128749,0.9416148022661804,-0.9248198506125241,1.5874312059486986,2.816647889072163,0.7050687658366366,2.0317959126110106,-1.803499210907415,2.763795313151033,-1.8251407460052682,-3.019159085345816,-2.9926756704679107,3.125357177132838,1.8793525190137939,-0.18323159505608558,0.03611294295206491,-1.0456295845755699,0.11873203863542181,-0.9941863976530413,-0.922617697267974,5.113634187966612,-3.8726218999153263,-0.2550745657202423,1.0192452036214168,-1.3049154554914466,0.6763131938733147,2.6195871125531247,1.7421885667357044,1.6950535607446793,-0.20463096190279112,-0.7763204758878214,0.8273273552534567,-0.3368912359490761,-1.4130612494112025,-0.38844481312770085,-0.7579867387174227,-0.4471834820158819,-2.7592554317891405,-1.2854935777375236,1.0648500943953767,-0.21362088640136387,-0.6549120191120811,3.1737842440648936,0.26512602162128474,-1.3014576245400085,-2.0093090382800667,0.4705319879033496,0.35098223340523715,0.33688477104235626,-1.2018693279736055,2.7189751246019895,-1.8261595571469234,1.6531509269269837,0.7607782117745567,-2.8002678938835817,-1.2896280620907647,-1.7750459137766477,1.4179642774351142,-0.3260959155751417,-0.6789247619354566,-1.766565528542117,2.213690728854397,0.38640593364942843,0.9934800982740877,-1.1271018768622156,0.124298361578001,-0.3406854018449722,1.0885555599270893,1.6154635823756835,2.1022950413411503,-1.1983181099597877,4.234163669871334,-3.483214489356146,-0.05870500608343482,0.1366212000903429,-1.9057381554803519,-0.6489646742698076,-0.4962368259168496,2.2171007889206864,2.7268443335627675,-4.810994220440756,-2.940285097202126,-1.310011551163438,1.6608170645907023,4.119273464143034,2.607010622017885,-0.7354370038829819,0.2610591534765799,1.9681745417317338,1.0378509612411706,-3.0485837736523864,-0.2975283475291062,-3.851812923645281,-1.2192373429373324,0.19969021184097102,-1.7957783755648502,0.7868841276631354,-0.7815920464530608,0.11386256304111897,0.992971539066038,-0.36867365238015043,-0.2453383306543765,0.8049726158445463,-0.32021606866150093,-0.08359216157499555,0.1786369928100657,1.2132753284798568,-1.9389060135256146,0.16570106156114725,3.0512424460798906,4.188551996416231,4.17221463826891,-1.7601525887208516,-0.9693736526963868,3.840476598760844,-0.7218922044228453,0.08424287624561172,0.3895455665751647,0.9612123683837772,0.35141861612846437,-1.548617179325154,0.3058540686861009,1.7342658538849418,-0.5753638933841388,1.355448458219388,-1.2737873137666904,-0.6192092508203275,-0.1645607623590482,-1.9358951773012494,-0.6359401461540712,-4.529046089077024,1.7053395407113898,-4.0124540200380805,2.058676497695363,0.7599218718001854,-4.340812460767054,-0.8850754558239006,-1.4953736003340354,0.6277591566826317,2.0151437363201783,-0.08970344214611645,0.4587514086357548,-0.6504255042368161,-1.0005201530586045,1.4213065489846055,1.2176304184996403,0.8072260609826292,-1.9725498576403195,3.222964764365434,-3.9789126706607347,2.1925407698572115,0.6387139219175677,-0.2439792392905295,-0.3899687051090288,0.7866570506623134,-1.2857002893155742,-0.6589043843692619,-0.3154580730627218,0.3202635264243778,-1.1043092549615603,-1.425297993360159,2.2502043234804847,-1.2544016033565133,-1.354004225124512,1.639088515903595,-1.710956460314493,-0.2820351436796996,-0.019875945837296016,-2.5005671532059726,-2.4093093413547093,1.7085702416483843,1.0239481343739656,-3.305482224103956,3.2413493763341488,-0.5252768593624788,-1.5367402032218522,0.3061584724220309,2.211860339383596,-1.3448239052323228,0.09191526027515154,-2.546451098687401,0.6831983924153783,-0.3068526461929148,1.330347846107917,-1.3292075727222183,2.3842894753165766,0.02626903083150814,-0.4587137706647486,0.7016796062881887,-3.4146087589246386,-1.515605233538755,-1.0502579503912166,0.6369247946815524,1.1172434524522845,-2.7006462316401803,-2.6915116257736966,-2.1826304717350817,2.5487563927456316,-3.552806086796064,-3.4951819912252065,-2.3416503297572127,-0.3407720939528759,1.272758522500544,-2.2748724046000723,0.07674637878613794,0.9561244617976005,0.8568124397980206,-1.5190054839678901,-0.10216368893858384,-0.4728272064961752,-2.0058426553834137,-2.7243165138213294,0.3754255400043982,3.0093096538972874,0.08709033462603988,-1.9467459719362608,1.589771090696918,-0.31158816698208774,1.5095141172351363,-1.584379957700199,-0.7935873347258057,-1.3749814820448811,0.8189951470485584,-0.03807691114493901,-0.7415573665354025,-1.1632739040171631,-1.5813496409565508,2.1128551128448536,2.9721183822532007,-1.733019501528227,1.3889689059418384,5.345453680391014,-1.4163647034327467,-0.354535952592302,2.5206692906718513,2.874613422316424,0.6308954282894381,-3.5883577861662124,1.7966315206109773,1.10473233013348,3.945937444024596,1.704404212452902,-1.064374850875922,1.7619652747203374,-0.9811561269963569,-2.7057614314344063,-0.08893528396286929,-5.970813852742197,-0.8655747422511515,0.8705775282453012,-0.13680021073179774,-0.6982003211794444,0.8228373680773776,0.27289561785512545,-0.07739085293026282,-0.46158645569410595,-0.7517430510929002,-4.370997849023545,1.0978333377801244,1.0266123566800227,-2.501333991471618,-0.22714157925849254,3.391840378633061,1.1811729269400593,-1.4589083634920164,-2.382520754698247,-1.8956223485846673,-1.0832510529218082,2.540608101661001,-0.5911471215427452,-2.680685682096664,0.746126292044642,2.179883818023243,-0.6811665915695175,2.794330358635602,4.694547908085927,-2.3669399264981164,-0.2447467545359519,-0.4305129043156508,-0.9989445512049857,-1.9403755959061963,-1.8342125334824257,0.8122994776661236,0.5186035844409984,-4.427601389254391,-0.11324128792556881,-2.1259825541790343,2.4699358674438088,-0.6096942720281242,-3.9971240771297314,-0.19355768451045077,1.9829682596998754,-0.4972870833102802,0.7655108979087334,-1.160738737416163,0.24519954131496458,0.8172359852865676,-0.585842845723543,0.5864785049965535,-0.2617403550417353,3.09600307343293,-1.8606529383276718,0.816396661995392,2.852388692581123,-0.24059036435492642,-2.160901456699296,0.5828410140176294,1.218941734995617,-0.3466248692058455,2.29111880128118,-2.5919568308771868,-0.4502081693981542,2.4044527167496708,0.3244728657782946,1.6682744836976406,-1.9748834931092958,0.6770695070448258,0.394918078905761,1.1735514454067866,-1.7025267559967847,-1.126969128255063,-1.372268448231746,0.02106943538868462,0.26600223950588053,-0.8625950230938195,-1.7475774307417051,-0.5558765289945911,2.5235938869162107,-3.3353882979200375,-0.03079669517683295,0.6382804585097217,-4.036654771427003,0.787813952633923,1.0197646753055838,-2.389164608898988,0.7269426560513362,1.8450449695537978,2.577539263655276,1.5298655178485103,-2.5967688153862265,-0.12755577887345373,-0.9738341650530116,-2.3806441640385234,-1.1793307469928869,-1.2536874509132587,-1.2158229772400362,1.5784927749847872,-1.7769994536556744,-2.4672237116067923,1.1146810637216102,2.475964196104112,-1.3646143143374694,2.6136297682383436,-0.32079401514480027,0.11176953502615705,-1.55277225612782,-0.5508348246742796,-0.4045250086808273,1.599364763959585,0.6202618956891535,-0.803452386279288,0.7808399639901951,-2.524556773263704,2.5235414445206854,-0.7629141029985707,2.593589204367378,-1.4161281498701053,2.0590753629331813,-1.3491722631009908,-3.249727852163681,1.87580520123518,-0.6475099421434871,-2.4517835240411734,0.4901490313320448,-1.8930860333781165,2.4480892814967814,0.3751043631115344,0.9673455478921373,2.065828631475214,-3.736884045532645,-1.7196115447090103,-0.7828638145950684,0.41760253739281256,0.23459091625394307,0.7681133455918846,3.0939560920046283,-2.187982020544703,-1.9375527641840251,-1.269897761661339,0.6706431343143305,-2.1960473381990564,-2.925491781159952,-0.004904579964326666,0.10815086151426861,-2.720536267708937,1.0657185266066314,0.47680292872604746,1.77287724527087,-0.04013440834713872,-1.4405032698296218,0.0768309547276958,-2.5536892355994376,0.8657922846082166,1.3804992185626759,0.8030129857246454,0.6936050884585937,1.621813081473461,0.5690480695464711,-1.3050512254416031,0.7227362257689525,0.5090836270204424,-2.6601447786272994,4.891050008426718,-1.972786598906326,-0.8230063269601664,0.6925346637991356,0.1492537629539542,-0.17532228913010683,-4.852491000486783,-0.0072376804449434395,-2.0184953868310282,-1.3191375193646777,1.107086144760658,2.7355216420938713,-1.5126685577527943,1.44877874271935,-0.5560372802945324,2.696560255657582,-2.0009510932719348,-0.6342656894765715,1.4766185442976145,-3.780333362086611,-1.3218127333817216,-2.2362663474263083,0.3660974691572702,1.8204702815924076,-2.984225645978766,1.3871001947642223,2.2834234574596928,-2.12722898991257,2.0861807356840956,2.322679429797614,0.12259206582595412,1.8212882581079088,1.0633174871194992,1.2717904306651169,1.1099306768457025,-2.0499358215310517,-1.0032288155886004,0.15208373437350298,1.3181530659792233,-2.168689318870098,-2.363248952855598,1.4426519285591963,1.284402983526649,-0.8808340475492299,2.0864359415728795,-6.009436860578376,-0.5734823800543787,-2.3481976300137477,0.059639311372892995,-1.2878942484132754,-1.0963683846446504,1.057359551181039,3.3829212039364216,-0.012716151041873847,-0.057249248758749205,0.811310094437113,-0.026397926360355137,-1.6669255432033487,0.49209628102739916,-0.7278133797260257,3.153635932291127,-0.36028749673176313,-1.3996292600421376,-3.593573383802295,0.5485877036235237,2.0232908014545825,-0.8275970181178531,-0.06690082387540142,0.13416961395883464,-1.250782424863563,-2.3930966557836757,-0.7493448562450175,1.9443239083151178,-2.1218693370650743,-0.6369723323643324,-4.986525485994878,1.6628058718960148,0.35706808275791857,1.8646410147825785,1.9034303428927017,-0.23665528066217983,-0.10036924059374219,1.232165465604917,0.738784252630697,-3.3139069460258392,-1.2660481647615218,-0.29573240631209996,0.6398654271759862,-0.15906986219366406,-0.15895127902966932,1.4814184080728132,-0.5637954218286667,3.1149004336755013,1.398952146119056,3.122521463608921,3.302061800440189,-1.9495157771367289,-1.5970905296717768,0.20058251860364928,-3.020411357260661,1.4460918970891532,-0.32000114416822356,0.014798535283584352,-0.42534118426035056,-0.28512021925776293,0.10035151128085665,-0.5432057188434439,-1.0394436322769887,-1.6600775450077774,0.35444782203680075,1.685783665693159,-2.7691952256359524,1.491821099670754,-2.59624176276495,1.0739292197549513,-1.698288975680476,0.3468318851782267,-2.5851062165834424,-0.28235370642434127,5.162595023242644,0.11656768737309033,-1.7302485323895103,0.2169828420127374,0.7736450035137978,-3.4695448036766567,0.37481558765316325,3.1181037095918436,-0.9096891570929263,-2.211446872714613,0.1744552679113645,1.6771108006397923,-0.786345663837069,-1.363970435019836,-1.1972791751462137,2.4425398789404746,-3.720216528286053,0.3670679056553836,1.8520890890204877,1.4516764081073845,1.846462178976226,-2.7485614274828305,0.7136063984790242,-1.5539443404802074,-0.46341581737727955,1.015310876868982,1.26033182454556,-3.6777571280163746,-1.0496459499863724,2.8747832015725483,0.2931412580407322,1.7297462343663081,-2.414522753426338,-1.0780712247501216,0.5295766450724746,0.32387276819881133,-0.0629298370005194,-0.935473776015194,-1.7809870491459265,0.9472660901958041,-1.256267958217938,1.548940775784283,0.8398216965761168,-1.5734201506263223,0.5543348617379927,1.3143628565466545,-1.0927805431836461,-3.496189210839438,1.771046690297168,1.2013058106026182,0.5788699382555403,0.39400689066107836,1.1097790459475803,-1.0337272417608776,-2.853494882394403,5.609977453781015,-2.0354918621375404,-0.5118342860493587,-2.508813083495264,-2.4932213880450522,2.2885117348365633,1.3469560315341755,-1.1560095359869016,1.094485460140824,0.8222401189633279,1.167192226703502,-2.1135419901944483,1.8807694949244222,-0.6468084553569716,0.07252839702983677,2.36104218345785,-0.36099461733867844,0.531150285174884,-1.591446793681458,-1.55583496438536,2.510040926514072,2.2862759126735277,-4.349214082630504,-1.3788468737958337,2.5997797377078276,-0.42669841066578573,-0.2947175132219632,1.0219791315284865,-4.056891776049931,0.862732967534001,0.6984425052216092,0.5567912082231423,1.641912510147562,-1.094862796335013,0.6563587650701257,-0.6138754977299327,-3.087583882631375,-3.8185644318151937,-0.2248805714361086,0.25303918064749276,-0.7323915545318374,-1.1954262310644437,-2.5556521543599264,-1.153704162862675,-0.010078958138448505,-2.442600007323578,1.4587088601358127,-1.7129451150547872,-1.6390451793159087,-0.9873701713662043,-1.2583182527577403,2.792307728852273,-0.2625747581609107,-2.440784122707546,-0.224415843681314,-1.1418191099779684,0.6729270531052391,-2.4600044241153625,-2.7437127400145545,-1.8450121453640376,-1.9889950354489827,-2.6774029144185842,0.614570225624819,3.9797843146979104,1.0396785592391058,2.432561177432253,-0.17611143670098803,-3.836326961107289,0.10104385327775961,0.03676413889565547,-1.1954815979326863;6.531555996181735,2.481988555177799,0.6379034878547303,-3.7224757662907138,1.0926599676305246,1.6544625233255328,-3.5033128194554712,1.205419864196084,1.033195547908099,0.10729591466748223,3.7069635536592265,-3.9970253914639087,0.7634755554752168,8.323529409115352,7.553056898216027,-0.9617412922354587;1.1606645009731507,-1.8724474739675174,0.9367852521034343,3.636212421207129,-3.3737545579644426,-4.584961452503231,1.9679304839003797,-1.1871124102143344,-1.8435222548639785,-1.503856936107387,-0.2201115864301729,-4.192864612058328,2.762776102597971,1.5825437002306155,-2.4816073290505534,0.8565413532071369,0.6808695946161505,-4.19561571033678,-2.4772007426050617,4.076406020891259,3.205675482374513,-2.5858267986942614,-3.0777244843334377,-1.7133826756570179,-2.988577814006949,1.2616791766810476,1.6904109711622954,-0.3790938387925647,-1.0379427016199925,3.39313036696663,2.7956427285356615,2.3258436604454555,0.5728092639007794,-0.7490248885113252,-3.4247292253375186,1.6286722154561488,2.0240145109299066,0.16742134949581633,2.7441675660275795,1.6342950310250068,-0.2440189712063668,-0.34986032081127405,-1.1785897497800364,0.779446215495695,2.243747050826725,2.544981955233193,1.8092881026772354,5.560754585426035,2.4777265645350997,1.1647045263598281,0.7348685004290881,-0.9384010686114976,-2.890176147887166,0.14309252359032865,-2.1285343890526045,0.014510739594500777,2.910761034834419,-1.712594346790069,-2.450546338607027,0.43165336338826893,3.2306516463108537,-0.467364715235975,2.7204889639269534,-4.9155248235607125,0.4425990250643846,-0.7431091847894739,2.2966838541376537,1.1618265872370666,-0.08733711589805214,1.6786844755999675,-0.35279490482878373,2.735069645456476,2.515492053879864,-3.692611109205563,1.3274654851756345,0.2657899478529244,-1.5478511747256924,-0.9572565735960797,2.1285854123622183,2.015799823171474,-2.741028311713941,-2.282149952413339,1.7753615413050063,-0.9685435844585364,5.163132820402447,0.5037757748693397,-1.9282257631169755,-0.6577552241257689,-3.551694980859671,-0.23497281493584848,-3.809711793187523,-0.5987447159551156,-0.1940321893365481,-2.507964400439052,2.0648270784253526,2.502759836308552,0.6397967624542434,0.37387855007835746,-2.262595992126524,-1.280560744718747,-0.5272417338628669,-5.480962727038102,1.7603207724542054,0.2536793633590444,-2.0704134732711474,-3.274957014627248,-2.7306549085487575,-4.843027697583713,2.5900713395814337,-2.7716232722406295,4.79417456032099,0.5602459508342489,-1.7680257736638325,-0.3468324157189133,-2.7505400123171686,1.9874331587055125,4.5381942076665265,3.3759324871625904,-2.4842224218551294,-1.5407502918780485,-1.9377756657005072,-5.2144257749948855,-3.050541223728284,-1.0039232915455425,1.470126661513322,1.7766082359989868,-1.5214017724168163,3.8619597339381384,-0.880229718799456,0.7023764982863582,-3.6068220088329057,-3.849858107047043,0.12779341082117157,-2.310147168827161,5.157205631104329,2.120301328223028,0.32868034161217996,-1.308037868387372,4.052632596534394,1.051213812328264,-1.919155453922038,-1.064515149336843,-0.24263952404388495,1.7490630552114959,0.9696259791019974,-1.9664246902276112,-2.888442225489208,-3.7281115434762517,-0.6946276097186119,1.8246852980971224,0.5442920363945941,-0.5305150553251086,2.450956911210085,0.6240927466763682,-0.8753680592491394,2.1202733286118125,-0.9852011164716469,-2.9939241113554735,3.264262845749075,-6.784827447854449;1.9212069388616395,-2.172469151335764,7.761252041629806,3.81088577032986,-2.309584575815263,-1.5252903412399255,1.8267370856762721,-0.4666851599225932,-0.3812250751043487,3.0271864006477607"
