Individual,Fitness,Controller
0,2.78596236800392,"1.912865116687884,2.0741989116686472,-0.5224317645754479,-2.018519346839428,-3.946556790069903,0.48560586550653717,2.627687529311024,-3.2291828256535413,-5.080384603113431,-1.018406071069924,-2.8795228549730205,-3.8485596819959493,-1.3515197969310786,-3.648376191903835,7.1535382145495685,-0.5547198256432319,-2.612346312970233,-4.479887860337321,-1.9604990631458914,-1.5698264023683421,-1.3391136036133595,1.6267288506884305,-0.28928845846865175,-2.5204021646257213,-1.6520675357581645,-6.713174854802283,-2.994270429203217,-2.252644249792884,-2.14787432687839,-2.351520640199935,-3.4744417120219726,-2.6495570261505015,2.6776130319045204,-2.0547073908942006,1.5491598440728997,-8.182105868614364,1.5677244360387297,-0.8241017190913125,-5.177754100457736,3.902934368287237,1.7265120791347048,1.2717124996029638,-0.3748993455795654,-2.568701356479015,-0.8371477414603624,1.5025407145648015,2.1694943393687955,-0.06417734218810747,-5.477871921875509,-2.748134039952871,-0.9024844188107913,-3.798262308548262,1.3269375218238018,-2.1616319296756936,-0.07679099107216796,-2.8446323072296975,0.5352092416593557,3.39166376673043,-4.611648538190055,2.4657525295557163,3.4886679301795063,1.6426753672353833,-8.891751433900767,1.9760696997660516,1.78861500686492,1.4458190564370172,2.284964052474744,-3.5326949091062376,2.296674868483577,2.4543276656940605,3.168774024476689,1.5674425909088587,0.8025827699538599,2.336245337534259,-0.5047539258702516,3.5851014749338663,-1.8740525388291123,-0.9896702348764267,-2.0242087749730087,0.6045838581365501,4.30671722550708,2.7523598871150745,5.661162888206178,1.0082238726465877,-1.3758817277687598,1.8108587413706438,-2.0413215089459014,-1.8696109700540624,2.863381340772687,-2.5321996403159637,1.102534430906838,-1.6690092287933376,-1.7848247249213882,1.0709003095475036,0.29472592335322245,4.372776164158983,-1.1695197689383718,0.49374927697797766,0.5893524347066855,4.225099300152693,4.044799321264819,-1.3646726421255242,2.3311325695911638,0.7474462524659016,-3.516912880974888,-2.135736744691557,1.2125560432931022,0.8843549716066136,0.426083593149688,0.8586469657362441,3.739757536543482,0.7615085604067449,-0.7719602128441854,3.88880748116828,0.6958434634418611,7.374800216327116,-0.8126208174746226,-0.8703575727423929,-0.6376232939836493,1.268974205498078,-1.5673978001387425,2.393424746859978,-0.8106658110217035,-0.03950838907508544,-2.099470333205608,-4.653269117304764,-0.911548011244826,4.5461253673384,2.827158774703296,3.9104964494660535,0.03860493152321601,2.460433218227779,-2.112467681691136,-0.003949950537507102,-1.9680587336111843,0.9132518370752694,-5.13049092933415,-3.8441843436831875,-6.140739584561066,0.45458325955908724,-1.5000424523482825,0.748271460054202,3.388790248914689,2.156042905476024,2.170439787981328,-2.5742913726331222,-3.2595318946358747,4.613063978295377,-3.6874255865071612,-7.440651679736509,-6.337976661904906,-0.9153368986539321,1.0319138934274454,1.803646484264228,2.5824012492054904,-2.4811501681566295,-0.9733957136706578,2.494511485267556,2.3160176414216713,1.517491311324632,-1.755617287866701,0.27627820404218617,-1.388170296375373,-3.7612962521923525,-2.5412555544187287,3.737376960444503,-2.000841361887799,-1.551012868876324,0.30608605005239353,1.9072733744049484,0.763341000768081,-0.021957519069980475,4.033359385723332,1.4615418411220493,-0.9345234809376358,-3.070242410111491,1.0343257954613156,-1.63148060957315,-0.4242424031538357,3.28654185553884,3.6067873102678885,4.927124008035894,-2.132660024454638,0.8194369515808759,2.401814886837586,-0.26433445436990777,1.599289306828334,1.0623770765893494,1.6167532390496586,6.138884262490796,0.6557732736429822,1.9613182408848107,-1.5437571733291706,-6.800232180050582,-0.15931510114912675,-1.4152553016011797,-1.2895534334476442,0.717976185665173,-2.871579757048582,-1.5520520611915085,-0.02294115771273024,-4.451342385300365,-1.8096412496789078,5.126634168964616,6.581004991896155,2.377127247100363,-1.105878096444801,0.554508212131448,-1.710981344258452,2.7512438412677764,-0.4258983646775513,1.2910030254261264,-1.191471188585209,-0.12549284346375708,-1.7599336060865853,-0.13937927279286297,1.136048299094467,-1.354059729599709,2.796256205615702,-7.54540504580169,1.9055155922028193,-5.618218715004891,-1.211710501100724,-3.1744870485997967,-3.0395482371540985,3.431857690846104,-0.35355646815070113,-0.22776432171821479,1.3915108204624436,0.7862643634181752,0.34357535166264297,-0.5366159869207974,3.3373911625237245,-6.718759906198194,-3.6490827667433594,-3.5525803128010853,2.802338020403599,-1.4010156663443776,-3.5026871310932144,-0.6716562994668094,0.9392003820464566,-0.6688212309474942,1.3583603435671403,-1.7499370732477888,-0.7245305918137563,2.6256583737698453,1.0733870077448633,2.7067344284820987,-1.0866874403911038,-3.076678031007685,-1.7109694023945368,-0.8003114040685277,-6.319888572827385,-5.756526908378079,-3.4034016700527925,4.891321542653739,-5.37877072105517,-5.37696463067768,-0.540611064231025,3.6910001067853537,3.463434252384616,0.8777518722059242,3.024434991600745,-3.859419121999135,-1.5926600018242172,-4.240551910009176,-0.2736706832286387,-2.3494586334625596,-0.14452772240669312,1.8869562420035952,-2.2066852624023983,4.039843791866892,0.6422371299566517,-0.824300832571399,1.9156500401608854,0.09965736222055425,-6.071225273811617,2.5488350513715137,1.0634845412309832,-4.552844994620907,0.7360764731369308,2.896933819553584,1.669840672578924,-2.464052453889195,5.577663401141244,0.3312957910893257,2.4456571154431015,4.416886721499368,-2.9398836978914633,0.03809296794430411,-3.8479266881789407,4.611474690890068,6.704112092991383,-1.0887225101153477,0.12959994620737855,0.09439959417360791,0.4965790674792222,-3.8308397405360575,-0.3977058259920975,2.087364457081717,3.002920621970992,0.9389964974500475,-2.394736080114326,-1.3734050862659042,-0.651422265485826,-1.4593410225385108,-1.9356920932515806,-0.4373375984271327,2.8945162542134866,1.5143415358188517,3.311468317226957,1.6767167202167013,2.391676429804089,-4.612538210022505,-6.070822893913914,1.689441528034272,2.367294973147508,-2.259354915965956,5.835727116188714,3.833188322298131,-1.9741810204175072,7.428375899230936,2.0717375086219056,-0.44502653199984255,1.2663351148894468,1.8866699521242638,-0.41928174490819214,-3.399929711313016,-5.102109025272534,3.3380600713605877,-1.8068063904921507,1.5772951060069,-3.292495855814014,-1.4857465038129225,3.258560988199358,-4.241082636704349,1.2504270228402583,-0.026893632866874448,1.8046205793500865,1.3678110327696913,0.8432838082810001,4.260082384572197,4.629591020498775,-0.5508667044562534,-4.117445723872057,6.668352997190387,0.9012210847407305,-2.6027757305760897,3.3001654156862053,0.9357326049760949,1.006427103251285,-2.6040917634059144,0.9410105417362128,-4.636136745083192,4.247947046045624,-1.6633382764570253,-3.4263390870743358,6.823235090066348,-4.791104962132649,-2.2659210046089484,5.913205975459451,1.5157920674301095,1.6966478818565305,1.487190579237665,1.197869418344804,1.6211011692411572,3.216602838869866,-5.951948969502824,-1.5749060863583646,6.772300898296322,-3.793973617506963,0.4368816731401347,-0.1261966500226984,-5.466606511931647,-6.002812687819548,4.24507010247823,-0.2775284422371602,5.266631203473367,-2.978375814930323,1.757029947615706,5.102196789192527,-0.4460517995005683,1.0819031184926002,-0.09403733088997253,-3.036984710997492,6.089208251031228,-0.6364536618523968,1.8211564045324502,2.133724088190563,-0.1273812883471876,-2.918180791432671,2.8598492832438787,-6.076138382429721,-1.8006138777373453,3.2251226681616156,-2.1609170209722195,1.1663480068607863,-6.769449214580613,-2.468550761395902,-3.539167027331655,4.498687812274768,-3.451596681709182,1.3563995864031533,-1.5891979171413815,-1.135092535630712,-2.364651153885326,0.4090005061023336,4.308792493700559,1.1153509024792847,-0.3719131360827947,-0.5830334046839036,-0.7345048903580595,1.0328460052152784,-0.30750528132935306,4.920533246297738,-0.9839994887549173,1.1600604859539219,-0.6019302170219435,3.4831789038000696,-2.9158844764834218,3.5999987526429966,0.510120256303914,2.59945290845741,-2.686462424656388,2.661250927658073,-1.7382754594188448,-3.6622952305585246,-1.49201100243698,3.1365585082752196,0.16312592759301467,2.544559247232934,-1.7570214491622203,-1.967066439078017,6.031464602872791,0.6314316513610304,2.6902114213348636,-4.203651893618689,2.734852183234673,-5.581560715928022,-2.5727266827732693,3.747516832243643,2.022979628548624,-4.3147840068494965,-3.3264826284371942,2.542012038800932,2.4825811727103777,-1.1002635283799842,-1.8044210766343767,-1.3805446677934057,-4.293394161383986,-1.8142579744640068,6.0244278180911985,-1.7623634806138988,-0.6195080353662022,-2.5032080447802443,4.652886186108873,4.303885174652155,-6.552763741281582,-2.803600218513232,3.824165026815672,3.7480219770933956,0.9985752744859542,-3.724123528255136,4.79569985218426,-2.874328348920196,2.012701398755178,-0.7323109926511364,-1.5471347737393313,-3.549898766466637,-2.0002075102844645,0.4719663522307961,2.9514993417802677,-2.5311769802081816,3.1232715565795113,-1.6472492003992472,1.774452993652455,0.5654389963436557,0.6627398390405318,-1.2567352650261046,1.7283910415846053,-0.8072088309340474,-3.785456661333654,-1.1875559140251415,-0.8786879690615719,0.6996231631829034,-3.8006476453957294,-0.2760123269310063,-0.23769062754831863,0.8871757736417529,0.781326543755066,-2.608959233962575,-1.9405234818714732,-1.4515081249572264,3.0650214668272735,6.453073617678396,-1.0207517874385208,2.773143698598134,-3.260298822057453,-0.07629788717937927,0.3189318110060947,3.850513652639861,-0.49889134350499414,-1.668541175049091,-5.17910584987904,-3.6358034741608285,0.8080502658895155,1.669472171010203,-2.374452091980916,4.384495543626832,-2.943680545431459,3.464266438951026,-1.373544443934109,-0.6434035392095536,0.19852105828306707,-0.10343491194659701,-0.7607236844817702,-4.658750028121345,-2.701812788105155,1.7314688840170307,-0.9724727306673232,1.942118019634362,-3.452409554023836,6.683291089125947,1.918900296427593,-2.183220123730375,-3.0778000226571622,-0.42282793727576484,-3.9983053862294584,0.7230311114525553,2.0687221775372353,0.6136590030068155,-4.111265057050283,-6.18284468426422,0.12178586446561578,-3.9226376564122973,1.6442090443997373,-0.6862217103217876,1.132803888328292,-4.295597859949001,-3.033366325565176,1.1001547531268145,0.8548906543725348,4.409700342025267,1.0878677767705827,-1.1918332495234945,-1.77649098322069,-0.05949117544427568,-1.2911010640148852,-3.274423113120782,0.497133972047261,1.6860691011088413,0.21711010486895843,-5.618932893579592,0.22189356236641142,0.7979875105129063,-2.9715843538620135,2.196073300603901,-3.8461404557163172,0.7697160619309508,2.8944331677054933,1.6318767940643273,4.163963034388195,-0.5308574121644213,0.854954499750416,1.9150400851677736,-4.077298228097403,6.5742531602876095,-1.7292711083365555,-1.5518977637020144,-3.1544806376223575,-0.27652347493285984,2.038341424218592,4.115672314907749,5.246804137835633,-0.9166582891305474,-1.365804545358625,2.0344768327925444,-3.5248668436146215,-1.3507550886853983,-4.155530354831282,3.918782664504262,-2.3492924976539076,-1.4049826169442936,-3.90591676782949,-1.4397258149989507,2.0126105441669675,5.960474823403811,2.1664018478688827,-2.326587253745431,-0.8447266768192078,1.1915651650773549,-1.4173014899978116,-1.6638508816994415,-0.7417262884160201,-1.7448488998948446,0.961167159867695,0.4153884715864841,-3.448125797761348,0.15092176175549607,-5.518412361025713,-3.209959845862322,0.40699366159149053,1.3381116274568834,-2.1941967078175346,-2.361352258401969,-2.963577414617126,4.601389192317378,-0.19829736168822196,-0.5721247983761943,0.11271897152775379,1.2386373221641542,-2.4217554128786056,0.09660967098991358,4.072510204533852,-4.377580919474546,3.129693212365585,-0.5630951710541439,4.748649432236157,3.186110672992248,8.156568590809874,0.16195802513690533,2.2045414556783887,2.8413203726396987,-1.1163088230394846,-0.4581930163097041,1.4773273507546663,0.5071118852356385,3.4924925297556277,-1.5348964928246158,-0.7945909892035525,-0.4694845422254394,0.889286872680004,-1.9970049290028735,-3.6808837609044005,6.625988954886787,-1.1314252227493482,-2.7247028139001226,-0.7324598234758861,3.0041929855017826,1.7067392816257871,-1.3079087663668438,1.8581109918774263,-2.344301515792787,-4.575049427935728,2.603448473439859,-0.08689344000934135,2.9269552009533646,-0.782426581882371,-0.7150473043141076,1.8774085219967078,-0.7978143154144938,5.643875931933447,4.605404178377235,0.26745638234286295,0.5919843530163635,1.108999643759857,1.4173160130991231,-1.8864425116793846,-3.2422620812910647,-0.5093492601415256,-0.9465149425920162,1.8527397673817523,-2.65153506783442,-1.5496529754826285,-1.262369597834538,3.0469991927086006,-2.8529786616069197,-4.729264157879621,0.31507296203504415,-2.2851141326756137,2.087905519954167,-3.457096797738334,-4.541912036208408,0.8889227017908059,2.5981321282114314,-2.525084040298814,-2.333657086117814,-1.1273518584669637,-4.6326334125296125,-5.331268858190279,0.19474276280653288,1.5949829060201999,-0.7477210869815283,2.8490238503204415,7.259575711724348,-1.87072326476169,-3.9590280252265364,2.8955491061507863,4.782204069202815,-3.8432457482832456,1.5886984977387517,-2.0430991686277946,0.939453704625494,-3.873942528723217,0.7194297773805289,3.201494482702405,-1.6787750005650828,-1.4512026019833297,0.94506181305293,-0.4384447996291441,0.5232482522696336,1.3722694285167334,-2.7930852438340645,4.537542624971055,-5.648645401080645,4.027704611783322,1.6778982415550119,-1.3013427706138443,-1.5888361665610022,2.5083344505704344,-0.9476541913949583,2.2103501572636186,1.0306650664004946,-4.282819218854574,0.42619282066903375,2.55862015390536,-1.8427695989114845,0.6890521353786477,-3.4844417099095955,0.4700824933834064,0.004336274295029068,-2.9807122477171872,-6.911327801970277,-1.4275406771044983,-2.8718761706736813,-1.1350049129298938,-0.5179010829444755,-0.4013954583661944,-5.158151105586195,4.672671362337791,-1.3255838420754544,-2.935552797752414,-0.9933242523254681,1.2471153675059836,2.5923615816418475,-1.6177772798292556,-4.044311757263795,-0.982593316145868,0.7374504958661467,2.4026477871299754,-3.5297871305035353,-2.2535424046052293,2.733542148952399,1.4573204074764607,-0.25137763514454925,-6.5229576704177985,-3.625197797771211,-3.986408754493494,-1.914134313274009,-3.9587305739649277,1.0860063832473636,2.1270436873814806,2.1799515798267683,0.9994650306341407,-0.8898183655955734,-4.207496863127371,3.9427360525186,-0.13611780119431183,-2.9142569807626972,-6.583744697594831,0.8817001746294392,3.7452915948874317,4.098513453303183,-1.7690728773401965,-0.14442636003474577,2.1575129372724335,1.508523059291745,1.5282970539168788,-2.8174976632282833,-0.2606811105304056,-3.1621048788473574,3.1323541931148684,4.594992832661056,0.7172088466775568,-0.13475789127199114,0.39836081233860166,0.569547438040388,0.6503996989844405,3.3221069416380504,-5.728920062877855,-5.159787715399264,-0.5225780478388931,-1.5301366990504481,-0.8573716723605274,-3.5454141466695432,-3.020136266658455,-1.2693668444717165,0.4785254227595793,-1.6314996532079873,5.33243098328352,2.8109963972133376,0.6194709310080208,0.044342863770250526,-3.45450448267648,0.5192725636469959,1.3894615646502433,-2.0840394448787762,1.998259717243746,5.389774551524901,4.41066342373804,-1.8491292369862382,1.4654569527011885,1.2410581194298975,-0.9625389197866139,4.121026307855285,4.627731308629139,1.4119437174172864,0.23688404551780928,-1.1650114830301594,-0.11036874380742642,-4.338093564517832,-3.3195087322482664,2.282107176013721,3.8625225596262163,2.6500036742364923,0.8178298467627937,-0.6752797221187183,-4.652418562841474,-4.505834645517291,-3.7053271714230727,-0.45901996920008326,-0.40627430000622666,-1.5330458858371463,3.3247822443992194,1.0702839665505983,2.446519016049386,2.728763913928803,0.8481675562132975,-0.8341979335925532,-2.4572829035235952,1.1564032558983863,6.449519812362345,3.6913260928446903,-0.1005073953680576,1.3621755667825641,6.530061159174467,-5.448435759419613,7.6463621289624415,-2.114623937737192,-0.27209997343437875,5.713220637650406,3.930152693352487,-3.794723728829836,0.32761186992906755,1.565105798192473,5.363857566499926,-1.553526032401315,-0.7562426778460895,0.9122397761929124,2.267455454130393,3.2466033327743204,1.7030781103113586,3.7251609960511796,0.10343555309546863,-0.6389447519553659,-6.224713206950101,-1.3689595531751808,-2.341183124649567,-3.7696616066485427,0.5168083594923587,-0.600961973250884,1.3093076077494192,2.169171068855941,-2.6893647287716798,2.2713894942907267,-4.123040453145479,0.8608471426386681,0.5150411243941617,0.08387925661263382,-0.49226462402162147,-0.9269222738595397,0.28225934596962154,0.29771506215256954,1.2388396945487108,3.886512726394444,-0.0319050613540373,-0.32108043162685607,-3.8297396962241743,0.9273221081632433,3.408322462871556,1.4146829785374748,-1.0360554661462786,-0.8829614222509229,2.1371804625956172,-1.620286352642672,-1.7659481457264732,2.927050571137881,-1.8573044452897465,1.9933826758075324,0.09973702395607564,0.40381582025061424,1.9857835975792955,-5.501649767627764,4.044308864158291,-2.069856508580958,-0.5060909036165332,-5.215504237888862,1.5115265242909681,1.359855393599229,-2.2170896403616136,1.7577747563050428,0.6194880082812846,-0.5240379706366056,0.9526420058442919,-0.9025342900311392,-5.684469718402454,-1.4755812250929503,4.120472168781737,2.1926366354520317,-2.859702911130113,0.7593358614072144,2.7795259301550717,-5.179064256255394,2.7155765188764627,-1.3485197108863374,1.0739620123050007,-3.7250198367095404,4.862498737647036,-2.47302266399904,-2.9794029971687395,1.6314569618678272,-5.527921783834976,-1.9173081835965298,0.7523687383778894,9.261493655623017,2.0417385648479858,-1.0462143477594856,0.29342402676231083,2.0668473222663217,3.0602878558672835,3.362124715925655,-0.16926282958652444,1.0943328311411167,-1.3198275815417075,-2.4857372831708053,1.5582862034228726,0.27142966573268873,-0.7736577688228632,3.061318509151523,-5.738279208375322,3.1029009709945834,1.5604409308483778,-3.4314068966757825,-2.6252451138140787,3.9678192416461093,-2.9458528370299795,2.742744770024235,-0.2833842181939527,-2.13950183408892,3.449302671921598,-3.588552412329549,0.09252263460496297,5.412856312885984,3.5570986334492134,0.019015686361039286,0.46498472463053153,-1.7172241779213369,-2.2983946293152004,2.9869624428771853,2.8043572531834533,-0.5252187035995688,-2.6080606345696413,2.9088012026650008,-3.239084539148169,2.2132000225253052,-2.1696511242237624,1.989831331164814,3.7534700355944124,0.4953550164893309,2.6956134401422447,-2.6177719292770854,0.3923777396959244,-3.303076208549583,0.9225217574693834,-2.7981209301325456,0.4192953667340028,0.21092281029544457,2.4238547310567067,5.37605444673542,-2.947526971007828,-0.21651331485683425,1.43890297902857,1.3855481766238722,-5.563296240891555,4.325509951658701,4.518371506520209,-0.4139762750869978,2.8422936990550713,0.4624943842333759,1.5366134127763464,-0.03202298926673506,-1.5863015818250736,-2.3768672998370413,-4.2450545833093685,-2.3483139820253744,-3.1566351580065426,2.1652316546040193,-0.21198329620759682,0.7493425031998673,0.8835082232831193,-0.32577648510810653,1.4388106883099356,-4.407671359375021,1.2007509484784575,6.520124072206867,-0.12392413585157135,-1.8144881726688633,-1.7407935187868995,0.38907415278446267,1.929423592286606,-2.3866176351452286,-2.6461584570613708,3.1698762464695256,2.313230205928417,-2.1678782068306606,-0.8517276421780579,-1.897029330919038,-2.7789134421207304,-4.260295842845329,-1.7657043883147419,2.06351708709324,0.7915737094479226,-1.6683082613056934,3.023323485914486,-4.0291059416983135,0.4934193899892636,2.0018259863956724,7.4268052870513275,2.2459134920076274,-5.187248076520731,-1.6370714349915372,-1.421543442157885,-1.457096538723896,3.4432628472440627,-0.14721723114515087,1.9481517872750806,1.2186971516663268,6.218434116155197,-3.061898426159114,-2.785069966716887,-6.402334978619917,-4.077872749755536,-2.573000565485905,-4.3607268928395175,0.2546587132789451,-7.816639145191556,1.7831594306556129,0.6538973805500262,0.00552128502552536,-1.3979712712730106,0.28793241746548526,4.023687090484522,0.8522176728728215,4.875552765913756,-2.0606179746712217,0.20755056738263958,0.5603189984940431,0.6332445762704269,-7.631047013935016,-2.8591835165348694,-0.10530088502627663,1.643044358265463,-0.5357001822706838,0.0805949848443811,0.44641656119424794,-2.2109587518929352,-2.6720512923602744,2.882903890635405,1.4588920998619856,2.0259168746734773,8.454163290114261,-1.3399462084657945,-4.350617551158011,4.33791635611471,-0.9430539666344614,-3.352511256300867,2.0516070894947265,-0.17188149136583647,-2.037295737908882,-0.24451146319744257,-3.81847957323802,-7.167970524838935,-0.8603287303781876,2.4507567503646,-0.9160036705417502,1.660245699059976,-1.8920083537004908,0.6849733954346724,0.0024043898942731658,-0.6788056422867103,3.1161006091726127,-3.608076803858902,1.0028756562134267,-1.9776813494281504,0.18591525652136362,-2.0349052223396398,-1.4936539143829848,0.28705243364353933,-0.33614689978042234,2.6933361080067613,0.19584142426834056,-3.6342693370667205,0.6810724462967765,-1.2351256639087411,-1.702759450577992,4.400463669693346,-0.7931785242519335,1.6289463513936688,-0.24933988592246284,0.7861120771147349,-1.4141268736842258,1.4290951592564571,-1.2859289708778125,-2.251491226117418,-1.6697229513025056,1.3126288280300353,1.169814672164911,0.5034362871311386,0.8085454176568383,1.5326525450788824,-0.4872967982374362,-0.6569801997745254,1.800760689612045,3.253015545664785,2.0654467866471515,-3.4702048135595764,1.4685822871366443,-0.0031218250362597677,1.6908807905459906,-6.710307419046706,-4.232664602074086,0.13383328118991464,0.58038662984602,6.060230589540304,3.273440236056609,-3.8624148615284417,2.788008927986225,0.3058625845770008,4.551996739061303,2.4797454781444572,-1.6886695951152007,1.4857918461005768,0.2972261692122294,1.3733562356043612,0.34211459100226244,1.709926144983309,-0.965916077035623,1.3910919867255478,2.36166538956205,-1.9690489209514657,2.2000440153772614,-8.409330441113696;-1.5699481894828944,-1.4552511782341364,-5.325522113799261,-2.9313539219069984,0.08092671441456162,2.3069698802999725,4.6503300788413355,0.6617334496777421,-0.6912201292563246,3.5855118723626465,-1.0523721887045687,-3.770190849766494,4.613685407923548,0.5772304250825078,1.5960949068148096,-0.48677532008565005;40.03428083771088,0.6743614698889395,-41.21675396871308,-26.781883822168037,12.280806435488675,18.526031080504552,13.382255593165343,1.5873780398575408,-11.414523288393655,5.386926055770969,5.7083219515440025,-26.680793460717023,-3.010931410213284,-22.074968305513213,-14.646249670493352,42.147140207369915,-13.977956047602433,-2.223389379203022,17.20115495810287,17.24438299009393,2.7303295605285216,9.904080093404332,27.444768466937894,-21.126281265779355,-1.8318877176372654,-15.503354786830652,9.372830731309788,-8.880822657810217,-2.72909281171612,7.9581125464849745,3.959183467507411,-1.5212044991753295,-21.759623464084413,7.7379150096417355,11.780731534959948,-15.995654752551943,1.1777466948934494,-4.870096869632826,32.225869291966326,6.8094989478747445,-3.8823797323498868,-13.555639644051503,33.804118430756496,36.12623203836607,-14.863011715848689,-16.40066589837487,14.955652259666984,-3.843744742851741,-1.6602771666296081,19.35962451157681,-29.679194808001274,-18.47569330552968,-6.450684376131368,6.600595188696952,-1.372278914017852,-5.719812182683563,-7.117918809526717,-3.3919589672986947,-23.34805234244712,16.051259622762025,-23.073774307200807,7.878016720484072,-5.5035175122513715,-2.6358517133832757,8.237119899818525,-28.058386079703922,7.7411633055798506,-1.9402796185435776,31.680352032932724,-5.626917297104793,29.049351152525627,19.680982419577344,8.21666398862084,9.79049011595724,6.195747767784511,-11.89963545279326,-11.99494176040216,3.602526641412446,38.023780881285546,-28.40167496189551,-25.071465626945262,-14.112316753157607,-5.479752159150574,-11.945772625908479,37.26641430392293,-5.736507019084373,-14.794734527173404,-1.7161942666888423,-4.495728638007401,-35.7374149065044,-21.751479801775336,-4.776853507416301,14.203211968706798,-5.724553369275331,-14.704571983349695,30.784391449546277,-20.255225606796955,-47.03228720374467,-0.5703357451774824,-9.057771253933096,-6.627187503220225,-32.03772681272051,6.782797518731177,-5.662387904159404,19.22033396625174,-17.655539280012032,-3.111011109624731,20.974526596027175,-21.935540626436048,3.9639064398249655,-19.1169620244957,-3.604766299447443,-2.118278901376902,17.015984690484903,3.0219989515535364,15.19198280354662,21.751166811182614,14.208867602011376,9.779696677597585,-32.308575208734,20.81558584760267,13.559302436886556,1.32186043878387,0.8174730147287957,-12.804132602087925,-14.189708623125854,5.085763181675029,12.261582180216202,18.272530445747915,5.480492157559557,-2.0223415623825063,7.42761676045438,-24.43583289899722,-7.14867198154422,9.43876321421012,-6.831721553761416,-18.648722665061104,-32.82965490779043,-36.38417300949034,9.027954849523576,-21.682691700020314,-11.97234395844086,-6.714985571416389,10.395255277729538,-22.218945186315715,16.553924424797135,13.509634770952417,10.357446978624893,3.4589952773966597,-4.153557896757249,5.020224133463813,10.316465189680535,23.2908524206487,7.538972509935044,-30.098820469060048,-3.323139229518549,9.569362451747605,-11.400695584352453,12.907792541682424,-21.446617982105753;-6.524977167538959,4.6964901754745325,-3.147983579685809,0.6661631540237113,3.4932393991018644,1.5020079558460724,0.13761042925295106,-0.21216094035225833,0.6473846146611021,4.615806269540487"
1,2.7337467654844643,"1.9190289859399943,2.2047958706199333,-0.5431449624908337,-2.0906823339102254,-4.052251925119107,0.5477911645862374,2.6896614609266334,-3.408536400314535,-5.289919104720487,-1.0225113529604914,-3.0077782477524435,-3.8812277581626238,-1.474008760203571,-3.782622699162682,7.436358860446725,-0.5075007700685955,-2.672192786400601,-4.695255803437552,-2.0214318371980764,-1.6188273864520535,-1.5184228548098546,1.7214350217223435,-0.3187454328561533,-2.560783124528401,-1.6693840799751252,-6.958152775604363,-3.06550808246591,-2.3650318169356552,-2.1965458873953874,-2.495606648038889,-3.5679708186407812,-2.793489743193855,2.7564601115525647,-2.067051695016678,1.5553277593507662,-8.487833940949741,1.6428742511211654,-0.7487848154601946,-5.306273282422339,4.10246249955051,1.6902834589477542,1.337976426926637,-0.3429365076453089,-2.6402014524597766,-0.8255559113356359,1.5536228101467644,2.3128746197084094,-0.13840358143391393,-5.653207629743068,-2.6974161406131922,-0.9803582180955203,-3.9689864464176323,1.4241658761333165,-2.2292485923903866,-0.0714196732496765,-2.99886733512132,0.5446272161084343,3.520673322883009,-4.847003640748541,2.4754148227137027,3.635349308310546,1.6499940401230915,-9.166614952642348,2.0339976051266317,1.8431074651745918,1.4585924052743526,2.377451859799334,-3.701819234892803,2.3798947246772495,2.5874706542788406,3.208548070548921,1.6016181701740952,0.8669210256771084,2.3805611768642954,-0.49286107335897994,3.6650927683286727,-1.9264172646822029,-0.9616923182053352,-2.0689975062079142,0.6943938445019393,4.450697924490559,2.8531474693598406,5.832794308632302,1.0736087987369722,-1.4308892864904694,1.8721350242097214,-2.1840741979749296,-1.977263990491675,3.0134042703633743,-2.6872562598710346,1.108843084619243,-1.7660269145084107,-1.7814446695036334,1.1521101062457435,0.34118678837277183,4.520991592461705,-1.193315711567719,0.5731361102892372,0.600237192755577,4.401187468652282,4.212656908559904,-1.349015459154567,2.415655314314177,0.8229726902329587,-3.6208104114500927,-2.228196341416711,1.2632930258407638,0.9156193151830241,0.43499667167071493,0.9240456311125672,3.973502594318491,0.8267571031532782,-0.7556841911866817,3.970480414513988,0.713541436227452,7.668977411216235,-0.8026538068561796,-0.894409641261389,-0.6450089641502849,1.3250951607385408,-1.598171235111841,2.5795915996188836,-0.8561205082541912,-0.05065665239057949,-2.165766368925612,-4.951848955984224,-0.9431980746126697,4.733315939162334,2.9698803411595462,4.110263889482088,0.036520999659723816,2.56545194669142,-2.1414906442344135,-0.02969481149335285,-1.990981208733048,0.921330520950866,-5.32116218596169,-3.8982511869205827,-6.39138052900701,0.48134160300571394,-1.600002233337034,0.7100731218497487,3.523587727852483,2.253755646961924,2.2889725044926634,-2.7017522727402357,-3.2962837912049916,4.852803036672491,-3.8353827486516985,-7.7529842487528065,-6.597433268738341,-0.8927973029221824,1.0197330646967033,1.9639639004379092,2.6726503187532487,-2.4807478532580967,-1.0438025795973982,2.630925044407565,2.487938417438548,1.5990946521781824,-1.8068118940466509,0.21683989783503504,-1.5062772560440052,-3.8366958060154333,-2.661546256837765,3.8748836844380636,-2.1362128388825443,-1.6058913110835225,0.3337577315696131,2.034060654121341,0.8358131077188304,0.07950116262414039,4.110459332186905,1.4833837039339384,-0.959912601791815,-3.2789942454991716,1.0930427903151285,-1.7131799804936407,-0.40951863947075207,3.342087368712256,3.6704593511462074,5.138041102341016,-2.1577804295473983,0.8504601719672794,2.4756368746027215,-0.34264077022753575,1.6419464724462094,1.1151135717025151,1.737542539098137,6.414934628943639,0.7094494263460034,1.9765873627191468,-1.5970723158652596,-7.066098124936003,-0.10545057642850668,-1.4810289231299774,-1.2258055560293484,0.6863150135589896,-2.9128810042164655,-1.5381015221333407,-0.04307880373157462,-4.6700560606317465,-1.8899614339046118,5.2832014552087285,6.933778327200229,2.5362129434834535,-1.1457668681597388,0.5553965190074382,-1.6951925042062705,2.7606818514203932,-0.41916096149189774,1.2904461501992261,-1.2188377866048903,-0.17272039502426803,-1.8281939967941594,-0.09925441842873337,1.1551207422729572,-1.3748929243201313,2.8922094770615536,-7.911859657960786,2.0221935570444103,-5.789888150643724,-1.248375811380948,-3.253974985823875,-3.194428263690856,3.5359459438769623,-0.3140336409333686,-0.23142955355545647,1.504753290330626,0.7780249284341494,0.3364816687312718,-0.5284052258582093,3.479198069227616,-6.965427470626022,-3.747300061275756,-3.729269018457717,2.9814868547264215,-1.459853784048254,-3.6634729183277943,-0.7355758029772299,0.9577107018403307,-0.7422171004735343,1.3932660584947736,-1.8306372976399827,-0.7189456579258907,2.6664480858029274,1.136207870859849,2.8163048965548585,-1.1614679793195801,-3.1667327650297548,-1.7413533883964973,-0.8467188111837324,-6.624855345640215,-6.078999852585583,-3.457205652961542,5.075694213478539,-5.5748471107567,-5.569989086916712,-0.5787254490299978,3.7882817163768414,3.5955034398981156,0.8876495668353499,3.231330141353137,-3.870481155596229,-1.6983637947358055,-4.307439653585106,-0.3780193795666713,-2.4063089590646074,-0.1531316241349931,2.0360893086528264,-2.285790379308616,4.277129770552825,0.6316300067633535,-0.8311856127064328,1.9752198623790789,0.05863237252389947,-6.249691292787478,2.6799450313258553,1.146541201287718,-4.747265082974173,0.6961500914942723,3.0033416471053003,1.6216578748695616,-2.5117204031480562,5.726278661832095,0.3919762161250691,2.5916789481117335,4.580406916389275,-3.075773130254546,0.11274375288065888,-3.9550565191224356,4.7879754170358355,6.97627616558612,-1.1700321737717354,0.17625460154592126,0.1652426257492528,0.5410551963582676,-4.026409258638827,-0.5059184483968872,2.132445005844775,3.115242579468107,0.9681708828626133,-2.491151238822861,-1.3824540902049742,-0.6674059737788803,-1.5388346831043747,-2.0821248682105793,-0.43728695195493195,3.0115714997912675,1.6370650221797165,3.441724038057819,1.7888406098458145,2.485363092369853,-4.839796940834396,-6.304165076937721,1.7056065262695876,2.4062893760497013,-2.29981433749345,6.0153817342397105,3.9615064262709017,-2.084217193748331,7.68661683135131,2.174656404149647,-0.5144112463524932,1.305367247009569,1.9682986269675604,-0.3959944082127173,-3.579394465054146,-5.307841070114845,3.437247417894279,-1.8360213713632334,1.7295892310680823,-3.4278352597630675,-1.4991104534549173,3.2985469032041914,-4.428535413230203,1.4062891977152039,0.018301203730233334,1.906203531393744,1.410733241290092,0.9947892224888477,4.442297478098558,4.78079349830593,-0.5663897999076077,-4.28844682888019,6.849076836697791,0.9349957833163506,-2.618932625375511,3.467334230588397,0.9956711860715872,1.018574560369457,-2.7351089901567516,0.9725481499109481,-4.761306032783232,4.4897205646378575,-1.6948810645155492,-3.520441993698546,7.112438565598585,-4.964625438039355,-2.3380540111255717,6.063569579733615,1.5151138982794483,1.7875635468848836,1.5368458183143798,1.2043650271828439,1.7116554723344835,3.3167441968978024,-6.119023276356604,-1.6398314758548624,7.114964796267996,-3.9474321701598396,0.39354053199118333,-0.14518295220749938,-5.6834160830023555,-6.229895128590998,4.428656620640657,-0.31648547574429287,5.428529903588089,-3.1728194795068285,1.8765477391737926,5.299258162616069,-0.47237898407819257,1.240483388031032,-0.09308329387135987,-3.0632110104484642,6.256486125516735,-0.6913824293439043,1.8851503490308568,2.198441293135816,-0.10207459888703763,-3.0154007071070716,2.976664051983893,-6.196403182724987,-1.929783460385232,3.3206978906613682,-2.274257565518813,1.2518214214100205,-7.092868220159148,-2.5399652755820807,-3.7746303132697445,4.657923492954577,-3.466986613301904,1.373907849804042,-1.6295058113067564,-1.1900410318384058,-2.391251491909586,0.4807611972561342,4.468514475512908,1.1884902790506884,-0.3801909013654217,-0.6092199552314719,-0.7490522377718722,1.0690881245828665,-0.33835844528301623,5.0721740669958315,-1.0848701530474005,1.1788812974868592,-0.5737918909707188,3.5712727117429335,-3.0046071263826644,3.6621253053672533,0.5086588228924113,2.7429122681794667,-2.7777711352649668,2.7300908986557917,-1.9067845123450675,-3.8034091697194676,-1.6255072604408172,3.2841195459747987,0.1866288324590559,2.705713624862182,-1.7464718973871678,-2.0157236821982165,6.304922569503171,0.6176739898089447,2.7900881318525084,-4.375762123384172,2.8310043149875432,-5.718472691255375,-2.654524022401468,3.8152800938381146,2.0797340968324667,-4.467762543606407,-3.4810491526186818,2.587285449671099,2.590345389360376,-1.1467450565035637,-1.868444530756766,-1.4110200695064192,-4.427902365391893,-1.7616117979846069,6.138307539374019,-1.8504930316221884,-0.609989877289482,-2.5730019354729516,4.81172213067381,4.4994709343372294,-6.761967800007196,-2.869464239157526,3.9078657535855883,3.783776347141759,1.0685834039197815,-3.750983369989455,4.902797416422993,-3.0042324122342388,2.094258066112201,-0.8370401263212579,-1.642926725048815,-3.6186033634652697,-2.029441894852052,0.45991901548342007,3.1429422432326497,-2.584760344745419,3.1896783174210057,-1.702653077759855,1.8782127098439094,0.6710178723429145,0.6535204217458808,-1.4105062410679672,1.7801713331583102,-0.7713263871747864,-3.8837080892814053,-1.2267152832436607,-0.9145066029143712,0.7320997753538793,-3.8907075617578086,-0.24448293825495063,-0.1671794233302925,0.8777550783353173,0.8993067257038118,-2.645242395551611,-2.039669516398114,-1.4486403060777322,3.1811849206162846,6.6569711907946605,-1.0676556871970215,2.9037785009890875,-3.3425369632902697,-0.06265106863832182,0.39602914932817246,3.97437129376705,-0.5433236079380473,-1.717007625445235,-5.404602991489626,-3.780426281059194,0.807480145513714,1.7695359854837873,-2.4395604599469483,4.567265940268691,-3.076965626555722,3.619804767848602,-1.4328570453991916,-0.7165768164715693,0.22445236293026188,-0.11794814228005099,-0.7956728108155207,-4.831318689562009,-2.7519759040710636,1.900229899067443,-0.9531809404385428,2.005359944416391,-3.4452605345576495,6.880440929284908,1.9693225843107702,-2.1951848728124816,-3.185893890210575,-0.3508696939560595,-4.219626401886214,0.8102169378947164,2.205235160235322,0.5991745634383852,-4.222403590004303,-6.406005136539164,0.12584740532359207,-4.06038973890406,1.7605199904647484,-0.6998908671775198,1.1591068312905408,-4.472889686306494,-3.1644594620480833,1.0953140713872185,0.8802792290842115,4.565632911077146,1.1171468394938575,-1.1608004854853549,-1.860897089583885,-0.1288784377897687,-1.320600100949693,-3.398652757053618,0.5863456027243258,1.7504287699030203,0.17282099307071708,-5.792217271145381,0.22513237138865114,0.8117217244261715,-2.957786189945875,2.3089694020247844,-4.039362629994557,0.8117981510819344,3.0252314943571967,1.6506796667464603,4.253219861619285,-0.5524028813862774,0.8264173934240401,1.972855605667952,-4.271090841449223,6.837646261082611,-1.7830069787927403,-1.587779421356814,-3.293125519922153,-0.3370180895295353,2.0811236646621567,4.251646349542111,5.538539874718031,-0.9674512671092591,-1.3379367132922217,1.9664852144088578,-3.6927119836331155,-1.3931782992111812,-4.317677352363022,4.030392072140526,-2.3881023903409875,-1.588682141615897,-4.076675491564725,-1.5072767364886603,2.0559564010605884,6.239184012710752,2.1603947239044183,-2.5264502289576543,-0.9296368192770312,1.2772324789075147,-1.3634285037917904,-1.7729694007520242,-0.774788873865809,-1.816836067909092,1.023602153445117,0.4837723641650449,-3.611790623940716,0.22116661267644588,-5.697811174432802,-3.3085288476638537,0.44474085656224294,1.367997602691152,-2.3087726184481925,-2.371566887126033,-3.0928316425159643,4.841319003899178,-0.21079919929708968,-0.4702111044824168,0.01483075647514652,1.3086524141624012,-2.4668236285139287,0.04450342953651204,4.2542901171748,-4.627447349393827,3.2774899740124046,-0.6687190524531406,4.875151775689293,3.2180753752966353,8.512801608836716,0.1596732378623537,2.2880677442077584,2.916119288810161,-1.2145119778638591,-0.4911812556906102,1.5955994281955375,0.5547214753456262,3.6290463903765495,-1.628967860190522,-0.8795561001805974,-0.47113873869642325,0.8923870606454121,-2.09129403508726,-3.8738961122821496,6.869623028177427,-1.135291166721014,-2.8903295742907873,-0.7333299458002653,3.1693403534185323,1.8020355885832215,-1.374965197997382,1.9064383672208456,-2.492474333598069,-4.799585960611773,2.638074719901763,-0.015051335242853889,3.1576386287810347,-0.7956045030533294,-0.7360028305219446,1.8919753207225003,-0.8927793659108063,5.782948621566632,4.787925458564812,0.3115454715279349,0.5571010156953694,1.2186820511678287,1.3922528195986332,-1.9097393261955988,-3.367579811837488,-0.4977422090031917,-0.9051280657537933,1.882843800575146,-2.756182750188429,-1.6531670367787175,-1.3417406411630233,3.1052195123581643,-2.9413579174722297,-4.912925225512825,0.4151395393311146,-2.457903837819403,2.15388370984961,-3.5068302848029838,-4.742606231462265,0.9024945309933736,2.69632470327401,-2.5987224427375337,-2.36209662157668,-1.2156657974060905,-4.743704857580272,-5.561617044793824,0.19346155223740003,1.6939613823875082,-0.7708740885800941,2.9648142309266916,7.557395485939533,-1.9140006794870188,-4.09098043201924,3.0366614646115084,4.973776126111566,-3.9718626986298213,1.6668740424470523,-2.139846297938164,1.0062587783309715,-4.0186248870444,0.7400437656218052,3.3566627580071375,-1.7516194385378838,-1.413832848946502,1.0148821883690842,-0.4261239746097898,0.551089186956104,1.3490325913343029,-2.8775330955741016,4.69704555554738,-5.841575576158435,4.073906896383514,1.7206595781588432,-1.3745256031478996,-1.6169771097876875,2.5460353830332316,-0.9605391201899015,2.286271561304143,1.0654433990229915,-4.43448662312036,0.46924339903043555,2.608046964829166,-1.94852963923563,0.6672306722677165,-3.6482188425364885,0.5763112397292667,-0.008245811941470366,-3.047324206869701,-7.0921708611073475,-1.476508172882399,-2.951051677634069,-1.178527805357523,-0.5362089590222165,-0.43291745060889303,-5.372297083779814,4.887359868853248,-1.323012988106726,-2.9461103072994277,-0.9697962991676696,1.2878964093522631,2.663730583000272,-1.6471751704270168,-4.242753516097625,-0.9947314724554638,0.7571265621630234,2.4887163054137886,-3.6100832276588712,-2.298527874433383,2.8565014754818723,1.5398328166028887,-0.2987520936963874,-6.742481847577569,-3.7545033270934405,-4.113236490023681,-1.8829104822610891,-4.072674735030233,1.0906497208415227,2.2008421422499573,2.2527218640392226,0.9555844729805684,-0.8659801394082116,-4.466105871124783,4.040368418328832,-0.14612764828249888,-3.0279221526585287,-6.830182955658091,0.842925736363883,3.901255898603607,4.203606793878344,-1.861341611909642,-0.21978210451815483,2.292325236732144,1.503185502955913,1.5204851245820157,-2.936919348585279,-0.22334522428755713,-3.2658670665362832,3.2731079991849805,4.685109100834488,0.7255463137306263,-0.13679167221042185,0.4529343086307976,0.6255636147051276,0.6820981778248159,3.5278760932282562,-6.001340408032669,-5.419859801147066,-0.4958836830829665,-1.482409005501702,-0.8165655139412442,-3.697916921692698,-3.206030540149181,-1.3270024658540802,0.46018744784186844,-1.7250775117942267,5.595325053730961,2.911437513087264,0.6569838110297188,0.08224174443094737,-3.487594650799186,0.5869432047818421,1.4160363180705562,-2.1568012086091706,2.063813033220125,5.554478870928426,4.623053666968358,-2.0036454218776227,1.5449901543319136,1.232714199733175,-1.0292906525692886,4.237278218015133,4.846510390207489,1.4419894314545887,0.311075242930672,-1.2366409074891898,-0.09676419399516974,-4.519530707176833,-3.4806847757881636,2.3433529474303736,4.078699379818055,2.7092449728471046,0.8895788709419261,-0.7718631234425548,-4.767978752375045,-4.641370518398625,-3.917277971799333,-0.44397235091471327,-0.43861036876206067,-1.6734235281265044,3.424599975056935,1.0870426266232296,2.533566936914683,2.809100808078341,0.8432512392590681,-0.8463993027601785,-2.5043145304313006,1.1868451417511359,6.659614886992894,3.808870766337139,-0.06716382554758432,1.318861002807235,6.727845392306649,-5.715450432271909,7.996994342144279,-2.258345118441971,-0.27362366144993594,5.933382862704634,3.99329078171561,-3.944518735521575,0.40100103406863574,1.572440805273293,5.618355229717528,-1.6344460306417232,-0.8348710065236769,0.9133641431788434,2.3808457627200847,3.322905477733035,1.697568611236453,3.8273891344259634,0.15048670695022598,-0.6767949002376317,-6.479325074932243,-1.3726744557319743,-2.3811706590699653,-3.910947284891086,0.44716042382697946,-0.6743451414313735,1.417915357194176,2.2547295025963074,-2.8013489355778014,2.356301501015792,-4.328582070747316,0.7921737944379634,0.5848607758029143,0.07420566356629313,-0.550483561545463,-0.9833015644185186,0.24808550069269752,0.33030996595541806,1.3058113315570672,4.027446771646232,-0.01921961701947398,-0.3415327153630663,-4.00124085713405,1.0046169614784572,3.4475379731621763,1.4464195035677794,-1.0815423471139274,-0.895257782228987,2.1855851371611106,-1.6423019894146527,-1.8188083507448238,3.0428087406919615,-1.8891247645378286,2.0376271264922825,0.05580427044549285,0.3178693507568689,2.007603445385132,-5.7048459494618085,4.100058532800455,-2.206734795814636,-0.5451644109748418,-5.3970813130707285,1.5667750628878732,1.412380857877558,-2.2923168349866536,1.8371459082616992,0.6934511364674663,-0.4931241548464904,0.9960564485274964,-0.9368186231894425,-5.932533115409876,-1.4928266464325002,4.267680725015771,2.1932964470590415,-2.982948923891196,0.7921729086044156,2.9174763652501454,-5.362652858245043,2.807210246207915,-1.4926053475331613,1.0708062295273766,-3.960239941764253,5.053413771398405,-2.523216579205787,-3.1168254273579072,1.5726608630911885,-5.666874617509202,-1.960822384281092,0.8210199765284008,9.527988238510668,2.123796400964008,-1.1137201451148924,0.33025896175707564,1.9765901895698392,3.1757651338719124,3.4537899283196127,-0.2605077760371629,1.2232933547990785,-1.2958169652620257,-2.591129733573687,1.607460279499376,0.267522077892822,-0.8648115689969714,3.1211636447873237,-5.932827702665514,3.2709919760566133,1.598458289928594,-3.64382070116559,-2.7551801431025837,4.111398678231126,-3.046797388979329,2.910459415063241,-0.24884391857485222,-2.235818594967446,3.5393641688760673,-3.6419678792177423,0.12406026684802146,5.69368244110587,3.6673911980705354,-0.009536054126165431,0.4315056085507787,-1.7878460404211154,-2.387423088256542,3.0436014937267784,2.905728886020336,-0.5313964113501951,-2.771635089123765,3.011569058116058,-3.388669789834357,2.2820276765236707,-2.2198826277981416,2.177639506984666,3.9246688776698067,0.5590364589892978,2.8309539457113275,-2.672140207146525,0.4431659740059887,-3.443480756118503,1.0294754993288893,-2.8668553270556734,0.4845943261873961,0.2416370046451276,2.595996839065363,5.572609269539943,-3.087343394134632,-0.26108439581112003,1.497273281530808,1.4524337482161163,-5.742811607476682,4.466517661401532,4.74822175924823,-0.4806576017869625,2.9207116162917877,0.3855512974397968,1.608051631488941,-0.04898879821110007,-1.5712291050624985,-2.4221947427637214,-4.349290009311583,-2.4783817731754456,-3.2772632249927014,2.253807976851948,-0.25511429823701476,0.8199858115701052,0.8765559152487383,-0.3821075833178774,1.440194762662759,-4.53867634781736,1.2689533403004236,6.716819351441681,-0.14911643129338314,-1.9793866782614566,-1.8123070297619825,0.33848897370179576,1.9712691159608666,-2.5605208982094925,-2.736625634848101,3.1697856015665824,2.4090870388634276,-2.2537126729085943,-0.9646963387172072,-1.923156081774616,-2.8509724882743157,-4.40207911131477,-1.7954956858830056,2.0561417158159596,0.8159216469612984,-1.7943792508465026,3.0031530734972733,-4.267552918779032,0.47995479859504286,2.0657250198576946,7.695879996155616,2.284880584097236,-5.357239337498601,-1.681394161255035,-1.4303918137713463,-1.5165236776665214,3.4891813165627963,-0.07666747367871589,2.0303244554097604,1.3143700804159169,6.546320127124268,-3.1990840946627324,-2.918437368406635,-6.758963567445091,-4.244672092122119,-2.6914676604026155,-4.491646161508025,0.25204698418098376,-8.099426536610851,1.8737497242653742,0.7426044100331591,-0.013850706649296059,-1.5309288568602326,0.32522662631369487,4.111326491120242,0.8322464663988145,5.036206207546194,-2.1935856063116606,0.243117054659719,0.6503433016208195,0.549689567316751,-7.8879538310347135,-2.962381481785092,-0.1123327954861279,1.7694304811832522,-0.5963907064239103,0.18823350611396722,0.4705469595624053,-2.2704130264589875,-2.644834340893315,2.957263140989806,1.4896768100097888,2.1122295574151253,8.76575084889822,-1.4419046040796522,-4.470697991900865,4.58077882448822,-1.0334473725114117,-3.463105083516007,2.127438373842661,-0.1335460859718938,-2.081626158429579,-0.1909482671255018,-3.9048158184496775,-7.457467351830136,-0.8565396911847986,2.500457167715556,-0.9756615877087114,1.680833840993603,-1.9962240639449422,0.6890553990265605,0.004698485211391328,-0.6969721929196794,3.2757780827650067,-3.7611281432297408,1.0023012339860662,-2.0370364539432297,0.12151132017637695,-2.071155021961793,-1.4986358731020353,0.36694790726043747,-0.29162219996116046,2.7538728731687048,0.23108104832480247,-3.657849237015185,0.7886924655625417,-1.207463206465322,-1.8144771584752024,4.560646075274276,-0.7877970868477565,1.7451092077330843,-0.2544867603768572,0.7642539008759285,-1.4704972153631874,1.464965143749337,-1.383387080292408,-2.390303033535152,-1.7439949754419781,1.3167529776605067,1.1522494801681877,0.5918939307951749,0.7964571792841951,1.5814378544175167,-0.49525791864200874,-0.705567207269688,1.8610117495445813,3.4251714822521913,2.1431781405196935,-3.4843974298623333,1.58620653173531,0.05424177885700328,1.7369575590462727,-6.894530757941552,-4.316995536887351,0.20156785532301918,0.5850940806261865,6.249009870222048,3.353131377911789,-4.065450756206219,2.862078109659924,0.37563346085683014,4.685961347665635,2.664939292689582,-1.7430518024159927,1.5168612002745985,0.3106466957796327,1.5281508429101682,0.44660009061050315,1.7066996305553173,-0.9875570555393997,1.482574537975053,2.3901884891280742,-2.0436055873359544,2.3306422450242397,-8.644465281910586;-1.6422221447583671,-1.5233324184684,-5.4342470934469445,-2.9508524580320503,0.01580302693285418,2.4142845079138575,4.755357788510134,0.6595713055712566,-0.7244886912187445,3.6678874015566345,-1.0341605542988082,-3.8066475069359793,4.711810391999502,0.5923408061103845,1.5577405757685459,-0.467207087569351;39.61129657287245,0.6490617528308374,-40.820745633018866,-26.5294207583474,12.157400447335679,18.36841255193389,13.258062141015312,1.548495781609147,-11.34098976000447,5.354538776799276,5.651567824954649,-26.424925416416578,-2.9514666759299755,-21.847706964259757,-14.465041311905022,41.71997652153176,-13.827520494242311,-2.1848644655601435,17.01441231985539,17.102986360803193,2.705099195712304,9.816060567524373,27.170735258310962,-20.96626721945577,-1.8183579038399056,-15.369820904831904,9.272101837832123,-8.780285138343155,-2.6651947334624073,7.889325501363858,3.9062472934993506,-1.5342255730135934,-21.569262658957022,7.692342671352749,11.701091112898292,-15.863029718584581,1.1444932421923582,-4.8296653574762205,31.96366145720556,6.738209615138485,-3.8646130813033635,-13.43658349296577,33.49887636661307,35.765553533932646,-14.71899532588037,-16.245925891089815,14.806863494127853,-3.811485114211716,-1.615189680131039,19.219810734891574,-29.388974980529245,-18.30515093719933,-6.430930246149062,6.530265325505182,-1.3386512318428947,-5.655877794029088,-7.048244801017241,-3.3607785749389074,-23.161261564903846,15.935372861829098,-22.878556448896227,7.840538263159211,-5.479457009750001,-2.576343161350919,8.147029167009233,-27.75742728097748,7.6798585727279995,-1.885662644762436,31.369100891803093,-5.547467340340179,28.8100929731333,19.498999874324817,8.164584858632299,9.683930542237057,6.11286293206988,-11.802204693243691,-11.942048973162409,3.5495458574667476,37.668867801509855,-28.116802918353134,-24.818244875662547,-14.014009503145083,-5.461915677484393,-11.837729253863248,36.93371208550286,-5.679026374374417,-14.667883536323652,-1.720587238490029,-4.448859299420314,-35.38949384922907,-21.557852387179107,-4.749133457216367,14.019277943703006,-5.629638674084066,-14.560696613867764,30.50200588016562,-20.05204917142716,-46.6347032699889,-0.5539117161835619,-8.929840194205926,-6.570358258796666,-31.749647885124133,6.707375816323686,-5.620806317049114,19.022788768345855,-17.467660026960715,-3.0815827173705355,20.816666799149605,-21.758949142341113,3.9134272884639794,-18.952776731521368,-3.561116476124303,-2.0729266091604908,16.867465047996916,2.974858075792641,15.058124206744045,21.581461130090457,14.044839972851504,9.659377311727825,-32.01706529469412,20.614113100241603,13.388111353329686,1.3048280876394716,0.8522857169892106,-12.718666688824475,-14.052988764085486,5.03904896783444,12.143489065519336,18.11247278679594,5.401667068927463,-2.0164962263827233,7.354034905003733,-24.206883554223083,-7.097930204389144,9.344867853668969,-6.7384116329995,-18.497922552391742,-32.543668810734054,-36.10272728459165,8.962882713486753,-21.464860794300506,-11.788953955553977,-6.655800807021565,10.30604897776435,-22.025343677796346,16.40405675937666,13.427037035206867,10.260747519942598,3.4484757175803207,-4.114452652040269,5.017553948451091,10.237635000018443,23.114061156488663,7.482432796334174,-29.856148431062753,-3.263290076499248,9.471123400535795,-11.282488225483814,12.773924961988964,-21.263854659219078;-5.376745727060946,3.1011544188889344,-2.512085614159689,0.9793576907823955,3.317641932054343,0.8300625886893593,0.22835500896967112,0.08721876677312004,1.0376919159844755,4.103883982158565"
2,2.7194295362028957,"1.9142931875770552,2.270579331448888,-0.5545894221661254,-2.1364012057736734,-4.095418971812303,0.5730789727177744,2.698571977109227,-3.4997306265347286,-5.389094719903285,-1.018576857159223,-3.0652387393630987,-3.8938380496108063,-1.5541288688794481,-3.8352240396140775,7.5906303506458155,-0.4695245735746115,-2.692240544754285,-4.819499534851595,-2.038766688089377,-1.6252472283652384,-1.6333947927605572,1.7631973586139327,-0.32591392371391453,-2.544337962532243,-1.660078011268202,-7.073132640019783,-3.0673494321625667,-2.422004942964676,-2.206737434610141,-2.5760751973308524,-3.605216860177152,-2.88536021602985,2.7973665073960436,-2.0480880145113454,1.5432850229879822,-8.63056103066226,1.688032404126789,-0.6929420023514278,-5.350855889298277,4.19008647726455,1.6557228998741536,1.3800800930186543,-0.3307501949030145,-2.6682316383866302,-0.7956466255306858,1.581204895483575,2.3980780024515447,-0.18013810521392648,-5.723944795185171,-2.6323738927677294,-1.0320512370184338,-4.0518866390320305,1.47579728817995,-2.2692489797848907,-0.06508923308107444,-3.0817386780999456,0.5639707118077054,3.5819446988617596,-4.9547802865109745,2.4526785823314743,3.7110198777890893,1.6496918853315417,-9.272458890910675,2.0742462299649738,1.863297350812563,1.4501333200682163,2.427605278664183,-3.797276735372472,2.401061856029248,2.6574742729269256,3.2170076590804064,1.59477504012275,0.9119736501336981,2.386626224587688,-0.44930264469462444,3.700154370249256,-1.9490020559829921,-0.9362783083377043,-2.08375364578562,0.7577143264385134,4.514867991739905,2.892560690787576,5.893849013348472,1.1230903296845758,-1.4556042836067082,1.9048561277549618,-2.260330848112844,-2.046204007043051,3.1024574323659717,-2.7758021244869897,1.1032860307382333,-1.8262668223612157,-1.772385685773108,1.2038789615834968,0.36549089146439057,4.597763863156938,-1.196532046942363,0.6073973180344887,0.5893076117775489,4.491012364178936,4.31236045042432,-1.3319108647150144,2.4563569857821346,0.8828999157122182,-3.6597539467387312,-2.28430315990776,1.2743844499434234,0.9253976693301761,0.43603555859856913,0.9674834178212335,4.121114094109678,0.8489529655608862,-0.7467860850832145,3.98531975620101,0.7313518041390239,7.816328348497073,-0.8040970776104276,-0.9029381093689776,-0.6532795368941939,1.3373533961907724,-1.6109553362093663,2.682433314789182,-0.8963848750212311,-0.04216559763608799,-2.195443798729216,-5.111313907643789,-0.9518383749510468,4.823632541542404,3.0510431542384224,4.212122942189753,0.05317080237240501,2.6166135560027395,-2.146750371064426,-0.06091038007988242,-1.9866520003290609,0.9029866496358252,-5.396030712544473,-3.918161962165325,-6.517458596925002,0.5112273281416128,-1.657221311062329,0.6773290555544508,3.6057189200002426,2.284075878819602,2.3480107953624763,-2.7717873745352253,-3.2920484809756743,4.980896510958375,-3.913161800554299,-7.899713953373301,-6.721674206423005,-0.8768796502652739,1.0265320804995797,2.0566094811125066,2.703433040977461,-2.4688733327750967,-1.0842560496385971,2.700566716321566,2.598986246555201,1.635938220645662,-1.8106896067038973,0.17961966372164362,-1.5654696767154708,-3.859803341967445,-2.725935513026572,3.933451315317951,-2.2073192211921593,-1.654959625292641,0.34993879841114334,2.0947135734957874,0.883303085077493,0.14278173098662428,4.138965883246654,1.4728466508134372,-0.9724848309351657,-3.401819001871705,1.1151537449001798,-1.7642810815500554,-0.3832075181103509,3.333575048439051,3.686418170257177,5.249364882695541,-2.151038652796025,0.8675609817078775,2.5045781589502023,-0.3941237774275947,1.642328223669508,1.154417366729849,1.8183038997884315,6.577412334155514,0.7457241147762955,1.9614882099207482,-1.6212293545615843,-7.195592697032734,-0.06006284709030074,-1.5168415782637448,-1.186352105859058,0.6561206575246878,-2.922554207390388,-1.5141513736722312,-0.06469160248928407,-4.7977845967732655,-1.9401418588559076,5.339231613933313,7.122407465975817,2.622966227229395,-1.1766445733982067,0.5503077344906623,-1.7015869644137236,2.722424832765715,-0.43086785217858703,1.2883078465946822,-1.2297252721807324,-0.2095529714315585,-1.8581780823845286,-0.08678303211288307,1.1784429879302132,-1.379981806932423,2.946923925511437,-8.080484971784482,2.0428460387081993,-5.844876915343194,-1.2758271753449482,-3.2741090064066634,-3.2750893120121702,3.5688009006360195,-0.29522909780134987,-0.21429157874972016,1.5675399117411508,0.768929916622611,0.33936805521797303,-0.5315603540742664,3.5604759470255245,-7.07934846175783,-3.811562646088485,-3.8351238617090404,3.099457725181916,-1.4833001844323774,-3.740870010104736,-0.7677658127495353,0.9660422087167504,-0.7785139882921845,1.4126592791627302,-1.8753840653373148,-0.7042924467593301,2.6877913632475563,1.1768525445885838,2.875983146834016,-1.2210928779097392,-3.200817982973944,-1.7413546938761957,-0.874301903269951,-6.788033198935359,-6.258608730335971,-3.4556693634016677,5.172917605731713,-5.683337494740851,-5.655719391319723,-0.6009840313738328,3.8434316397522195,3.6615912678994755,0.8948960457564881,3.353644556440022,-3.86269795530202,-1.7572541685152303,-4.315982504032114,-0.45894154852150315,-2.4213685111002192,-0.14827850246035484,2.113529283226286,-2.3320161620291238,4.395118134373698,0.6181053315924379,-0.8393002345826521,2.0228076768787497,0.03698247554683183,-6.3355903924890065,2.761954570422192,1.1930912655676826,-4.827758648577075,0.6693655228722836,3.0500474250409413,1.580081990052182,-2.5306525751757634,5.775100363355017,0.4434010144086261,2.664992921971588,4.646646648513439,-3.1324431702916007,0.15702097920375238,-4.009786325433141,4.879039301272858,7.110015378317845,-1.21548736360005,0.18755628839164565,0.21917676694120503,0.5543967381537116,-4.114705276984321,-0.5755514213407081,2.1462697456309314,3.1834680567123628,0.9820586588494324,-2.5395262278481443,-1.3859899885362421,-0.6657268502678928,-1.5801833466274824,-2.1667947689559974,-0.4359989022837036,3.0571572712140482,1.7065362828743325,3.5085497231636986,1.8429497286956422,2.5140326933957153,-4.959782885262391,-6.421247751840138,1.7232747026652162,2.4121421394669516,-2.305274743444752,6.097164167438035,4.020798413092913,-2.149973488043735,7.802879965507906,2.238026448570884,-0.5777710508966805,1.3094217311149217,2.0114400665582113,-0.3930173635949713,-3.6720882169444136,-5.416557708231899,3.470871524985338,-1.8361242352131746,1.8155304077618466,-3.493217628342524,-1.4971479217914128,3.300453572664198,-4.5166389672390235,1.4923440327834874,0.03215238637269252,1.9507981049645693,1.4311313867118063,1.0873651102612545,4.507754734253063,4.859505229948064,-0.5640406865996067,-4.361472160377336,6.927364678867641,0.9596203807853297,-2.593557334685304,3.551997797825004,1.0317632649623523,1.0182098779225963,-2.8174237274444325,0.9703850458414954,-4.819316424419974,4.611309316534404,-1.698802297211544,-3.559842788660911,7.259557752005744,-5.064352499665678,-2.361821095917328,6.118632838243472,1.4980675787818576,1.8307853840322619,1.5559695394756317,1.200218531479045,1.764666747597099,3.3498432641073297,-6.198541898604795,-1.678859098902412,7.2967059813743145,-4.021186399197369,0.3476140589001911,-0.1699249851315479,-5.798942020493548,-6.370350232459118,4.525005590800729,-0.3495599228137167,5.506784044330883,-3.2882988863134734,1.9479740635587048,5.408422835851201,-0.48756869797199076,1.3481317162909892,-0.09802901958239364,-3.0492106104534105,6.325379808308168,-0.7232686262359999,1.9083010664608966,2.2107668799638285,-0.08145586240286347,-3.0390305662477877,3.0314369314584084,-6.226852541164736,-2.0127765529421415,3.345710423132907,-2.32219367675152,1.3101996422040996,-7.269574145911416,-2.5805386945092645,-3.905023203541213,4.7565714625879565,-3.4413071674838034,1.374983282255669,-1.6492022058504046,-1.2019585368338785,-2.4005979636264456,0.5200652801009324,4.541621287040143,1.228227361813142,-0.38489182770558145,-0.6317182909105846,-0.746972829234082,1.0838137920294875,-0.3732249625902725,5.1272625590682726,-1.1312533892009413,1.1722608788157975,-0.5441617567242892,3.59192685696999,-3.037662063502545,3.6783500739989723,0.49999354234581905,2.8293820350630776,-2.833749394582337,2.7460626234824024,-2.008409419285058,-3.8543519923371368,-1.7052446912284145,3.3391903640818037,0.2171765869795734,2.803552240854811,-1.7127968034814478,-2.0283887219889083,6.433698195867834,0.5803488855174878,2.843860720854931,-4.488254779185496,2.881666922845588,-5.766686413312305,-2.692565734071434,3.8329808250856825,2.1030850570075525,-4.523563773602321,-3.5547971224092634,2.5995089084192067,2.6471365349828506,-1.168213717231853,-1.8997240983701758,-1.4257935911097976,-4.477395998777387,-1.7365263013303034,6.180229463756606,-1.8880252350977569,-0.6012731506321196,-2.61288033738817,4.897812275466573,4.601990668777428,-6.844840448251955,-2.88993424886165,3.959838607548485,3.778051710077291,1.1066092712246829,-3.7489149731372913,4.938087155509099,-3.068756183290412,2.117149171394978,-0.9062171617178797,-1.7100101348215897,-3.6336940045770305,-2.028973684203858,0.4491680221706239,3.262819210388007,-2.6044517814821133,3.1865443810832814,-1.73946125852916,1.9385348228409502,0.713406344981793,0.6393329890838767,-1.5326164048226485,1.7846969671046617,-0.7464113223058949,-3.9137423816295245,-1.2192987081178015,-0.9299110742249038,0.7428866968745517,-3.910047721636236,-0.2199073669248793,-0.11736892326112561,0.8496044075193636,0.948375771170795,-2.647368287303497,-2.109175404268524,-1.4345184594450495,3.2393247929485645,6.744899213968358,-1.0873146161034701,2.972376811316414,-3.361378692864073,-0.05748922112323768,0.44357713433843293,4.0165615683995695,-0.5844786323075791,-1.7217123466962652,-5.51702507888437,-3.8487011858411018,0.8029298128205326,1.8206793634290366,-2.467560331338844,4.660728770897478,-3.133290166930194,3.688341758180457,-1.4609400197932176,-0.7511327756672783,0.2595816039689148,-0.12778974873510898,-0.8173702227710942,-4.902121766364775,-2.768893872343259,1.9946831148829827,-0.955368268682327,2.055078698734988,-3.4310286893460957,6.979674437612303,1.9942784425433868,-2.185401282216793,-3.218613992520948,-0.28968012595220205,-4.334850123393644,0.8505359788565711,2.275300871783526,0.5777122324268891,-4.263300285376087,-6.510520875731492,0.14633271321898517,-4.115388607964143,1.8159890826043916,-0.6887997690838785,1.1826370573382308,-4.564859445953445,-3.2097156393181545,1.0591287363449138,0.8921715587621308,4.6324023913103,1.130846878154135,-1.1222485463425804,-1.8971818759563353,-0.16578296886830995,-1.3168868514397114,-3.4614227982505743,0.640966768188649,1.7844294834707979,0.15048681081871618,-5.8810399810910985,0.22375945991337315,0.8141841408538384,-2.947998289141855,2.3705433411413197,-4.141017102612834,0.8126317049037333,3.091130121610882,1.663870259058837,4.265390108418526,-0.5692341305342608,0.8112123202450598,1.9928364179306333,-4.348304115664446,6.971588688880499,-1.8002680547895924,-1.587708567171183,-3.3486578623670553,-0.35915791613031023,2.081964999678604,4.311941197344499,5.691320496076792,-1.002290141432347,-1.2984827590465697,1.9080878262106218,-3.7808471969513557,-1.401281896179589,-4.412328968970884,4.0652972307766175,-2.40461513797993,-1.7013665181883662,-4.168475872938772,-1.5410973906423224,2.067820595221611,6.387406773924914,2.1615607916855257,-2.643280370791387,-0.9544351084937618,1.3035764492812403,-1.3266314637157142,-1.832451534598326,-0.7906046723362989,-1.856526836232276,1.0501457217099575,0.5279860272371932,-3.6961772518538982,0.27003835341343263,-5.779985688333539,-3.3592637354131667,0.4763810003019272,1.3793988285153556,-2.3747472095961606,-2.3666511779457458,-3.173851765649188,4.95960192446231,-0.20011790072386593,-0.4058596479922666,-0.0489561066264782,1.3384774606179355,-2.4828015631504443,0.00045291645224876387,4.354547534091464,-4.766601380759007,3.329276681333699,-0.7326538905589182,4.9274415418921915,3.207136003128611,8.69064039101723,0.17454998373337385,2.316399783682785,2.9342920292091486,-1.2802200024930657,-0.5155691067464745,1.6698954684122604,0.5880368447019704,3.699025164803324,-1.6753283729773867,-0.9280387831093332,-0.45615537623558794,0.8739882798891496,-2.1304676355838845,-3.9776761057100125,6.986482690760155,-1.1189256609307476,-2.9677914116587867,-0.7416391973713117,3.264386835529141,1.8668791033869572,-1.4118121553216763,1.9040551446361127,-2.570222520706854,-4.891853021214064,2.6500674737381913,0.027352310014857842,3.29432504540165,-0.8050195723821667,-0.7300130969300036,1.885331500796498,-0.9673291956897725,5.82708135463787,4.871605651871402,0.3600578915149077,0.5213872784227128,1.2670588950942787,1.3730111234262072,-1.9121548926926848,-3.416542234181395,-0.49172050514522303,-0.8804857992260265,1.8925002090965797,-2.8048315773572585,-1.691680761147927,-1.3793783403375386,3.1208423304634967,-2.9850773327689457,-5.005088401250851,0.4794269063071185,-2.544909071928598,2.177662787270232,-3.4880631056964684,-4.845029779405269,0.9119158113936617,2.7614930485650087,-2.6337977788674394,-2.3609946384467846,-1.2844699089381424,-4.799744233471941,-5.69512314501615,0.1814514591766472,1.7389300286920708,-0.7763818412991338,3.0157280641884476,7.7096418536183755,-1.9424049679309587,-4.165397616338957,3.108025137687698,5.0619273376202765,-4.021421639420116,1.7105435868024945,-2.193378558848713,1.0557602351264714,-4.093600351145653,0.7419084679140705,3.436210505901192,-1.7871479961238093,-1.3548651293250058,1.0291469399843503,-0.4226631869566897,0.5667618243965366,1.3123553875999814,-2.9050687891315228,4.782299041859429,-5.902602310739706,4.086581240350821,1.759579885009405,-1.421830143619513,-1.6008784756843637,2.543038543783842,-0.975825082808791,2.3367739080170793,1.0915201157958023,-4.5122307417248075,0.4776039679793069,2.614714302118363,-2.015643075313549,0.6461847010998334,-3.7189152893016244,0.6390316451338108,-0.010109465183327873,-3.042215536876365,-7.14363664627579,-1.5126512137288906,-2.9789522054872557,-1.1955450088572337,-0.5471313716399422,-0.4531121382706081,-5.473756887592733,4.979267770914649,-1.305783528743803,-2.9269617136896597,-0.9492636717660298,1.340154052424433,2.6819913399913897,-1.66360805424669,-4.332402491016421,-1.0045012186576716,0.7487256320661054,2.5203903510892287,-3.6266798121771537,-2.306163840630197,2.910852678902749,1.58225099787774,-0.334618182447241,-6.842882424994785,-3.8191039630329002,-4.157585939890668,-1.8597768570091535,-4.1103449686272775,1.0925325525939953,2.2574404881715675,2.301194980013116,0.9191487605512262,-0.8306667158565799,-4.612583463266929,4.082571532591816,-0.15674135633545025,-3.060555938518413,-6.95106811079122,0.8286392068225465,3.9644394494980397,4.221567661115506,-1.9096130545844172,-0.2807974570867337,2.3643981139519887,1.49719804208091,1.5078139117336868,-2.9957205805342397,-0.21041214997513794,-3.3250303002589874,3.3444676323535667,4.709599175045504,0.7174034202903321,-0.14337486554584594,0.4808340517132803,0.6561947461104883,0.7008163570942363,3.631369627450819,-6.134634201848323,-5.545362729606189,-0.4708880014285578,-1.450010909615995,-0.7959072388881918,-3.7604232544170553,-3.298453663814186,-1.3698126909652524,0.45141962808606806,-1.7721169462599917,5.737494666531985,2.9557635563115285,0.6817182079671175,0.10496400106691141,-3.478565421454752,0.6330700139763904,1.4112461562311744,-2.193094775864142,2.0937550078689933,5.62982617044528,4.7285509159488806,-2.092205802987883,1.5774672926330813,1.2301430030120728,-1.055631578899685,4.281409038086309,4.937746028566439,1.4465281105825758,0.36478539334878507,-1.2955586336510576,-0.08340285044780339,-4.607275897988195,-3.558981353559575,2.363290541519563,4.186588891230695,2.7273263430657857,0.9327451361402792,-0.8308022229496369,-4.819458536946181,-4.698766931364126,-4.034951040339044,-0.4204756558840462,-0.4676667416854431,-1.7798402893828487,3.4619928898290446,1.1062070618891386,2.55931592554367,2.835901391125188,0.8408707931172733,-0.852096550764818,-2.5300633178365883,1.210002849633291,6.771364967961643,3.868650656062665,-0.04305263314835441,1.2824331379661371,6.815417861498432,-5.853531122676367,8.172097541398621,-2.3407825517062557,-0.26531037900828336,6.025295019847856,4.015362936857484,-4.021415221422349,0.42559908169332095,1.57168480401313,5.719519551499429,-1.6808672129672284,-0.8887894712010749,0.9052283022964893,2.4435093565393657,3.354038369212127,1.7035935015245234,3.8575077768867425,0.1753450179036374,-0.6972814453959575,-6.588303027124001,-1.3640633309683856,-2.407816267502643,-3.9603854735570962,0.4101806943593266,-0.7145687858533702,1.4837618960364478,2.283661868174328,-2.877561671666125,2.4089980945530454,-4.431749522302857,0.7450116963887663,0.619964268161169,0.07165585372286946,-0.5964342885325588,-1.012860615092386,0.236302110087005,0.35019729310360553,1.3466554743557517,4.090908005434781,-0.03189039951043005,-0.3440202111160518,-4.067463212054703,1.0379829759126813,3.436850793409612,1.447359783393273,-1.1119680907436353,-0.8943031922963612,2.188959721814393,-1.643677131517355,-1.858790347095531,3.0751025948310686,-1.8891919802336408,2.05581255356632,0.020883926954922305,0.2624164942289421,2.011909467313003,-5.820155412737754,4.11443228461914,-2.2879227449005692,-0.5605177036057586,-5.488352236817884,1.598920109460695,1.4203591487139495,-2.3168560620431173,1.8859847602049118,0.7351351121328189,-0.4742332089495117,0.9941936459894122,-0.9368765486605151,-6.053860626161144,-1.476679333996374,4.335468501380073,2.181644394706611,-3.0728914030771786,0.7969830902373966,2.9852320432987316,-5.444278059656653,2.8312479365661165,-1.579510390273644,1.0658381780015536,-4.076966041297462,5.142025165705038,-2.521909029213664,-3.1833938693405113,1.5072760546640607,-5.723573683362613,-1.9783810769090064,0.868519399103116,9.638196911689189,2.175202501641828,-1.131398905218943,0.3494398663671643,1.899179867856733,3.227862712305358,3.4824577623339037,-0.3216802961137035,1.298930433547111,-1.2606873519770925,-2.6463247727845833,1.639614076056901,0.27193429280757203,-0.9190025937231852,3.1397716509613507,-6.018715032169354,3.366384667721432,1.6004107944792718,-3.7549268784779444,-2.821028422960265,4.161050062978384,-3.0894003105750865,3.0011665980307543,-0.21560394769935293,-2.268619092454742,3.5575188819086603,-3.658514241405884,0.15557613215869415,5.838794966488168,3.704584289402581,-0.026951231223283592,0.38556834805817974,-1.8333866176770226,-2.4337132398393857,3.0617689914494846,2.9525932165464956,-0.5466574839645046,-2.8691312666020488,3.055907198244399,-3.467365797885831,2.319743426420868,-2.241294496290047,2.293283451269197,3.9997715014029542,0.589628825275389,2.904475999122817,-2.6895491196916503,0.4791041459916079,-3.5163377726297824,1.0855292856682375,-2.892044634727133,0.5497976500099776,0.2671716212625189,2.7068067717132664,5.686059717752274,-3.172282514020929,-0.2897824909249112,1.5000040338475404,1.4977312146936623,-5.808952880606244,4.532283468088769,4.874398604944958,-0.5335106141773425,2.9562258988368004,0.34019459104715366,1.6337263396039092,-0.06060563925194404,-1.5415974556896594,-2.431827789520029,-4.3853414326979845,-2.5318316188736825,-3.331179853798381,2.278811045809725,-0.2857531143851835,0.8735473699248711,0.8564916223706192,-0.4316451022487674,1.4306182801850704,-4.589857533708094,1.3132512695727672,6.794556955256981,-0.17166713487662774,-2.0825210244375127,-1.8529872679580885,0.30841245254047206,1.9760379191563957,-2.655843540501737,-2.7827854399239533,3.13613438467097,2.4599966052103346,-2.3059531713928823,-1.0287571078634705,-1.9087620019651892,-2.863087141815353,-4.463466121539966,-1.810851818343331,2.035466574425109,0.8221020763694988,-1.8666472661242512,2.9612532642485143,-4.400284271850926,0.47879593433627776,2.0890020779996386,7.829564357019668,2.302436476902163,-5.4287056850090805,-1.6976738125364725,-1.4092125998534453,-1.5413445200865392,3.4990750842969236,-0.03470052473370594,2.0504506946047396,1.3796658390751493,6.716313363306552,-3.267147982334544,-2.9952087092274855,-6.948694014473093,-4.308123918546798,-2.7638039008181554,-4.552960130206625,0.2666601792349038,-8.242283177494773,1.912766709851249,0.7924810910622071,-0.040972789207989496,-1.6178035020349109,0.35744423144266096,4.154334052924978,0.7974516155853602,5.094278955076794,-2.2606081557637014,0.2656016542539306,0.6944327853846015,0.48107987523770257,-8.006215340383672,-3.014502900749925,-0.13246314742409865,1.867524516336049,-0.6456991912355039,0.25835277884215463,0.47927841805987437,-2.287945409294788,-2.6005710556072517,2.98288903765456,1.4908128966902392,2.1549765040539346,8.90423455927881,-1.5059494515305032,-4.511556587784869,4.70746700219276,-1.1095588377973526,-3.5077361198310033,2.1915208389451566,-0.11099364467222703,-2.1191879295892138,-0.17932657327196283,-3.944480469838271,-7.5849698546870385,-0.8546856493319468,2.5047678679406045,-1.0099281137041491,1.6795550886200115,-2.069857126990388,0.6953476520380546,-0.00028554886492471263,-0.7084005099071347,3.356828939207663,-3.8304034650598964,0.993197337507979,-2.0585712842091706,0.07682542157778909,-2.0895604546894937,-1.503978295785457,0.4287574648418129,-0.2744428290330772,2.7764299188679176,0.2324830657150016,-3.6415596610484813,0.8168762963451711,-1.1848961016109238,-1.884947418454181,4.642533300399118,-0.7850833193574424,1.8044137043130042,-0.25341955342176065,0.7210793535806225,-1.4872542879076784,1.4701603170877335,-1.4472580998314584,-2.453770947550692,-1.78302209383883,1.3011180358318344,1.1187400776548324,0.6537505282240917,0.7854735701027354,1.6012969794395977,-0.5027821118871063,-0.7482039663091636,1.8746056651715632,3.5164630245258555,2.1568941688127534,-3.4617038893494945,1.64658296873479,0.1019612888522074,1.7492071810900922,-6.974114790132167,-4.349968618834688,0.23295473557596919,0.5871699255648184,6.339473427428579,3.3766739072056295,-4.1871168969023,2.874863482391168,0.4321641869560914,4.734498542924194,2.7601884036596087,-1.760614998289893,1.5189450108490397,0.3251678197405543,1.6171375750075259,0.5087915663687578,1.692044140098097,-0.9905944308118028,1.543505165253138,2.379928131335895,-2.0671618347597276,2.404375707596678,-8.731721758494952;-1.5935437961626704,-1.4799110756364033,-5.336948336894878,-2.891267721164488,0.0264005388223148,2.3605409300726317,4.674578270909755,0.6735243950469781,-0.700781562412241,3.5776900236693097,-1.015341224838796,-3.753405682108346,4.629828200281556,0.5766369076978984,1.5621980282212091,-0.4777845773874405;37.71949231414843,0.5376225058731766,-38.69041888828515,-25.042024997901564,11.631351061963114,17.454852654724654,12.671211837497811,1.3418052776771545,-10.830318253086572,5.0376400875172465,5.587351798300179,-25.104646438375887,-2.850514265112894,-20.85210418433795,-13.70629160303096,39.60770877349917,-13.023818144953212,-2.0267442405681533,16.030397417100907,16.2087522877209,2.6646301728760844,9.314897739016105,25.855948938002463,-19.91605796594874,-1.8272075941762507,-14.623761495297048,8.73061291686104,-8.364792794755715,-2.47653344425677,7.543338579687071,3.512422658546371,-1.5405177612374232,-20.539587801186688,7.295380089864005,11.17564740414779,-15.129097453947608,1.2023020653382912,-4.474431492164085,30.460436627461995,6.349265752301225,-3.703846270173977,-12.7943795424315,31.81844983705766,33.89933369017479,-14.030116655160102,-15.410814273238731,13.990978780223918,-3.6095064325073376,-1.4224296613779916,18.376997460762645,-27.95070982947067,-17.41809689237015,-6.193826602263967,6.051397551236418,-1.2590573833654592,-5.289343545641862,-6.708465321313298,-3.068817213437037,-21.96942901878319,15.17077880911843,-21.65877202170419,7.455081303518397,-5.330450011462183,-2.2231015782791266,7.7712581473121904,-26.37695931836049,7.248000624366594,-1.6873546806739022,29.76547083663901,-5.149955752820045,27.320376019182667,18.563946203908635,7.878924132641519,9.098181060711159,5.677002757520032,-11.173923400416676,-11.515183212796071,3.3497577924825697,35.74679567843125,-26.592642686630402,-23.593077148772423,-13.229916454826439,-5.25575390458486,-11.182491191850302,35.32399000577775,-5.483233133315995,-13.95103590154166,-1.3712712615207963,-4.28637565917209,-33.59144451801183,-20.402638844612365,-4.537301688829417,13.094552361626063,-5.216560170753148,-13.972100782549376,28.98590825696443,-18.926913176514976,-44.35411916894507,-0.5577207565529841,-8.374621273058908,-6.306443782822668,-30.277130946723894,6.333886096860974,-5.42864585908738,17.975493465182453,-16.514906364893367,-2.9021229210859465,19.79201398621229,-20.814825638637114,3.723849759648092,-17.915992772747092,-3.3991412469058955,-1.9137711605579177,16.062981677464425,2.8619760441887925,14.285981374152062,20.486810696649044,13.292760688308846,9.22207303729683,-30.278999268380314,19.528304854073447,12.791551405047999,1.2170679435865828,0.7927443542799293,-11.984428674674849,-13.310472129934439,4.674906212152186,11.483022951505353,17.283642775522985,5.088199665333376,-2.03857277833826,6.8809780495742725,-22.905181959591634,-6.697987374294276,8.847434974473787,-6.142499303487656,-17.51633635179353,-30.944894811345886,-34.41030187325588,8.479182527069776,-20.39161079830288,-11.175273267963926,-6.179808443111347,9.889611832913232,-20.889297502039117,15.431936735685902,12.719416099620421,9.877854191394402,3.2801770860793087,-3.822980938104753,4.8866134811554565,9.730672037177374,21.94232563186276,7.093199441513574,-28.364064750659892,-2.955139532247318,8.892724995360494,-10.672188549037758,12.156427607568633,-20.137137842586217;-7.868829460313404,6.419559399119617,-3.7875514151831435,0.7157019211935849,4.252127629494353,1.8816351741628157,0.040798742614131744,-0.15799408002158336,0.6198299226015495,5.675020669862051"
3,2.6962551258648957,"1.905969603365128,2.2763701216990144,-0.556616316325867,-2.1498741071346625,-4.089060963560955,0.5692183708411478,2.6768617657643388,-3.5086168486527103,-5.391401517159537,-1.0121775430842939,-3.063093181328859,-3.8910706422636436,-1.5797576855937798,-3.824707398778832,7.616121000510637,-0.4518706858708347,-2.6838224871711223,-4.846329264140861,-2.0268222517531718,-1.6073958245446516,-1.66837473736727,1.7608810881487789,-0.3188109300774524,-2.5057947107033876,-1.641078229720445,-7.074764303568103,-3.0331826047897,-2.4273852102415057,-2.1931888722027444,-2.591115657058773,-3.598546571954114,-2.9129802454226352,2.802167498925373,-2.021024781897288,1.5269476496075558,-8.631757730031952,1.6993733168142682,-0.6699707070758898,-5.3344563068930135,4.184810238436845,1.6362314200748314,1.3925855600613533,-0.33362424423068493,-2.6626464001966945,-0.7687405890406656,1.5854998357884706,2.4186684778165244,-0.18819429844080793,-5.712441666424855,-2.5868205464150495,-1.0491736693348706,-4.056062218072326,1.4830208566655807,-2.278761161160809,-0.06087659337875831,-3.0942584116687053,0.5803960562201481,3.583594522938399,-4.953401934025859,2.4228412556713144,3.7194812241925637,1.6456430024131068,-9.24889276649859,2.088952081300717,1.8577547480661383,1.4343699740444755,2.4356162951598597,-3.8160334848969812,2.381998428236626,2.6665990014466816,3.206079650545547,1.56991206821348,0.9286906810825222,2.3707656646895177,-0.40758383440433754,3.697965590730594,-1.9471661614594276,-0.9226245980835643,-2.0771822736934813,0.7815226669893676,4.512091380179021,2.884579613502879,5.873611120191247,1.1441317951625538,-1.4547616154814704,1.9096075478501608,-2.2714304178176765,-2.067110394057326,3.12389482873347,-2.7941263851209412,1.0939884316908814,-1.8430362362465078,-1.7641698398157466,1.2193899962596386,0.36853906366262956,4.606653942027811,-1.1879712601614336,0.6046379825037834,0.571794802659896,4.500055867297825,4.336416247144039,-1.3211096366447819,2.458050502643296,0.9102431536006156,-3.649678154139197,-2.298856145287414,1.2607734136050324,0.9202382063173102,0.4326471763285368,0.9818912063775624,4.164230731375184,0.8401461808417277,-0.7452972525727612,3.9601039601644965,0.7418902446263832,7.828462260671587,-0.810742389843783,-0.9000717395263454,-0.6585962382542496,1.3222868810564825,-1.6093409029247425,2.7006296288837337,-0.9174438612764401,-0.027192674748100533,-2.194308138195017,-5.134493938939137,-0.9452351566075999,4.827575617087552,3.0675379233372952,4.222333273778741,0.07248512508959573,2.6193648182609928,-2.1377749622868976,-0.08205954264670555,-1.9702615443430285,0.8787697692702323,-5.381267612912496,-3.912529522111181,-6.528382367037585,0.5304035690033182,-1.66918405558781,0.6608298150539861,3.6273005830653164,2.2676866332388275,2.3525339423510063,-2.783832889210643,-3.268736205233297,4.9995677927885405,-3.9232869589793413,-7.901944531196269,-6.726105652175327,-0.870875832742354,1.0401742581896798,2.076756631449156,2.6913421327024203,-2.456057806240343,-1.0928477080757255,2.7076332715058453,2.6334166198417437,1.6348844350052085,-1.788936601294141,0.16900152996531434,-1.570378087098957,-3.846839872524302,-2.7354327723013463,3.9278203922852524,-2.2165211011579435,-1.6808848768147888,0.35362455029671475,2.0968141119426678,0.8985609050542256,0.1606292519293008,4.131058465556562,1.450198474413255,-0.9733730986376936,-3.430453597338314,1.1095716190932294,-1.778811269740154,-0.3618376025019241,3.2960268395081704,3.6715735415893107,5.264289305133159,-2.130886464797485,0.8705527476260216,2.498812474700186,-0.41079624063324777,1.6210787185673594,1.170724276019324,1.8454991796635036,6.615339757746694,0.758232435567305,1.9371765742060911,-1.6206345872624985,-7.202528841251065,-0.037658165688329207,-1.522698285460655,-1.1754744337786338,0.6390964510241772,-2.912181118486322,-1.4949773941247488,-0.07815998677682733,-4.8267357663374275,-1.9543631363469012,5.32113648661399,7.150036678888763,2.6372783976878345,-1.190238761235905,0.5442768844007602,-1.7166182855499812,2.6756835865174056,-0.4471262619845184,1.2862461609962248,-1.227761816433249,-0.22594861474156658,-1.8563808451345398,-0.09349047814976133,1.1943267840967509,-1.3749791388560437,2.9581755963261425,-8.079231352825078,2.006222982932176,-5.8179686774086505,-1.2873019169802564,-3.255808479113458,-3.2848579226907915,3.551952372108782,-0.29468671290395637,-0.19363876186974108,1.578860163995944,0.7631429315994823,0.34613614815059096,-0.5391905399687128,3.5775614888727767,-7.078960848458758,-3.8321333953941394,-3.861438444603701,3.137807351629534,-1.4791207904030226,-3.7440599544359188,-0.7705922651030183,0.9657748590867559,-0.7810298479979952,1.4161924252694498,-1.88345453355083,-0.6910627653416686,2.690473832735032,1.1895072255325008,2.8857604330468725,-1.2484835135564767,-3.1924468294374173,-1.7259223152315228,-0.8809724961097765,-6.812039963698676,-6.2917389737514915,-3.4266546886888247,5.185865047859208,-5.702693688550292,-5.651670421874949,-0.6060290478974281,3.854486048620966,3.6669679519690126,0.8978138689065803,3.382662704908132,-3.8485449646205634,-1.7681316943245948,-4.291373149951122,-0.49466429523388533,-2.409003025532003,-0.13858684270663818,2.122685347450677,-2.3425185534482416,4.403955673220761,0.6086641046739302,-0.8447003741715698,2.0447265987343606,0.034083322655859324,-6.339121584487956,2.7852759434950674,1.2019419966333862,-4.817258903453619,0.6602783823742575,3.047207460539111,1.558970744703836,-2.527197513898106,5.7531407824818315,0.4689628787118303,2.6712053874888064,4.636214075890969,-3.1255531402828773,0.16764948149711972,-4.0153776048237635,4.88923173840253,7.118406394266547,-1.2240250153335102,0.17624944946440305,0.2423278302143181,0.5464331113203161,-4.1121767129467885,-0.5969333496660967,2.1385289036587762,3.201219355815839,0.9824666073453103,-2.543592342470944,-1.3852704241998812,-0.6557667019986358,-1.5851408286804605,-2.1852497637337485,-0.43461233917220166,3.0476808205423316,1.7203699812811728,3.515656601054408,1.845323676210263,2.4978786860166498,-4.975904110588879,-6.431095528212936,1.734435924212247,2.3987518891600117,-2.290710121593478,6.0955778576668544,4.020629153760256,-2.1661785213376836,7.799181615508428,2.25523034772848,-0.6119977015743245,1.2940405822885162,2.0172787491045034,-0.40158217128544793,-3.6825621281772873,-5.431257305641472,3.4573557938335346,-1.8213970171514642,1.832401976541889,-3.496159672503823,-1.4882077582326616,3.282232957872995,-4.518022344082591,1.507527800991531,0.02438248432187705,1.9480941358571704,1.4316943406435338,1.1119119784840663,4.486967974961864,4.869004544080355,-0.5535798964865908,-4.354679703608533,6.921403584437999,0.969464009497463,-2.5575274168136,3.559912796287885,1.040890307491328,1.011639613236265,-2.841126851616196,0.9519934955497789,-4.819341421339639,4.621815036536575,-1.6870793215924267,-3.5552436254486337,7.273964003630686,-5.08555757122264,-2.3512400636960282,6.102628761886237,1.4797215262101588,1.8319948114734872,1.551715042187439,1.1923725815286772,1.7767934173794135,3.3352672515361173,-6.200863698899315,-1.6886717428939644,7.321918034748039,-4.024104038402612,0.319273224585827,-0.18740927123300027,-5.8154807873130885,-6.409004532766074,4.537393600908645,-0.36603602532322865,5.510348391121334,-3.3161475910960005,1.9655797632949612,5.428018026914353,-0.49085042416724217,1.3856111137579363,-0.1039364002244905,-3.02053791482996,6.31594842902714,-0.7303288838042715,1.9011785220871626,2.1914076728015024,-0.07170308396890149,-3.01555595840151,3.0321558902483274,-6.199149362677033,-2.0381619905255204,3.324587291574705,-2.3171811843132923,1.3307918116473687,-7.299040870903507,-2.588750027887938,-3.9283876089896688,4.783849443578753,-3.405333342616616,1.3672689715920903,-1.6503236847413867,-1.1871139866084823,-2.397334082852537,0.5267089990707868,4.540647498277502,1.2346455307656972,-0.38584142237745683,-0.6430850335357093,-0.7373033981638237,1.0815503344527078,-0.3957824218073203,5.110637377000083,-1.1308724221712563,1.1554416879366807,-0.5259667341254688,3.5698251964103895,-3.0288378963845433,3.6645820913583225,0.49123479375483226,2.851320875500333,-2.848746023137039,2.728607050292563,-2.03424099009377,-3.8385284883541866,-1.7248626674561276,3.3246181645633626,0.23873234209677519,2.828968182608857,-1.6812322908085848,-2.01755950730729,6.435989614427276,0.5464118853580503,2.8520867394800926,-4.5241731062727135,2.8883749170498665,-5.750004995501655,-2.6927271160314374,3.8179679547826733,2.0998594248669087,-4.507040572595238,-3.5571450948495404,2.5899143667106856,2.6546657399105045,-1.1681424564329255,-1.90149948859442,-1.4265118579027758,-4.463338963617795,-1.735763248463165,6.168348802240284,-1.8844114620205226,-0.5965504770499593,-2.6211528251933647,4.911524207036647,4.61504952953694,-6.829439615517437,-2.878922505723372,3.9743080280814995,3.7536131556850143,1.112741712430178,-3.7330033772778366,4.92237965217708,-3.073517741853132,2.100820835917409,-0.9288686431232156,-1.734905767977279,-3.615341126510239,-2.0136104519665285,0.4434995835920594,3.297013909099261,-2.5988244336787845,3.149376266723433,-1.7516769172741682,1.9519696979872612,0.706253719552259,0.6284601806393556,-1.5883954869923205,1.7633568747059607,-0.7373198564565483,-3.896765985563219,-1.1912754196091462,-0.9286070081782065,0.7382173009459114,-3.8855066324494794,-0.2089769685043199,-0.09857069528468868,0.8235237676697402,0.9422487467668454,-2.6312688858611795,-2.135023441634928,-1.420491213500414,3.2440663514075867,6.737736851518048,-1.0850445171527692,2.981234736491257,-3.3402642356497543,-0.0587615041093776,0.45654913061961633,3.999906769851571,-0.6070335388203905,-1.7022519100550806,-5.525747684474476,-3.8500991825642066,0.7982301721233204,1.825927527473151,-2.4651885884599665,4.670366812839017,-3.1273442147115955,3.6844824857336103,-1.461603405696432,-0.7518528519061718,0.28492722938095616,-0.13120851279165713,-0.8234077613901569,-4.892096451799981,-2.76196288420166,2.0125232575939362,-0.9675660099382137,2.0774688252943956,-3.4190555079171987,6.988335608673229,1.9960289961831104,-2.1685964099654043,-3.1995829153147355,-0.2591402899694446,-4.348765896240297,0.8504572227818858,2.282781864588231,0.5615372339579573,-4.251687916109421,-6.5117614623011475,0.16673085118951042,-4.1057200636423214,1.8177273288635418,-0.6696955040016022,1.1950760995191188,-4.575643289121057,-3.192747134431091,1.021911985218583,0.8923146242256303,4.626404864591797,1.1309958092340349,-1.0957414147044835,-1.8940917213663366,-0.17100128939544204,-1.2978311453131457,-3.4671438403754142,0.655540633424504,1.789017706569761,0.14849540864594335,-5.890408842097977,0.22060894205325488,0.8099076579755595,-2.9442751867453962,2.38070988182655,-4.154327845871479,0.7921696964391411,3.096944900270556,1.6687820766567387,4.233395463146443,-0.5767446413642948,0.8090363022534258,1.985376597134342,-4.334526407677013,6.984657812588031,-1.7918984573466867,-1.5694044785003027,-3.339120742558387,-0.35270448979554875,2.061155875008653,4.308982634078691,5.71064797624449,-1.0146886893210916,-1.2693789530592547,1.8785946100949205,-3.7922251563857983,-1.3886178925264447,-4.433746297108953,4.046876221901925,-2.403006811900875,-1.7316081754313144,-4.182392546648663,-1.5438671619948459,2.0588112536151897,6.40835371045137,2.165890704254946,-2.6698573107304293,-0.9384944888924325,1.2889459888371033,-1.313650390766024,-1.8422433592638678,-0.7911515670715926,-1.8634794978144356,1.047535170719949,0.5417281577387713,-3.705568480170126,0.28794256982647837,-5.778959215885125,-3.3648233111483803,0.49189900073425663,1.3767189266250284,-2.3888855966630262,-2.3560727109719366,-3.1970309333339024,4.967419473811734,-0.18205591263687962,-0.3870690730438035,-0.06917240692649917,1.3356145282117313,-2.477427868704506,-0.021378701824756957,4.372138663989018,-4.7922557871603795,3.310983861734226,-0.7491030398736753,4.9205169890736045,3.178904717314209,8.704681079797085,0.1920222543909227,2.305036705403017,2.916222874083851,-1.3023827949389286,-0.5255526422906558,1.691280455806887,0.6003819664227574,3.7063900706075263,-1.678376252813457,-0.9380391306946896,-0.4388865192935745,0.8522400640656799,-2.125524782064615,-3.993423969782943,6.990858088794182,-1.0990178686451548,-2.9685933322300446,-0.7503079375675186,3.284713051963961,1.8895705577560213,-1.418151314517767,1.8768937358269886,-2.5802042930830322,-4.878964482087523,2.6456282941067357,0.03735320716423633,3.327017994319346,-0.8086489392744634,-0.7128010774202637,1.8706475142949799,-1.0008314592203247,5.80482775948587,4.870644006049581,0.3908541753785932,0.49994804165622175,1.2643878291255863,1.3646445228253958,-1.902969634764502,-3.406571130593946,-0.49101387612793984,-0.8744894693515383,1.8877964278593768,-2.805016161365754,-1.681328486413822,-1.380329198801981,3.1083985408023924,-2.9881207237197818,-5.012849005076033,0.4990854688879317,-2.552536424321969,2.170221297088098,-3.442223167385031,-4.855388301636821,0.9153518994389187,2.7830694805964002,-2.6348510645355545,-2.3453402532680308,-1.3150507368235085,-4.804769220738638,-5.724499306528922,0.16893372601645368,1.7379591798527294,-0.7706600796593825,3.012736096555732,7.725293108586296,-1.9515658730801182,-4.179966390558198,3.1145929948966637,5.0612705444918635,-4.010428724492061,1.718715360334105,-2.2029307663663626,1.0761021720772497,-4.1023149647881265,0.7334819767266721,3.4446120134903575,-1.7891015202074612,-1.3091919271305799,1.009321741352088,-0.4251270568098337,0.5698041323379237,1.283943811446357,-2.8923644367655945,4.794754813106315,-5.871514861833143,4.077009244826442,1.7805332850481022,-1.4365236210173205,-1.568932599309971,2.520602125590305,-0.9860404522481307,2.353582557131145,1.1024461243763162,-4.520432947568901,0.46490304577311903,2.596917963569772,-2.035508253440933,0.6341931277065124,-3.7132387931738973,0.653841976356208,-0.005761698263444432,-3.0027779822399356,-7.108205795417382,-1.5274069920265694,-2.9693260111740387,-1.1920957870678062,-0.549807668473017,-0.4592428488236759,-5.476225756880306,4.970987820923061,-1.2881980771401076,-2.9006033498954222,-0.9387017835473633,1.3767371589842514,2.6657609462325773,-1.6666930693766258,-4.329898404281292,-1.0090476306437846,0.7295197551538071,2.5114002868966807,-3.6040901310137876,-2.2916855786378427,2.9079881069824713,1.5868477591896946,-0.3498794921551,-6.841457996485783,-3.824253831085132,-4.141789896082414,-1.850272277938215,-4.093769783687761,1.0922383705056515,2.282011500980483,2.3173793062122057,0.9014881263437721,-0.8040559450604522,-4.64182696116232,4.079252168900136,-0.16329422830534449,-3.0386002266326373,-6.958432873098793,0.8326704730834228,3.9544939901511924,4.187877879997536,-1.9156718474364587,-0.3094204832831938,2.3749437518830168,1.4933443145454908,1.4978886254193302,-2.9995322434537646,-0.2151966949454219,-3.3371932601792795,3.3512131897891306,4.690676114485535,0.704240009283062,-0.1495599688017632,0.48370380230226767,0.6613265209982226,0.7052384936743774,3.640323474031619,-6.14240665980279,-5.5508652544903105,-0.4570409781731645,-1.4387315293067744,-0.7939841982750957,-3.751493568951597,-3.30536491268509,-1.3874756917583515,0.45112103588508623,-1.7761599157316943,5.759838021090058,2.9533451611870096,0.6897833851447285,0.11062688312165357,-3.451856832507868,0.649272126760637,1.392495078676632,-2.1959290942748497,2.0932866799989807,5.628778155822813,4.736338505928893,-2.110820498804496,1.5726774548968943,1.2315621662700462,-1.0506061147647836,4.270745358899968,4.926651128000756,1.4362425894090336,0.38599013068932697,-1.3237745220558477,-0.07566327835213432,-4.611322039016264,-3.562959310367379,2.3540409081119074,4.195076066321819,2.7170596317822597,0.9436294933787958,-0.8463659566206307,-4.817204037421158,-4.692852930721443,-4.056312096123006,-0.4023561388820248,-0.48310038047132814,-1.8252155110489903,3.452289280310532,1.1187073093354003,2.543331802607663,2.824479219311677,0.8407580253038491,-0.8521455392924858,-2.534405598944951,1.2199310300892672,6.787174362191196,3.8744888184052653,-0.0335529347586353,1.2644936068784016,6.810970974085408,-5.869298059047484,8.185983762186481,-2.3581671226416328,-0.25542126235144874,6.014239312409245,4.00749253626544,-4.0296391361798465,0.41529108722826485,1.5671300014433653,5.7011674483369,-1.6906619666365705,-0.9079687364713042,0.8957365810433323,2.4546196185233486,3.3494158677091597,1.7129981249245536,3.8386038623230663,0.17870101213151818,-0.70051772285179,-6.578460212402666,-1.3527345969035909,-2.416719981220946,-3.942824968712916,0.4050123334092553,-0.7213966120509824,1.5007914588207907,2.2719247750425495,-2.9042422098062524,2.4236457832891034,-4.440461411547751,0.7281837689977093,0.6229881936975568,0.07377388589192659,-0.6172444100572123,-1.0166324540695528,0.24074104611201694,0.3554460017021431,1.357420442589158,4.088901763642758,-0.05222703324962555,-0.33635872459034954,-4.052957584969888,1.0353047399972028,3.4052129144090877,1.4322699145723499,-1.1222231143896504,-0.887010483670678,2.168072228864907,-1.6340018796943654,-1.8757780345816237,3.051711006495535,-1.8731022712531566,2.0532777154008097,0.004911341025690297,0.24527214953881055,2.0055472481433134,-5.843371864672045,4.10187393776037,-2.3074132190386347,-0.5575041810870048,-5.496193107942769,1.606101753726473,1.4024262247476014,-2.3055499298528037,1.899217131497545,0.7432695311422554,-0.4692230649892866,0.9700984216061403,-0.9195250360561571,-6.060884908349632,-1.450214559124596,4.335018929491713,2.168533278226285,-3.1089054642319187,0.7855773775734912,2.9894500202113035,-5.4405210508245645,2.8110580505618197,-1.6016083686004297,1.0619939368151186,-4.085468941733177,5.142206683266173,-2.4949789226065264,-3.18657829916521,1.4654504974910099,-5.715159397527118,-1.9755299890172062,0.8857284188915251,9.623667599609915,2.189885022896057,-1.1164927257302808,0.3517602531998441,1.8601497737796955,3.226327712026005,3.4673286307072786,-0.342404591139883,1.3163565210573722,-1.2343656880462748,-2.6533086770107164,1.6498908903815002,0.2787569843232167,-0.9321182867931332,3.1297756484119983,-6.01406408540636,3.3855952415027173,1.5832403809446591,-3.76885244185519,-2.8272265173364284,4.142558183689759,-3.0848368641526998,3.015430894355101,-0.19670283725993637,-2.255658448802148,3.531677199873176,-3.6495237437003714,0.17411206821063913,5.855256349611712,3.689340799282491,-0.03154309674507921,0.3522061843972568,-1.847446854530392,-2.439245560940994,3.0529185495513147,2.9524852768619967,-0.5602525539015801,-2.8929424405589588,3.0523201792275456,-3.4776693563839984,2.3261354703894472,-2.2392561326619016,2.3246831183562224,3.9951562613215446,0.5908244574538272,2.9163422876873515,-2.6810203816296805,0.49271043467650905,-3.5249025534886016,1.0926616965146931,-2.8847493602278327,0.5881210326917061,0.27956765542331585,2.7408638745453198,5.710611378091466,-3.194393529143906,-0.29860841306082353,1.4733484798345553,1.5134227728179281,-5.79028746542764,4.532766669911024,4.895991493265282,-0.5575902417940434,2.9553326736860894,0.329546881331076,1.6255898553941048,-0.06472506077766665,-1.5167638599963231,-2.419365529716668,-4.371922930491955,-2.5243679416728404,-3.3290229736242973,2.2612326902045394,-0.2974384518164982,0.8963913637554204,0.8380234990617045,-0.45734692671590954,1.4194150385998328,-4.579430313969341,1.3271779891198816,6.77987971706803,-0.1835963371211814,-2.111841637459967,-1.8612654376547713,0.30113006075216975,1.9600109028634154,-2.6720249212261447,-2.78744403209751,3.099283359339046,2.467125378065732,-2.3196322008458043,-1.0416134722337491,-1.8797082204331712,-2.8397673035248947,-4.458754215138428,-1.812556388794427,2.0165435814263737,0.816510896837807,-1.8818470887217738,2.9255577152743157,-4.4246971063338805,0.48436474734008966,2.0820662715086526,7.839464499388349,2.30189206250133,-5.4207168303943885,-1.6930096148437632,-1.3814959222939833,-1.538372942424163,3.4865984765025546,-0.02452198669850854,2.0307779029398505,1.4026618504895998,6.736150867179976,-3.2720923672949693,-3.011639952835486,-6.975572453548559,-4.292968859286564,-2.782940993690096,-4.5536866002266025,0.284009551035689,-8.255274842453746,1.909530978995467,0.8021091557744985,-0.06087078000947159,-1.6455207411320976,0.37382549095961837,4.156972743944787,0.7694451505250787,5.076347837753263,-2.2665533480018385,0.272188715398387,0.6970463239531972,0.4482948797822191,-8.005385795623742,-3.019231424307219,-0.15096326682234695,1.9108813513705125,-0.6689354815956833,0.28055953301359704,0.4765948298626335,-2.2769685746663684,-2.565863410635143,2.97321527041417,1.476421204065977,2.1580033599821347,8.89780220399235,-1.5243811366168474,-4.495360324256612,4.7230108752672715,-1.147095572169677,-3.500494978065551,2.2232652636070362,-0.10573869415028632,-2.1378547255734572,-0.1937917920587731,-3.9441157567516787,-7.577718271029795,-0.8545774499648757,2.4842486004414632,-1.017196084006066,1.6676950674452955,-2.0976552432890916,0.7001733395946915,-0.0069156272050946935,-0.7117032959686771,3.3645880522579743,-3.8286170283746377,0.9835071009222683,-2.052033330243667,0.060543852336351595,-2.091327795545693,-1.5073053964103975,0.4559453067549626,-0.2782231181991124,2.7704125440531384,0.2161200420583122,-3.6117212469925857,0.7931120936422075,-1.1742036563791673,-1.905466956265431,4.650952970077037,-0.7848413414246707,1.8104325251679525,-0.24963500859358775,0.6848434251032788,-1.4769938704184895,1.4576361238934092,-1.4677851498395011,-2.452850039504076,-1.78808648011601,1.2818801167687404,1.090920893746757,0.6766407184765302,0.7795708548611842,1.5982907082992799,-0.5069881362224725,-0.7702730913873945,1.8589057415906547,3.5291120522696438,2.132448868968864,-3.4296121641478736,1.653034799911551,0.1251452767803295,1.739233253778945,-6.967797309501812,-4.343285511032672,0.23296269365948669,0.5870548070375324,6.3427706339466825,3.3620074392197994,-4.217384583400038,2.8512579921656935,0.45870690121013313,4.719668939725746,2.770554026687215,-1.7522483494901762,1.5054478680982233,0.33427251591116414,1.6360783187142023,0.5239074470032865,1.6776139798551024,-0.9829320549802254,1.5638435421123278,2.354189546771411,-2.0551185095837146,2.4188826772594463,-8.707955833048542;-1.6964181770622682,-1.5661532015076323,-5.5972051205680895,-3.1226220827820934,0.0795049676427729,2.4320501947463766,4.868082753476502,0.6156728712274036,-0.7538333847419887,3.847101286130432,-1.1256666971851785,-3.9310352667766413,4.839156128483305,0.6223684979079473,1.6012925866147345,-0.4613368226709431;39.62205948974428,0.6879703931093352,-40.85044015563933,-26.589872899828183,12.128572671057073,18.337732600447264,13.234094012070772,1.5803689433210317,-11.289998044614542,5.351946681898941,5.556569865825139,-26.427954933600212,-2.9397515588619068,-21.793556227500055,-14.500943340386241,41.736495690601124,-13.866598328707497,-2.2327272898008004,17.066587185960568,17.13403141022394,2.657428873522907,9.798302418496236,27.13872861616121,-20.951759514470293,-1.7921964289329906,-15.339226904243882,9.27628032091864,-8.76536473306746,-2.7032375370161987,7.846566512227278,3.955554307638836,-1.4896354412585222,-21.54377284194886,7.713509570356331,11.649020110115169,-15.856102490081089,1.107451982973932,-4.856609789538847,31.88643518817488,6.73325545988369,-3.8581186864568737,-13.412320354299132,33.424215240913625,35.81067117882669,-14.694876595649156,-16.2442391096764,14.851088941394876,-3.816989244328644,-1.6884685698636488,19.140332842684014,-29.381323389556222,-18.27686783375319,-6.380513614931896,6.580383283150874,-1.3074341384455395,-5.689800502767855,-7.063122325839848,-3.422079753459689,-23.148460792185954,15.928423556175234,-22.89090393006616,7.834363682987219,-5.4194494450138055,-2.682620681178199,8.157488364786007,-27.758634158674877,7.656989818147151,-1.9125133576122832,31.42630354165972,-5.599456260840997,28.816265488300367,19.50509682582496,8.141664759895276,9.749946759049646,6.186920817070576,-11.817292649654583,-11.834580104395261,3.5360551404195517,37.6743345585113,-28.19917424312429,-24.826640727472924,-14.07627651056809,-5.441875804122624,-11.84664163053498,36.82618079316599,-5.636430053820184,-14.640304872455363,-1.7900409256376864,-4.420747052452607,-35.42084574552441,-21.58184109819936,-4.746149909057372,14.126159900962328,-5.71125108454735,-14.50613770959877,30.509742911003844,-20.080364538041408,-46.616065872487646,-0.5468038637037371,-9.029760723441681,-6.57407926249379,-31.710203968695996,6.712285624167398,-5.589018920465734,19.068736587527386,-17.54763313386658,-3.0730734315416326,20.800442867374066,-21.689335849578253,3.916999087078178,-18.999089118543207,-3.557809927235332,-2.1025658306424173,16.860705035064136,2.9841181357933637,15.06901034555015,21.583296089417576,14.110323051924187,9.642767908497792,-32.06177996550125,20.615578441755527,13.356811992453709,1.322705137584442,0.8034361369209262,-12.715895901486261,-14.026562284514496,5.081026500786398,12.147748494724723,18.107716845671174,5.396613748401956,-1.9578327650622955,7.397158495524008,-24.22693822960089,-7.082308671358466,9.393373712669442,-6.850378332115492,-18.497118740508313,-32.51348538011693,-36.01421615323196,8.970523555511363,-21.47662217676612,-11.836053958910206,-6.699902929110719,10.25974718370764,-21.995962798035617,16.44375489128555,13.410879171507517,10.22831244696681,3.410297528413969,-4.122299864028152,4.933048537640226,10.234583656737005,23.097274304684714,7.4929807180569155,-29.83195559114832,-3.287513542106989,9.48988604313665,-11.30514578387567,12.781716222358664,-21.295824173571635;-5.033397546122743,2.030082567640117,-2.4089855457441205,0.6226562637271389,2.67710669143786,1.3156985278485085,0.6101345678624768,-0.2627995574195154,0.8398373426672932,2.910880188146392"
4,2.678255390857801,"1.9249778153226624,2.744352454637485,-0.6312372317579547,-2.4121435009898198,-4.463853629780375,0.7896831517894758,2.8901786638606257,-4.151648473851745,-6.139747598183405,-1.0245309748652498,-3.519879074488497,-4.006623552212162,-2.0259206188164405,-4.29986818251535,8.634221881709117,-0.2770917639022279,-2.894310942308171,-5.624270542288369,-2.239922945154062,-1.775813640674338,-2.320595146011219,2.0979181116838355,-0.42135512126817953,-2.636048438064662,-1.6960496291407057,-7.949313866259104,-3.2750860450150805,-2.8302580136897384,-2.361972761617921,-3.1105338023147286,-3.9298247555835615,-3.436357589763293,3.085176242887854,-2.055369215141345,1.5430997144629695,-9.722879228972255,1.9715346075912525,-0.39304725938648255,-5.787077408363987,4.894742050103117,1.500002926522122,1.633463365067551,-0.22062548970268853,-2.9157241871142734,-0.7177485504397216,1.769275008091397,2.937556966671924,-0.4558841046673795,-6.333835874872431,-2.389565675743161,-1.3331238151909761,-4.666620726380456,1.8324730549713222,-2.5233926741324457,-0.040205287919676494,-3.6489805120768217,0.6198785692704896,4.044430439332554,-5.792543639253757,2.4466238501038466,4.245801747367427,1.6703022267929915,-10.221033995588616,2.3008791007655085,2.0501726183038764,1.4742927142207038,2.768438537045876,-4.4261076739799305,2.6720588056028,3.1448585954118364,3.344060122366242,1.6829282872319402,1.1642072069915914,2.523182236039108,-0.35021187718717794,3.982552574208503,-2.133321053290601,-0.8179218232536489,-2.2346133350902875,1.1104503975996618,5.024751664769431,3.2412830658302445,6.478661348505427,1.384931379957966,-1.6507006610976274,2.1299142613002355,-2.784680266084222,-2.4586541169251523,3.6667845127940075,-3.353858747223223,1.113164268735321,-2.1951562408716843,-1.7491684451567842,1.5146641883879395,0.5353812770749538,5.138600803238411,-1.2697973844241264,0.8868641627789037,0.6043532792932692,5.131494410125459,4.943869460332734,-1.2613831732556726,2.7601942153439603,1.189480172584332,-4.016726089478234,-2.6339211127691917,1.4369033712436932,1.0299264168952253,0.46323107900111776,1.220363588489477,5.0135668992536,1.069767414401639,-0.6866988151434106,4.2424418394671095,0.8088031467657859,8.88229347157217,-0.7775652064856499,-0.9848513696291149,-0.6868492786840492,1.5171029408924797,-1.7185476325989097,3.371302724457562,-1.087148113255429,-0.061601013859017825,-2.430414167137061,-6.207988473789151,-1.0557822718065577,5.496795272032729,3.582609329799904,4.938666196560346,0.0719691359880976,2.995007375005249,-2.238100096010413,-0.18148074365874248,-2.0461669219317056,0.898916069882588,-6.056204050979081,-4.103396819333509,-7.426463395008056,0.6327336841865241,-2.0300782872497614,0.5186461371841404,4.115924753749465,2.610408661253709,2.7770227007105994,-3.2428677259752416,-3.3914989706341525,5.861531258610588,-4.454754860954286,-9.016998084198812,-7.653311199860646,-0.788314640832942,1.0016055352290179,2.655909990735075,3.008977004333505,-2.450031948426885,-1.3471036072863118,3.196823462325298,3.259081592137608,1.9256290004150656,-1.96378264700215,-0.046849641806776754,-1.9934859502424909,-4.111186155308537,-3.167974944191984,4.4163621736582765,-2.702758521432017,-1.8859517054347594,0.45366424818169615,2.5498834477156986,1.1625724593364952,0.5289788086155232,4.403282047543642,1.5200071911871809,-1.064267628561537,-4.185438252015151,1.317046475755596,-2.075480686248919,-0.3016553772247115,3.4807369339398764,3.893407776367554,6.0220875211638685,-2.2132855424367355,0.9823005580133047,2.7601090341089645,-0.6961282192908418,1.7656475798900222,1.3647043120292914,2.286159635548418,7.61374240898894,0.9542040500559933,1.9829410070401086,-1.8106246935793422,-8.153497064983295,0.1625303992537206,-1.7594452910895357,-0.9441557868398651,0.5200462373378973,-3.05580869499143,-1.4383402636100904,-0.15482600778146063,-5.6173729421343905,-2.2460016150813398,5.873212575146552,8.418461640084123,3.209947444181142,-1.3374124994050491,0.5452856600389027,-1.6656754870183461,2.692610972655092,-0.42891424906638503,1.2835209875489884,-1.3246895451518177,-0.4003071366046257,-2.099257781233417,0.0472533390313164,1.268057879546623,-1.4475101198619373,3.304521790841565,-9.386118642177523,2.409356080447301,-6.420765173419659,-1.4222166760277108,-3.53282841364183,-3.840895605829647,3.917254685506697,-0.15349371564920034,-0.19931662403425532,1.986910588953051,0.7316756049392866,0.3232536166012144,-0.5126316094166741,4.089581440827566,-7.958814943067835,-4.189894693946675,-4.501206010889208,3.7906625066600323,-1.687530221873501,-4.318810079315327,-0.9996392033541278,1.0317151394473432,-1.0437727121028186,1.5419850609536676,-2.1742455632308193,-0.6663994272839209,2.8369530640084064,1.4181552587939965,3.2801581977247896,-1.5250764971957669,-3.5107208397354954,-1.828790014929861,-1.0489215671753531,-7.908616192151918,-7.454037001135769,-3.6082085855029793,5.848257179276195,-6.409134789434993,-6.338839818397051,-0.7438102565769517,4.205500463689442,4.140054163512485,0.9341693310366711,4.1311609760816905,-3.8829393809988066,-2.149129106590684,-4.521181711614076,-0.8797270540192335,-2.607388656056163,-0.16580988201739072,2.658001184636638,-2.6284901234375613,5.2536452151342505,0.5674410202054111,-0.8711963644223972,2.265094958988993,-0.1133128849243695,-6.977068631801861,3.2613680390955757,1.5014191659761198,-5.507096552018551,0.5145849178596241,3.4258028575265715,1.3795152039686576,-2.6960165392559583,6.275463545837699,0.6945982644835528,3.194367404149811,5.215839613889032,-3.6078741730411243,0.437775280124943,-4.399568883535505,5.5225536455450905,8.092364494806075,-1.5171575830024708,0.3386409744294502,0.5033550170431633,0.7022502427306495,-4.808970300947836,-0.9906438084767109,2.2965821214047653,3.6082894637776417,1.086693113984292,-2.8890124277885705,-1.4172952289423186,-0.7092212188156802,-1.8705123225810325,-2.714263166017006,-0.4339349823729077,3.461883933520716,2.1631445083320533,3.9828929876502985,2.246178923741978,2.8263218365249543,-5.79243024018161,-7.267077349110517,1.7961029832958044,2.5330689757862506,-2.4298330341380403,6.735932147004202,4.478346691313353,-2.5645401544051447,8.719138076523324,2.628558706467581,-0.8717896374776759,1.4277791185645077,2.3105826125147035,-0.3215719522064877,-4.326559106217508,-6.170477189599867,3.8063678216108934,-1.9203468529247814,2.3817587059632173,-3.9800403652652294,-1.532681581936364,3.418357027716923,-5.187260523579081,2.069009061715428,0.18283301740988997,2.3095253784781793,1.5850220868831268,1.66120429406577,5.129579125085208,5.411826013216609,-0.605211832493071,-4.962297491294939,7.564005278218308,1.0934821630238696,-2.6022614524827308,4.159127077305497,1.2579921061995563,1.0526224785136702,-3.3170247930055434,1.0579167814595598,-5.265895058705342,5.488111544823384,-1.7954098053726883,-3.889310743359105,8.310865305540464,-5.7121921418072645,-2.604786255698968,6.633322079385876,1.4707304876936649,2.156772029952595,1.7273374133805377,1.212735374174308,2.1041920813663957,3.687302941708168,-6.797737307016596,-1.923809696080946,8.553411476560592,-4.5726165225650455,0.15450074255272145,-0.26140636035915704,-6.594878833820447,-7.232973208964372,5.1967807208036145,-0.5109180802315733,6.089202974521445,-4.019805964781488,2.398269041618662,6.138058692870634,-0.5859488701902884,1.9647756593530006,-0.10264890319093775,-3.1038302086831386,6.909338219251667,-0.9288177091857726,2.126927247571594,2.4153534117743423,0.02207268415641668,-3.3539818035326405,3.4491531451256305,-6.6182737357208365,-2.5080710271186684,3.6579879622748317,-2.719731018230809,1.6430966603272925,-8.463401705232961,-2.846464503988118,-4.776778247183077,5.361697984430794,-3.4473513099441004,1.4269668491701066,-1.7945248632265483,-1.3778267774044621,-2.49106234006483,0.7850969427686266,5.110110998615534,1.497871177280531,-0.41571271472178806,-0.740577859389057,-0.7857377966842211,1.2100342537614583,-0.5139320856413163,5.645664713918916,-1.490594671303471,1.2165606990979652,-0.4190649727146718,3.876185212225062,-3.342197390146638,3.881288417291431,0.4828836623346296,3.370974473562015,-3.1798640898375377,2.9679427558822415,-2.6446544154468787,-4.336288067409339,-2.2081412957308153,3.845826158862114,0.33030095014471444,3.4129947323962377,-1.6322899166226301,-2.1872664036871234,7.412378807682293,0.4851746587696316,3.2113461002204957,-5.151046952607783,3.2338029820277554,-6.232466650252395,-2.984599056528096,4.054337460638212,2.301177025460577,-5.046876776433931,-4.109406238574259,2.7479916200412005,3.041814381213146,-1.3339409887086506,-2.130540777372824,-1.535490931613934,-4.938165169443588,-1.5476733175994875,6.570361948895842,-2.1975214506253993,-0.5609025145128067,-2.8731075907452865,5.483087248710069,5.3174845573009435,-7.570263866841739,-3.109949644965783,4.27809556624527,3.8724137803941154,1.3646942043118018,-3.823126942687216,5.298826482655201,-3.538659475417252,2.3859274683755443,-1.3106064260260484,-2.0855637877472577,-3.853872462520251,-2.112401687309989,0.39848993249533204,3.992240150820389,-2.78796873215792,3.3729702960486225,-1.953707401248304,2.326947622059917,1.0803469925427753,0.5916749729622962,-2.156957796437754,1.9404402758719315,-0.6060516959603448,-4.241199471125141,-1.3209393966501701,-1.0559237910080628,0.8524058558117097,-4.1980069749341,-0.0925797297120824,0.15971348034779553,0.7805729703122029,1.3609513763556593,-2.75494311654018,-2.4979883965505922,-1.4052355619670225,3.6601809396346363,7.4625811410322385,-1.2515622358170961,3.4504507407353784,-3.6260876298872473,-0.01053186313807427,0.736242523829798,4.435806283604895,-0.7736260817439116,-1.8681863993634635,-6.333339074379797,-4.366545570441313,0.7945128168809379,2.184787703269895,-2.6966148106639283,5.325857344970168,-3.600712330441771,4.237987100265101,-1.673440279530448,-1.0131583532532114,0.3865167681516198,-0.1842094580337216,-0.9502523549547575,-5.504148511098325,-2.9384383862892736,2.6209729928152115,-0.90311134250528,2.3111062947771908,-3.3892623388548904,7.694775258566103,2.1765388747137813,-2.205261369353683,-3.578393562100742,0.008512140931013046,-5.143319068199454,1.1614667111693253,2.772475205266317,0.5040696502988267,-4.6440179059332145,-7.308336553797947,0.18852722388264967,-4.593690870658115,2.2332922973975267,-0.7116173277711,1.2933682616707913,-5.211999311557846,-3.6543470944439944,0.9913114915651147,0.9829402704127985,5.180550007188788,1.2355029734965461,-0.9755362294842154,-2.19410578743153,-0.42041137898936304,-1.3962438712908574,-3.912385627541245,0.9790258769848728,2.020266021439275,-0.010220478191427795,-6.51196133288693,0.23103494526351118,0.8573729640133313,-2.8937162439175586,2.7871113628073734,-4.848420946971734,0.9349690429718372,3.565654210482281,1.7376212519659737,4.54036086133877,-0.6562989666039868,0.706449973511458,2.188962820422172,-5.020951339356426,7.929000966321796,-1.9806045364154818,-1.6908566029165926,-3.8303237130183727,-0.5662089466096367,2.206328690604618,4.793013759688824,6.758345996192039,-1.2003351819013033,-1.1595346024105235,1.6254681213674682,-4.395092695636421,-1.5354274847325402,-5.019881719751808,4.4384471788821065,-2.540886000733941,-2.3977937192316183,-4.79656375224512,-1.7858489747283173,2.2102215298465815,7.41015928152695,2.1460111310055057,-3.392393662945436,-1.2357036126957137,1.5893256470646657,-1.1168072253372445,-2.235033991829616,-0.9092990995566301,-2.122786068459052,1.2693385180694992,0.790611973178716,-4.292810983746628,0.5449562835156441,-6.418601452186254,-3.7184622532360323,0.6321217280557111,1.482377964186827,-2.802702576860163,-2.388724401647818,-3.6664516465824644,5.826175592617127,-0.22018664378726366,-0.016758441620957687,-0.42563274039483634,1.58436966911145,-2.636285012383751,-0.21508927134131803,5.0269444566440304,-5.692850305799268,3.8317000616641015,-1.1318111505705009,5.369336972199345,3.2828270276330724,9.980581068149755,0.19012987566577297,2.598948593753773,3.1765974830004575,-1.6606639279372972,-0.6468151975856304,2.1208793773827286,0.7746525026044944,4.196187661362756,-2.015070064617181,-1.2447365469203426,-0.43860211281862466,0.8555097398891177,-2.460133059708566,-4.6876415117247925,7.861596260716072,-1.1056786482857066,-3.559758351855003,-0.7565173098534943,3.8811615318992563,2.237670805005377,-1.6596475953291865,2.0395735425641632,-3.112390190589828,-5.675387649046024,2.767568189798946,0.29723415490954413,4.1616978979214005,-0.8569615734567028,-0.7813950253223286,1.9173550657617173,-1.3516224291128762,6.293001835402665,5.521448944889563,0.559174536383181,0.36782118286826154,1.6547258751026148,1.2722339690436373,-1.9827914176785029,-3.8500736859223763,-0.44935230163777584,-0.7246927949233883,1.9935084286308447,-3.178415603840709,-2.046909348147369,-1.6638280588950582,3.3116436117192394,-3.3045061720323043,-5.670844520889252,0.8631173816286525,-3.1717003408639837,2.402934621473542,-3.6032285667411483,-5.575080530455585,0.965000577251041,3.1411028326372814,-2.897935269394445,-2.441191551267342,-1.6410672199646452,-5.202819461288834,-6.5567951376779625,0.15987905623358342,2.090719700674689,-0.8512094488323321,3.4247495468213196,8.793379246473357,-2.1092406579977276,-4.6559286388577,3.620367638040207,5.744473564085294,-4.465335313913926,2.000535817797093,-2.5515003127363562,1.3217175955619052,-4.621594654551889,0.8040045014920453,4.00118832807935,-2.049675706354887,-1.159513981927257,1.2513062525104173,-0.3820547648300208,0.6702171602950966,1.1908686156346118,-3.1890835743667543,5.368247381460026,-6.5486625823959566,4.238408355464594,1.9405910815253842,-1.7028685567906887,-1.6578829639880568,2.647064337957264,-1.0356669692538665,2.630455083475763,1.2304324825781854,-5.064448422909095,0.6139375645998599,2.766874652676085,-2.4199257541147765,0.5520490469380414,-4.295484614819291,1.038120925198608,-0.049091224586045305,-3.226291136430539,-7.740676586663169,-1.7073854017878898,-3.248338534295242,-1.3461293063075213,-0.616080155256873,-0.5738944272245589,-6.241081455396898,5.733928719746,-1.2727272876647382,-2.9288258348216316,-0.8509818759798108,1.5353288455366148,2.914557899001439,-1.772675875906238,-5.036947553553832,-1.053979367063194,0.7928349864058352,2.8152316720137964,-3.882456799615316,-2.446986220549273,3.345622591753021,1.882859504883018,-0.52435578426468,-7.62410595969975,-4.287399373595429,-4.5885929091855715,-1.7354758600274178,-4.494331217973625,1.1086982203461775,2.554090870518604,2.582786495015422,0.7386169657448367,-0.7094803363060593,-5.574896485496323,4.4263691549990085,-0.20135189083822655,-3.436239026779192,-7.840245852991434,0.6957856787286923,4.507338176767425,4.550733244099616,-2.247013244810371,-0.5885069764452586,2.859667632950793,1.4729220182913125,1.4664640749856286,-3.4269375639150192,-0.08371380067061489,-3.711724394663641,3.8557723411261793,5.005389900904947,0.7292689364251049,-0.15903107159555996,0.6794241268301087,0.8630039142019119,0.8199076724160728,4.377617579127462,-7.117057448628439,-6.480650205355887,-0.3568480623891726,-1.2644214102168467,-0.6477183255066751,-4.292352517635826,-3.971023204961153,-1.5994192470226527,0.3855928770056978,-2.11144956849028,6.705722949343746,3.310805167731536,0.8265005473374276,0.24786059787428566,-3.560339709373221,0.8964925777430718,1.480584466856031,-2.4565238430739984,2.3269820790423004,6.215989686768603,5.496835768093501,-2.668728881623158,1.8546984713883279,1.2023033678776935,-1.2869445067118312,4.681657280425305,5.703176929462063,1.5397471264919491,0.6582648018830224,-1.5894214328964322,-0.02435633830769888,-5.2600531046509,-4.139383954958547,2.569223520310167,4.969332635162519,2.924726912566356,1.2034948337600593,-1.196504759415464,-5.2286604400116925,-5.174262249699281,-4.820103721296455,-0.342182863769994,-0.6039885557598683,-2.342270037114117,3.8049157418226662,1.1829719185509837,2.848151923254428,3.106991692799433,0.8231785429156531,-0.8956917885007716,-2.7037475768245773,1.3320895745841537,7.542357003240415,4.295923753056913,0.0888039580920985,1.1035417410916077,7.514978461932556,-6.827527635790714,9.441847402607756,-2.8771234105814516,-0.2573147253348955,6.795713553312092,4.2299200867402735,-4.56698256081299,0.6734164577211346,1.5916662754027873,6.602520648954334,-1.9828546933393787,-1.1953474539000943,0.8963478050094571,2.8631222423386173,3.619969946361408,1.696711629481609,4.196533918313535,0.3477593597567509,-0.8367083610566524,-7.483268913330498,-1.361929596125334,-2.562565905421062,-4.440575028561213,0.15469018076252047,-0.9856387328387146,1.8943525033895283,2.572952420103239,-3.3133058837685394,2.7318184507457874,-5.176857112843623,0.4771619644452564,0.8731547986793702,0.0400217818232175,-0.8323962759881127,-1.2191181293260214,0.12041501613071094,0.4736092822109807,1.6001995644457288,4.590968982453044,-0.014256070367911645,-0.40657839302696597,-4.659596436916609,1.3100967776358772,3.533782410868273,1.5400855211862536,-1.288172146482496,-0.9282657805498055,2.3332751522228583,-1.7090775093569543,-2.0704432672184088,3.4563022916314514,-1.9808586679135882,2.2102129494753524,-0.1575413618818056,-0.06748530598663138,2.081111141297509,-6.576595773574933,4.296263862078413,-2.8027116524715163,-0.6958204733522602,-6.146782678752853,1.8057748521810315,1.5833885145244335,-2.569874983639115,2.1871156815763593,1.0100487027195981,-0.3571425647153422,1.1163495369139094,-1.0356198816178939,-6.948373651846763,-1.502258225985456,4.860028236463143,2.166190702422525,-3.561489240306392,0.8986388096889328,3.483102680188383,-6.094132374177841,3.1307316283884643,-2.1235532298782602,1.049358572430033,-4.927668556598063,5.823366042984452,-2.664400512427161,-3.677977065933513,1.2407117542919823,-6.20786319754127,-2.1297467549440623,1.136807854565839,10.569189466457535,2.487887839800145,-1.3519819384395444,0.48400101481049274,1.5241743248999526,3.637746053996401,3.788927321131343,-0.6753468577887114,1.7826686532427471,-1.1392786327610052,-3.0318006510767166,1.8290018922825333,0.2672604872251047,-1.2620099455194578,3.339694102750956,-6.706454895801258,3.992145594309549,1.7127177640330684,-4.531632413759378,-3.292993297497756,4.6481576627504335,-3.4433245233155945,3.6188667904244545,-0.0667089445707711,-2.594628422992619,3.8437173019673003,-3.8368643649847107,0.29326305969967226,6.863007406409293,4.077352088541141,-0.1350470025197417,0.22081806625626446,-2.1044286331306004,-2.758838605943835,3.2518095590304523,3.314092544111985,-0.5871615121917736,-3.485027841342168,3.4176622823959852,-4.015009410341349,2.5739695765835484,-2.4177281731365525,3.0059411870040273,4.604259371590583,0.8184379385109548,3.4034236217616765,-2.8719255855566668,0.6787726231972547,-4.028867371448517,1.4767768142362514,-3.1273478999634494,0.8348044028614039,0.3935816657194565,3.3671847470288996,6.420620344912036,-3.701112530206712,-0.4607783931584093,1.672037889778035,1.7576595844633682,-6.424027146213464,5.035988420493695,5.7237229230170055,-0.8041030550674138,3.2347706712588353,0.05123635611833316,1.8775330238163768,-0.12672662307294108,-1.4540968833422379,-2.576608312115977,-4.738978940743813,-2.9857146348309116,-3.7585941283566298,2.5709343599399705,-0.45549517055344513,1.1565960389756313,0.8066055808175053,-0.6675161105913239,1.4203396997600706,-5.04305892628305,1.5754804166651992,7.476337768193424,-0.27774360806550646,-2.7106241347292883,-2.1193570284898136,0.11805753013605197,2.1035549334246015,-3.298225582469855,-3.1118567696365353,3.085759750316032,2.8116506819693985,-2.6307487871445234,-1.44923744716644,-1.9625088651123423,-3.088486532718082,-4.962881876538773,-1.9194482023642168,1.9834534373662782,0.9013700061055774,-2.3370532731362745,2.8408129120666725,-5.284107692928128,0.43832424608257,2.30754328989801,8.802941792490271,2.4407131630394194,-6.024303417289522,-1.8494613513021063,-1.4031344581414473,-1.7493163686266624,3.6459446213731064,0.2308121104028282,2.316884132377833,1.7522147996943314,7.912998621586241,-3.763276905784293,-3.4933173784892713,-8.257482200630099,-4.882601221499201,-3.2124304375398465,-5.021004715321944,0.28090677585142293,-9.268779885345891,2.231555147424285,1.1220226097310009,-0.13710842811501037,-2.129778840109278,0.5127414024708883,4.470573773876108,0.6881652899663859,5.643060140955257,-2.7430484249066156,0.4014326020124843,1.0191465456945834,0.13846645849912098,-8.92161038778443,-3.3890866264101733,-0.1826766299533213,2.37729777214859,-0.893773863420608,0.6725173280740642,0.5617193770819318,-2.4851412827856243,-2.4563337688416516,3.2350286321881025,1.5810912767604415,2.467010332094526,10.007094805474265,-1.8947226863514728,-4.917948827234815,5.594996933081745,-1.4830222498625076,-3.8924475126929807,2.505166358918799,0.032906210701325975,-2.3026911960668257,-0.007885216945063306,-4.251991910738897,-8.60790816144412,-0.8410211966947642,2.6542060201166557,-1.232630677419253,1.7368954763475921,-2.4794049264637823,0.7164645800286037,-0.0011063115171842338,-0.7776960122941491,3.937020939699103,-4.3739917438713,0.9779867410328141,-2.261442277017668,-0.17505100622331843,-2.2212829675482744,-1.526270448407678,0.7507133109005474,-0.12073421515677524,2.9842235700496036,0.3359769946361125,-3.6851548754484758,1.1685368439283934,-1.0716870312301656,-2.311372985749065,5.225423830351772,-0.7655562460125547,2.2270025040821158,-0.2666409729748757,0.5938839138682735,-1.674421192287418,1.5811169929428013,-1.822822382457284,-2.947734891999427,-2.054867944163744,1.2897020039096887,1.0182916373904638,1.0004150451290608,0.7343313670223464,1.7712567037352693,-0.5368962599667012,-0.9515137785812058,2.0682291669005095,4.1478137735403395,2.401001056961507,-3.4687492666015776,2.0749734259524413,0.33809604920295516,1.9000406083934536,-7.62275589878545,-4.641744385915354,0.4746103959357757,0.6038075238423616,7.017426695305456,3.6410540506910003,-4.952562452996707,3.1070461099865496,0.7171240533967089,5.192279116904763,3.4349507884711126,-1.9432613082508792,1.611453848212551,0.38541194287155134,2.1950967727923936,0.9020767672590492,1.6609343466209392,-1.0573921043053063,1.897495232133507,2.4467267486655673,-2.3167873700620776,2.889991724719344,-9.53829240241048;-2.0163668488997,-2.0190398752870204,-6.039910676877898,-3.2105353764203794,-0.41895078139114933,3.0670687965559233,5.333826579544813,0.4872233950341438,-0.9109821544901298,4.35805436237965,-1.0679470173338188,-4.179513662549822,5.344378489535098,0.657210529480053,1.4354526451811378,-0.40694966892388357;42.308676859287885,0.7186257713245989,-43.596988893401836,-28.308257053015858,12.998428108599407,19.628085849748548,14.14008169857636,1.7506559219462456,-12.08517018466092,5.711506653700715,6.084310348401932,-28.21038159374339,-3.2253701284827,-23.42124328792216,-15.503935974346815,44.59763201463268,-14.811915718322997,-2.3080991213855953,18.216429953071682,18.15653196026817,2.920183941479449,10.513534211532049,29.084079019578652,-22.307383989205494,-1.9098289591249227,-16.424787065404047,9.985920828658381,-9.434417223350797,-2.906314094592171,8.464803798178085,4.260546579628251,-1.598681591496579,-23.00235200092873,8.095537069248854,12.476753196417748,-16.849589973334844,1.2751077332114888,-5.170621155871235,34.10735748003918,7.2668129705110776,-4.061593465256305,-14.351048063346704,35.90089575595788,38.190164783107754,-15.740036382774477,-17.364346586428773,15.784678714647859,-4.053890739466814,-1.725029933081415,20.487451553096026,-31.391276005562936,-19.572592507863686,-6.800229835754434,7.0006137322711,-1.5702368421947162,-6.054013810352587,-7.484916949588993,-3.5429384033060076,-24.68880466550186,16.901559543749343,-24.392904865911145,8.276627018121674,-5.810287019353383,-2.7805194095582535,8.679779827385262,-29.720367395401343,8.258955367203152,-2.1357979849931668,33.41264508827239,-5.971029986193896,30.682889549938576,20.756281412901718,8.59758329720774,10.304311658311061,6.5254458618081586,-12.55305920838515,-12.693763779669997,3.8916868570561363,40.21754859512257,-29.96297926729911,-26.505082386339105,-14.784791996250783,-5.728635896885869,-12.654510117595311,39.42997455583698,-6.09890059474037,-15.673271822948392,-1.8336237877922124,-4.777935080602816,-37.75529333945557,-22.98692891435227,-5.007313407232277,15.035370188642808,-6.038446802638248,-15.570246506218652,32.51094018986286,-21.472147641915768,-49.65372000149919,-0.6124817431545151,-9.503374850522725,-6.935451466140343,-33.84950505425623,7.211206032564486,-5.9686495522849095,20.3214315392531,-18.581279498417416,-3.3306971999869397,22.13479399677323,-23.187758909651247,4.199984843163335,-20.15058351883209,-3.822389148778256,-2.25872967428215,17.955500716962337,3.1753850853412526,16.03761613482966,22.947280505475643,14.961356812992085,10.389672545389775,-34.14732740113376,22.060407261953785,14.424068398640875,1.38183885681257,0.9216515489039475,-13.566631859602087,-15.103899839189117,5.369069629377919,13.00308046450564,19.24749245923319,5.888667178468034,-2.1527429476528557,7.844988408033262,-25.863112697159494,-7.60460306560427,9.898863667953103,-7.222447341969831,-19.724684883614582,-34.7204098484156,-38.4822696033763,9.523144759979056,-22.921209247937902,-12.687332686872715,-7.10748049895161,11.004059659815306,-23.56450941706355,17.52479786431472,14.276739794756972,10.918759887226319,3.706674185654901,-4.444110921770634,5.3327537817362085,10.880037986854068,24.60702641779955,7.93431395111737,-31.811945556631237,-3.624838965310168,10.174234791093697,-12.057436576696164,13.63278136099001,-22.62077980271318;-3.8757161133362796,1.301600598537136,-1.8505812401023203,1.0237869097931054,2.612783470238174,0.21284307531763047,0.25485724978294033,0.13085967615897723,1.1654949087371036,3.201480322184328"
5,2.6749403059817896,"1.9171393955609362,1.944949840100056,-0.5005946935530966,-1.934703783967998,-3.855280928399692,0.43204877177785506,2.5958687986715656,-3.0505538061051496,-4.881441016533599,-1.0222853727562429,-2.7620432838632087,-3.821316469113001,-1.205921121160866,-3.5353899475827597,6.8580086529099376,-0.6202291576234468,-2.5664785863100184,-4.245889488610976,-1.9178699256666625,-1.5454958309968732,-1.129036790037513,1.5408630476167045,-0.27028346413964266,-2.529111830209468,-1.658784804007647,-6.48186495756139,-2.968811635566635,-2.140937663882964,-2.1186595843450338,-2.1984812504513194,-3.3949321665348373,-2.481480414857351,2.5980050818594127,-2.0758103007856583,1.5631011867659768,-7.894448440222652,1.4836855296458908,-0.9223323198249842,-5.077228998086664,3.7225094688121905,1.7839500640767094,1.1945869331188006,-0.4013536429532149,-2.508505284892971,-0.880469228297375,1.4495361849184716,2.010418002290985,0.01503301882406663,-5.327609693758973,-2.850587290629658,-0.8089184002357666,-3.6333965969142157,1.2271980753971383,-2.086852200130779,-0.0869031688420199,-2.6851336678313036,0.5065707038638435,3.268897993380821,-4.392979645656197,2.4927139673700145,3.341138352710342,1.640709945622235,-8.662871648681374,1.904092690517769,1.7442895145538966,1.4528838713969028,2.188712287619526,-3.3517306803418148,2.2417722765124877,2.3186717609771987,3.1447264405547113,1.5654525053865185,0.722177542484562,2.3138983520798613,-0.5662329264024374,3.5128574376323733,-1.8272457966529005,-1.0323392808120004,-1.9902091100134751,0.49177514970312797,4.175277643712073,2.667637007824196,5.524909408279521,0.9216201588582913,-1.3254022440420832,1.7477598560613856,-1.8942861045744004,-1.7436001673346193,2.697064314158778,-2.3649270856720124,1.107848585101694,-1.5579473029898654,-1.7979037184749056,0.9761558287566514,0.24755221887684248,4.223293071571274,-1.1575736899217162,0.4227596502636345,0.6002965014189634,4.049337451079656,3.8586262093114034,-1.3923650854687548,2.2499612623928824,0.6437435351404153,-3.4318064161663533,-2.031616696125707,1.1814831078284018,0.8613125665915436,0.4218284611095166,0.7800357543550024,3.468900415510685,0.7110526882431633,-0.7889940149349386,3.8427776038582135,0.666557620881552,7.084757596248903,-0.8139322223487916,-0.8512998285616337,-0.6242929855526602,1.2346173967560536,-1.540536910570506,2.197182145322595,-0.7426990248645438,-0.047140695465685396,-2.0387764985533363,-4.3457746808447,-0.8898867969966057,4.36612486309481,2.6736417070701117,3.7111586888638546,0.017247776160851446,2.3587977351285194,-2.0961285823793467,0.045673911772726075,-1.9663790281467957,0.9349131796072991,-4.969806084933263,-3.8003657127403736,-5.892914642776193,0.4063914812464472,-1.3920268019564812,0.8039424710721634,3.236552726345654,2.08434537715898,2.0540146535264556,-2.44043012975248,-3.2532585960459786,4.366095534898578,-3.536693809956213,-7.1455636632410915,-6.089733550126762,-0.9436830447374427,1.0268541551184032,1.6292491123088577,2.512503850516504,-2.49699227795587,-0.8971147464844789,2.358277527322321,2.113520902250547,1.442368440629905,-1.7339414752066031,0.3447362433375291,-1.271678815697643,-3.70635350261896,-2.4171820059897184,3.6154426319256703,-1.8630061098689317,-1.4683513665695926,0.2757327889548671,1.7860441168916417,0.6770820516615402,-0.13847800376084418,3.970723256618624,1.4684254411530715,-0.9096830212609642,-2.840259766376368,0.9860931166141893,-1.5374614667386501,-0.46381505050460736,3.279854135422135,3.565093638524471,4.7116594282145225,-2.1334622534978016,0.7867835680822592,2.3396628891535665,-0.17090653909521555,1.5849983728771737,0.9933279880497757,1.4708553652941723,5.834684424666,0.5904285533049359,1.976362463621013,-1.4945629170591737,-6.542966230844617,-0.23677886397467307,-1.3466123108444916,-1.3623591663550851,0.7681608181000024,-2.8454327902139025,-1.5882508354756752,0.012164419395084683,-4.2116517372450275,-1.7172860454263905,5.001897431948145,6.217407092427076,2.2109244895476223,-1.0521303021986497,0.5609544938934634,-1.707622930389188,2.7988144970841478,-0.4125854505407179,1.2940123485079766,-1.1682208677460963,-0.061493977431978805,-1.6981991774781997,-0.16884854790587178,1.0990250703041247,-1.340593430993492,2.69284943400737,-7.203854272632202,1.8404810857406093,-5.489979261006991,-1.1635381106002818,-3.1221575148270153,-2.8827657598895815,3.3547458552409326,-0.39121106866726474,-0.24925637551915084,1.2718356670972149,0.8009614676070764,0.3420486661009244,-0.535094722338597,3.1840174407971253,-6.488305031851731,-3.5323104419724394,-3.3554139278387587,2.588344931706397,-1.3509768123912296,-3.3483148403575007,-0.6084059173559418,0.9221942174577049,-0.5970741803968057,1.321418962476965,-1.6646487384363753,-0.7457243034923021,2.5842351508362764,0.999304664957068,2.5923589059946153,-0.9836258122716268,-3.0024736510943737,-1.7011482733115313,-0.7488162935336072,-6.0054172013512055,-5.414656795482733,-3.388046249715873,4.703092814200959,-5.171851398358121,-5.201147233322501,-0.49884133491963556,3.5865878366518467,3.3333066589826754,0.864964792820491,2.795727657519005,-3.866142679186797,-1.4805765993053879,-4.207631635766678,-0.1328732546566275,-2.311159471757136,-0.14816867869782688,1.7362930995887267,-2.119955430967363,3.8070389756087075,0.6635606443557576,-0.8113387507985219,1.833431355295799,0.14156233332994395,-5.899889480707087,2.39795021171199,0.9750485805607516,-4.383505692928236,0.7844204783173363,2.8007452647928543,1.7404244880857256,-2.423596662666071,5.465034638794753,0.24364117685454212,2.301458880647362,4.2763938937368495,-2.820982888955693,-0.0446190416279425,-3.740887589811882,4.433940111513177,6.439194324203527,-1.0022998508431336,0.09956810970072569,0.0001403559840908869,0.4645521914482882,-3.6508049446750457,-0.27059726898147074,2.0545028901121074,2.87634638864322,0.9111920266316403,-2.299568263345359,-1.3658020385234098,-0.648478477962268,-1.3789389141246853,-1.7763351515396644,-0.43905828373704947,2.7963686668682874,1.3827573770233155,3.1809504788646654,1.5688849368567903,2.323464113647297,-4.38033081594669,-5.840491007855285,1.6608392519273967,2.3469486425834383,-2.239054283584434,5.669454273274006,3.713265092266976,-1.851612665460397,7.191081710566243,1.9546267239327806,-0.33876676841923664,1.2483560327181864,1.803205696626273,-0.4307468302512181,-3.2192806235638454,-4.89176984386617,3.26151437347679,-1.7972286771492112,1.4143617885358677,-3.162244851672419,-1.4840243608224444,3.243115604128709,-4.063925648396292,1.086190204040934,-0.05982712359777219,1.7127848095850902,1.3269492131197451,0.671826487636429,4.1145831519650145,4.47657633270272,-0.5489582913594498,-3.965556690755596,6.506358568667669,0.8577231851656507,-2.631130193659874,3.1341154456995595,0.8686056373088499,1.00298386537921,-2.4528330682473736,0.933680485309818,-4.5189269167754755,4.00892801040634,-1.6479558922929392,-3.343792982784922,6.535106508473478,-4.60307061471866,-2.2111612278182435,5.791753505013368,1.5385665318128567,1.6100759056871525,1.4458390885135184,1.2012567350025047,1.5216928187418903,3.1404435471615453,-5.792737214573453,-1.5022832533773811,6.421084116235082,-3.6467894713016724,0.5116573750053,-0.08732263032819554,-5.243677422716105,-5.743577948148634,4.058252455481806,-0.22117508623991575,5.110765217654894,-2.7627364378494184,1.6238949001869005,4.894066938587238,-0.4174447840221575,0.8882158634672371,-0.08780158369395313,-3.0470339829896647,5.943989381957552,-0.576510875906714,1.7698425474259747,2.0965000525332393,-0.16284206055618683,-2.8554950794988314,2.7496232435128602,-5.99698169287248,-1.649054714422997,3.1611389616517545,-2.06086002381548,1.0614802638262752,-6.431114475484593,-2.391785431999932,-3.290537880655443,4.316697809941751,-3.4806014605989737,1.3493183331655265,-1.5501095239749725,-1.1015654851987586,-2.3436875044635066,0.3338028564682969,4.160440799900412,1.0391347581191033,-0.36301779671834605,-0.5448012395241142,-0.7325549493491041,1.0016487276059378,-0.25139968268442586,4.798634620570172,-0.890027196950825,1.1627380197635044,-0.6502297818479688,3.4273799347034144,-2.8434738391200205,3.558452648678157,0.5220582566402658,2.438675364539868,-2.5828844223972247,2.6178700238543584,-1.549349502997389,-3.5492841034907654,-1.3433613740659471,3.016001759857739,0.11511024978011011,2.3630200844348077,-1.8049889259389775,-1.9345834554146943,5.772696380158677,0.6852655243788106,2.586782931582912,-3.9991821661165656,2.636742446353203,-5.473518649165227,-2.49595576077975,3.7021961147060076,1.9737404461852197,-4.19150998388433,-3.1789486935444726,2.511206921300773,2.3726095390392903,-1.0568349378369843,-1.742341776101749,-1.35114774047168,-4.184435388854501,-1.86446455047421,5.932154404453925,-1.684220303784383,-0.6341178551216977,-2.427886093862701,4.487641592697698,4.105024637647865,-6.375498655076662,-2.755229046514984,3.7283456087600975,3.7440416988394025,0.9256353175210957,-3.7181799033776146,4.714393829106127,-2.7469699975789865,1.9560551885164303,-0.606931504670075,-1.4274138134557066,-3.5077274420072153,-1.9913791586863816,0.4900852386498999,2.731010991786011,-2.4878048220437625,3.1059571791044465,-1.5806402146753404,1.6611034275499676,0.4752308980957021,0.6844918243684918,-1.0454666961293624,1.7056686344803709,-0.8517722447618215,-3.7139633905554925,-1.1847139520935508,-0.8467293746016469,0.6748544679621445,-3.7459519105504273,-0.3187197240118137,-0.32638632022663683,0.9274686412202366,0.6782710506911804,-2.594420424309094,-1.816513192445549,-1.4711206386289095,2.950550789934045,6.270834309709978,-0.9795812914496402,2.6401578531368353,-3.2087904155236733,-0.0875382606482561,0.23110133968697122,3.7546605311841885,-0.4300764864419372,-1.6466527606065187,-4.957476081425819,-3.4987249518289643,0.8142554106136026,1.5694621248613418,-2.316361790584054,4.201760521325724,-2.826078559759769,3.3233134867707905,-1.3172172402831768,-0.5740319818296914,0.1436584607907291,-0.08572238540196601,-0.7207194211973257,-4.509294833038808,-2.663215764532984,1.5519509151269988,-0.9758131690280989,1.855892985836844,-3.473551200306356,6.488273335883531,1.8695839643503138,-2.192298814338502,-2.9995721013489547,-0.5270477991029684,-3.774318187644032,0.6415054456595297,1.931895008758168,0.6467384990672793,-4.0212340914165505,-5.972431576894451,0.09336758265352865,-3.8053461368192676,1.5332246160074448,-0.696479639436353,1.0931687343562881,-4.116608981880679,-2.931118127841268,1.149598748142408,0.8309499984477349,4.2709587090354395,1.0602778863552254,-1.2528733557170117,-1.7012016910693475,0.01176440546813691,-1.2864809432777191,-3.151219097711107,0.3960293727369465,1.6202805863632712,0.26097539521776797,-5.4454032336909,0.22266345889993486,0.7902907176761162,-2.9889947253995444,2.0781146786820868,-3.649188669297172,0.7550131646450747,2.7649666332021887,1.6083466536553228,4.119013902575506,-0.5016236950298105,0.8842960338886755,1.8699172970521838,-3.9125021175295194,6.3119010772963815,-1.6890654609189195,-1.540395394264887,-3.0361947061285037,-0.2276781077054096,2.023401958327822,3.9919479026560456,4.950366108110476,-0.8541451802214363,-1.4270153442487643,2.133720225406465,-3.3540046991693178,-1.326322395873671,-3.977887364125636,3.8365273859268156,-2.314900751895146,-1.1965138168182914,-3.729263354876937,-1.373144211627208,1.982903738135217,5.67427752779153,2.166800297505782,-2.1074092194239813,-0.7844731592894668,1.1290217377023368,-1.483400985991905,-1.549880915413921,-0.7101141264845581,-1.6690664048927544,0.9058677778798108,0.33478588213787075,-3.283574675615719,0.06355429294513708,-5.351703396137615,-3.110973393385979,0.3529291344342341,1.3133673329406057,-2.069872369390529,-2.364555479313404,-2.8146014834350934,4.367340199730708,-0.20839030414171753,-0.6902093068968974,0.22875548145220914,1.1765462515785674,-2.386048774053345,0.17173582369396875,3.881104844294832,-4.112704470399586,3.0134057428717114,-0.4443628755356392,4.638578190428683,3.1902551446320015,7.806130152223149,0.14301184941321765,2.140059391108916,2.7931013426347575,-0.9976284953531972,-0.4152625395404557,1.3407977476919233,0.447643440219519,3.355767183365942,-1.4431516435994,-0.7029810650174392,-0.4887755829219286,0.9126298048746587,-1.9146992678170651,-3.481187344408416,6.392626052619476,-1.1518302978901793,-2.568680362709931,-0.7211840105178513,2.8250578675630043,1.5901422793654991,-1.2374826363056965,1.8456461266639552,-2.1935408839004085,-4.380398771481973,2.5763895366850122,-0.16621866995358905,2.6715433453540225,-0.7657099804450429,-0.7162004397888153,1.8814918183788223,-0.6684811960480725,5.540535442530082,4.435693824253165,0.18901729582980503,0.6505134323711462,1.0095417046294435,1.4508760251453536,-1.875717298189969,-3.1369763434386178,-0.521068169982004,-0.9924963014540749,1.8302337034846297,-2.553344353485551,-1.465239154915777,-1.1869173786934197,3.007511979966624,-2.766568010327644,-4.547960964608571,0.19767020065073831,-2.114149181476455,2.03511896920749,-3.465856382151275,-4.341527842700348,0.8720705800399308,2.480169310880751,-2.4548749376672996,-2.32592420446523,-1.0077708260864224,-4.5225876834374805,-5.0801734659220354,0.21104829786369556,1.5034938781785832,-0.732950841193877,2.744235069862608,6.961878373930966,-1.8191531073600102,-3.817916960973701,2.7555180927964025,4.603652765423869,-3.7361044794648577,1.5056514380398276,-1.9410000837302932,0.8523646665450936,-3.7279787355951757,0.7103004820858911,3.0460919434836375,-1.6082227967392966,-1.5413043651424432,0.9036226927261892,-0.4470058395774299,0.49351303448851574,1.4283094648741668,-2.7293590578484976,4.373189524259319,-5.5055456655805495,3.996002702875944,1.6125803162766483,-1.2150994972340503,-1.601043004811741,2.500115729361103,-0.9232640480707847,2.1189905776221516,0.9849214048233801,-4.130934600774861,0.4012173576970048,2.5338244849869622,-1.7197874526392454,0.7239518700754543,-3.337968824052027,0.35276162876922257,0.010868456505332382,-2.9659444768038807,-6.784785170033876,-1.3638918788444627,-2.809371144303653,-1.0984225503040113,-0.4975321169166408,-0.3644871356117706,-4.95469481082769,4.481678590498211,-1.349212304861609,-2.9574778310783634,-1.0280962405446321,1.1647897728153698,2.5451345592742465,-1.5865329494696068,-3.8615585187605688,-0.9657434424314979,0.7422075626598712,2.3329220673615327,-3.481877071732072,-2.2289004070583522,2.6218882822290386,1.3745275481723371,-0.18861012628888696,-6.319164809988467,-3.497931172939959,-3.886738796461382,-1.9548350114752877,-3.872062073814965,1.0820144444676336,2.028304110628923,2.0922954004416265,1.0618571043893519,-0.9442482345705486,-3.93010464869717,3.855341344532331,-0.1188390370012441,-2.8343427546484885,-6.344149108989952,0.9131347820293986,3.611284524770933,4.040784311501629,-1.6753820991112833,-0.03933902222790389,2.0185795547861334,1.5181705038592508,1.5475879446841052,-2.701098905480774,-0.289859950517717,-3.0502879162729024,2.9924444011145956,4.533464638650702,0.7252888584253563,-0.125389891102821,0.34380762533106995,0.5109139002252225,0.6153880216057366,3.1186668584873822,-5.464508840734669,-4.909675858056241,-0.5642787572565745,-1.5884295973209535,-0.897893831060701,-3.4134218420084195,-2.837767395806837,-1.1940948443979194,0.4960532085825806,-1.5390159611421688,5.0593541544037315,2.7198849556408553,0.5746196535103847,0.002029257311481736,-3.455757772972404,0.43636904986117275,1.387211450218984,-2.0125017163517964,1.9374558728164517,5.2368481195218815,4.202432287834222,-1.682012130439442,1.3967806625656016,1.247156829385398,-0.9061125986261249,4.025063497926907,4.436306081302431,1.3962281621182888,0.14183913696240708,-1.0639039364485867,-0.13244484055230366,-4.163354867871547,-3.1638201406296926,2.235932995407947,3.649902303272469,2.6069334053956306,0.7375256172407794,-0.5660793465127499,-4.546955321129593,-4.386086978967722,-3.481127290390934,-0.49497329502866627,-0.35737730951858226,-1.3468708800181317,3.2430460217661303,1.0395100175262915,2.3843166744913793,2.6673389756077315,0.8529061474636008,-0.8227162663901957,-2.408013169124575,1.1159233987124013,6.233756819176784,3.5742390045890775,-0.14318663838177625,1.4243743407212184,6.350268002136588,-5.1794376146902525,7.301353401066011,-1.9590972699370084,-0.28260749579775457,5.52045325632282,3.880542557838795,-3.644565794343895,0.2713466212348888,1.563735616898719,5.147751515190588,-1.4659511250457586,-0.6594881544553627,0.922641563311248,2.1478953099728173,3.180749921754682,1.6968866575006603,3.65227093429843,0.05533776588919084,-0.5996051364049856,-5.998231432219041,-1.3791530237399392,-2.2930032252147403,-3.658585874333721,0.5882476847638201,-0.5240232339428048,1.187081476864953,2.1032379243258137,-2.5523310924454687,2.1742209830926003,-3.9201053687634966,0.9454445784357686,0.4460288981236995,0.09037938762648604,-0.41264867019506823,-0.8695899384641237,0.3088950525366494,0.26086669151535447,1.1631519847565286,3.7569956646821647,-0.019239017231907116,-0.31117932958285843,-3.686690597902925,0.8581930600999258,3.4097899458590044,1.4031823109731532,-0.9810965175854914,-0.8802506143622802,2.117072018662255,-1.6113518516760932,-1.6959616966971676,2.84690972636986,-1.8469319156402295,1.9550213558171026,0.16014086506565645,0.5049656693513278,1.9730342986658191,-5.283406644705158,4.007272844320827,-1.9181945942941898,-0.4731481277480019,-5.036055149992265,1.4511378918060174,1.3323236881469904,-2.1603082127313336,1.6675013957201743,0.540429562776112,-0.5590246638680215,0.9410762790921613,-0.8913777406721509,-5.443763607743881,-1.4913736541232239,3.9832025491134813,2.2078411258381823,-2.7008628409357014,0.7423589659387294,2.6452907929111715,-5.01172808616229,2.6541565010081736,-1.186963821799339,1.081555499229082,-3.494552861957381,4.683550865322775,-2.4585312711604113,-2.846909422211166,1.736974168049826,-5.407992548141889,-1.8800121440475195,0.6673321080255965,9.02954320064872,1.9472000059046406,-1.0010059084195926,0.25614009805443355,2.198443888245392,2.954033958691111,3.294568023790953,-0.05883250869990106,0.9525745382359267,-1.3740699495136957,-2.3786440806048836,1.4998491189863934,0.2668543670159025,-0.6724946575186341,3.0173562616280996,-5.561761505180061,2.9223564411199296,1.5455710906012319,-3.2157465420451032,-2.49612419556661,3.855720123548969,-2.8568586912537923,2.568521627770962,-0.33852920520014046,-2.064973624295151,3.39617498212053,-3.549396004721602,0.04062933688022449,5.13009026370161,3.4722415884455593,0.051286308321612836,0.5365875216747557,-1.6341425861775758,-2.208372631803079,2.94461919841874,2.709586486980347,-0.5030291129033844,-2.426192465593116,2.816921806318976,-3.086613306853812,2.1410519081078645,-2.125085774500266,1.776118678430562,3.598768473376973,0.4342955351107355,2.5545918372279126,-2.577166288504506,0.32841159858299196,-3.161297985806103,0.813787707263221,-2.7425776529477544,0.3119167225801215,0.16720987862302591,2.2216012416102657,5.16241746322793,-2.789952056675183,-0.1641363162517779,1.4164257786430259,1.3039957462670633,-5.417764422160826,4.192919725715705,4.277134935079576,-0.3224925283127267,2.7699591640116203,0.547375555827696,1.4795540522672037,-0.011168896671492123,-1.6303805710647932,-2.34947229367468,-4.163665694074023,-2.2355554796030797,-3.04630971954362,2.10352235272153,-0.15750378061479045,0.6556408039269859,0.9123036568673211,-0.2420246771329641,1.4510347676593223,-4.297611814657549,1.1200955167899085,6.353696106341698,-0.08594399895181873,-1.6247318065642429,-1.6638548551312327,0.44521867031228274,1.909590116516699,-2.2042874055919772,-2.5558439703701565,3.214432052880397,2.214889133034636,-2.0710150725275813,-0.730455043200648,-1.9076316827426274,-2.7395957951992327,-4.13324889648227,-1.7357576504198429,2.0932575055623,0.7755272177625884,-1.5319416658925742,3.08528295554682,-3.776418335132229,0.4993042169747573,1.950375631232918,7.162958507830736,2.210090677474082,-5.037748213206621,-1.601206496605268,-1.4467076991807002,-1.4050486968059395,3.4153318550490193,-0.22554697786198444,1.8949649067038394,1.101380035339203,5.8875378198286725,-2.9275026279470864,-2.640386643385669,-6.036033924744534,-3.9400090697091716,-2.4390010990645754,-4.237287586861298,0.23616692193972216,-7.536224195296811,1.7022563693618926,0.5592336487749675,0.04766917728717227,-1.2400519323290988,0.2332502013909969,3.9384574513879635,0.9047116470379837,4.746792771683514,-1.9289632230924705,0.16630519883544864,0.4728870399400572,0.7510303811964839,-7.391539776550259,-2.7568664640647014,-0.07639231795831924,1.4724035267119726,-0.4508425612849273,-0.04697149658426508,0.4270649104273592,-2.168546061558661,-2.739415337316884,2.8249651064253243,1.4474399497559247,1.941460840083701,8.170226952603857,-1.2222529513738407,-4.257747180053227,4.0917979547717005,-0.8131319771053055,-3.257715133380286,1.942307735816064,-0.21411147679824113,-1.97326830400336,-0.27719940619509714,-3.7380943456054947,-6.905703480911978,-0.8640064855393912,2.428990905846004,-0.8513829363449423,1.6552841032216197,-1.7608986795510995,0.6753284225744269,0.008257749977712298,-0.6578129484108116,2.9572519228592187,-3.46695064602068,1.0151073615039272,-1.9300047626708459,0.2658564672734125,-1.9988364823174443,-1.484974890362474,0.17944708664516537,-0.373267599581742,2.643925064027636,0.1825976756326463,-3.648202848897753,0.6089999513909096,-1.2739258018322352,-1.573410252140613,4.240345137336082,-0.7985084747775334,1.5129348637076354,-0.24908863867653813,0.8503036968950324,-1.3737367117986723,1.4106286764626779,-1.1699201072981267,-2.1226511834784008,-1.5940801698706548,1.3319837917314248,1.219830202618561,0.39300160271928986,0.8269853144740588,1.4906091261467727,-0.4747681096899509,-0.5848620287716287,1.7633017854124602,3.076583869958034,2.02217707898944,-3.4956456562089926,1.350680145780591,-0.08480176758791462,1.6597814277680267,-6.545466944577922,-4.16178157434776,0.07041263887936394,0.5761185805822172,5.879522204101505,3.2165349713347697,-3.6358125311324634,2.747154171621943,0.20851410107935026,4.444479180810316,2.2938636983709575,-1.6478553085393817,1.4729936992849382,0.273674949899449,1.205585011603676,0.22605697090177876,1.7303606859312002,-0.9549032284639636,1.2809049444196952,2.3660236515049875,-1.9137848484642024,2.060275274671287,-8.217884545453567;-1.6110009836043722,-1.490703012440156,-5.419128179257062,-3.0038935919354226,0.08795080165973528,2.3434005335859402,4.723273141459713,0.6439697993024479,-0.7118372239572613,3.6782370908818995,-1.083159069413573,-3.8288572526553395,4.6904506224235485,0.5931261345897099,1.6025921417210875,-0.47910343041335574;42.67417122205471,0.8299915881813135,-44.16353379462337,-28.83156172360524,13.016744780132553,19.785771075909523,14.198898796945223,1.8734319821111263,-12.113996354063826,5.816705893401773,5.811632734516226,-28.510446710898893,-3.163726932977566,-23.46577249293189,-15.708772091982581,45.0800934751829,-15.090013704356668,-2.445060765947331,18.563531626510326,18.4733089591421,2.7920311062774026,10.595653035100614,29.273024520490615,-22.567606705620236,-1.824550534984337,-16.533678409224088,10.121869599813703,-9.463083920902433,-2.9993754485172106,8.43814482335139,4.497390865400687,-1.508670711236431,-23.183585637039172,8.277894644402588,12.501724443339564,-17.009638298565935,1.1120021438171868,-5.353200635914128,34.29964113651847,7.347179537481478,-4.100844430199016,-14.443865256700034,36.12626713488835,38.71213393536122,-15.821062811028487,-17.555674672985205,16.083297135840134,-4.12142383013252,-1.9299039992971228,20.52000012709902,-31.67606633610849,-19.704538056134567,-6.7707985131703134,7.2569509402151935,-1.4884633431640306,-6.225463940773043,-7.590024188767992,-3.788352271594339,-24.985424068666024,17.100404714954916,-24.75085475375933,8.400156627290325,-5.708455924928973,-3.1224845960386327,8.763446665735776,-29.98225229170874,8.332400029036151,-2.220327074131043,33.90282741265932,-6.1785718268858005,31.097832890226336,20.977036365504905,8.61147442645576,10.599977875774538,6.79925433463465,-12.762450100201837,-12.576854389827309,3.88400375355948,40.68172197086284,-30.510472594464485,-26.774414324986573,-15.18158117402497,-5.758304988381152,-12.847685597940137,39.50388300184575,-6.014152523533814,-15.784246048792133,-2.176981383222995,-4.725870320115469,-38.22899224569343,-23.34260755224926,-5.066102884378588,15.486230700093039,-6.301803527967156,-15.52988556972741,32.881717253998474,-21.809641464412536,-50.178393285962265,-0.5706035774332602,-9.833768452321141,-6.99475893302248,-34.07922762449363,7.301365029497488,-5.93008838623672,20.669932934730692,-18.97691912522303,-3.357978738292741,22.38134014104362,-23.241853299739123,4.2310647368080865,-20.541871475246435,-3.8331947909489377,-2.3435265229495936,18.128456598396742,3.186596686584441,16.256924348514588,23.25442790494883,15.257011457787751,10.397212018560314,-34.70255324878706,22.317413544891675,14.403981765838406,1.4434870941522389,0.8850061086906972,-13.803279971442954,-15.216374161161584,5.582685409600916,13.173660634209947,19.420946085842488,5.920739423604135,-1.9950194567468644,8.07733460723296,-26.2322054837777,-7.694265655455794,10.127299707118203,-7.650374577574251,-19.996269937772084,-35.037539788764484,-38.71450792994441,9.689005561214476,-23.173189189599384,-12.843619462410217,-7.363934808215326,10.975104691877522,-23.784702747992124,17.888644925722247,14.472636108770772,10.895333606311407,3.6850838134920947,-4.551864439749604,5.194344474086739,11.012742954029381,24.89840062122689,8.07226941279322,-32.15153708463815,-3.7502187666174014,10.366434436839771,-12.246431889236867,13.768113668886423,-22.996528500529415;-3.5985914473560694,0.8212290649449088,-1.6658242430507668,0.91380913955542,2.313498573483198,0.3277486315886631,0.35645399413928414,0.01554642969185116,1.0741516473664774,2.7023559800234773"
6,2.671005215749426,"1.906076912154921,2.8974147919840245,-0.6588819994558774,-2.527938996361746,-4.554167020339863,0.8424543196153809,2.888487452288178,-4.3646914398513355,-6.364102231655253,-1.0093424140052474,-3.6463948191435196,-4.032099403295253,-2.23085847896613,-4.407159486771304,9.005047616858807,-0.17446435004314576,-2.9308064683230843,-5.929198724874472,-2.2668289580602807,-1.772392459458782,-2.6128882845274113,2.189115371752819,-0.43032478034669813,-2.5608055319932843,-1.6562732268919889,-8.208381344759689,-3.245149463884807,-2.963184700551044,-2.3712857721974663,-3.305696765385075,-4.006569664653237,-3.669589571221936,3.181551922925291,-1.9859312404416394,1.4998499242534025,-10.043639397117811,2.083949364419445,-0.24511564551298276,-5.870550255421953,5.085673274858983,1.4031913421992346,1.7401999904063574,-0.19620523735229364,-2.972916350705109,-0.6239599692174373,1.835312977774245,3.148853826202772,-0.5573589353163831,-6.48075006809053,-2.1985254100210248,-1.4659335332512393,-4.856397447798536,1.9552771007830883,-2.6224361672430736,-0.021831983885518283,-3.8470105527475837,0.6795625194021369,4.18326223461836,-6.032482496536917,2.365973709972209,4.423663567323913,1.6655895495102113,-10.4345275076231,2.4056557366515556,2.089852780692506,1.4396389732030843,2.8887183145313613,-4.658535635817888,2.7004487251188176,3.3106933576181037,3.3521075747014346,1.6428216748810698,1.2817448959071882,2.520951250574863,-0.21109655224415125,4.058873918677683,-2.182058482280629,-0.747408855458442,-2.2611017573108105,1.2759589918866383,5.165661140380971,3.321573643191852,6.595189130115666,1.516696265227805,-1.705197742888573,2.2079135830311016,-2.966484252507304,-2.633852072066106,3.887545320172854,-3.5703803656603252,1.0914536153520833,-2.3467506115339543,-1.720695290671333,1.6460373747404835,0.5928369678802148,5.319356726276352,-1.2684649233007028,0.9608246557925806,0.5624241147308477,5.341628218822146,5.191086729620042,-1.2123185727272552,2.8530138133839187,1.350915016071245,-4.093876907510122,-2.7740520010487892,1.448168936771625,1.046677001864874,0.4621794296457691,1.331983660933752,5.38705141345763,1.1106850599645044,-0.6652917254523039,4.250530760963753,0.8591860192501474,9.224309293311823,-0.7874211166973837,-1.0010893304167428,-0.710667146536996,1.5295301058735922,-1.745561993235226,3.619705336148524,-1.1982931510524444,-0.027663630150733323,-2.4957301091524595,-6.588139063522206,-1.0685455290944745,5.7029456290202,3.7807764915684188,5.176907749995157,0.12850177644831717,3.1123012865586204,-2.240929488562462,-0.27245533401235006,-2.020134874234011,0.8337032545558376,-6.2091186798714855,-4.142362496264432,-7.719642735311682,0.7187640258795589,-2.1701174388472553,0.42888452577050884,4.321331021636922,2.6619582272268385,2.9137188853285174,-3.411684580101746,-3.358777109761109,6.166946259178213,-4.638996171610521,-9.347750770085494,-7.9359052818085,-0.7466899372451348,1.0304278682977897,2.883428067227496,3.0658469102813637,-2.410669566426455,-1.4462439284209494,3.3597961217568058,3.542040772800169,2.0070716084937366,-1.9507802837756552,-0.1407708212047315,-2.1309112846860123,-4.150001433313455,-3.3216104577896965,4.541882408824266,-2.8711392901732777,-2.021659822248455,0.4935679626995602,2.6877798100899275,1.2841127811812536,0.6884559620197803,4.459225920219403,1.4738376824250339,-1.093302436492259,-4.488988527012007,1.3609885299536792,-2.2043810028633364,-0.22144182931763864,3.424247645222816,3.91434176998187,6.286219950551464,-2.178101830477776,1.02357178159801,2.8191612766299143,-0.8280191651740405,1.7453196446032044,1.4689614884558515,2.4940948016516176,8.015339595630081,1.0478923869787469,1.924898688169757,-1.8641196226989887,-8.450350903126747,0.2864881549402323,-1.8454684357122888,-0.8449756945610407,0.4354701349464013,-3.067126615900862,-1.3656019854547714,-0.21664328670345778,-5.932218402488949,-2.3725325904134005,5.980626380552514,8.868346295808138,3.418455985034448,-1.4200993948388807,0.5278799416469928,-1.6949767913559193,2.5603589107940437,-0.47133336254930513,1.2766781046142996,-1.3471094417910647,-0.4991196873781993,-2.164600832111379,0.06849053221628285,1.3361104412826412,-1.4539172379133805,3.4382442175321493,-9.762422553484626,2.419089288206807,-6.517061893116477,-1.4951191816895295,-3.5596656902241026,-4.031234305803347,3.9740216846411953,-0.11084949595368493,-0.14035667701690224,2.138775048963534,0.7055430059142909,0.33646307044142587,-0.5273021602491642,4.288595148419784,-8.213498668173953,-4.354285255337208,-4.7644477818219215,4.093029366784605,-1.735860671645281,-4.495282773584886,-1.0745304872643773,1.0501029490926796,-1.1275497168442756,1.5889286907930278,-2.282479065083542,-0.6204026795072396,2.887414887022905,1.5217739318180303,3.423524873208085,-1.6858816767722447,-3.5786931200382543,-1.813409090983918,-1.1173299725660393,-8.297904135458374,-7.889208942508645,-3.5758453900057727,6.0788479503136115,-6.671341053317736,-6.5267545015177415,-0.7986765727606333,4.340001281041468,4.293385177783823,0.9533029094266109,4.433950939173956,-3.851404243451886,-2.29182849909963,-4.515777267649796,-1.096522920941128,-2.628780529329432,-0.14528251768382422,2.8405172515212294,-2.7424594284711397,5.526631965022686,0.5277476152042543,-0.8947482327183274,2.3934944931257855,-0.16467723379603363,-7.172917572472659,3.468236163682093,1.6144680741108857,-5.676855640774341,0.4455554655538043,3.527546479242906,1.2653815707619265,-2.734961646178836,6.362885250382063,0.8352203258055431,3.3647109768005015,5.353751203083233,-3.727890537976313,0.5475074642141027,-4.5276831059792135,5.73660688190595,8.400172417799228,-1.6274429626732194,0.3526742712973194,0.6471923000640142,0.7241834914663894,-5.004145264603625,-1.1678673450161925,2.3198193390171022,3.778742393214691,1.1181946343801676,-3.001377788983146,-1.4244948355224583,-0.6955328206240701,-1.9680342423066994,-2.922236789645483,-0.4296688249728413,3.554504234864272,2.332481477439245,4.139600823297627,2.3696962073855854,2.874410123707335,-6.077150371694686,-7.539043313931516,1.8467883102413372,2.5328252248251477,-2.4275401129139516,6.917462426245467,4.610933253790582,-2.7279231579898484,8.975765555737281,2.7875945998443585,-1.0477718220781824,1.4215243665731725,2.412997003207509,-0.3234441957423312,-4.5445422197752725,-6.428548086169084,3.868179271627326,-1.9058962620745519,2.5910002813834656,-4.129364866115898,-1.519375407417348,3.4044627630813884,-5.385904196477414,2.2768226264745244,0.20610047212374025,2.4066775624297403,1.6312549007267092,1.8929522091868758,5.2554171187351715,5.597531726024207,-0.589524253719263,-5.119030766681759,7.733350110005533,1.1584295297843024,-2.5095293383144694,4.3565796699985535,1.3479009339038943,1.0452563487198208,-3.5249568096445714,1.03473985949915,-5.395805763440163,5.770822530920791,-1.7925033712728153,-3.9729447763882786,8.654627428399557,-5.956620311844993,-2.6474532144004432,6.740655461579937,1.414275267731955,2.2547517344634453,1.7659144785834326,1.1956300571364242,2.2349733353091343,3.7468818756792928,-6.978094713113284,-2.0209746788278173,8.985464384269417,-4.740661365753729,0.02341924986978583,-0.33423329521827805,-6.870029198266732,-7.58598618479387,5.424855980224387,-0.6013963519307799,6.267967834140476,-4.3061265170977405,2.575743554984385,6.402012942080927,-0.6232301814684382,2.2431627627652926,-0.11961123047423551,-3.0439006619250453,7.05419007254944,-1.0072492440876166,2.1716617658307893,2.4236521847115577,0.07796032772233893,-3.383488484842039,3.5725068106336764,-6.658834064397647,-2.7191989101562344,3.692934542924857,-2.8220636714440905,1.7943334307543253,-8.888421913685772,-2.945494262739897,-5.092020025427533,5.609763869190417,-3.353994106323754,1.4216847013484675,-1.8397432190800591,-1.3897123107152802,-2.5087355574202137,0.8797219620858532,5.272827077988429,1.5932408465834176,-0.42718473928786127,-0.8022828309857831,-0.7714429596846283,1.2407488156007214,-0.614485050720463,5.752435441826824,-1.5940673835020411,1.184971224483504,-0.334585033841642,3.9003978730751814,-3.407411273511265,3.9038911344572225,0.45475081748972573,3.5864509032614347,-3.3201493809826212,2.9863029118813627,-2.8979438279841365,-4.4345757612480705,-2.4062303990555924,3.9546038409368527,0.4201856127222876,3.657392283606573,-1.525425831120613,-2.204828382222904,7.702992800959072,0.36777314083186574,3.3399435580490575,-5.438724387643535,3.353923913680266,-6.3237886476315905,-3.0699356641113678,4.079003898578091,2.350244546249495,-5.155344991287134,-4.276869191975071,2.765795684843402,3.176475791989719,-1.3819384756581143,-2.2023458163843834,-1.5692849867868213,-5.034969029247518,-1.4907460127008165,6.65238221381593,-2.2779539818620487,-0.5366778637321634,-2.9706421622907713,5.689512664249889,5.560044954172929,-7.74046406826099,-3.144805066598872,4.408887168869805,3.835234566667785,1.455947617688368,-3.802634226510331,5.362182418127417,-3.687875361119187,2.420903871964188,-1.488074674905489,-2.260581484449807,-3.869365381156582,-2.0960384415044713,0.36876774969768084,4.294732917200558,-2.826448384441604,3.3289021563830836,-2.048298490613255,2.4754019984891222,1.168125030554164,0.5490705685119488,-2.485967214930889,1.9293002286975582,-0.5412037675523347,-4.29152351195976,-1.27639845760045,-1.0891145752153424,0.8719031580856648,-4.216845853704188,-0.026658780878846627,0.28997874745503843,0.6915447447351838,1.4647096524787326,-2.7436542351403244,-2.6793794525014456,-1.359633487793271,3.795083281711105,7.652312934151102,-1.2933157937598871,3.6128730407230814,-3.647226374647323,-0.0002427222342109986,0.8556340900849133,4.513668263804272,-0.8882565257799167,-1.859321074887503,-6.593748309682581,-4.520807294034859,0.779639719952187,2.304529844164743,-2.756942489255985,5.544729192060461,-3.720896227393988,4.387594899633412,-1.736979610402843,-1.0912472671257163,0.4904373719930689,-0.209652915762853,-1.004851606426863,-5.652683447211227,-2.969408677188935,2.850238628025627,-0.920168171853217,2.444746745113661,-3.34546158177504,7.9255939058879985,2.234160313307074,-2.166603798068618,-3.6326829359132393,0.17595992607438654,-5.415178023165476,1.2516628965842704,2.936810427534282,0.43989116758248,-4.72401012244064,-7.543584915085123,0.2547280016713643,-4.707195692362544,2.359220871313931,-0.6677400737836212,1.3584525724344971,-5.42867035725995,-3.7387609383116813,0.8731924903725082,1.0097099186228262,5.324068805722715,1.2663259454784375,-0.8627943204101216,-2.2722673124149324,-0.5082428645590187,-1.3689340926070273,-4.05863136256155,1.1158511890251406,2.1009677176964026,-0.062212051896948645,-6.720175573795216,0.2248203740574043,0.8586233022464602,-2.868089652364879,2.9351105329212377,-5.089295105254489,0.916437717868957,3.7189983194560803,1.7720514772128464,4.535716124354735,-0.70147117597821,0.6702365036305732,2.2262636768652118,-5.180098171984401,8.24192728572166,-2.010908963418347,-1.67245143375628,-3.9451539976188568,-0.6093470850461079,2.187468763071336,4.925065204747998,7.119689874884171,-1.2906992904900059,-1.042184565110327,1.4653153802747965,-4.603770405656713,-1.5409473330058796,-5.253157512013639,4.4982370631672906,-2.5762549223705107,-2.680241600928406,-5.015978536899356,-1.864334783262103,2.227804557786486,7.762912434029536,2.152938263078673,-3.6804707576851694,-1.2753367147815513,1.6337255820753074,-1.021478072952812,-2.3779760535954795,-0.9452559888426557,-2.2185848510757094,1.3261674638093943,0.9033056750552679,-4.491115094222448,0.672228459993096,-6.601567680379071,-3.8376002132878178,0.7184334927143633,1.5052339367790613,-2.9645142020113022,-2.3671728849382974,-3.870962701785298,6.0988050758531696,-0.17826593384060882,0.1460565281833579,-0.5886048222785589,1.6482942861822263,-2.6667029558751354,-0.3354817269018904,5.268957520384929,-6.0299911567806195,3.9294156707952315,-1.2913592457585286,5.479511450546804,3.2301911712590106,10.392760227851548,0.24085636680024797,2.6510569401942283,3.199274080234757,-1.8298778785081866,-0.7113719538600403,2.3085466127585295,0.861552211774457,4.360212508706915,-2.1219099628282403,-1.363258606726149,-0.38783968020510784,0.792634882921783,-2.5429157928238517,-4.935704186697642,8.127607730143232,-1.0491909479546675,-3.7339954981759287,-0.7837632772969623,4.1142337511811915,2.4054761097224313,-1.7484674866048704,2.007161494195296,-3.296419459567618,-5.869126416823047,2.7899948537408807,0.4021457427608044,4.500330145109146,-0.8816599512723987,-0.7508260669847228,1.8878416851183788,-1.551937071338159,6.369631807925309,5.707851025517129,0.6984937149821642,0.2664859905652448,1.7603793959200362,1.220811349652192,-1.9790435205549508,-3.949761241588096,-0.4351652459568409,-0.6635410668409171,2.010440225000738,-3.2875247671077648,-2.122822203027171,-1.749047072642689,3.3342185849250083,-3.405428154540215,-5.884934895087028,1.026654112423125,-3.3741092051764827,2.448758100591181,-3.515512903687908,-5.814733718390918,0.989520190687291,3.3085239199072234,-2.9775192344270205,-2.4231190458749694,-1.8256048992561136,-5.333301310503621,-6.885000271188933,0.12050998289181773,2.1904371067817445,-0.8578375886450926,3.535763516989174,9.149862262178235,-2.1819702101675618,-4.837072339405252,3.786698743825614,5.941190188503773,-4.565339881773578,2.1064583936728356,-2.680881692110719,1.452829766332561,-4.798152598107761,0.7997795950527027,4.187671534599516,-2.131171845633925,-0.9819551603837721,1.2634823067530196,-0.37676215175877703,0.7083410763875563,1.0804258005088185,-3.238071839115778,5.571547301215925,-6.654312302538694,4.257244431591729,2.0486215029626216,-1.8234311159491932,-1.589992565011703,2.6179885278537496,-1.0800756206241768,2.760286079376536,1.2997101334673407,-5.246694612314941,0.6199959729873002,2.764062507926851,-2.589996044721537,0.49297306668811336,-4.448115947603216,1.1933162303518883,-0.048929866815851514,-3.1755392470793633,-7.820589512612316,-1.8030193682975986,-3.3012121441665276,-1.3807926026696542,-0.6432034153502802,-0.625221944471132,-6.47071197001664,5.9314574243850045,-1.216620224935697,-2.859676490174543,-0.7944804661232541,1.6888022364722035,2.93926454500669,-1.8125445633337665,-5.235176199420773,-1.0803860307468842,0.7548797503753013,2.877188351705116,-3.8970980598208937,-2.4496504864741504,3.464459859571426,1.982416498086565,-0.6198735941676914,-7.847483802772584,-4.43717444879395,-4.672145356202162,-1.6742047768128043,-4.562152149052075,1.1126206405579044,2.70530881587115,2.7074516655720084,0.6394319842160363,-0.6038861794114372,-5.932012659173557,4.51755338084956,-0.23164834273624743,-3.487419699992561,-8.11825039961781,0.6678165998747213,4.6388925302192145,4.557363953152274,-2.3611331764569323,-0.7536539098625842,3.031551924569638,1.45567443142783,1.4281990426418065,-3.56239372489089,-0.05952602999577017,-3.8563161147093,4.02227154291751,5.041359845049156,0.6979149103483459,-0.1799365527875203,0.7447526272687872,0.9367029282468815,0.8662260732960264,4.6182662176965374,-7.42325146192515,-6.76713760675433,-0.2870790301391304,-1.1806378744326915,-0.5995472696056655,-4.423403153016958,-4.1848489209913025,-1.7128791786804816,0.36566399685766354,-2.220801538700379,7.04631507491488,3.40764078574245,0.8899208974278588,0.30438100741946883,-3.5134985881817467,1.0159220770567228,1.4511671423982773,-2.5406108702601453,2.393555573373118,6.383648246381972,5.740808152992232,-2.8855725244436172,1.9226403002526617,1.1979611356668627,-1.34091241661545,4.769836437741411,5.896394331528034,1.5396560944245508,0.7996603624250446,-1.7494659045770007,0.013275062263846671,-5.460548789468808,-4.318656140762004,2.604643426863967,5.219358702129313,2.9549768378783328,1.3109946162739265,-1.343984719948183,-5.341676729149248,-5.296877930077338,-5.1048686552287625,-0.27151101838009006,-0.6844311380740546,-2.6257706443999442,3.878965719270733,1.2383421974406896,2.889870283313465,3.155612186884716,0.8177362895031042,-0.9084968122772944,-2.765727967945612,1.3938368482676426,7.808326112255437,4.435591264050689,0.15225895757229713,1.0040963105773217,7.7066211019175395,-7.152408890816592,9.847747585416194,-3.0790314619500156,-0.22884319411321938,6.990484756867654,4.271494190015127,-4.747352533647019,0.7182161287553546,1.5854331031759825,6.810734081968721,-2.0965560874667895,-1.3351903295651462,0.8686697127035377,3.0145019125766845,3.685068804546335,1.7195764605529535,4.245125362965357,0.40676278091959306,-0.8858040191630847,-7.717459663258177,-1.331356103175722,-2.631101374678963,-4.533762295162538,0.06674012779042288,-1.0825061870106985,2.0587595018343756,2.626032063414176,-3.510543515673668,2.864408220344743,-5.416534452971896,0.35479059756772235,0.9547662483627735,0.03642410613237972,-0.9560250431446493,-1.2890610858250038,0.09845687549713515,0.5233693882787027,1.7023810805586508,4.7310593207087575,-0.06289874497496821,-0.4045105256003611,-4.793408872868883,1.382133769381958,3.4783153354334124,1.5271484019095989,-1.3665184326326316,-0.9188586706131316,2.3200090714875534,-1.7025116397333189,-2.1768975797685943,3.5052904937695617,-1.9649700543673327,2.248403416955068,-0.25165067907791794,-0.2087351775819526,2.0844101516857494,-6.857918135456515,4.315927967743145,-3.003921378136058,-0.7271925874612514,-6.358955307627149,1.88490695879715,1.58337545062432,-2.6135479561108355,2.309657066640133,1.1114883354654086,-0.3098511795934792,1.0881592555847666,-1.0184526316692482,-7.227029227286177,-1.4397227003299609,5.011357516786013,2.127031768184085,-3.7987720609404363,0.8980390054477593,3.6390129623963263,-6.273146737390246,3.164425839500762,-2.3401628835525865,1.0344029087456952,-5.197495499400323,6.0219486951804795,-2.634627479430268,-3.8301988191658802,1.0526205583940549,-6.326425089189587,-2.1662187032010793,1.260314388015775,10.80146405242806,2.6176229073058894,-1.376705538085568,0.5292603217040012,1.3119445689806581,3.7528628256904066,3.838033304683916,-0.8329717994099894,1.969392035957942,-1.0343842263822904,-3.1623447794619635,1.911239026566077,0.283940711462788,-1.396418582086115,3.3713930280934004,-6.894121075308071,4.224880845701646,1.699973023161526,-4.7942819101365615,-3.4466067884668625,4.740893831827408,-3.534163751023505,3.8361804234670434,0.026557318181807482,-2.6551491455908303,3.8586054518859463,-3.8649495937122547,0.38230500866354467,7.2043252657863075,4.145432200722726,-0.17861716504437403,0.08470688220590816,-2.2204104137201335,-2.867997592987815,3.283664140099126,3.418914599648868,-0.6348835066402956,-3.7270589485258374,3.513360036677555,-4.201481633068205,2.6647874206715607,-2.4636375850725107,3.2961699354512026,4.767814092678461,0.888126392772264,3.5798691293063296,-2.902402379761247,0.7728020117928228,-4.200532730287495,1.6093917247301417,-3.176474653106976,1.0189980922453796,0.46311095215183745,3.6492391787730876,6.699111364860326,-3.9133334608014803,-0.5338318515341828,1.6515803410000025,1.8747232289373608,-6.553511332910004,5.1837203329259625,6.027758993634923,-0.9464453252148008,3.3133970518111844,-0.060931940533792306,1.9269080286246032,-0.15684330098170746,-1.3629958559664161,-2.5857537215685014,-4.806322096865318,-3.09794911261348,-3.8771638459178854,2.6093933800455837,-0.535744343717679,1.2992930019160027,0.7432714045779483,-0.8040520565573572,1.3877298600737058,-5.1472596316437205,1.6885467998689114,7.635761878131478,-0.34012652266597854,-2.9707712651146365,-2.2186925826726713,0.04345643975044938,2.098255711930063,-3.5277843258336574,-3.219852928457145,2.9736792380104085,2.9327440112774084,-2.761351742789949,-1.6054860167214509,-1.9013179782537528,-3.0923648483944786,-5.095630853818971,-1.9555299303958271,1.918298126619457,0.9096344465036426,-2.514014028808963,2.7114155702242315,-5.605630442263063,0.4412808388384057,2.352746836772461,9.112131282182233,2.479478261935805,-6.176353478151686,-1.8812621065927477,-1.328084494295457,-1.8019282244546735,3.6556594845605583,0.3349230135398888,2.3423360374860778,1.921336281729125,8.313390118811343,-3.9206013957400803,-3.68158866882529,-8.709084282589568,-5.0095630294934494,-3.393468838260672,-5.159011425794559,0.3309206619813568,-9.601587992526149,2.3156889724587857,1.2432947316497642,-0.21767042950783674,-2.351922022690254,0.6012066526609168,4.56949848280862,0.5823409169897503,5.75521081520909,-2.899039009202632,0.45834216804557965,1.120468614231446,-0.047833149803528596,-9.1855720303776,-3.5105006035850637,-0.24619060848760843,2.6401516819360014,-1.0273392194427529,0.8516519261212668,0.5785940420045029,-2.513454130280296,-2.3226293802272724,3.2827618991365983,1.5692885513590644,2.565738465544466,10.310748946473113,-2.056493394544862,-4.993286259809126,5.894147888331726,-1.690855191218938,-3.985158432890076,2.680292167065996,0.08863975351723088,-2.4054004307788737,0.003716131087357105,-4.340437854303703,-8.886158628385099,-0.836762121279234,2.6434029779861214,-1.3165988500211006,1.7222096145300105,-2.671980710922617,0.7353635026184626,-0.018874836533032163,-0.8065765158485575,4.1262292453840725,-4.527318991188154,0.9479432725361059,-2.303141561433604,-0.29133350039023803,-2.2642546791934217,-1.5415488182080694,0.9162078055363287,-0.08603785070660508,3.0287305460100677,0.32280455888161785,-3.618937790704506,1.2079512243908905,-1.0105002616981449,-2.489611536989224,5.417163252317066,-0.759238879335804,2.365785695942945,-0.2604788438462669,0.46109374200424047,-1.701712277247875,1.5802642254433457,-1.9862926638209923,-3.0889221079329006,-2.147298471591558,1.2355178094380446,0.9155320868611985,1.161730725991672,0.7038548153012737,1.812724645497378,-0.5579357932676297,-1.0689775860639235,2.0830155152506453,4.364825603416333,2.4073429428460007,-3.3859474229471513,2.2165883506048356,0.4680515384286218,1.9175250605376466,-7.794647646200065,-4.708909320931854,0.544893834985225,0.6083406027488344,7.223262247566292,3.679145639728368,-5.255146532406476,3.112141418319592,0.870156098203192,5.286171364708261,3.6585474262339774,-1.974245123734592,1.6026648217923252,0.4270009332113167,2.41322004182665,1.0563923827179675,1.613735791930483,-1.0565545355383028,2.054193869080413,2.3980960737676758,-2.357524567670016,3.0695429559576053,-9.709969248561789;-2.238105574570155,-2.4766230004688667,-6.460788530231459,-3.5716398205091817,-0.7716921143517237,3.5562917233527527,5.721968174562967,0.1928613699766577,-1.0386304748117845,5.089111744855034,-1.251785369092067,-4.627664680095791,5.871148652914857,0.6831614260192321,1.4620291145315807,-0.41988809983260894;41.654457418285396,0.850720019900564,-43.02551329394432,-28.112694876128387,12.668059909284402,19.202177720588992,13.82268377490684,1.8242756708438208,-11.711587476853268,5.623801663807189,5.590167791355788,-27.7762331387958,-3.095713062814538,-22.804612057399925,-15.370218450994232,43.93599077984561,-14.719770860259416,-2.4598692914550457,18.120202029842876,18.026488299981438,2.674657822933643,10.274066657099679,28.474461697165722,-21.933413806640587,-1.779460017675294,-16.047017450097425,9.825528717888691,-9.20524533494781,-2.9828427960464894,8.154525721321573,4.372600102897951,-1.414285932444455,-22.549211941539323,8.089376743098127,12.08983629774852,-16.580141063044948,1.081185597640357,-5.201249341448483,33.283948539494084,7.117200506087627,-3.9925110153460075,-14.030687963099147,35.01947993954152,37.760054523585225,-15.387315155685343,-17.08130249533859,15.715733453207019,-4.017430863196429,-1.9787987328570318,19.871878880365465,-30.856988093931115,-19.14688718242134,-6.522802903323059,7.0864694251464435,-1.3840921943413844,-6.088988467792664,-7.432059647351268,-3.7453080046268528,-24.27516310844973,16.646098300236456,-24.078921043419392,8.158511883592446,-5.496792651173895,-3.1453448311552457,8.580463195962633,-29.221581371699024,8.034488760204404,-2.1710762167221196,33.124003503448904,-6.065968533249343,30.25870999609826,20.465633402758527,8.401834583437857,10.408223589833105,6.710319766892397,-12.43370798163281,-12.10095643235865,3.7482571492794454,39.60921183566909,-29.825611671204655,-26.110126544701124,-14.855096039608833,-5.593048632659738,-12.492603438117607,38.38120551705842,-5.821062076483158,-15.31998564184297,-2.103377801796861,-4.580605580015266,-37.28629092156962,-22.735072097621515,-4.936543593256354,15.194355454795609,-6.247054007853048,-15.094668278833822,32.043770462969,-21.233224725542748,-48.84503712480071,-0.5634826375682843,-9.73969700821671,-6.856456026050211,-33.17100269079325,7.10322104406782,-5.75674973098439,20.17749532051605,-18.612112543011467,-3.2375938108406994,21.75879897556877,-22.563410714692363,4.136832514426835,-20.045653342745624,-3.739455371294954,-2.3215558027859253,17.660477714753338,3.1512180564500802,15.841478949108808,22.630109992571644,14.979246887856627,10.128765457619293,-33.80672779827823,21.708441267827897,14.021913461389325,1.4319449736804382,0.7331939987640406,-13.36662563372159,-14.741775394589562,5.4589400858518085,12.808852614272862,18.94580812328042,5.740279856049239,-1.8871390034256095,7.896831202642023,-25.53651928819984,-7.4280713726070555,9.949665119736819,-7.544690388167155,-19.43081531312878,-34.069152330769526,-37.563088851243485,9.424222337564578,-22.599227937506335,-12.620144665454704,-7.178856460053616,10.64675657400909,-23.07666652981142,17.41416361461989,14.023461267068368,10.619693814656989,3.5028448165191093,-4.399108739895166,4.9352180037743265,10.71546015950741,24.188976051366787,7.8698631923364815,-31.248073557193685,-3.628461610523826,10.076911743217188,-11.951820590759281,13.44288947068825,-22.420017289892805;-4.6900834239576525,3.1538808021930755,-2.295848581486417,0.4500931718353759,2.241266828523505,0.9051889530793773,-0.09891554593403923,-0.4327484067690429,0.3647338987335534,3.5211869007468515"
7,2.655672381307051,"1.9151924676027263,2.0038226086964266,-0.5105414484002998,-1.972881653857652,-3.8968569538003304,0.4564439519328594,2.6103621853027645,-3.1319190708984683,-4.972059537767857,-1.0205183563458158,-2.8155550617105134,-3.833725713902263,-1.2722411112585028,-3.5868550214572563,6.992621948654685,-0.5903897499142216,-2.587371270682419,-4.352475414709963,-1.937287437265155,-1.5565783717129185,-1.2247264803619053,1.579974799006737,-0.2789402120739078,-2.5251445899017373,-1.6557250978569404,-6.587226287349252,-2.9804080799226305,-2.1918198551679917,-2.1319668580909505,-2.268190475202064,-3.4311486516194716,-2.558039072672332,2.634266390080492,-2.066197955291242,1.5567509249626905,-8.025475990449541,1.5219651321924517,-0.8775884206550246,-5.123018039494809,3.8046927543623754,1.7577871434839847,1.2297175191522678,-0.3893037480583651,-2.535924510036225,-0.8607363525493843,1.473679672918475,2.0828770479791405,-0.021047188156994127,-5.396053925329218,-2.803919980405774,-0.8515375888550663,-3.7084926944931933,1.2726292516380515,-2.120914260768952,-0.0822970862247539,-2.757785071626915,0.5196155171697467,3.324817628843196,-4.492583015747243,2.4804330707244686,3.4083378657904277,1.64160519237659,-8.767126065893628,1.9368781160400266,1.7644797133698489,1.4496658582130417,2.232554829856329,-3.4341596296175907,2.266780329206619,2.380462832976418,3.155680080889289,1.5663589865164935,0.7588020094404148,2.324077372226904,-0.5382293289456718,3.5457644940537514,-1.8485662012596578,-1.0129035909683033,-2.005695909131057,0.5431593562328577,4.235148186606569,2.706228159054734,5.586972674938387,0.9610680275320629,-1.3483955772106526,1.7765013087342543,-1.9612605225101092,-1.800997909067779,2.7728214836505587,-2.4411194968248537,1.1054279954107795,-1.6085358525116713,-1.791946255480357,1.0193118052421228,0.2690397742903267,4.291382408014327,-1.163015111953195,0.4550953244435323,0.595311494569508,4.129396723792155,3.9434277974843828,-1.3797512168426354,2.286934677577635,0.6909799756488346,-3.470572290055583,-2.0790432304216004,1.1956367858163512,0.8718083493611409,0.42376666771253324,0.8158430495298242,3.5922754495880524,0.7340352663782658,-0.7812351422665721,3.863744147621406,0.6798972805888006,7.216871597902585,-0.8133348792904924,-0.8599806039784786,-0.6303649221170895,1.2502668743595005,-1.5527720076327254,2.2865703717047774,-0.7736577994623635,-0.04366419074083765,-2.0664224540665512,-4.485837960082862,-0.8997534493328673,4.448114837219608,2.743568513419088,3.8019567558056666,0.026975930106297466,2.4050925533818766,-2.103571018918209,0.02307031294456653,-1.96714413160104,0.9250464688379445,-5.04299780342338,-3.8203250369227297,-6.00579855190638,0.42834276784692377,-1.4412277773532618,0.778584404593155,3.3058967017345617,2.117003499513855,2.107046136974486,-2.5014037358332972,-3.2561160746470756,4.478589310229022,-3.6053519201716853,-7.27997583579954,-6.202807935095181,-0.930771415441229,1.0291588587345397,1.7086868676314944,2.5443420163815573,-2.4897762194343662,-0.9318606187368454,2.4203319017463656,2.205757879445502,1.4765868015746384,-1.7438147770987487,0.31355370363273033,-1.3247405197559892,-3.731379847043926,-2.473697331144029,3.6709835454480815,-1.925789871470057,-1.5060035635105196,0.28955865629033617,1.84126387157207,0.7163728805122564,-0.08540308841569452,3.999253924497325,1.4652899711120255,-0.9209978153761086,-2.9450165340767382,1.0080630333500553,-1.5802870528148114,-0.44578976582013374,3.282900382440313,3.5840850468084415,4.809803238414397,-2.133096839307616,0.801657137905795,2.3679730358574953,-0.2134628218572878,1.5915078730021799,1.0247797498461715,1.537311639649311,5.973247018903349,0.620192980644863,1.9695098415239123,-1.5169708309459446,-6.660150505451113,-0.20149422998786481,-1.3778790956773457,-1.3291962583826726,0.7453017892762502,-2.8573426964845883,-1.5717623451829381,-0.0038261211359057017,-4.320830487130185,-1.759353709840858,5.058714838562473,6.383025419412191,2.286629609644276,-1.0766123461686117,0.5580182217030614,-1.7091526831384842,2.7771461308988745,-0.41864946402885506,1.2926416061167212,-1.1788113558783537,-0.0906453700461956,-1.726319122061027,-0.15542533493129937,1.1158890984538943,-1.3467273108896636,2.7399510716617983,-7.35943016488956,1.8701042111005233,-5.5483921502333295,-1.1854805660798284,-3.145993543164952,-2.9541799556895203,3.3898701868785133,-0.3740594515925999,-0.2394667755264594,1.326347529544654,0.794266957515445,0.34274406920675465,-0.5357876561959533,3.253878953289169,-6.593276899925111,-3.585500070116501,-3.445222936259449,2.685818479788382,-1.373769439323547,-3.4186311996154646,-0.637216376606854,0.9299405012831484,-0.6297548600587961,1.3382457091155129,-1.7034974538537038,-0.7360705979127842,2.6031033700713344,1.0330490669174976,2.6444567941014645,-1.030570237556904,-3.036273640792212,-1.705621783665159,-0.7722722432713818,-6.14865846458361,-5.570378146531833,-3.3950406218782736,4.78883073277091,-5.266102856070111,-5.28123180819865,-0.5178673873178337,3.6341474774569225,3.3925795930268436,0.8707892893259264,2.8999035234828976,-3.8630801084336786,-1.5316304300207835,-4.22262677394513,-0.19700628347211946,-2.328604685538202,-0.14651022827651253,1.8049199470526591,-2.159460746050167,3.9130812388865146,0.6538478138213136,-0.817242960642976,1.8708818495207526,0.12247467848476812,-5.977932691209884,2.466678041956105,1.0153310350878872,-4.460639504427477,0.7623998525947188,2.8445590149213613,1.708273660334707,-2.4420242181305456,5.5163368801373664,0.28356772918965845,2.3671409718694214,4.340388177316078,-2.8751420386149,-0.006943838699281758,-3.7896437471478652,4.514806860362223,6.559863991765799,-1.0416652494418843,0.1132475685913988,0.043075305153583834,0.4791403880097869,-3.732810538582893,-0.3284950362357132,2.069471287211109,2.9340007722185355,0.9238569236136502,-2.3429170687678247,-1.3692652159755858,-0.6498193689997664,-1.4155619603551988,-1.8489220122402625,-0.4382745140213487,2.841074753557657,1.4426937745362878,3.2404011689342176,1.6180021610815927,2.354534726811355,-4.486100954268625,-5.945406854938171,1.673867548085609,2.3562163672683933,-2.2483011928121193,5.745191317153531,3.7678899532835346,-1.9074423771252762,7.299168876601367,2.007970520089052,-0.38716793986646186,1.2565454791211497,1.8412235465060989,-0.42552450015518023,-3.3015660265545996,-4.987579042364863,3.296380830186067,-1.8015913119788318,1.4885776833171351,-3.2215739991332857,-1.4848087945095714,3.250150954644096,-4.144620405049575,1.1609998418265748,-0.04482596532761848,1.7546158723279661,1.3455617139561729,0.7499250537611744,4.180857845843077,4.546274305749145,-0.5498275708155484,-4.034741929693629,6.58014680086598,0.8775364166653665,-2.6182147759818437,3.209750971276779,0.899181875776857,1.0045522553413566,-2.5217311891405045,0.9370193156050938,-4.572315827159397,4.117800841789515,-1.6549625464403317,-3.3813926160927985,6.666348668314568,-4.688719993001416,-2.2361042284004737,5.847074932867766,1.52819279562087,1.6495093179205667,1.4646746338290273,1.1997138170741108,1.5669731812579524,3.175133996406498,-5.865257942900732,-1.5353628506929669,6.581062861819186,-3.7138316409314944,0.47759714896953426,-0.10502969110712479,-5.345221306347185,-5.861659004016698,4.143347628451788,-0.246843959888219,5.18176195290236,-2.8609598679528396,1.6845377252704319,4.988869790042768,-0.43047523895737533,0.9764401331411823,-0.0906419576884533,-3.0424565538648203,6.010136370644152,-0.6038147298003891,1.7932159364844296,2.113455547925821,-0.14668972916090006,-2.8840483322858055,2.799831048115424,-6.033037452582019,-1.7180896981345046,3.190283449125261,-2.106435843963096,1.1092473718910942,-6.5852254687874945,-2.4267519305511787,-3.403788103971854,4.399593997621666,-3.467389824994602,1.35254383396156,-1.5679142315659953,-1.1168370090700288,-2.3532364170117197,0.3680552791137175,4.228014785802049,1.073851103666261,-0.3670696111695737,-0.5622159364737632,-0.7334431447102281,1.0158590432642343,-0.27695570321050544,4.8541592715218504,-0.932831442449153,1.1615184069147044,-0.6282293986436766,3.4527962859055976,-2.876456781633065,3.5773768400484967,0.5166205144361955,2.5119093075282093,-2.6300640553699997,2.6376299639463237,-1.6354050079171727,-3.6007605114210492,-1.4110710687416264,3.0709151875998226,0.13698132285297823,2.445710915346665,-1.7831398083696404,-1.9493794083551812,5.890564938215261,0.6607442716505832,2.633894461820925,-4.092317836695114,2.6814312922100827,-5.52273165718149,-2.53092480675124,3.722839637199697,1.9961688238437534,-4.2476611263249975,-3.246150191424802,2.525238608586112,2.422701462042752,-1.0766165991709902,-1.770618809356432,-1.3645379991300397,-4.2340659550459865,-1.8415955263830297,5.9741848133592725,-1.7198144098853922,-0.6274631029655593,-2.4621951355662803,4.562910270388235,4.195605329918374,-6.456242650168492,-2.7772620466845583,3.7719912176434933,3.745854709933042,0.9588593643610954,-3.7208872160707838,4.751428607182888,-2.8049815457961604,1.9818574568559546,-0.6640416834362196,-1.4819465408894403,-3.526936420425172,-1.9954004603051365,0.4818321116105329,2.831443122167069,-2.5075607785094456,3.1138438534620163,-1.6109805131035688,1.7127339939800665,0.5163205587734738,0.6745838259342822,-1.1416992293104118,1.7160186586559039,-0.8314736730327816,-3.746528473891404,-1.1860084617184763,-0.8612864690044947,0.6861365734695092,-3.770865740117451,-0.2992665652759123,-0.28598555813857574,0.9091152972445826,0.7252126814673461,-2.6010428314645826,-1.8729997032137669,-1.4621871664965902,3.0026920207376144,6.353844055752863,-0.9983343939202052,2.700732716935999,-3.232252421570051,-0.08241828649185541,0.2711079946743289,3.798321491918478,-0.46142155613333286,-1.656622902308737,-5.058428126294391,-3.561164024132037,0.8114289760016193,1.6150165588915284,-2.342821840395831,4.284996064543352,-2.8796460972662095,3.3875173563690217,-1.342874201574865,-0.605630627725009,0.16864829605657206,-0.0937904160954456,-0.7389413063267947,-4.577371462207863,-2.68079665397146,1.6337210950833367,-0.9742916040973982,1.8951683663124521,-3.463921210440807,6.577103645606351,1.8920474835939831,-2.1881634836560946,-3.035204808439691,-0.47957580000823974,-3.87634403859083,0.6786402706810829,1.9942195898748043,0.6316708355768014,-4.062243068440031,-6.068274448564517,0.10631206967169324,-3.858772257467667,1.5837778655684862,-0.6918071672885024,1.1112224907179884,-4.198138161718912,-2.9776920367362423,1.1270770786115878,0.8418549332314103,4.334155325881991,1.0728450422682994,-1.2250696740083835,-1.7354958567512901,-0.02069241047138943,-1.2885854017140193,-3.207338351809642,0.44208237417816837,1.6502471614257421,0.24099481774222622,-5.524445747399111,0.22231277212198597,0.7937965958856481,-2.98106432588281,2.1318446634941197,-3.738899928386122,0.7617103134841534,2.823938455856575,1.6190645992043884,4.139488168299046,-0.5149396116796593,0.8709310067467394,1.8904706629751444,-3.9875665119216768,6.431402078620957,-1.7073790762351393,-1.5456347072128533,-3.0900737799858984,-0.24992710312864047,2.030206863830559,4.048304196777284,5.0853932097783705,-0.882619812575702,-1.399133912259168,2.088515000972977,-3.431832163380306,-1.3374514527607657,-4.058803494181012,3.8739945485357947,-2.330566143260114,-1.2914710592992784,-3.8097287336707457,-1.4034720374329022,1.9964351461060386,5.804639989610431,2.1666188042618786,-2.207244502876414,-0.811918550978515,1.157510180074778,-1.4532927594122516,-1.6017940732465699,-0.7245134213625433,-1.7035852237729812,0.9310565678632443,0.3715002471950944,-3.3585274781293655,0.1033500509471066,-5.427639092956829,-3.1560615819515947,0.3775554497955186,1.3246383239617223,-2.126501929032864,-2.3630964167360613,-2.88245980857791,4.4739491835597045,-0.20379298318374225,-0.6364219809178,0.17590101592602875,1.2048286460756625,-2.4023130973432663,0.13751596779864603,3.9682897141333493,-4.2333553168912985,3.0663745201254584,-0.4984452675725309,4.688715484796849,3.1883673436842637,7.965754363459675,0.15164180555626738,2.1694308799710247,2.815065042342386,-1.051687216116296,-0.4348173107577216,1.4029867880472466,0.47473123249322996,3.418045384528779,-1.4849412921654916,-0.7447092554197813,-0.47998854127339446,0.9019971324014381,-1.952189379632622,-3.5721487786006407,6.49892252328209,-1.142535815133913,-2.639748367712072,-0.7263201273112477,2.906653659454604,1.6432520483548847,-1.2695616385600956,1.8513238550715299,-2.2622121376829347,-4.4690618691387485,2.5887148439595524,-0.1300861403370555,2.787883082955076,-0.7733243686661242,-0.7156751882172657,1.8796318826740845,-0.7273922482970268,5.587606888734253,4.512996649608102,0.2247461883715458,0.623853519822497,1.0548446546965886,1.435589487305578,-1.8806026177071304,-3.1849338475495528,-0.5157302231877473,-0.9715518577750651,1.8404851836364795,-2.598070084463862,-1.5036895303363111,-1.2212857573878875,3.0254983493080885,-2.8059279393026597,-4.630544311735866,0.25114699177712657,-2.192023474017863,2.0591631681281797,-3.4618664038877194,-4.4328025583450925,0.879746697571426,2.5339012066955657,-2.4868550842356285,-2.3294465210791184,-1.0622398165589662,-4.57271335680003,-5.1945470606041315,0.20362114979516255,1.5451670004676512,-0.7396786671798954,2.7919662105858585,7.0974790886360175,-1.842643240839045,-3.8821928503965197,2.8193020205683936,4.6849826307945435,-3.7849071752963637,1.543479255825498,-1.9875060719445443,0.8920335997448728,-3.7944650361309233,0.7144588631311578,3.116877579462923,-1.6403592254144939,-1.5002631399466675,0.9224981532012665,-0.44310629803563834,0.5070573839708361,1.4027833078769576,-2.7583862450888064,4.44805212829097,-5.570727391933053,4.0104428773740395,1.6423325385049325,-1.2543831858134893,-1.5954828073193537,2.5038593452033124,-0.9343737237267089,2.1606047364398373,1.0057575777265717,-4.2001178286699234,0.41259364562151163,2.5451188769753053,-1.7758056456606799,0.7080550904704306,-3.4046870156032827,0.4062011160330943,0.007893056782693525,-2.972671175488149,-6.842425159220288,-1.3928838160856643,-2.837842095072842,-1.115085764541795,-0.5068101520232037,-0.38129882422531874,-5.0473688642303545,4.568675526906561,-1.338449573609346,-2.947491009526757,-1.012257649278805,1.2022889643140646,2.566646400911483,-1.600764697588865,-3.944802359432399,-0.9734185359855567,0.7400407254892398,2.364682033722022,-3.503700035481518,-2.2401248019551443,2.6727464599994373,1.4122395780390804,-0.21720063745761897,-6.41199216857635,-3.5559009398620773,-3.932138320837234,-1.9362959012299736,-3.911539452584494,1.0838327669141914,2.0732798476528593,2.132222665700509,1.0334376033758463,-0.9194555065299922,-4.056456408538767,3.8951495099402544,-0.1267094895594266,-2.870743571184204,-6.453284559430387,0.8988163629884274,3.6723245549506425,4.067079853630505,-1.7180581155758,-0.08720615539974699,2.0818635132560885,1.5137761065558422,1.5388009713281374,-2.7541183743760493,-0.2765690303305506,-3.101220383971917,3.0561731127318947,4.56149064366693,0.7216084245459399,-0.1296570018795327,0.36865652456037334,0.5376213934542697,0.6313357909434323,3.211333527525694,-5.584947777019471,-5.023601453976286,-0.5452841433219685,-1.5618772649208714,-0.8794360453046564,-3.4735441493836965,-2.9208361575590707,-1.2283811335630908,0.4880693270255152,-1.5811421515731727,5.183740262253943,2.7613860879204157,0.5950493467323483,0.02130304497813416,-3.4551869010219867,0.47413148268722694,1.388236374147792,-2.045087050129175,1.9651519376260014,5.306505892179881,4.297281274599431,-1.7581337352047286,1.428062615218267,1.2443788756593939,-0.9318147078026927,4.068774421604782,4.523500000571183,1.4033865752446093,0.18513195786809455,-1.1099582803676824,-0.1223892098278499,-4.242948096106295,-3.234736073070963,2.2569652691174578,3.7467505281711078,2.6265518517030446,0.7741040797750377,-0.615819962562554,-4.594993677996486,-4.440631871067676,-3.5832500178902507,-0.47859660615896876,-0.37964981926353875,-1.431673330844203,3.2802767551293917,1.0535275076151316,2.4126497527584334,2.69531794780409,0.8507477258767668,-0.8279461494996168,-2.4304554631919553,1.1343619161887912,6.332036556240371,3.6275720070535273,-0.12374630378346163,1.3960428874997144,6.432163529903568,-5.301965887700711,7.458504386792014,-2.029939446308896,-0.2778213342794343,5.608258524833431,3.9031399041306187,-3.712962520313477,0.29697536213173714,1.5643597325326906,5.246187514742494,-1.5058413710105518,-0.7035597024912916,0.9179035640469245,2.2023547858894563,3.210746056977854,1.6997068554655341,3.685472253940153,0.07724623967416454,-0.617524275435231,-6.101393559058467,-1.37450991237001,-2.314949101003238,-3.7091807127018446,0.5557071735296205,-0.5590687204628161,1.24275530595062,2.13327037804981,-2.614749719236694,2.218481101987035,-4.012542011579651,0.9069105665385464,0.47746386920885064,0.08741858717832553,-0.4489136241272328,-0.8957047358383748,0.29676252601177394,0.27765107202463185,1.1976276291082149,3.8159905024085026,-0.025008382346749455,-0.3156892675066754,-3.7518492590923564,0.8896812433458632,3.4091215094417007,1.4084208487204728,-1.0061302406262174,-0.8814853835068507,2.1262313863246654,-1.615421504181491,-1.727840424865806,2.883413767380642,-1.8516565881690448,1.972494882608739,0.1326270011994152,0.45889205669482314,1.9788415862199176,-5.3828160773427705,4.0241426987744005,-1.9872763809277525,-0.488153515385165,-5.117793954753888,1.4786448281653324,1.3448643408919727,-2.186172072400724,1.7086207832997535,0.5764405724594177,-0.543088274773944,0.9463444512071594,-0.8964595330655077,-5.553404899403095,-1.4841802251214495,4.045728665981967,2.2009155020540723,-2.7732142673939117,0.7500919177214467,2.706434707343611,-5.087949474061902,2.6821332319452758,-1.2605522999073018,1.0780966767161189,-3.599530241748376,4.765061367102807,-2.465132080024055,-2.9072600574947907,1.6889112304434104,-5.462620144728931,-1.8970004371105356,0.7060661724191565,9.135196303574707,1.9902621852809328,-1.0215982883536188,0.2731228746465081,2.1385018392779354,3.0024324579994457,3.32534000114378,-0.10913336307881193,1.0171452393909814,-1.3493626279137927,-2.427424882326634,1.5264671279803663,0.2689384090855562,-0.7185743110900109,3.037381002959022,-5.6421650683720985,3.004594218147289,1.5523442817221493,-3.3139795273926635,-2.554938590507157,3.906781112687973,-2.8973953983042,2.6478800217116585,-0.3134107419116653,-2.098921118043776,3.420374569396158,-3.567231692794181,0.06426666031762948,5.258889797644159,3.510893851967783,0.03658708583522487,0.503972549280154,-1.671986133260642,-2.249377523859898,2.9639064861521662,2.752754436433781,-0.513136439961524,-2.5090331583521235,2.858772740907571,-3.156063736690791,2.1739152717917447,-2.1453852280270587,1.873464488329576,3.6692348153273753,0.46210804218865875,2.618826977138057,-2.5956621002260065,0.3575480850431361,-3.225877764974203,0.8633159127554852,-2.7678775368471054,0.36082754253992777,0.1871210569377849,2.313727418900984,5.259728805901586,-2.8617272064345807,-0.1879939647534268,1.426664111506331,1.3411427625094205,-5.4840539589718995,4.253314385385968,4.38701785087189,-0.3641632450831167,2.8029074420259747,0.508712302677678,1.5055445099683171,-0.02066790624074443,-1.6103026540478438,-2.361950680087204,-4.200738217567744,-2.2869168173660217,-3.0965628001274434,2.1316308521163854,-0.18231912261928246,0.6983217949115247,0.8991873777524246,-0.280173506757876,1.4454667168709792,-4.347743781017826,1.1568339514123993,6.42950380850492,-0.10324389738684148,-1.7111655619157227,-1.6989003071916775,0.41964492229030104,1.9186242365710455,-2.2873385662876666,-2.596982090832787,3.1941369463189555,2.259683352116681,-2.1151360926798852,-0.7856945398564408,-1.9028023265398153,-2.757504927550212,-4.1911186001740175,-1.749398347013682,2.079710787174006,0.7828363719430339,-1.5940564564949264,3.0570605050970894,-3.8915171811664235,0.4966236866379279,1.973811194962213,7.283140341165671,2.2264079186341847,-5.105845188691739,-1.6175429251204807,-1.435245415834103,-1.4287564149039391,3.4280543823384564,-0.1898678894421872,1.9191914552912446,1.1548178152636406,6.038260613010899,-2.9887197232224074,-2.7062896917469277,-6.202883534723881,-4.002805780236461,-2.5000376657719308,-4.293514015479747,0.24458990664076663,-7.663952806850938,1.7391075989179634,0.6023528441983894,0.028470872202033884,-1.311983967009927,0.2581578731771083,3.9772794309905097,0.8808007163347842,4.805442766246641,-1.988931775517972,0.1850924056500226,0.5127121729286886,0.6973791142806592,-7.500634983135367,-2.8034717361988397,-0.08956012921444359,1.550130183214952,-0.4894950871661809,0.011134854592240784,0.43587955987690835,-2.1878649817899305,-2.708731110480165,2.851356140373641,1.45265638786989,1.9799304439317433,8.29955955121738,-1.2758620628826274,-4.300049502237487,4.203904537153503,-0.872311258877329,-3.300894632782529,1.9920934362374547,-0.19487577839037548,-2.0024327092435072,-0.262310094568816,-3.774709702664093,-7.025165747063514,-0.8623312732850057,2.4389052171218717,-0.8808175890254244,1.657544103081698,-1.8206189499814087,0.6797216940186876,0.005591552770093154,-0.6673750906666216,3.0296072739473923,-3.5312334105502132,1.0095358371102336,-1.9517213802493174,0.22944335927347262,-2.0152657421884714,-1.4889281734816546,0.22846116942877362,-0.35635917352485796,2.6664317244081275,0.18863018433321327,-3.64185615404101,0.6418288704946297,-1.2562523940951058,-1.63232862838356,4.313278901494358,-0.7960806898803922,1.5657779316397402,-0.24920308144034514,0.8210645052220298,-1.3921343731930618,1.419040133157205,-1.2227619799535159,-2.1813376399780746,-1.6285353494179977,1.3231676332449143,1.1970481995071514,0.4433044446777457,0.8185859676541085,1.5097598437786344,-0.48047490953555494,-0.6177117532726966,1.7803642630925838,3.156948247751194,2.0418863693947733,-3.484057388502165,1.4043844037751088,-0.047596669721842275,1.6739471433596471,-6.620551546663953,-4.194068692839961,0.09930065140950256,0.5780626709622585,5.961834617105697,3.242455238623546,-3.739029570906099,2.7657634551417787,0.25285619710070006,4.493453275944129,2.378532585149608,-1.66644615812803,1.478823236989119,0.2844024968592574,1.2820045659405168,0.2789210520831686,1.7210527815416525,-0.9599195653527133,1.331094985750463,2.364038469377681,-1.9389575550202343,2.123939737624293,-8.305087879118847;-1.5923014941673004,-1.4745547522925366,-5.376490749339515,-2.9708518752266557,0.08475133989210182,2.326806422737096,4.690047679998945,0.6520611168282108,-0.7024461665923846,3.6360008854942665,-1.069135688960713,-3.8021347894318915,4.655484176207253,0.5858856614773285,1.5996326604458153,-0.48259796526681636;41.47170490000628,0.7591022902571087,-42.821279767651866,-27.8979363495586,12.681525909005714,19.211961296535506,13.826918977063754,1.743134817543583,-11.795387365737437,5.6209417875466965,5.764574819549264,-27.677042253116074,-3.094128789291952,-22.832263160175795,-15.224794637524859,43.74413742579427,-14.583473020564057,-2.344089764006257,17.942970988303486,17.913534925024972,2.763926139790394,10.280642542028023,28.440256483788684,-21.91108501411406,-1.8278926112656813,-16.06436746203982,9.780683458668264,-9.197864742237256,-2.876262091191754,8.219490802771075,4.252238159787554,-1.5143798338475838,-22.53497288894789,8.03193468741243,12.17331319721211,-16.547770232973456,1.1419486934907062,-5.13314755626612,33.35504100559067,7.102266792294921,-4.001334070496956,-14.03927975120899,35.06853169705841,37.534259292649224,-15.384671897380127,-17.029569815989575,15.569656495732374,-3.9949414001147763,-1.807089359823423,19.991450681687674,-30.766494190141092,-19.144801016903045,-6.624986978235462,6.9579818272686165,-1.4355415006423655,-5.995140282869228,-7.3749808588016075,-3.607795684272444,-24.239603572054033,16.62252061499903,-23.98694699140964,8.162322641055292,-5.615106768918417,-2.900824008892754,8.523705571120034,-29.105933963575698,8.063092540918165,-2.0927658557121265,32.89049303258342,-5.927293971789553,30.164752367063397,20.38668563322507,8.431638832559429,10.231257350458987,6.524357950271047,-12.36943925330003,-12.311794013302503,3.7557913286074545,39.4710335782083,-29.54991826682336,-25.998723610813272,-14.694532748422553,-5.631424570145781,-12.436865519682893,38.48471918661844,-5.887685390448064,-15.333524955567206,-1.967093505850448,-4.621041110662019,-37.09408230514355,-22.617851120933594,-4.934350203837993,14.901817489529854,-6.038866900241773,-15.153956402882521,31.92638832777726,-21.10160724817164,-48.74534643223894,-0.5704815802210119,-9.480302830187936,-6.827330668612076,-33.14932690317944,7.065158264586691,-5.8081511967218935,20.009642662676328,-18.37503248177638,-3.2454853340701035,21.740538568631244,-22.64682973170471,4.109374511833891,-19.892827243463998,-3.729145937384456,-2.240926551121599,17.621727223789982,3.111622651967731,15.771844986746883,22.56969461101365,14.779583419598069,10.115934657477572,-33.61209965042569,21.63333316101678,14.019231530745774,1.3880863253130407,0.8542448802720773,-13.34816976325477,-14.748729466208633,5.356338040292749,12.758210193351553,18.897844392258094,5.720207418967858,-2.007464637072969,7.781389050471043,-25.413960321834537,-7.445748511603092,9.813672312157596,-7.27747928752124,-19.38246406825075,-34.03185136015531,-37.653043682202195,9.387897900574986,-22.494269699250147,-12.44675470735739,-7.068339352207892,10.710984106982187,-23.071502401654058,17.280681632538396,14.033990366628723,10.650327011072036,3.5821008062928903,-4.370436374917704,5.115032906142711,10.695589420918283,24.16616469820189,7.829353430696833,-31.216527580614585,-3.5556846438208405,10.003369279284053,-11.861200203107607,13.376238616897592,-22.29054645989392;-4.931555988123552,2.5864049988366222,-2.3409457165722047,0.801006744744474,2.85086884459946,0.8626220866173084,0.2567710610396793,-0.0881739540726132,0.8797598698774628,3.5739298702514706"
8,2.6441927534210268,"1.9056679929210536,1.6760070522857835,-0.4577817276652676,-1.784635730937333,-3.6391893328381353,0.3049292111913201,2.4717205363219503,-2.681072149336574,-4.450932255671424,-1.014766775484024,-2.499035970450042,-3.7546412851703255,-0.9508042891890702,-3.2612726544586774,6.273745533051332,-0.7196808786457546,-2.4448085580568124,-3.7999185118908185,-1.7944709695840773,-1.4474328967444832,-0.7559368608836152,1.3467575964504712,-0.21081708340188,-2.4516874571762193,-1.6259342537255732,-5.9786857267628974,-2.827415395193393,-1.9094376800979773,-2.020661310228176,-1.9005301687034495,-3.2038621967008867,-2.182055835303211,2.435447106647224,-2.0543141481361493,1.5527606521306907,-7.266609090770693,1.3277884919028808,-1.0802256754681623,-4.815706352615284,3.313622039618645,1.861099296634852,1.056767355666894,-0.46656579153109273,-2.3625073168760884,-0.9080923576310024,1.344052521202421,1.7131268562791155,0.16856699785295665,-4.969275225514538,-2.961188205164045,-0.6466070847770391,-3.2823010685680063,1.0265583982033526,-1.9466809158396579,-0.09852948565742674,-2.366704658201006,0.48490041714010373,3.0038028386883155,-3.909984239072061,2.477118409089435,3.038794127928009,1.6262600387012405,-8.101918267401619,1.783074436686435,1.6332026946756497,1.4289005772985062,1.9976931635935335,-3.0018468761831567,2.0736292254779802,2.0440279698249832,3.064622523712553,1.4988232951765807,0.5877127472655945,2.2251711635872704,-0.596579726634259,3.3489439646223973,-1.720000362374897,-1.09171971307087,-1.8991905848958899,0.30400805717005763,3.880075493219614,2.4618514929260336,5.1754216198587795,0.7843917906504526,-1.212589802800267,1.6212823195788426,-1.5996325724342184,-1.5196132891192633,2.3860152113868187,-2.043986198798012,1.0962183934341259,-1.356383175784532,-1.8060109746802788,0.8072246699924028,0.15173331550342273,3.917738449002969,-1.109936811295769,0.2601682581644552,0.5804392322608949,3.6865374168913023,3.510589789513212,-1.4260451829342313,2.0761927034892813,0.484798519854513,-3.2199338484439557,-1.8397255366309369,1.0792533388584307,0.7978593243319135,0.40401129849755446,0.6437221681357975,2.9828854376662424,0.5783473020185829,-0.82262083359335,3.678685003789652,0.6287250742160286,6.479077812691227,-0.8334501618360094,-0.8023276438575019,-0.6083741963948059,1.121541063422442,-1.4775875865478536,1.812389170409638,-0.6463855454497563,-0.026381392383565995,-1.9028301125172777,-3.7294859069161643,-0.8258468924454601,3.9812562847509074,2.378285133189589,3.2995785073733073,0.01878058715901855,2.1427999240393376,-2.037819408647719,0.10153530333057005,-1.921648407102142,0.9217698638081357,-4.580450669112695,-3.690165464372068,-5.376788158643568,0.34872983301748584,-1.185105738436464,0.8847102437245167,2.9567414392957554,1.8860678422517005,1.8100203282564495,-2.1770366478467276,-3.1811196920587146,3.8712496389649385,-3.2314938470472505,-6.5040181091019,-5.55643113271347,-0.9908109889656526,1.0499225149329128,1.2972485193704328,2.3289384496960177,-2.499639993219671,-0.7513459422620924,2.0772117262114715,1.7556678648780148,1.2749840426423236,-1.6319295863199221,0.46827432061417734,-1.0285038165726847,-3.553398655346249,-2.168871401945912,3.333937498876761,-1.5837761955179381,-1.351998897364816,0.21839803029329752,1.525447294942343,0.5261256364991171,-0.34931288863318877,3.813558723496681,1.4268028970454867,-0.8574320980322585,-2.4076152994699145,0.866338810159945,-1.367664625978657,-0.49708116719988826,3.171155015966307,3.4364831500782644,4.276518543328091,-2.0847539509050264,0.722666647295335,2.1889236558579688,-0.0077712175897227675,1.5004425413830664,0.8827402675551113,1.2190053191867354,5.262552989095785,0.47845166279164,1.948470424812339,-1.385189819306764,-5.996149195751637,-0.35054927365185606,-1.2107444796659896,-1.4947818211391082,0.8355822104021888,-2.7621145992183207,-1.6196173416974091,0.05542218785827113,-3.758510301676558,-1.5503646300391312,4.683032181253415,5.489224926038331,1.882282108569746,-0.9683049754889523,0.5599880685084166,-1.7379011803537023,2.7860823215217283,-0.42410638636888887,1.2954487029958848,-1.1123155000691312,0.037796324397641884,-1.5583139539144915,-0.2502726456675713,1.0576108412191751,-1.2985333729177428,2.4942549395404483,-6.451689766337304,1.6061436304317105,-5.141361627744563,-1.0866319335318455,-2.961567761763294,-2.563403625083728,3.1434444848418446,-0.4724297625585927,-0.24466737588361542,1.0377361618355536,0.8186999141485568,0.35565012102691157,-0.5508670253204428,2.8904547124071756,-5.98194395401995,-3.3277431138699107,-2.988925856977905,2.2150953370140067,-1.2307744361018607,-3.017763164567682,-0.47677540431237564,0.884229959736048,-0.4460325446440929,1.2492542015315768,-1.497821437434259,-0.7590709695153821,2.500111286141106,0.8685325943320016,2.366017469981001,-0.8262054128115438,-2.818778457286974,-1.640962746052424,-0.6525922072551684,-5.375898331443012,-4.747900292510447,-3.2817094887113427,4.322729487214679,-4.766548957051854,-4.80543759256721,-0.4198741598689703,3.385294263821076,3.061400206106356,0.8442297442261937,2.3668405011866427,-3.8454438535513176,-1.2620171665503006,-4.0738072830923935,0.08643591578572912,-2.196201762160774,-0.13188228794472742,1.4288167266700453,-1.95605723293881,3.318627212885275,0.6866794854868622,-0.7964364435512761,1.7080168440971464,0.22620003231997732,-5.532991230565614,2.1254621717825377,0.8032725281110118,-3.9858477654846727,0.8676823344485888,2.5826903930881318,1.8423462713107939,-2.326224024223589,5.16304448282086,0.11542871269059599,2.000788405686734,3.9421648594458074,-2.542977090233262,-0.199390284542285,-3.520151906134269,4.070129760605116,5.879240224490311,-0.8341549411042426,0.005391939567140638,-0.14859355559879545,0.37437336021396517,-3.2496540844189195,-0.045393911474246706,1.9630514967958257,2.6432225389562323,0.8512381158382931,-2.101046939775736,-1.3473264395076145,-0.6170792810484995,-1.2150312427774654,-1.4730807016102603,-0.43935936497244643,2.5573977034762394,1.128835759256578,2.912521179281543,1.3383536449944953,2.1334188043833873,-3.911469915615349,-5.360032373133336,1.626065420214386,2.2687953695258796,-2.158060220785645,5.3008432544124355,3.4498480963903306,-1.6234014062043425,6.66143077629658,1.740885466667883,-0.1914524126519045,1.170408310227943,1.6347895103541383,-0.47733895350466304,-2.849345019808975,-4.4673059859954,3.0598009532941983,-1.7393429139119163,1.0992988915075408,-2.8839706312602305,-1.457858617187033,3.1636133709478957,-3.6788826214473715,0.7640419137306043,-0.1515090224474197,1.5046162252949213,1.2387485598134562,0.3572917808134722,3.743444775975215,4.164802600751304,-0.5185759140718378,-3.6154516663868472,6.136174288467817,0.7869833894368091,-2.603081304354492,2.7897875406942285,0.7442524414489564,0.9789787333014247,-2.1804811869190646,0.8715471874686626,-4.2619469247143975,3.511066053786368,-1.5848640100411706,-3.151250569537141,5.9393149082083925,-4.243813344299021,-2.0645740359515727,5.485327359577328,1.5425667587083118,1.423251296850566,1.3445001235718874,1.189036364106174,1.3340581914514282,2.9369222326455633,-5.449398420762964,-1.3675945253609352,5.7140005425545395,-3.331319544551074,0.6046667859468784,-0.045857738842762424,-4.796209617881334,-5.27187585939659,3.679582648623163,-0.13885297765335186,4.777875475139152,-2.3595788061888605,1.3760184766938952,4.486708321188354,-0.3629277523555308,0.5573178763018815,-0.08892050651038291,-2.99726645046737,5.601903393200325,-0.46273678033202287,1.6394734725950388,1.9663855652637685,-0.2161838558002001,-2.6592365283608723,2.5096966906534544,-5.7540123761896655,-1.3802569599810386,2.967922750122435,-1.8288808973820838,0.8830734725785254,-5.762936454876444,-2.244001958471601,-2.8038031424485648,3.9859043931276235,-3.454119196877005,1.3144699273458424,-1.4671967439761158,-0.9908646939937193,-2.2895401501463657,0.1855315100869169,3.8326650319006186,0.888064990059905,-0.3458883006679386,-0.48942363418773926,-0.7040633199961001,0.9275642844967218,-0.18485059435821313,4.489674601411743,-0.6829907426103192,1.1264891870129554,-0.7105850953124251,3.2496623994961897,-2.6625778521261796,3.4328620482762027,0.5263036968149339,2.141030193564347,-2.393293003197075,2.479020764706013,-1.199723174508991,-3.2618221393809157,-1.0665006756784334,2.715125826839044,0.06379386590259561,2.0285522153827493,-1.8311344362331892,-1.8362280151620547,5.210952944566341,0.7183346371599474,2.380563596666106,-3.640728658985358,2.4383855773404157,-5.194805401431365,-2.328000339005369,3.5652101388011026,1.8576802879511007,-3.879789095280206,-2.861285045963593,2.4196230828526977,2.1502959621661475,-0.9614170455099178,-1.6106472596026224,-1.2884786904626062,-3.9102840976245314,-1.9726572567084368,5.7000446540738485,-1.503801300316347,-0.6543302661274293,-2.2834211175334143,4.159597285009724,3.701624652297487,-5.948185475345388,-2.6215735038597403,3.5544485604587335,3.6741108503553783,0.7810347138902797,-3.665297675446364,4.49675205045403,-2.4795960531930423,1.7909379175477045,-0.38869938855806846,-1.2272110003251129,-3.369283663398088,-1.9335439696221104,0.5156245742938266,2.333111925589913,-2.378596446603804,2.974905549418991,-1.4651578541704213,1.446171712902975,0.25949094224649794,0.7049651640535529,-0.7218410047448878,1.6023956189423212,-0.9267323855637256,-3.5146633800994738,-1.1083021109009643,-0.7733779811780861,0.6088427366706857,-3.5645446628298827,-0.38500431499757937,-0.47382021652058814,0.9505170316543112,0.43692503717608255,-2.522218524682748,-1.6092889562232071,-1.4790023583143375,2.7113895870992146,5.8532443964458105,-0.8836088258454176,2.3707013727888118,-3.042954413362803,-0.11537474601565803,0.07097411470934381,3.5027444533984684,-0.33564944557846804,-1.5499159675563874,-4.493283505660222,-3.201611105710143,0.8160939478913233,1.3632819671200203,-2.183029434707593,3.825157150266528,-2.5532853727253984,3.004537064982893,-1.1953523241577062,-0.42370260878165106,0.08681775975698394,-0.05544028887148694,-0.6481095313614753,-4.1564311231659925,-2.5612145805643824,1.2029432965196674,-1.0136858831029059,1.7228725513216907,-3.4899303688979604,6.082287384241504,1.7658165955162255,-2.170123655510603,-2.7803573330564646,-0.6791216024657039,-3.317961110166066,0.46252142900358906,1.650566174934719,0.6787748090503682,-3.7947139476606,-5.514099879507185,0.08212948081616829,-3.523911230313533,1.2941875332049466,-0.6711321413141851,1.0373997424535204,-3.7510904082078267,-2.6643919470885185,1.1648272467027592,0.778806128312355,3.951676856666489,1.0001458895830073,-1.3203526216764192,-1.5283526018911782,0.1549604057587244,-1.2286273065167468,-2.895358520388392,0.2108034203969798,1.487495961411824,0.3521853999459479,-5.088313219237139,0.21646193510528966,0.7627018593397864,-3.0178520305918126,1.8448902807958734,-3.250605392709536,0.6715260389435,2.49560702124338,1.5690455477729868,3.9403149582814216,-0.4563225442520838,0.9431929251833345,1.7522806632075725,-3.516598384118324,5.769289053868356,-1.5799338018314542,-1.4693311949729877,-2.752908171630805,-0.10439814960492755,1.9385267434537,3.713209547734117,4.348676135038587,-0.748103141461063,-1.4883660284382136,2.2775016455610317,-3.007796011511731,-1.241026436900714,-3.6419500257128483,3.6100083822424596,-2.2354514622112847,-0.8150740758592201,-3.3767121064513272,-1.2340663418914315,1.8951940406688954,5.099101253190017,2.178517604843035,-1.6933063582339112,-0.6124159851786208,0.9552238257331022,-1.5958491843799054,-1.3244652781208344,-0.6421578686856841,-1.5202861777255547,0.7780578897334252,0.19243815616883167,-2.9462307196414987,-0.0832056863896325,-4.983537970274258,-2.907817864793641,0.273227057915077,1.2523914496385862,-1.8326346658322747,-2.3450882772162935,-2.545943574917207,3.873645559236445,-0.18529118716147064,-0.9021124027920044,0.43259681358576707,1.0332100622113607,-2.2942862067304453,0.2818149612054971,3.5054044218459035,-3.5960741020818756,2.712574754133872,-0.22517548724386954,4.3798492845285,3.128643745463144,7.072776782932669,0.14521887384532206,1.9701926063559374,2.6421054055865856,-0.7928638846995959,-0.34611748097734046,1.0949415814317183,0.34814459033991085,3.0743709278732054,-1.249586940432257,-0.5271234834344758,-0.487834265384825,0.90935657081372,-1.7218234374878987,-3.082688399627436,5.891815755718769,-1.1467233234099807,-2.2285294804381324,-0.7181653452428237,2.4831157789808658,1.3912703674976619,-1.0989125746863664,1.7502895661393716,-1.887918555802116,-3.921250419020669,2.505931813707073,-0.31513438996150916,2.1932957351136437,-0.7381393775611229,-0.6756248127503981,1.8536730829997856,-0.4687525879215011,5.258178276242611,4.061108661801198,0.09412327772559417,0.7251776345604717,0.7847400094532155,1.5035208679292449,-1.8291939147991356,-2.8811125573619223,-0.5449982553823604,-1.0783172353041781,1.769097838522743,-2.338473169548313,-1.2541931637741373,-1.0238309931343537,2.889752761071002,-2.5846900271213156,-4.16979589953956,-0.010564093460652513,-1.7583223034811128,1.9007215156169013,-3.3702682172963687,-3.9280239383293116,0.8437187466595598,2.2755097730002074,-2.303543281849554,-2.269762253247217,-0.8221124441051513,-4.2938402429168985,-4.603085603663406,0.21545808139421188,1.300425997235565,-0.68623036793332,2.5069391325875694,6.348220265144076,-1.7290009903601238,-3.5449435903110658,2.464876401430599,4.210442741646153,-3.4736125449075277,1.343992982177653,-1.741017356170113,0.7123201303813366,-3.429702558228705,0.6691771643725225,2.7263323611727643,-1.4583932041329086,-1.62451815809664,0.7630974795764299,-0.4719506327966506,0.4359222605291863,1.4800541708835342,-2.557790939712697,4.043954439017208,-5.113873155728012,3.9025086528039963,1.521811399230832,-1.0627641626733078,-1.5478099376611139,2.4259039204477193,-0.8953587554716729,1.9607321951422227,0.911967254941481,-3.818390746639678,0.3146386410940232,2.434879487366472,-1.4998349311687071,0.7704566360333532,-3.0025362037257866,0.13256539489372654,0.03608182775041105,-2.8347941736460722,-6.418545307393303,-1.2612625272248268,-2.6481897481651195,-1.0095590122969014,-0.4595650377698608,-0.2989000140430226,-4.514695506347036,4.042093422604704,-1.3569901517222474,-2.9395498248598755,-1.0779012512844786,1.0758646714225106,2.4009189607055097,-1.5257396257202527,-3.4545073795033114,-0.9401771495121095,0.7045421370275564,2.1574986776505476,-3.320237852185254,-2.138601950189909,2.3698561665864157,1.204473569294033,-0.08917946741197647,-5.868677335163601,-3.231730838549346,-3.628602948997832,-2.0202896002811754,-3.64048736155174,1.072523346558248,1.8733007747584065,1.9405951135568182,1.1544557444257169,-0.9969716231641483,-3.3950152999644096,3.655370916041613,-0.0973570071598816,-2.604105667457704,-5.8371567900421955,0.9921668573555925,3.292498725911642,3.8298134796385885,-1.4850902503828285,0.1194374786626092,1.7403066316727394,1.5296764872794963,1.5650369758499048,-2.4553806382827874,-0.36583155389130884,-2.835531932614091,2.70251356854426,4.351143085981571,0.7100429820614778,-0.12033525200135634,0.23135860071724507,0.39518145711453045,0.5496814444454187,2.694943588179745,-4.904116534626428,-4.374957587463398,-0.6210514973253606,-1.6880194201629535,-0.9819435065102691,-3.1015982750681577,-2.455138227032726,-1.0732562945172714,0.5337440865705411,-1.3463229930499871,4.51644830710673,2.5140200016446004,0.49645806516786994,-0.07658331174657623,-3.3916193033787834,0.2951359603487111,1.3353181549161957,-1.8627166500288215,1.8029394509575773,4.898854008904936,3.765281496048587,-1.3621394868437324,1.234177411316672,1.2640854192814042,-0.769783594970032,3.787910573800798,3.988722985958027,1.3360054826219283,-0.013491989415761019,-0.9128355617790836,-0.16147559840107878,-3.790283607511566,-2.832355239114937,2.1115083748969914,3.2048781039854264,2.4867686093263948,0.5886754091230451,-0.36557820828557486,-4.310027140857526,-4.108668304512904,-3.0429491957370782,-0.5284422452504574,-0.288796435491374,-1.0522210467607076,3.0394965033971313,1.0033270346536243,2.207876758931964,2.504028516915838,0.8630155291495457,-0.7976595123853074,-2.310838513930222,1.0520139519252982,5.800177765895362,3.3320862305410324,-0.21299242305684107,1.5158506238373235,5.9448429562143215,-4.629006892298715,6.57952061613525,-1.661561969989858,-0.2808850727507065,5.0700249530516786,3.7520368913727795,-3.3358629446729284,0.12214168590819344,1.5493240927647618,4.627868685852667,-1.2984275112058044,-0.49533538417388306,0.9216824682762298,1.9135221377168428,3.0247563431469913,1.7068609461493858,3.445080613954163,-0.041736776270966044,-0.521437562666405,-5.4769045262104585,-1.3731366133406158,-2.209641894978191,-3.3710182423639665,0.7319717536392958,-0.3723947206134153,0.9616856078934533,1.929252249170221,-2.3186313479511536,1.9978117982416326,-3.4968836274799986,1.088825217402923,0.3022571268607977,0.1099384927645,-0.29016518524002266,-0.7533053285894689,0.37842401644742274,0.1932022273334389,1.0241268723748613,3.467938879554529,-0.04239173953507552,-0.2702792494492112,-3.336655384330759,0.6998850395076852,3.333776665874683,1.3401712906525716,-0.8862527667831245,-0.8560424767966296,2.020664911947536,-1.5675284195394827,-1.585023222069802,2.612579762356804,-1.7838909922723392,1.8645464549919404,0.25260670570387694,0.6838535425825145,1.929141873780602,-4.862938306149763,3.8946022332596995,-1.634408609415487,-0.39335738016414307,-4.662157176067761,1.336690040872882,1.2270364747279747,-2.0074716307628457,1.5026689478875017,0.3874246389953505,-0.623203889706194,0.8553702583835461,-0.823457487816184,-4.933483227888732,-1.4597302836190214,3.681042714446029,2.208350281013738,-2.4427154815535883,0.6765648299386967,2.361474668240988,-4.635349044778164,2.4688996390430193,-0.8880102630898521,1.0885808852093009,-3.010429971474582,4.291570563131217,-2.35930976624625,-2.5643242286140047,1.8636299651773145,-5.123914167019747,-1.7910814246439972,0.523942688705415,8.484486905622754,1.7766455705343263,-0.8645333483089276,0.1801869842626041,2.3892927858848503,2.7171737202465702,3.1085271266278154,0.13144219884778624,0.685337424404566,-1.4271061632621242,-2.161277329047375,1.3974323444197672,0.27390690838767706,-0.4834886526364133,2.8959132876389946,-5.163008539093279,2.574529564592177,1.4699610759212127,-2.777674854243887,-2.2284824709089777,3.5635757309589926,-2.6502650902654907,2.222170552354753,-0.41212834107672525,-1.869074699006876,3.2149493710199186,-3.4410104062144726,-0.02675331933188825,4.551205477231162,3.2479744143699945,0.11055666109824876,0.6100636796214042,-1.48715501899685,-2.0248080085787623,2.829595572643146,2.5014827173140888,-0.48841352307413544,-2.08698422402713,2.6064461056405053,-2.7780454676645334,1.9988379542405177,-2.02224869322387,1.3860791357478837,3.2479479933731414,0.3033855927588928,2.2750467576763582,-2.466758899465161,0.2222076161837426,-2.871825585896654,0.5931944653258031,-2.6025008358252184,0.17240819076984493,0.10239056416000172,1.86334686384828,4.755394238926567,-2.4997614728323865,-0.07137588070955594,1.3003788682895117,1.1644470051986335,-5.05186711660449,3.9033578261866855,3.802175752904763,-0.1821707291112829,2.609091715768623,0.7068556960840747,1.3340457844404252,0.02424801971509842,-1.6648549749397603,-2.2581851770476624,-3.951574588545761,-1.9695832362501633,-2.798963152552352,1.9241712046678583,-0.06729340081732738,0.5073605807699836,0.9292022385071235,-0.12272162055702351,1.449785781036786,-4.030136749060163,0.978094177849747,5.951960979484171,-0.03252767560334782,-1.2820220703307537,-1.5158586372143708,0.5501068206383917,1.8259582249360162,-1.8449583879743638,-2.3694498147787924,3.219856589570821,2.0170787072285448,-1.8928497466179648,-0.49669924197921034,-1.8581226986322816,-2.594971290574736,-3.8428332448063105,-1.6743528826377505,2.1110893097401924,0.7263349414399513,-1.2709533230117738,3.13176762609696,-3.2834089501744064,0.5261558248337078,1.8201748665824156,6.609132442350946,2.1301674155611936,-4.68988650014154,-1.510873585890844,-1.432481693028545,-1.2834653483222997,3.322833382459133,-0.37183472066168244,1.729058387484018,0.901691613889558,5.211557709484962,-2.645153332645428,-2.364243490820959,-5.30004352688982,-3.599719153726811,-2.1930640981352503,-3.9684029894564214,0.23906263839343386,-6.953806101220691,1.5167316454521675,0.37574671286002603,0.0902690137729884,-0.9631458202958507,0.15435540562323302,3.7581559427943705,0.9496943244119758,4.419515202635445,-1.6551314220300277,0.09234973217078941,0.28769282786084927,0.9272318583856705,-6.864220016038483,-2.5443256651844948,-0.05932576176252217,1.2067656349790101,-0.3229399478600675,-0.2711134570997199,0.37790592936650313,-2.0480449645498218,-2.8002263392470166,2.673678397396315,1.3862837879687302,1.7638279462258206,7.5314423792375695,-1.0103090983006595,-4.013520630493698,3.590984167829819,-0.622215590172507,-3.031691909545588,1.7821112243647517,-0.2935622564985803,-1.8796030538002302,-0.38511005580744034,-3.5608951949324763,-6.3123883214305945,-0.8718008815264762,2.329871254999213,-0.7278702227338854,1.6147019312777062,-1.5429890342359471,0.6662619620934782,0.0044903786015376285,-0.620046958218763,2.628326133834596,-3.152985433690868,1.017664152846431,-1.8090762699466407,0.4003942051814498,-1.9241632861209086,-1.4742738208713089,0.011554394761063624,-0.4641408174801651,2.520496583994295,0.11257566537491039,-3.6040341658040784,0.3914308307112167,-1.332237637312575,-1.3411334355281594,3.910288807923438,-0.8095911306582246,1.2735933222962041,-0.23905992531488993,0.900330214960826,-1.2594651848834248,1.3387668199415776,-0.9669176217769098,-1.8377971364422252,-1.4408774837996239,1.3262514893171506,1.2598466351220583,0.20814142851665413,0.8526419252774158,1.3908787163963285,-0.4578257880524112,-0.4819742259552169,1.6418362589122144,2.7213442982789804,1.866067136681552,-3.4710696705102047,1.1082767756434637,-0.2058666754119879,1.5666022014813124,-6.168148744291878,-3.9895975594944595,-0.06864967869214883,0.566470402099917,5.491483768535457,3.0550114447446717,-3.214670921348028,2.59844340222598,0.0614992283282641,4.171553729786003,1.9121815480541215,-1.5373962806627268,1.411125992581293,0.244827942637227,0.8850944098388722,0.009396242368339025,1.7390360937243088,-0.911562847436766,1.0901972857989448,2.3111236277547293,-1.7624296751337851,1.790090857414704,-7.738523777091933;-1.304695132297089,-1.1202591873181547,-4.90104668837073,-2.7654698739238857,0.3779439451774248,1.8553342753637907,4.244210100289712,0.7654238410344744,-0.5606419201761679,3.1264825442636646,-1.0431179363969914,-3.5269794042402016,4.179522163010841,0.5297078434027822,1.691545332357594,-0.5342061287354667;45.073168234905104,0.8258426124762005,-46.54326430430661,-30.264755200265068,13.824107351698977,20.934000677850634,15.025496962479224,1.994672776858844,-12.839372643541596,6.113555475874633,6.392821832637862,-30.077282686247905,-3.4557067652472595,-24.97227521383519,-16.586521064416072,47.598501992522635,-15.884260139698092,-2.475641958154079,19.52747425857502,19.322364354518548,3.0781776989024485,11.234025340050735,31.028475615787713,-23.740929691023204,-1.9625194354338746,-17.507859855890054,10.739889400754958,-10.080404243736073,-3.1657280251069886,9.021147289434229,4.705184674878116,-1.6346461276095443,-24.483180341345008,8.572028145796205,13.259173788867257,-17.88318936478531,1.3256667508722955,-5.584637098295811,36.30053223384878,7.818215511878449,-4.27552150068035,-15.287516932290336,38.356715633826155,40.76722788656891,-16.770375459770385,-18.538046830040464,16.859685808751887,-4.319999137755747,-1.9040199951070687,21.757687720337103,-33.46127726664374,-20.86910385315908,-7.164494744003952,7.566199818167425,-1.760913444545086,-6.51118022274178,-7.951346428985861,-3.8220171256092006,-26.319400652026786,17.938853164810865,-26.031408636483526,8.766739278427378,-6.101307359906954,-3.1091656297580723,9.227309298934632,-31.733915177764217,8.86542257726646,-2.4057822361700434,35.602303298571755,-6.462219623171449,32.69856234316321,22.0740058625903,9.030434721849112,11.025231909524116,7.031513627321331,-13.378696836732768,-13.404538246515624,4.219736565199489,42.902992538068276,-31.983710984813406,-28.256978008395286,-15.710428471692593,-6.011517193765674,-13.536895630049566,41.90615926188268,-6.473356740586251,-16.708711638001734,-2.1000784973417446,-5.076579791226051,-40.25677764865501,-24.53595346944958,-5.28855642714634,16.197138125022743,-6.529967660119524,-16.53707756157835,34.62840925382104,-22.999160183589073,-52.83573306606307,-0.6476534880789269,-10.179031748885427,-7.314021260260794,-35.99941643661297,7.738700710509423,-6.295393574806721,21.72876533356225,-19.819748514628152,-3.5881908779853595,23.53955137227267,-24.617163973232188,4.487545884226703,-21.4875191985438,-4.078347737729578,-2.4661747939910135,19.09275181266091,3.366094486947895,17.08834220103663,24.421670345537354,15.963094574029425,11.096354554805508,-36.46554691619135,23.581557474249177,15.413196528274959,1.4799757846052195,0.9965678298195741,-14.511695010201052,-16.182616021583375,5.781594257291931,13.915577363880002,20.428271088008316,6.372125646139786,-2.2255097252183047,8.420309244130479,-27.637720840360817,-8.147491362548871,10.528173003734848,-7.86347393406989,-21.04797450918269,-36.98904747012368,-40.92963336110546,10.147194611193026,-24.442388811847216,-13.600986408256254,-7.659261425596824,11.67734312011881,-25.171345212456195,18.7766750018067,15.207786949647701,11.5486561588218,3.96260644402476,-4.815198531806283,5.602812407252797,11.569019364514718,26.20428829698349,8.437343317785928,-33.880825731065194,-4.026205810380161,10.94214491051204,-12.88902453902265,14.521471295622973,-24.10830067999945;-8.099115208338102,6.713665802199623,-3.9188741545200148,0.45367025629397434,4.0163887386782156,2.2680039969243446,0.06794470866787572,-0.41597694420440307,0.3395338190813813,5.456170518390495"
9,2.5861540156655876,"1.9141302457849152,2.514519611710554,-0.5947848273434153,-2.2851464820257923,-4.2778446019517435,0.6802455033900201,2.7811129933813628,-3.8360106344682126,-5.7709954420662735,-1.0173062384280294,-3.294167068788577,-3.949132191933696,-1.8103567428873666,-4.063612632125233,8.136496103046687,-0.36019086414308044,-2.788989308189698,-5.245252324440624,-2.1326895700410797,-1.6895785891952484,-2.005035309882402,1.9312481623508841,-0.3695148623381794,-2.5649834539403904,-1.6655748721554489,-7.518186124507685,-3.1497174873987057,-2.632471217783568,-2.276317450704561,-2.856962072363717,-3.7652262791471,-3.1830556307137656,2.9464161322580518,-2.033644922836178,1.532245024471503,-9.184839502843408,1.8392811785334446,-0.5255947415100933,-5.560901169661627,4.543599741580898,1.5637603588524775,1.5168478870150786,-0.2768757268401635,-2.7898937660940066,-0.738148591096761,1.679377484101983,2.685227220904982,-0.3252560431670987,-6.02526893327283,-2.4788222639985458,-1.1960765453092435,-4.3661695192631225,1.6613644069330622,-2.404396566215828,-0.04965807499313191,-3.3775478904912863,0.6033042182317924,3.8173912089141124,-5.378350745692175,2.429619531446459,3.987662519539985,1.6574223602957812,-9.737311675891714,2.198933884883487,1.9542733208626493,1.4518133617108397,2.605672605402569,-4.12847191801929,2.5256032044115306,2.91054508744078,3.2740632238404683,1.6227839270241817,1.050980648421037,2.4451924005811896,-0.371141676204901,3.841778803379825,-2.0411662748903288,-0.8671591422488659,-2.155791274351122,0.9523970657660644,4.771365264046859,3.0639106618703105,6.176613447781817,1.2698628242381824,-1.5538948571569982,2.022076357554306,-2.5334549954617733,-2.269199477739591,3.402764609965214,-3.0809802363210324,1.1020618982865231,-2.0244183408383147,-1.755116881875,1.3717460178688488,0.45361648884377814,4.877761856252259,-1.2279197695964406,0.7471541592887077,0.5851975890916186,4.821603240399577,4.6484629914173645,-1.2889376806755926,2.611445707969271,1.0565639389481296,-3.8338806006249224,-2.471204827934824,1.3476131991439522,0.9749054345989144,0.4475452759612269,1.1052708534995757,4.602207465006828,0.9549388747733242,-0.715342394282797,4.0987086115898235,0.7776571275014853,8.364581714969507,-0.7951057863300407,-0.9425230081543566,-0.6738515061099446,1.4183377108728292,-1.6643905825168135,3.043674444504284,-1.0071540431544372,-0.04198159031291711,-2.3137421826845177,-5.682528664346252,-1.00008247526411,5.167365386092885,3.3314388306624747,4.587102737259227,0.07563657195673361,2.8101887305498816,-2.1870236387556052,-0.13617329828057192,-2.0058264908337278,0.8846986876621573,-5.7206486343211465,-4.008246546393613,-6.9853695037070365,0.585642647796868,-1.8541627006428198,0.5858700046854399,3.8786995683206644,2.4384475578235327,2.568421279709564,-3.0185539190620907,-3.3268206432116325,5.4396232004911775,-4.194370427196037,-8.467335344330085,-7.196702944633612,-0.827981256403861,1.0230421331320114,2.3737731950104433,2.8501509459609773,-2.4507399677990374,-1.2231971221165154,2.956754196067543,2.956524465023326,1.7820182458361424,-1.8736871196993172,0.05775367364597152,-1.7856338032394095,-3.978493220115116,-2.956279707666936,4.174369086293988,-2.464523177678528,-1.7893731289566774,0.40496586130697976,2.3267551208527437,1.0350314315273532,0.3504253611185074,4.267596653124565,1.4815684904303816,-1.0195862372627698,-3.818063481739975,1.2137125699453422,-1.9317009318443596,-0.3275671939549133,3.382984403505814,3.781353665096231,5.6509021903927605,-2.1690770542429267,0.9277039196580773,2.6301924001013766,-0.5583197792075926,1.6905767840316115,1.271895270416139,2.0735869351714427,7.127931399128107,0.8597413391921279,1.9560694343146505,-1.7167973113912578,-7.685609248596515,0.06773617932042286,-1.6436926843906132,-1.056343360082436,0.5757655837453223,-2.9831241307469956,-1.462891310417374,-0.11938649623744683,-5.23246669169743,-2.104649041229339,5.597675496827129,7.797628665007007,2.929978307362461,-1.2672136993891376,0.5437223610437358,-1.6934616929518629,2.6760013615097185,-0.44077116013489864,1.2845010120272138,-1.2765280636394647,-0.317193084586927,-1.9791287998114473,-0.02336093426104166,1.2344929797780926,-1.4108465374301977,3.1356571148059946,-8.741208485061025,2.2040187695189957,-6.118650371104454,-1.3576907286689732,-3.3929404810489903,-3.568327874564026,3.734073550957435,-0.22304850324006387,-0.19286631569703153,1.7876192808026066,0.7461758871946845,0.3357375314490894,-0.5270814294795767,3.8400206181549152,-7.524713658891253,-4.017045645942482,-4.1902579776406625,3.4753849823585785,-1.583983156360318,-4.035849014378491,-0.8871495915879174,0.9991395001991153,-0.9146059881015645,1.4805557615225269,-2.032224170498255,-0.6762281495092669,2.7651687318615075,1.3075991043415303,3.087329112114991,-1.3934729438239715,-3.3522367853936075,-1.7753183419417673,-0.9672508575676856,-7.37191624939162,-6.886528583410102,-3.5135209109046563,5.523786414918648,-6.064067075471138,-5.999143091244395,-0.6767341356235805,4.0342980936154245,3.9076303990311096,0.9167507378828132,3.7670537193949363,-3.863471710001033,-1.9631048421046184,-4.4034684020051,-0.6960875747566659,-2.507339833638222,-0.1506681879813395,2.395547319266086,-2.489275902412668,4.836054242832748,0.586108110912334,-0.8590800900154878,2.160260193286936,-0.04111449616596593,-6.662992769419999,3.0306323491455567,1.3552507677366517,-5.164943702617181,0.5848499062208057,3.238539588057855,1.464310358975649,-2.612127447330415,6.013920948359255,0.5878089892357152,2.9373888864176276,4.928066364272004,-3.3687272984543735,0.30640007608937936,-4.211034986530987,5.211936430607637,7.61339283230088,-1.3740636602523184,0.25653514165708763,0.37868093979557466,0.6239783195194167,-4.464794611893885,-0.8002043461217844,2.2172465016007505,3.4106181319029902,1.0353501731236467,-2.719334893141691,-1.4013702156979502,-0.6810920713454263,-1.7306143176869375,-2.456561445879251,-0.43402411325913653,3.25588265993297,1.9471679037409533,3.753660677292899,2.0488561643115926,2.6614460831021094,-5.392485857081955,-6.856426919500266,1.7676547902431836,2.464444142947745,-2.358629968251096,6.419764512296765,4.252524322462819,-2.3708914910326913,8.264669243053278,2.4474354817004267,-0.7496819997240962,1.3590878874462282,2.1669272735677154,-0.36255448993092315,-4.010725606810443,-5.808416838983918,3.6318116143356516,-1.8689324695916945,2.1137418087478905,-3.741861465699506,-1.5091628525293668,3.3479872687547445,-4.8573691931113165,1.7947128832749695,0.10329626659928391,2.1307532321082734,1.5094848516506747,1.3945754204240768,4.808905402621414,5.145730266339553,-0.5778933008269418,-4.661358859773469,7.245955959519006,1.034043298176102,-2.5738275203725083,3.864932753898411,1.1525083751478866,1.0312446100991093,-3.0864523360482616,1.002414890725498,-5.045614177203577,5.062623114091797,-1.7398987987493537,-3.723702457141681,7.801906616918038,-5.406819760980631,-2.4778419984229134,6.368702635559762,1.4719239729412037,1.9967728544139585,1.6399509623110702,1.201303988192764,1.9448288535674287,3.5110678042674155,-6.503709304890038,-1.8095498621158652,7.950369732926806,-4.3025503915396,0.23077524209659311,-0.22799305699555955,-6.213323547287806,-6.833339072301538,4.873693477952376,-0.4423590124336486,5.804283334643608,-3.6776116244414614,2.187934022834728,5.791257541842972,-0.5396166146283923,1.6856960048739722,-0.10432787827585585,-3.0576754971900604,6.614951965846491,-0.8321505670683624,2.014306629815378,2.301459954236785,-0.02246363912707422,-3.1828880063417073,3.243575077987145,-6.406624083402279,-2.280750171885564,3.4897886008434087,-2.5202671120172906,1.492675103667231,-7.894228348474766,-2.7207846952585943,-4.362394965622484,5.081464895697872,-3.420267128514381,1.3961546925590116,-1.7235884648385769,-1.281124915436262,-2.444249371677002,0.6588079097718361,4.8290220861888,1.3691558459106843,-0.4011449763665812,-0.6944931005468363,-0.7601364485363714,1.1462530647135802,-0.45963472342321016,5.37879754331492,-1.313076054266476,1.183438636719618,-0.46858459034964434,3.7211521204413573,-3.1860576222523496,3.7719541544684208,0.4854555858955708,3.1185055588631947,-3.0191732076632447,2.846793792166212,-2.3481014558377296,-4.0879467731371255,-1.9732060817449093,3.586138850121696,0.2889390418293887,3.12938499861625,-1.6508556894823916,-2.1016362894401777,6.93113006807633,0.5093862674620042,3.0355767063173587,-4.848156412724972,3.064588338963286,-5.9915202394560705,-2.840646890554453,3.9350833586796203,2.2012968988540496,-4.777655407942819,-3.837390228712831,2.6683165892223677,2.852164051853628,-1.252139836231469,-2.017868226701568,-1.4818583794374716,-4.701449068453332,-1.6403234107307276,6.3699491651347735,-2.0424254559195463,-0.577653175077702,-2.750279858417922,5.203557641041631,4.973280285276418,-7.20209324514529,-2.994037948148074,4.1307936983989,3.809490963651177,1.2414894410081256,-3.7758572831489063,5.110349370652012,-3.3100460343465214,2.242398852787317,-1.1262974289256105,-1.9169830131582488,-3.7329617385865115,-2.0609531561164407,0.4196916027071196,3.6553267444722852,-2.6936693158156366,3.2561034504778728,-1.8562041305349846,2.1443446675572106,0.8945425647919665,0.6078998904793247,-1.886341842841675,1.849314022125019,-0.6691999049736409,-4.068290352963475,-1.2520242455854753,-0.9928878787306687,0.7952514460625901,-4.039513800380326,-0.14806715524906655,0.03562337401021021,0.7971521096889025,1.1533223408554434,-2.6910896987780104,-2.323504892775521,-1.4102825322132402,3.4557490980134373,7.103749210552962,-1.1690177668461375,3.2205512985139864,-3.4813597131857947,-0.03454840324272655,0.6005617193841746,4.217833721249107,-0.6954313539774024,-1.7828920542992888,-5.936494848109646,-4.112029147329789,0.7955161510154631,2.0086890319129656,-2.5820329595386835,5.004206364729884,-3.366148758973292,3.964260846593542,-1.5690581872858893,-0.8843833612897096,0.34088120729531984,-0.1586681512959796,-0.8887466573673081,-5.200451193967096,-2.8501581411357964,2.3239766142185343,-0.9370622631778239,2.1998091291958186,-3.40184363845978,7.347818418145144,2.0878025223198984,-2.1842050421732493,-3.388163092093895,-0.11812455694466022,-4.7538242542594,1.0080315430379578,2.532230967101174,0.529560289215292,-4.448429239913215,-6.915604582187935,0.18137946569939234,-4.3512659857877365,2.0286008894788035,-0.6875614752780956,1.2470786680469959,-4.899989868101741,-3.4236410467073597,0.9998304314765015,0.9382598402503779,4.906129944594057,1.183975814840147,-1.0301496633653726,-2.0455625476683275,-0.2982992571157594,-1.3443295880121604,-3.693758390964211,0.8220255695864033,1.907001778783216,0.0677223204544074,-6.20700445295204,0.22533508294469248,0.8332026199685685,-2.9179991312488083,2.588429615902322,-4.508376263025796,0.8609103032925861,3.335466987855913,1.7045307595193637,4.383281014167052,-0.618381878157073,0.7566713900633211,2.0872153865725616,-4.67990276041132,7.465465018401021,-1.8860367304476184,-1.6277097773399756,-3.5863276222049736,-0.45974667240224765,2.131037780104966,4.553717996638802,6.244930872827066,-1.1109464654770043,-1.2085781875097816,1.7451241001422464,-4.099708132230863,-1.4607684179401401,-4.7345251102714405,4.242029837617662,-2.4725858807189884,-2.0745076003308784,-4.496051678719102,-1.6669685624048953,2.1339387312350087,6.919669105931298,2.1565828502067337,-3.040662074723736,-1.086273338123305,1.4385628541052717,-1.2116163363312586,-2.0430002748792364,-0.8511134567249773,-1.9960984670644086,1.159461441395944,0.6702656453013339,-4.004783202778336,0.4213349226678587,-6.102883998777181,-3.5449942483878782,0.5656918111394892,1.4297827222539892,-2.601064594761295,-2.3707480476963414,-3.4389818272477246,5.403931834863648,-0.19818511402324615,-0.19611264855566088,-0.2533628274102968,1.461152652643631,-2.5569710972031228,-0.12338939024424408,4.707036593208542,-5.253119454472384,3.571597910913768,-0.945927519451927,5.146710094313175,3.2265735094583445,9.353659523153524,0.19415078977441885,2.451953713428873,3.0449615881882135,-1.487839763891498,-0.588760393699302,1.9127366456116999,0.6908661148246232,3.95587148362648,-1.8495172831944937,-1.0952095352481914,-0.43569095255318746,0.8500538317315366,-2.294197087826579,-4.347966087477688,7.43283350737246,-1.0988751139558177,-3.2682778341534897,-0.7549860131899874,3.590524679594261,2.069962296902716,-1.5416374177420444,1.9545239506321028,-2.8516262322699024,-5.280233963536848,2.706630716766389,0.17080184505388163,3.755726514977182,-0.8337702287966935,-0.7445161561507002,1.8917194859566617,-1.1844968872202168,6.048252862007256,5.200236375645732,0.48158375026660816,0.42921110076254987,1.4616997915239989,1.3163417726349447,-1.941792200281717,-3.629531565248808,-0.46977912920361997,-0.7975280557133705,1.9405294344186963,-2.9942499499520316,-1.864738712769351,-1.5241458436218305,3.209183786554665,-3.148970730821399,-5.347626081133087,0.687013848080815,-2.8676140169510624,2.286822002338981,-3.5157044098807892,-5.221886108284299,0.9411160081585218,2.9682972875298606,-2.768341720532397,-2.391141846140053,-1.4856467276388932,-5.007348860832374,-6.1514137335833725,0.1621338121624843,1.9165310764161416,-0.8104633225639932,3.220974263139159,8.26925704686483,-2.0330783082713433,-4.4237103925237236,3.372029125584879,5.407332861742284,-4.2389870161884655,1.8629575171080845,-2.381238555089184,1.2041497736541973,-4.3669734290551006,0.7677266925782705,3.7281133182802484,-1.9214794267083735,-1.2252796524980023,1.1284319108565453,-0.403737737114695,0.6212209109174882,1.2317622811008981,-3.0404668684316305,5.0875439693445275,-6.209131777233342,4.157098633518142,1.8653369589337554,-1.5740767488511074,-1.6083587404810842,2.580715836747882,-1.012991251230773,2.4968437630456557,1.1692273586375244,-4.79753446885021,0.5381744159484406,2.6798902040131747,-2.2338025018510543,0.590451847002331,-4.007259189814559,0.8511728142373116,-0.026948468178025604,-3.1090631698079356,-7.422417457669363,-1.6212092851614268,-3.109000436371579,-1.2695349492920853,-0.5838607893490442,-0.5184200184018966,-5.864213729189226,5.356106217657038,-1.2772516401544711,-2.9102460573681346,-0.8923878658736912,1.463559771736445,2.7889581866438085,-1.7209395963910417,-4.687717112397756,-1.032617866803709,0.7582077922433986,2.6637628139138463,-3.7411466157232725,-2.3678179267081827,3.129230940618243,1.737648914080894,-0.44098319597068747,-7.237773336543914,-4.059839270749658,-4.365393385605848,-1.7904255457352316,-4.293805028980727,1.1005265792260106,2.424215651200798,2.4547207158774276,0.8158407647959425,-0.751432364431157,-5.11977988866401,4.254549501800057,-0.18373592464716051,-3.236203820688813,-7.4065481167542,0.7640234037954122,4.232862265490053,4.365783292500153,-2.0846328513490175,-0.45589113971695056,2.622416365423963,1.4823153897510912,1.4802120055821257,-3.216771678942447,-0.1494198703011578,-3.5291170906623344,3.6080648319953843,4.846797554845869,0.7145961310933104,-0.15545189441774768,0.5833822135878846,0.7644230801906347,0.7641226712426523,4.015491925694137,-6.6376347813562155,-6.022958791150371,-0.40382650500567774,-1.3484156439473989,-0.7195316010510839,-4.023968424933546,-3.643874627358004,-1.4979884110940003,0.41786521276837324,-1.9467652952376986,6.243065226799792,3.134042497349076,0.7604829927864084,0.1811637348237034,-3.502105524797695,0.7774014751660875,1.4338165238830942,-2.3284730588227966,2.211617180080461,5.926132539444235,5.1230578960545765,-2.3968014620493463,1.714730879610875,1.2169875289826018,-1.169470557556066,4.477069767651058,5.3181555729475445,1.486870766043628,0.5276984092313235,-1.463363411386302,-0.04829849121233364,-4.9407484696523785,-3.8557360921296207,2.461439312507956,4.5888909039111265,2.82047030362465,1.0772263330480776,-1.0265311407028712,-5.025290261234538,-4.935737591598173,-4.447099208769599,-0.3686646204477731,-0.5470814832605293,-2.095224524953474,3.6292501444320346,1.153478961601078,2.6949594501371,2.9656097117596185,0.8318305904931307,-0.8742190422292268,-2.620978325484592,1.2785160057523992,7.172618315027191,4.089061153065098,0.030123821075810596,1.179769468433281,7.166905176368164,-6.357618214793104,8.82478251055768,-2.6241937266481847,-0.25463324215824795,6.408258052849738,4.118805659099725,-4.303363771212667,0.5442615342858976,1.5787576629526086,6.15463945841773,-1.8404465285966412,-1.0569723151550654,0.8943690724038525,2.6635707581937846,3.485688573823281,1.7064075967204877,4.0166263319617865,0.26495574365214464,-0.7700972603482207,-7.035186737978314,-1.355391874093515,-2.492193296508271,-4.191931496919287,0.2772610521404445,-0.8564943614740022,1.7032176713135745,2.4223812412578054,-3.116228947063078,2.5823848953171957,-4.81513188820917,0.5980176947549212,0.7502817310038316,0.05704598674354792,-0.7299388831763782,-1.1198982643657127,0.18055632475544117,0.41624669531695613,1.4823386138332226,4.342944276935259,-0.0365807229372838,-0.3705851619962587,-4.3577777751827735,1.1740683737303756,3.4647684591706267,1.4842335639055533,-1.2081214373953633,-0.9066258634023812,2.2480895241984724,-1.6703329901217217,-1.9774165130380172,3.2525836950096423,-1.924859244233614,2.1323487483004264,-0.08022570523843993,0.08376876288221893,2.042711183949965,-6.2189981961287675,4.198152045852719,-2.561824528127221,-0.6270564274556311,-5.827231781591671,1.7085449565138482,1.4909508584098807,-2.4374853771357987,2.0474332751323603,0.8798836808132304,-0.4115466658966864,1.0399460366632558,-0.975284129385209,-6.511815892629766,-1.4719086355679643,4.600961247046818,2.1650295239490522,-3.3445930604891085,0.840850083433265,3.2403287217784142,-5.77104146407479,2.9694687610927977,-1.869982153174791,1.0549123198776418,-4.513713240238351,5.48738161182373,-2.5760660648087974,-3.436132324172831,1.3441848722218426,-5.963325154293166,-2.053167694211443,1.0159910349301593,10.100195332891667,2.343477235522504,-1.2331809384405346,0.419176551079807,1.6830145733149526,3.4345217882065113,3.6276090444181563,-0.5147681918391601,1.5557157133300274,-1.181534043945927,-2.8463243069593536,1.7424622224944821,0.27413730908554534,-1.1015916845902483,3.2343748229685354,-6.364076069457015,3.6963283419471726,1.6458123951167885,-4.157813077115958,-3.0643253605336915,4.395477429143384,-3.265675874075927,3.3237118803918713,-0.12749516287748522,-2.4251240551115694,3.6852213457864074,-3.7428604256145594,0.23776112660864296,6.368791706937957,3.8832522114523025,-0.08479983183995614,0.27973674620929834,-1.980143783303635,-2.602160655827672,3.152132551372865,3.135692290735975,-0.5762895887832983,-3.197159102113565,3.236804867571873,-3.7517597627138866,2.4528422891071524,-2.3293275751157347,2.6754244022318927,4.302972749789049,0.7063672816672938,3.16524278349489,-2.7762448287602117,0.589392254983051,-3.7817745096639537,1.2885528100125967,-3.0063847322253463,0.7198871367025352,0.3395288710580505,3.064238105784198,6.0747106539136935,-3.455054687258818,-0.3823393672399653,1.5693141152405403,1.6399500972495633,-6.1081045751012235,4.787834075514659,5.3192178146579385,-0.6867530110184635,3.096765827963471,0.18664569890355226,1.7518114983520978,-0.09686911235025233,-1.4806223875508384,-2.4968381922440965,-4.555538801829669,-2.756813055090469,-3.546305176187762,2.4150521087625365,-0.379590487210811,1.0322734473404624,0.8188406951209061,-0.5683810575953574,1.4179039175957224,-4.812508007080225,1.4554535053746696,7.130180893026779,-0.2334086026584778,-2.4204252461863716,-1.9935029989084625,0.207080548833401,2.0299125167324266,-2.9921795484328877,-2.9526468704990214,3.085919272987215,2.6429557245650446,-2.479691829017609,-1.2504279427504357,-1.9165293455752834,-2.96167243559765,-4.713362653936055,-1.8670195802157468,1.9964330852992085,0.858520955537763,-2.115185519327523,2.876310088004635,-4.864473521735548,0.4620200912525755,2.195089702626214,8.329406988542475,2.372136393507665,-5.72514197358507,-1.77145939578022,-1.3875625304371098,-1.6447327060369998,3.5651343756283014,0.1066541556041682,2.1722714394028815,1.5838434885838941,7.335963944346151,-3.5218488323114716,-3.2586089340486444,-7.629864504958617,-4.589057119383057,-3.0039445015988853,-4.7906046512345295,0.28550306299592954,-8.771112630030775,2.072128581223129,0.9659103316394692,-0.10301636383163142,-1.8957916161371609,0.447108679372857,4.316340377001735,0.7233118906028821,5.360331986234964,-2.509043521250457,0.3388404333321646,0.8607160455796411,0.28551188285522444,-8.46948941486532,-3.2074722769781894,-0.170301426233623,2.1548754265597996,-0.786966815102855,0.4830882054474971,0.5192531657516842,-2.380509865198243,-2.5042318928231517,3.1041664892706544,1.5269143839080566,2.3151117778367443,9.458743182044106,-1.7152898104838004,-4.706623622593998,5.16759209919617,-1.3239421792285746,-3.6978174545114064,2.371713636861257,-0.03455887636653401,-2.224675699701258,-0.10214913953807514,-4.100051889746268,-8.098433214247747,-0.8476893890996348,2.566740061443866,-1.127640876617716,1.7006631534115455,-2.2959994845953697,0.7092808102234313,-0.00514360651174302,-0.7457253599016324,3.6560103556714996,-4.104642252705158,0.978997645839594,-2.156985385199733,-0.06170885871301744,-2.1574882622994425,-1.5175028802733304,0.6101081698174786,-0.1990916166009104,2.8776871165939046,0.2739600606614554,-3.6436574662851458,0.9791402823060961,-1.1203691849925497,-2.1147650507903815,4.943524634863826,-0.7750268421701318,2.022571713890752,-0.257583175629972,0.6323513240323697,-1.5752170761359015,1.5179907105397124,-1.6513093967575523,-2.703445035736052,-1.924159307492656,1.2824440628225546,1.0492039805689153,0.8447416520793316,0.7556050185183152,1.685401210403679,-0.5228857734273553,-0.8660072694588096,1.9621955156971835,3.8448427958823457,2.2642044715850473,-3.4437721968472164,1.8679707916619448,0.2371439269698426,1.8189517776707103,-7.298547938265578,-4.493333437831578,0.35540677999810855,0.5955230522556392,6.685200898371162,3.5008085056511558,-4.595246959092957,2.976694448400864,0.5943368232983587,4.956519669714174,3.1090349231157375,-1.847556037554301,1.556776020680727,0.36179364578920303,1.9226793677276857,0.718196532891875,1.6666125721300546,-1.0193069325433906,1.7364984141316022,2.3965299821023236,-2.185577801846224,2.6601566455412335,-9.124487139520104;-0.8095706661486586,-0.4949592099079362,-4.108715883070304,-2.4558287652725115,0.9323597901014458,1.0123059605911113,3.4861417873136573,0.9589735411205375,-0.3169031043172322,2.269653019157464,-1.0258438405505388,-3.0729980688128724,3.3691079602893432,0.44100163532433123,1.8697142156568614,-0.6227410322004194;36.1603396896701,0.5989668169375227,-37.162539166507266,-24.182037528843388,11.058493301884996,16.64891940889308,12.09146291459935,1.3092695222609418,-10.272221515699657,4.834073288598141,5.067907130221954,-24.07547127765363,-2.6456814860329683,-19.781880381750632,-13.18536676659823,37.973258018414185,-12.55748632572399,-2.0791046755859894,15.471853841554372,15.690734726916396,2.4069537317264467,8.86600696820566,24.652557900244606,-19.11452852046326,-1.6991316893713255,-13.933894417908888,8.328564502806529,-7.937894185181072,-2.427234730041287,7.0950737130257036,3.445876660130453,-1.3892390485121981,-19.642904489440927,7.128783266965497,10.595209344158937,-14.541161006445924,1.0119132476933848,-4.358218820515717,29.021161562010725,6.030563532467821,-3.5771279434733048,-12.200833631478014,30.232712272235165,32.61076951082452,-13.36919009779345,-14.759244511946429,13.543585202612448,-3.4858065405070597,-1.549984849888218,17.43861535461173,-26.76303520470481,-16.607363025815054,-5.855309372702671,5.919250215688799,-1.0351004471765664,-5.150572074590364,-6.4928169439967665,-3.1347981896205956,-21.06437107307362,14.602957822706728,-20.826921031629787,7.1990703895014905,-4.981002081670089,-2.389441617829241,7.483144562313094,-25.227560777041393,6.85921664606163,-1.6072564168666772,28.729765906382728,-5.040795841923509,26.266972202418785,17.84944341881979,7.567850426858258,8.915306376278487,5.634178454106578,-10.786669570915045,-10.804649766432913,3.1100048258925064,34.28717259704138,-25.742331146686745,-22.629609898194094,-12.966900787537401,-5.055832602686338,-10.738591771669604,33.58125789024621,-5.119248031994704,-13.298336473402907,-1.5161785044902953,-4.0150510691755,-32.30039592696301,-19.64715975015842,-4.384314969536065,12.785810628171905,-5.18990387285155,-13.230082878049846,27.843589519822224,-18.18246241996394,-42.56724405131977,-0.4985491634918258,-8.29878201363949,-6.1021265907471465,-28.951754882403996,6.053096378663622,-5.140737501377951,17.344852671178003,-16.078741268384203,-2.736823423297234,18.99826231142652,-19.802657923663478,3.5617979977682688,-17.356411618839985,-3.234092897463579,-1.879051421522929,15.41572257268051,2.7607388853285206,13.751629528596418,19.71384612731861,12.927165167510257,8.74073486481988,-29.17665899378715,18.695302109296883,12.086360868714856,1.2197001907921132,0.6400274395277541,-11.505380220791327,-12.632581836283647,4.603211992326526,10.99860040946954,16.61189376419126,4.785254391533499,-1.8002310383718043,6.716714532239828,-22.004770811562523,-6.37209210255446,8.655081716758632,-6.166204777359512,-16.81605400373385,-29.609163271390837,-32.81051976242594,8.184506060478482,-19.573145233208546,-10.754515475986432,-6.0464554492428135,9.358288837191054,-19.927067874108857,14.900251743695975,12.203037464066188,9.401371979843557,3.0371278870649934,-3.6586637320608904,4.4878975496415014,9.356540960050033,21.04903500751033,6.865593968118904,-27.180882825165746,-2.809259056607505,8.539093394611385,-10.282079507948412,11.672931069739743,-19.446687561828426;-11.037419729174067,10.478949474727766,-5.357827538783095,0.05702852230230537,4.992905428897559,3.697821187099172,-0.0620941420789764,-0.796422286363498,-0.23510408493345614,7.024804277022829"
10,2.4930747008214293,"1.9043735287665458,3.349500905747483,-0.733555450954176,-2.805278147348924,-4.890449731063491,1.0399835420400965,3.0374708604025695,-4.988059764296421,-7.070727166500588,-1.0059147726921844,-4.069382996159573,-4.13388687688026,-2.7090092362101617,-4.827739484780362,10.018792844725056,0.030696558021518716,-3.10830278098308,-6.721048585625952,-2.4385054631155625,-1.8883513485723171,-3.30604296796366,2.4994959994839387,-0.509758094368154,-2.592492164032654,-1.6632379844551362,-9.03167887072939,-3.3917147746002723,-3.3532992934794317,-2.4976756150245167,-3.827665048582956,-4.301346216051659,-4.224760287702492,3.457993161727467,-1.9546634609963034,1.4766820824925508,-11.068849811194035,2.365559030307017,0.06822349056430144,-6.256217625156738,5.73852490388931,1.229844829081767,1.9952266209867524,-0.09706108363405797,-3.196961295850375,-0.5130985876635368,2.017583755576964,3.683337722497482,-0.8270777558749957,-7.036041188716028,-1.906894261469917,-1.77214428463114,-5.4382937308016706,2.299657001970137,-2.8739623996035895,0.007413941381905778,-4.396149618607902,0.7550674272911925,4.618943577950963,-6.81554515458728,2.318305441873559,4.936674916057272,1.6792032497006237,-11.290194800427585,2.6387136080285707,2.257158011622769,1.4400905724375521,3.219361739671295,-5.2741633954496985,2.927547793231517,3.7802258492151015,3.455777781553293,1.690429556059285,1.5416218269241293,2.6265841205078715,-0.0595287628182935,4.320406608853451,-2.3521854764665617,-0.6172891788398389,-2.3932116496682734,1.6399897192907846,5.639525353792698,3.637101107361144,7.114687083443487,1.791662097975524,-1.8868213053374576,2.4254854247903617,-3.473433359717526,-3.0497517790837207,4.446504453939691,-4.137822766875214,1.087623739921561,-2.7160103701823908,-1.687376750441651,1.959081112770781,0.756318166239571,5.8386452327693865,-1.3250671841963977,1.2188075631899715,0.551873652472805,5.954502313342958,5.816682099079006,-1.1310302799464538,3.1400995185554943,1.6766719607378402,-4.414186356396785,-3.12213443872762,1.5812957376116719,1.1373609916399054,0.4828932153297466,1.5892163163986257,6.283984217155664,1.3051978417615833,-0.6068931631776476,4.45596956131717,0.9465920619395051,10.240219990207205,-0.7719131843988071,-1.0738095500949765,-0.7496057766280994,1.6767538501742552,-1.8441060838696959,4.290801669269232,-1.4066821749200837,-0.024801247607957717,-2.714304100392097,-7.6483721556288895,-1.1566494726910626,6.339263592609896,4.302081387593702,5.872065348894061,0.1733003687739147,3.470736885725665,-2.3138936531394805,-0.4151990145125386,-2.0528327457222617,0.79580473558209,-6.806937100260587,-4.308004184306821,-8.586774938568123,0.8596079429728527,-2.5363296899960384,0.25697312606018247,4.829780409982883,2.9446719894539726,3.3220785988230577,-3.8700507836801767,-3.4191532981795967,7.018399417774179,-5.160731504801431,-10.397809953278347,-8.815106659993631,-0.6552524465942586,1.0262719715299944,3.4733421011465646,3.335130832011259,-2.374977431914644,-1.7046302721320314,3.8347454716151272,4.209023969828174,2.2770350609026497,-2.0636153295812387,-0.3679221283317568,-2.5388803122429913,-4.367307074520196,-3.749178113997592,4.9864551734001035,-3.348328060172622,-2.274593228161695,0.5959485331891392,3.1172403888621356,1.567269084583108,1.075450769661491,4.695766586771407,1.486151735026329,-1.180555132224886,-5.263559004703318,1.54230982626523,-2.5164325196287143,-0.11494837805284924,3.509293947824271,4.087402345601482,7.031283540583564,-2.208065127656407,1.1352960725372823,3.0504843392717853,-1.1344697796319085,1.830964752134151,1.6889562945848104,2.970762161922205,9.039784944406907,1.2608476227753616,1.9107827686877812,-2.040750097628448,-9.357690650823423,0.5265966068924957,-2.081036517706453,-0.6027225410120839,0.2840045250803831,-3.1773892828735653,-1.2675786986928053,-0.32005741669174226,-6.740938276690285,-2.6791457725222183,6.455510079459975,10.121664499408537,3.988614069315056,-1.5898757462860127,0.5146859659770385,-1.6824829364591447,2.466636223935522,-0.4923858591057014,1.2692909721824628,-1.4333295622966051,-0.7009367397649218,-2.3879682570278296,0.18464508783954747,1.4424373717684342,-1.5101516916243063,3.7891575391802137,-10.984065517446275,2.710971739984932,-7.018809545384889,-1.6484395969967705,-3.7763341840358016,-4.575156142943216,4.276816888793513,0.02272305068313929,-0.09725679724288529,2.547667375725853,0.6624899474656433,0.3308893098195922,-0.5203046947218161,4.808425820831272,-9.037032498298528,-4.737743193267301,-5.425618092749479,4.7946789805339485,-1.9213463647039848,-5.041315012995486,-1.2957790587751847,1.1112636414735968,-1.3796439309325965,1.7150825472552227,-2.5738777060992604,-0.5662758385279928,3.0309581410519835,1.7656908273967669,3.816006901484646,-2.009272225534971,-3.857296827414501,-1.8736174448494722,-1.2903410214635909,-9.381703542555726,-9.055980949659265,-3.677940985128342,6.72987895161876,-7.378672109160032,-7.1611545595572474,-0.9396085382899058,4.694826350608691,4.749282873171536,0.9942095591285646,5.203342766447902,-3.8504511314503014,-2.674333595412965,-4.673416737720201,-1.5410865137655183,-2.7856815553340146,-0.1480691789549026,3.363586160309157,-3.0350437306805857,6.343529152551881,0.46698589273191426,-0.9322360876988299,2.651373001245784,-0.30958772511291044,-7.778966763242668,3.9690214419473273,1.9158351308377157,-6.298632180868979,0.2877328551570162,3.8756404229726122,1.047732854963079,-2.8850484456875116,6.8008292885906645,1.1065749659966555,3.8694902744988076,5.872414063262985,-4.163682370805756,0.8255395958439746,-4.900787414668347,6.353939385407942,9.332465105097972,-1.9221309795738355,0.4783300091963877,0.9460577539632916,0.8515169796007329,-5.651127964509304,-1.5869122292603333,2.4497704042243873,4.2017936161888905,1.2168135848557455,-3.334576917556994,-1.4528157741333323,-0.7222694850569192,-2.24705631886202,-3.4612013556875008,-0.42578335429049075,3.9204042658216505,2.779803779106445,4.594073512999555,2.750872043063513,3.144295776334852,-6.880049187733427,-8.34546455012351,1.930738982038029,2.6272900774510832,-2.5237548366627798,7.513769363877972,5.039427799123335,-3.13918915636777,9.829114219466224,3.1777456943931783,-1.3714463360734441,1.510779478731692,2.7015178428105666,-0.268552904778919,-5.172537409840848,-7.155676273338932,4.163523804949721,-1.9640867279410892,3.145314677065292,-4.589669257257314,-1.5400883014264444,3.4892960951545784,-6.01623834998585,2.8385409555236434,0.3363556996833957,2.739007155872394,1.7762461970221435,2.4652008504582827,5.808823672670808,6.128438319846818,-0.6133793740805973,-5.672457165465487,8.32150631021536,1.2977154715645012,-2.4669746103937618,4.936613165441829,1.5727282690860642,1.06825432379865,-4.02645516980453,1.0908736394622884,-5.814294919785431,6.6071918311378806,-1.8665271029185913,-4.275190336052058,9.660001888631763,-6.593505559503177,-2.860224515301585,7.200405466805352,1.3628384741326613,2.5619105919028637,1.9205018988621199,1.1963157505746986,2.570183824803701,4.042573836083383,-7.542821793280914,-2.264309666716392,10.198509956802525,-5.261469945883459,-0.19742076041302126,-0.4445617877439405,-7.639117104793944,-8.448687222976373,6.071759641430104,-0.7757819434964122,6.818723821093152,-5.0307606371669,3.0224591473160007,7.113277194139213,-0.7200334595663008,2.873722423038197,-0.13225456616393585,-3.0547247439937144,7.588097618874917,-1.209790274553992,2.366494594110483,2.588106937237986,0.18869549428227267,-3.645565123917635,3.9649279696291497,-6.986613185398921,-3.2190296889951373,3.955815477606409,-3.1875099948859256,2.135247897386125,-10.04853776252319,-3.2062297035238947,-5.941758091563569,6.215173365018615,-3.3090258718507495,1.459536857982308,-1.9774921730502752,-1.5336115947107607,-2.5889088796563255,1.1374132127319414,5.804143836222723,1.8549363328677013,-0.45740110310379745,-0.9202848724405023,-0.7941572444705374,1.3558344298005878,-0.778079438016585,6.214790347025506,-1.9302418495413858,1.2028087850349074,-0.1917578327050592,4.13564697729809,-3.6803478888446897,4.074670924454554,0.42639089421066256,4.124812941546051,-3.6655735995886958,3.1696414365686123,-3.5304762518685284,-4.863889479999833,-2.9050670681342474,4.408822900034383,0.5565244903899726,4.264225191487096,-1.4055633156776766,-2.3384585651025565,8.62326307806369,0.23082782441663968,3.695863212005289,-6.110328807328298,3.6933243589713407,-6.7367565121325885,-3.3438044304859282,4.265289902452449,2.53132111599882,-5.622445003032728,-4.799854774746937,2.8914233059214745,3.5568946461717954,-1.5371282668300121,-2.4211248977832653,-1.6730847325545528,-5.44693512901294,-1.3127126586600397,7.001223349510281,-2.562872481370809,-0.4922027169892592,-3.2261240034389105,6.257227148381103,6.248858246527275,-8.398525660753805,-3.3354657271318295,4.727466053043226,3.8892576021405514,1.7064100272401461,-3.8497775308370117,5.678095392429777,-4.134886755621876,2.649773547651594,-1.8988773438256148,-2.6475231074968066,-4.049846478613108,-2.1525891713890046,0.31330316628410176,5.026344014375762,-2.9904875235660877,3.4512746836859933,-2.266244879042272,2.8582623623012964,1.5018894286698181,0.4891109165426205,-3.149495632101222,2.04519979283068,-0.396887842670903,-4.574464383591867,-1.3321963471947862,-1.2053558332841385,0.9679530227008047,-4.452129381733603,0.10803410887749698,0.5760687949210997,0.590153310292478,1.842678499376408,-2.8217949417769193,-3.0800858383817076,-1.3124519795849956,4.196108275939265,8.31471589874572,-1.444024341486673,4.073305974730139,-3.8655466947179242,0.04196666428396914,1.148125547557378,4.88306878943029,-1.097236968406851,-1.969180683533036,-7.370929146559028,-5.008006463989097,0.7651382526981617,2.653093926074319,-2.9682334259197547,6.181534413714279,-4.150512354178558,4.89719286679666,-1.937030703376617,-1.3377844584500287,0.6450513648863487,-0.2673311952187547,-1.1378626741102937,-6.202685478249415,-3.1185205147148456,3.46219527042292,-0.8883701219339362,2.7161634306144906,-3.2894738184758285,8.607849311870233,2.4074061700389233,-2.1615609455781217,-3.94301879821453,0.4983562249160445,-6.192317051978049,1.542900965692112,3.4132028814604665,0.3481207857085049,-5.064406934222128,-8.292901778491913,0.3229747518754859,-5.141767310281647,2.7526896479023986,-0.6622321329889296,1.4797175967310112,-6.050232434250473,-4.131507866793862,0.7572651469101157,1.0949635510274194,5.829253862694394,1.3646006165862454,-0.688013927887631,-2.546142259511753,-0.7541798477693583,-1.4164732116812868,-4.489245562979722,1.4531321238872064,2.3284094674947893,-0.21560112554522953,-7.32454901651678,0.22720343473561824,0.8930731970570418,-2.811986066911677,3.3397529067993017,-5.770882363410037,1.0022710230683245,4.17182186726652,1.8480709630090688,4.748338558776342,-0.7936235822257137,0.5690092283891401,2.3995390159817465,-5.790991795992133,9.157437858659273,-2.168108325931639,-1.7433411281721345,-4.383062345998371,-0.794275500373175,2.274712253077317,5.3716766858035925,8.146718829321308,-1.4937223000064663,-0.8710246450641963,1.1589839894430836,-5.195345934471339,-1.6488206096695377,-5.852591801641639,4.8219599102968225,-2.7016800542829005,-3.3753730919852445,-5.624097819358017,-2.097570728238981,2.3485570663213284,8.750735943987667,2.144462069828095,-4.419812327633868,-1.5164556832400413,1.8808870556189037,-0.8065978157998821,-2.7689862489804105,-1.0572450028182114,-2.4778611857663986,1.5278816743357602,1.1687334484327332,-5.063391766236947,0.9550320625768467,-7.198519937327649,-4.182001983866313,0.8862069389014606,1.5979557899408867,-3.385416984346811,-2.372967207868814,-4.365163350479225,6.921806497566784,-0.17164925596203523,0.5370998791726931,-0.9700127280160535,1.874671214608004,-2.8029570525053753,-0.5681766187880096,5.923766999121769,-6.934014270195913,4.374450980305018,-1.6885298760407559,5.883831127051561,3.2613809086212315,11.62122464314913,0.28004659363457346,2.8998182907792707,3.4008879868267057,-2.2175554294864948,-0.848403848739376,2.761226945611503,1.0537904439624282,4.836430483337668,-2.4445451484323932,-1.6740864485726192,-0.34708665773078523,0.7447103364295672,-2.844862655225802,-5.623121834970529,8.953766535983704,-1.008758780297135,-4.2898101748050745,-0.809905302219042,4.7207735097216315,2.7848533859366396,-1.9896168437155137,2.0959166018770183,-3.8184914042816995,-6.585175440191497,2.8938476327101648,0.6691068153592943,5.359091556174279,-0.9354389350420731,-0.774746827469654,1.897181340494429,-1.9591813631096784,6.774888465856401,6.315414964423015,0.928414923381596,0.09241631767412917,2.119872438880417,1.1146052881006574,-2.0323036081733346,-4.3419557876429105,-0.3944707578468991,-0.5091200091970112,2.0984667567882727,-3.6378409875926456,-2.4411087643337206,-2.0169209926465306,3.4954894305987967,-3.7090234340619954,-6.51968572117946,1.4138491478462005,-3.9721615655344684,2.6493691480165102,-3.5589075753650863,-6.513386491039815,1.0440979378260773,3.694594583151518,-3.226504313519445,-2.476232387109878,-2.2027856998057618,-5.718064108580966,-7.733751605115066,0.08267795640023183,2.518705313326698,-0.9198995458735202,3.9148145408951347,10.187376485782803,-2.3511925204525777,-5.317215635860496,4.276018900706406,6.579826561300322,-4.965824639394703,2.389688920301965,-3.0298939817909525,1.7306681133810962,-5.305160312052077,0.8461049889477525,4.72889293238932,-2.379915575069866,-0.7346236345139864,1.4437472757255505,-0.34217896852631857,0.8095629224812371,0.9266018668163365,-3.486319050620275,6.138124748669764,-7.215930597147226,4.386037564945167,2.2477240414671233,-2.107450757861525,-1.5984444695870164,2.683884611626992,-1.1505265070232016,3.059129286929609,1.4452519903679895,-5.775678968868968,0.7298674997993125,2.8815924543172113,-2.996777229578274,0.3878882313873817,-4.980384607614345,1.588116590612488,-0.07933732116689067,-3.2925153303204215,-8.330161516170953,-2.0062577445948517,-3.540084556284091,-1.5170387492630122,-0.7115767191123404,-0.7470263294819246,-7.1931867535119185,6.626937583317802,-1.160894977997085,-2.8243248632831803,-0.6875228302441907,1.9231745662418696,3.13434087713741,-1.9190855403423135,-5.891825971750312,-1.13314703504756,0.7691796744425872,3.1408079775436795,-4.104972628178171,-2.5612265665814,3.8678170316772267,2.2705630205721645,-0.8191415749417592,-8.577502561183174,-4.883225753179538,-5.053776035026335,-1.544354699386859,-4.898626771909336,1.1273541761731718,3.0178594537360106,2.9940878864554437,0.44541309264443496,-0.45287828195671453,-6.874880126179875,4.835027420370626,-0.28267229872787913,-3.808541201020764,-8.961795054675775,0.549003777476005,5.133602705210741,4.8183822955623805,-2.685812064268914,-1.0822702494155951,3.510472891743268,1.4275032964258692,1.3754838928226285,-3.9718182593162163,0.05245904504899529,-4.235775844296855,4.510869372333496,5.291888786590574,0.690506181451149,-0.20331204817978057,0.9348749427814873,1.1377104234116362,0.9840412289793634,5.330119097409262,-8.354743015144436,-7.651267068225778,-0.1607319714649944,-0.9908611639395946,-0.4579844046378449,-4.9092643609835935,-4.8247886391258,-1.9528855286707363,0.30356263080514745,-2.5444539664031067,7.985013593352658,3.7369187670027983,1.0369365408976972,0.44624853385966445,-3.552531612086611,1.2855586260834078,1.4897472638145801,-2.7914388739557614,2.611435301069825,6.931421277319475,6.471668631925461,-3.45198673717854,2.1756704884480613,1.173872202871777,-1.550584561861037,5.129869114032497,6.598004240702818,1.6125278945100534,1.1045018293756392,-2.064534533455932,0.07949607914964045,-6.077910130730427,-4.868104923075238,2.784588652935308,5.964752117997745,3.125495512641316,1.5800123208657744,-1.7085613532549113,-5.721934768003981,-5.734103750555747,-5.870638773248049,-0.17264645522706948,-0.833889900606382,-3.216643473379419,4.186634507507571,1.3278661530369171,3.138018929937007,3.3935534920074555,0.800999546843317,-0.9494154555218657,-2.934585515711591,1.5222083063507286,8.553013651764113,4.844172507822018,0.28918192315445984,0.8112219715705793,8.355865909216599,-8.087256320369969,11.057075355833293,-3.6060627016676405,-0.2074325526757862,7.696823349910645,4.461461668897586,-5.27013592852542,0.9359183524808283,1.597745476518944,7.612295619558612,-2.3933107058577643,-1.6494359359076052,0.8469892716286294,3.4233256411383115,3.9277465373235785,1.7263646291174777,4.536193784311513,0.5730422289012673,-1.021005028762345,-8.54220895553608,-1.3134120039634471,-2.788636802328217,-4.9589947266428664,-0.17993434916458095,-1.346114566091789,2.467460338205144,2.880584162935418,-3.956397195513567,3.1875140134605378,-6.126978243958931,0.08012488568534559,1.1962673831308497,0.009763333084745807,-1.206416019064016,-1.4876376134912188,-0.0038842470385500594,0.6463964773141151,1.9551087182825926,5.196803717364698,-0.07499799542262431,-0.45234567627045497,-5.327834597038214,1.6333408586946376,3.524613329723388,1.5927960612451093,-1.5460590353008365,-0.9404181631355498,2.425837478708958,-1.750175695713256,-2.399130502514349,3.829560238957524,-2.0282181252409477,2.389512290097718,-0.4413198675081868,-0.5419903830604622,2.14029906728287,-7.5993955761656204,4.468632769544439,-3.5137219418753896,-0.849732836863338,-6.986954786086768,2.0888422680542913,1.7108976641271512,-2.8347193029365076,2.610447380619039,1.3805372703399206,-0.19308309958201203,1.1687089338490588,-1.0865557359217901,-8.075093947744017,-1.426442564455085,5.50224873803777,2.0940979443328764,-4.307287309276941,0.9772395567821957,4.11146530272465,-6.876786641367197,3.4166321646837656,-2.8810449816662556,1.0135505402552563,-6.006589907232349,6.6606355183277834,-2.730242069604985,-4.298116079398046,0.7439761538428727,-6.7683722120170575,-2.3040388702233034,1.5359275658577713,11.653375064504694,2.9312809916385714,-1.5624168226892992,0.6586129210654943,0.9056228451046561,4.1347720540693835,4.103908351046012,-1.1935337453494326,2.447191882072554,-0.883574898205522,-3.533373698817761,2.103163771455372,0.28916392023216536,-1.7362838097984286,3.5446557736506845,-7.532002387561081,4.838270676344886,1.781040442108824,-5.541671707408846,-3.8975717979545315,5.171297750466233,-3.8593756307814617,4.43505548048931,0.19267776311610396,-2.9423854472217923,4.090408507818688,-4.019413802734604,0.537409272535246,8.187203526234812,4.473269197227516,-0.2863681415728171,-0.11662366413557101,-2.494171950847112,-3.1804337133395695,3.449279674514359,3.757495476750066,-0.6919711898982585,-4.337680827023437,3.8472838974448558,-4.729137557240273,2.911999446566367,-2.6260908938382252,4.008139646287171,5.327736717022154,1.1042083546161505,4.064095323524343,-3.0612892681498276,0.9790460642968126,-4.692838793192184,1.9860378241364816,-3.386691164169436,1.3399943078461483,0.5990068614165118,4.31596184273255,7.4219662680268,-4.439979158513971,-0.7064808965811189,1.7752632041624732,2.14036705616928,-7.1035785789872055,5.656383007364352,6.853985638048574,-1.2338874953365986,3.573142433401096,-0.3466783719320148,2.143908460526167,-0.2245980349584343,-1.2460536019323958,-2.703876111112677,-5.118802189016943,-3.5127426236329162,-4.2746246716301,2.858378495138018,-0.7112430208677512,1.5966678255634885,0.6705339401651507,-1.0612426604949396,1.362330487604305,-5.557243378286526,1.95386256576667,8.253947822567078,-0.4563123823548169,-3.600585251603867,-2.4799380847902315,-0.14515997414874832,2.1951845625105912,-4.1524850372885025,-3.534756764513264,2.874610747565113,3.2722850576929017,-3.084945047995544,-2.017580137939762,-1.9107879251423963,-3.270747275459502,-5.556962547906913,-2.059686238986261,1.8429273160618118,0.9760408721425574,-2.9761879198834515,2.548320252616734,-6.468152464915929,0.41119586230412675,2.5477628731837436,10.038141343057973,2.608280307743442,-6.723197619956418,-2.0169256863991114,-1.2833790203082514,-1.9926200300990684,3.7757191322595807,0.5980400632599248,2.564301339532552,2.3027888001002204,9.462630948289238,-4.392444102829996,-4.171453738092991,-9.973277850414934,-5.526530717652763,-3.840776439432336,-5.598601944338604,0.3686885866088386,-10.581723171728505,2.6098465672096127,1.5656334801271523,-0.3357572625916152,-2.8706650547666204,0.7697794793149478,4.8695358894659995,0.4405192468503825,6.244193486758922,-3.359463743463686,0.5948897717032349,1.428410980535706,-0.41501301296417414,-10.042149713909186,-3.8681489784124636,-0.31927992549994555,3.1788434242344334,-1.29249478278898,1.270988315491815,0.6520659848957058,-2.6827815300130484,-2.1386262486407315,3.5054067859995306,1.6336256380794187,2.8623811849845504,11.335099899446737,-2.4467243057840684,-5.351289103599775,6.747660281331261,-2.0936300602071367,-4.335449825856106,3.0188639136388384,0.2308732078194446,-2.603619789178383,0.1440012213822444,-4.628069499243178,-9.834467939982012,-0.8238059431769922,2.7545497505334935,-1.5355054155708607,1.7592463069963722,-3.094860724453072,0.7619424906687132,-0.028975480850952428,-0.87615646138763,4.68080251713556,-5.034158791165339,0.9200519872580388,-2.4840342205110986,-0.5502628986056403,-2.3901690245306364,-1.5671198159755697,1.2561533008124859,0.05266988472446882,3.2149685384025193,0.3967503346373814,-3.6177910809952056,1.5040176990332879,-0.88937168835,-2.918062079220594,5.975194812550443,-0.7406010090447703,2.770231920158505,-0.26754100751761806,0.29090819656569783,-1.8626506416250082,1.6666057600197268,-2.3670956400046115,-3.5504810154618385,-2.4091519175282228,1.1977441308054853,0.7822552998985868,1.5187800138556398,0.6476256123582529,1.9677494273954133,-0.5958213102295853,-1.290544755201614,2.242347964343393,4.974218105041702,2.601670662703431,-3.3473812683946167,2.6270802999003933,0.7219455289395844,2.0448213836075473,-8.393546987396952,-4.972903405004746,0.7713416891426447,0.6237683724604678,7.863160014766004,3.906233161569558,-6.014986370918883,3.296477843184142,1.1745275576880494,5.694249725032306,4.305403781284419,-2.133612996152446,1.6703509393001175,0.49626549573088,2.9814388291446488,1.4461842421554003,1.5642753562468739,-1.1083609311342688,2.4145157820125505,2.424461808511407,-2.574478667295349,3.544993797110023,-10.432294035339778;-0.7014015407997376,-0.4083835560653319,-3.794453259509142,-2.134192293919388,0.8203968582993313,0.9683898316578787,3.2657371560715998,1.0408874851493517,-0.25892757996677385,1.9278031944609375,-0.857392310866359,-2.8378243550218776,3.122192141627859,0.3835916116938022,1.7925429075963994,-0.6356448126454235;39.05702749722451,0.7698120564757575,-40.49485726516241,-26.5302258004675,11.858457146244707,18.087977537326907,12.995776816480365,1.6325927323915068,-11.088890367921291,5.352845184198077,5.127831841897808,-26.131348848851488,-2.767850791227515,-21.301401906102374,-14.337498057679467,41.24699175367881,-13.814154930549277,-2.319115285576509,17.008287464382967,17.111482091644383,2.454097422582738,9.654079021602785,26.682582429442224,-20.787640562090083,-1.6716593754553783,-15.10481702511483,9.1754667826689,-8.567166401337364,-2.697665104178272,7.631690330888167,4.080245058860216,-1.38911467796999,-21.253896313428402,7.774600409829389,11.432030744991787,-15.692279065062113,0.8825296000390391,-4.936567983460557,31.386197221687738,6.639696362337855,-3.8390663251777384,-13.205195712903274,32.86611471445092,35.51821113442125,-14.432328695199551,-16.065796112717962,14.822798059736542,-3.806404168009683,-1.8444284719296413,18.77039207036,-28.992444112421715,-17.98940410811226,-6.246674174111448,6.68525550969961,-1.1426892930538692,-5.7279972458559865,-7.0187654040023375,-3.6124847307241974,-22.95861715097236,15.821634227879679,-22.762421169758813,7.8317043725226405,-5.216374868949882,-2.948818228622591,8.053329967791615,-27.347931409543644,7.550904669490662,-1.9022895401497775,31.22721870189945,-5.65840436100757,28.62992866345186,19.30484914474314,8.015198149607105,9.83441102048732,6.315307615237495,-11.78645012802241,-11.493859448535515,3.408446325511573,37.29550973363761,-28.12599016028043,-24.523673907051965,-14.235587889264721,-5.395887721835799,-11.775551511354871,36.06813411703553,-5.406445662648204,-14.424708480142545,-2.124078568388746,-4.25421935347816,-35.101094596185014,-21.47273850455156,-4.725767959291879,14.223120640730066,-5.82130023245705,-14.119778382266627,30.2144349830513,-19.94783378615648,-46.15690408401751,-0.4775229028690647,-9.146991185403763,-6.50816164984393,-31.241713294830838,6.63207942479503,-5.435707839843472,18.981009037424812,-17.56060867793094,-3.020817019035541,20.629110438924027,-21.277350264488714,3.84504100514449,-19.00357058493844,-3.4755505348654823,-2.114624252995544,16.674758489380462,2.9145701264307458,14.967892304323627,21.455449297270764,14.083212802219958,9.390357557820144,-31.923274495277674,20.393881636493038,12.966274114933656,1.3565873079233015,0.7725373032130027,-12.698285547115104,-13.794664234775734,5.191667705021942,12.03573970032831,17.902911050202647,5.257497381603884,-1.756172564876331,7.469746682148844,-24.05233626563042,-7.0180126244198116,9.432527621870912,-7.115086775902421,-18.37893851725778,-32.119056463459316,-35.48522897301619,8.96284066729616,-21.23589978811515,-11.65444913387714,-6.817147386953264,9.998643235547892,-21.71881563922109,16.448186825881404,13.35230473278128,9.977467095059595,3.3179481119892675,-4.127817781373792,4.710417127752665,10.162864818787412,22.917263977828988,7.488333899713552,-29.544508970207957,-3.2893192412753476,9.45210093545745,-11.2327729523727,12.622157040919966,-21.232673997665156;-10.254596329203583,7.9814355231250715,-4.207006869874601,0.6166999611289485,5.2517971079753405,3.6745585968326404,0.6856760519194898,-0.31355129172374235,0.4357059706575336,5.681178156146014"
11,2.4794233200159064,"1.9058510979566958,2.2658963105994516,-0.5549066695474819,-2.1436375571823536,-4.081067108659293,0.5645204605495793,2.672960735620152,-3.494191970260169,-5.374902283529579,-1.0121360207835184,-3.0531495800370703,-3.8886349887092058,-1.5690511478993747,-3.8146608885597932,7.592872780056308,-0.4563378797893023,-2.6795068558517423,-4.828301420809169,-2.022575769495205,-1.604341373683618,-1.6528125783718643,1.7535705466981135,-0.31681612117440255,-2.5043194653942775,-1.640553639918538,-7.0555207464327685,-3.0291011569449986,-2.4183544319416828,-2.189972093380596,-2.5791818076694852,-3.5915184950658845,-2.900508446795343,2.7957869582364174,-2.021241837762682,1.5271791694872574,-8.607778818800043,1.6929962195944046,-0.6768693307719129,-5.325115209908034,4.169425624217736,1.6399188258977517,1.386852970318627,-0.33600004300387654,-2.657294900876129,-0.7708240392866256,1.5813143346628806,2.4065472272004427,-0.18203308057639023,-5.699222599609977,-2.5927812549319373,-1.0423306373586951,-4.042518625327982,1.4750958697016927,-2.2730535635817675,-0.061481123864805344,-3.0816404890541462,0.578940922651375,3.573425975848039,-4.935043058623841,2.423389484631551,3.7076318800970953,1.6452472421025184,-9.22841191309135,2.0837756821903297,1.8537324201229373,1.4340594508955533,2.428027883127922,-3.8019776444037596,2.3763189596299066,2.6557801843642572,3.2034446366204623,1.5683243962894577,0.9229246778124517,2.367990843598007,-0.4103384187598432,3.6918010772285093,-1.9431483044521818,-0.9254110832899128,-2.073964344561155,0.7734532062383452,4.500944688196648,2.8770407850910944,5.861063815825317,1.1380948254044,-1.4504935063804167,1.9046042829981542,-2.259773200755449,-2.0577713848637553,3.111216692352779,-2.7811904051296974,1.093901176686017,-1.8347104169926531,-1.7647935417726826,1.2123563317774981,0.3647697302587779,4.594665798517889,-1.1864832203590416,0.5985457178908817,0.5717085645341007,4.485879667048982,4.322227882408483,-1.3228071854365946,2.4513616292216844,0.9031370016331067,-3.641987513450489,-2.290983943250986,1.2573977239189535,0.9180169847518024,0.4320977608231332,0.9761431683997477,4.144052654988179,0.8354247721342651,-0.7466361187048662,3.9548145208099372,0.74004446990304,7.8049091866559035,-0.8112319026910428,-0.8983147100098662,-0.6577857957811667,1.3185534658394833,-1.6070031209316742,2.6852645234035664,-0.9129658858476583,-0.02697477723502277,-2.1891693900896407,-5.110113401993074,-0.9430468654255479,4.812753508662963,3.055647277931909,4.206252898594358,0.0718038439997863,2.6110256661195788,-2.1358959766990937,-0.07912013708606923,-1.969184155700107,0.8791962218941732,-5.366990887627959,-3.9085444306955424,-6.5082893891913,0.527471098240975,-1.6608381199512945,0.6645405601551896,3.615807699212499,2.26075602819998,2.343059709376237,-2.77333106909723,-3.266879115669813,4.979989306824655,-3.9112650331929903,-7.877403546767781,-6.705606578953031,-0.8729022760035643,1.0405311420432521,2.063329244104523,2.6848077302552276,-2.45664955317188,-1.0869619891708395,2.6966484741575805,2.6184567163667385,1.6285441420359743,-1.785881043134917,0.17411743026829518,-1.5609203315848637,-3.8415057546081024,-2.725603502334832,3.9173051433146044,-2.205524507411499,-1.675456648963431,0.3512978044781175,2.0867997784458896,0.8922221310803573,0.15190874371893917,4.125370235777683,1.449479226799994,-0.9713472870765447,-3.412864633392705,1.1052204024024743,-1.7717821707206767,-0.36392413635518966,3.2933212999230133,3.6672394703155753,5.247130258749106,-2.129801516985033,0.8679940461685887,2.493287150361309,-0.40393903093784633,1.6186692976044315,1.1658841679634275,1.8348571776896812,6.592077683084769,0.7534848533071286,1.9370444381863554,-1.6164880908231365,-7.181418667738149,-0.0428531331785135,-1.5172947339728635,-1.1809389519127536,0.6423185408982836,-2.9094023245893044,-1.496907414030517,-0.07599519121550294,-4.808353338717612,-1.9474554786714575,5.309674440819036,7.121220396331038,2.6242024960881034,-1.186522722378309,0.5444710176035609,-1.717196806371803,2.67698836331675,-0.4469427628978418,1.2863798741367911,-1.22570591536893,-0.2215357630774378,-1.8511172869855779,-0.09633745866437762,1.1921397569102712,-1.3735674151069088,2.9501743005495555,-8.050607041393688,1.9986927092692437,-5.805710007986852,-1.2839308061963453,-3.250387722321677,-3.272309793724334,3.544542891603547,-0.2978035218277407,-0.19425480425992053,1.5695027994951327,0.7640407501624366,0.34639542375430066,-0.5394995508076381,3.565716598642417,-7.059673335578797,-3.823547509058106,-3.846460199192732,3.122110433334224,-1.4746987707428836,-3.731337236650881,-0.7654662936342466,0.9643379101720586,-0.7751758246382113,1.4133062080518202,-1.8767860308581557,-0.6920782151572127,2.687164317187871,1.1840375703082482,2.8767578976444472,-1.2414336642961363,-3.1857650179261925,-1.7242190964024333,-0.8770489836062924,-6.787123436063478,-6.265053540404106,-3.4237123792300967,5.170869823884894,-5.686502345563513,-5.636741138967076,-0.6028256218357854,3.8463894195064756,3.6563970263825976,0.8969117054955431,3.365202279162135,-3.848297970239494,-1.7593836693114642,-4.287214302757776,-0.4849361533038584,-2.4050944470784588,-0.13833718652677535,2.1106137604310993,-2.335868568183121,4.384999073368977,0.6099069748737551,-0.8439254841681545,2.0391063649090584,0.037420724108466676,-6.325000275051938,2.7739955915424495,1.1950549657979308,-4.802502408001595,0.663800328284183,3.0390040299009256,1.5636645087242729,-2.5236180172194036,5.742470014235868,0.4630964680329304,2.6595059753016796,4.6238729014048126,-3.1152195070941886,0.16134258361378523,-4.00674907748991,4.874973022571768,7.096739719582514,-1.2172883932512295,0.17309251342809198,0.2357714773780545,0.5433005125125664,-4.0969817827153845,-0.5875297560204471,2.1353392627544037,3.191652882990356,0.9801655553722021,-2.535869032671694,-1.3845936972805013,-0.6549512321527629,-1.5787028445441484,-2.1729829793709254,-0.43467691973561745,3.038934241818076,1.7101607413369175,3.5051519596878804,1.836444962033898,2.4912528820718993,-4.957413829759272,-6.412403408935983,1.732682895298758,2.3962855336946225,-2.2881804527146006,6.081587251052713,4.0105942460076225,-2.1568585350446328,7.779133095683739,2.2464236991391773,-0.605071282392685,1.2916583109795725,2.010635152761753,-0.40303023127856247,-3.668059139173299,-5.414513875345973,3.450184162134251,-1.8197544580919802,1.8197457001166357,-3.485439252500751,-1.4875527223363623,3.2799001765672036,-4.503291618589788,1.494666071536479,0.02118516956433711,1.9402623595953146,1.4283105934040288,1.098981883337231,4.473616376403551,4.856755996816946,-0.5528223614313492,-4.341593929012236,6.907520553608952,0.9663904289679548,-2.5578380954582247,3.5464839691388756,1.0358004417734086,1.0109761755114621,-2.8298370694639754,0.9503293603146011,-4.809544450824187,4.602434308653909,-1.685123248304615,-3.548080098202739,7.250700837281624,-5.071050649235775,-2.3460574352117733,6.091560807361434,1.4805766419356008,1.8248267846321604,1.548014967409993,1.192207232915104,1.7691763977717216,3.328067310646816,-6.187686788064951,-1.683161631695315,7.293998599098376,-4.0119666620316154,0.3239041343133461,-0.18515901628939738,-5.79779001469182,-6.38954296138448,4.5224843589604635,-0.36226691547668605,5.497522207727252,-3.299712756462196,1.9554565022889625,5.411739149748528,-0.4886465630156348,1.3715619567218438,-0.10375280889234492,-3.0197389129248955,6.303269405097093,-0.7257214457135762,1.8964816689447217,2.18718917149044,-0.07410997762337254,-3.0089736759542958,3.022982414813569,-6.190948425826817,-2.0269432605598614,3.3180309241113912,-2.308530169331582,1.3232023380867093,-7.27244155727437,-2.582802076208018,-3.908938578283961,4.7701949726770545,-3.405701592354156,1.3662360063340246,-1.6471201191904392,-1.1834626255200125,-2.395395001272833,0.5208024872319899,4.528190062540578,1.228640982040104,-0.38515208211897356,-0.6405387227443804,-0.7365876300069364,1.0788129412186318,-0.39238166812707015,5.09949661931864,-1.1229948347000995,1.1547040428918167,-0.5289643074515465,3.563897110908711,-3.0222801397231183,3.6603219034308925,0.4917320766575754,2.839134489050438,-2.8409444957155623,2.7239826751468286,-2.019924008779462,-3.8281765280204665,-1.7135574657576726,3.3137069438768263,0.23595061917047483,2.815244955995173,-1.683437827687575,-2.0142249661984564,6.414488336728481,0.5489722111782644,2.843910664922264,-4.50913332649735,2.8805566959358058,-5.74001939094893,-2.6863185165637016,3.8133210554356864,2.0955587777831197,-4.49579066552793,-3.544945911825802,2.5867906711301485,2.6459028438525904,-1.164507879377393,-1.8964113315348299,-1.4240954207449117,-4.453426749534981,-1.7399167512797964,6.159955849146142,-1.8776723370703643,-0.5975018408859311,-2.61532903166981,4.898494092148783,4.5991718867172535,-6.813740374028015,-2.8742493241038325,3.967124957489756,3.7518833715384488,1.1069947096100707,-3.7315969117435968,4.914684777227332,-3.063143152803196,2.0951519590933207,-0.9196821693580814,-1.7263206188790694,-3.610766573699364,-2.0119941792325133,0.4446902299383925,3.2805364870045,-2.5948769571855927,3.1458040979375426,-1.7468069159184587,1.9432620177914142,0.6983037017917769,0.62965703254821,-1.5739226958064998,1.7602374287244815,-0.7405255087046836,-3.8898188910514486,-1.1894358719252125,-0.925860815265617,0.7358797815352025,-3.8795313227215154,-0.2119223394959314,-0.10491078437761248,0.8254012184771508,0.9332833533976959,-2.6291331519534467,-2.1261341618955725,-1.4213288865277534,3.2347679910010556,6.722092736666416,-1.0814730123186016,2.970623876595997,-3.3347512627196862,-0.0597738973316535,0.4499483115047356,3.9909416472496737,-0.6025701823113009,-1.6993096350653363,-5.507718715768165,-3.838719735581212,0.7984802463507668,1.8178669939920735,-2.460196826751556,4.655641662830471,-3.117173128124815,3.6724786128053557,-1.4569325387555083,-0.7460947558102893,0.2817897741480454,-0.1299232329618308,-0.820408661250682,-4.87902933071866,-2.758340071644795,1.998535921830264,-0.9685425519707116,2.071540609091245,-3.4201384337871676,6.972527814809435,1.9920063662296867,-2.1683947014750604,-3.19195536660892,-0.26610693827540577,-4.330836723753338,0.8436374129792501,2.271771168119185,0.5633779298481483,-4.24349776220816,-6.494242459647443,0.1655212374857311,-4.095362126920665,1.8085487225253514,-0.669460930248443,1.1924738016009728,-4.56129680624326,-3.1832294689125877,1.0239178411374146,0.8903214337019387,4.614463616914608,1.12869788867149,-1.0993288934364203,-1.8876211058064125,-0.16534283924364035,-1.296355585927044,-3.457171391130494,0.6479217077523293,1.7837802672952363,0.15204857917422732,-5.87643784562585,0.2204932019277251,0.8090197608749636,-2.9455178096164034,2.371430061734994,-4.138624168041496,0.7897708542579508,3.086454281216191,1.6670958125851798,4.227808854010155,-0.5747301307737352,0.8113647754881511,1.981178018678737,-4.319962323042536,6.963473048560414,-1.788058929575595,-1.5673965498731406,-3.3286871888652785,-0.3482522457316608,2.05871741327827,4.298470506369982,5.686971489247134,-1.010171546276854,-1.2728322607680014,1.8852050707498087,-3.778592007724668,-1.3858514454284703,-4.420120195981476,4.038946872804544,-2.400039821436931,-1.7159095746494117,-4.1684203919588345,-1.5384594699502552,2.0558128269792038,6.38562589611678,2.166171535509963,-2.6530539534875723,-0.9325462157183021,1.2828811819126096,-1.3184340449091883,-1.8332755582752975,-0.7885401461815726,-1.8575417554984603,1.0427630701189017,0.5357755936290959,-3.6923493418830815,0.2816624096684656,-5.764964154180853,-3.356866149144805,0.48826645982166195,1.3744971776525345,-2.3793006742167506,-2.355735766529767,-3.185902031301747,4.948300556144399,-0.18186712886514061,-0.39586641883712265,-0.06062777027526528,1.3302602347368608,-2.4741357074954493,-0.016346392222070155,4.357143342045436,-4.771579438671562,3.3002168488416257,-0.7401176919887849,4.91091950840397,3.177637324791793,8.676188093685145,0.19143722215849687,2.2989966159141626,2.911158969935043,-1.2937284152226076,-0.5225344945085599,1.6810894650873829,0.596116294253091,3.6953812500105236,-1.6708808851108081,-0.9309524842873943,-0.43951200949706243,0.8529482153539341,-2.1183617078993504,-3.9776301683524182,6.971599753646457,-1.0995856325668014,-2.9555961530490453,-0.7498608662130509,3.2708998393059354,1.8811205592369433,-1.4126262774452076,1.8742990113864417,-2.568171758325569,-4.86195547443754,2.643112477641232,0.03129355674936027,3.3075352206866184,-0.8074589551126573,-0.7119135408423135,1.8701494471261801,-0.9919347648300644,5.794916656241762,4.856401742819737,0.3860573846235309,0.5036153151008048,1.2559207426834653,1.366971760159774,-1.901547957491424,-3.3971995461972107,-0.49195314791167305,-0.8779905929549432,1.885646092165464,-2.7968182561462034,-1.6736799434959584,-1.3740759699372098,3.104386168450371,-2.981071022783647,-4.998136226927407,0.4903947341945114,-2.5386802756330287,2.165383098329602,-3.4403349757196313,-4.839228919122593,0.9141395372742185,2.774441563009193,-2.629042000216954,-2.3437989146923384,-1.3068022828292172,-4.795856975427101,-5.705187770504083,0.16958123748214807,1.7302554650548547,-0.7690982423210072,3.003805022806234,7.701301193509607,-1.947778447062683,-4.169002750175558,3.103262266434319,5.046306630765625,-4.000843610670055,1.7122400128767357,-2.194941638550663,1.0699846416605565,-4.090610993865051,0.7322370889080021,3.4321010920545056,-1.7833152362953382,-1.3141132357178191,1.0047242325879693,-0.42598358334379793,0.5674922702803902,1.2870044302325836,-2.886310861788477,4.78172741525326,-5.85777500917689,4.0738118689682725,1.776270710757148,-1.4301538965091087,-1.5681268503202617,2.5186324732930125,-0.9845854751403503,2.3469060394051406,1.0992466795886746,-4.508204720867656,0.46208911420318355,2.5938277797506006,-2.0263629097592863,0.6364251382167336,-3.7006695872313413,0.6448809359631376,-0.004967084216752552,-2.9992889684245263,-7.0956017751272515,-1.5229296611469807,-2.9635504863126316,-1.1888404315300642,-0.548257874476626,-0.45650788650367,-5.459358538964542,4.954548054488716,-1.2891680648459545,-2.9009294271254578,-0.9410048436287267,1.3719462746542015,2.660885084913986,-1.6642574912948827,-4.314477619440427,-1.0078989287371531,0.7288195166684075,2.505057497903207,-3.5987936373972143,-2.2887979211174883,2.898490414713933,1.5801892944423959,-0.34550473350087463,-6.824340079977209,-3.8139091080466865,-4.1325547883108085,-1.8531314025731538,-4.0855770197739245,1.0918878389830844,2.275161777179831,2.310976692145461,0.9056943409068545,-0.8070849026638546,-4.620309503777671,4.071756473040716,-0.16222437288566244,-3.030664519286055,-6.938824392355675,0.835528764230529,3.9427228521908164,4.181125995885172,-1.9081859263840029,-0.30227174094569764,2.3639321743589248,1.4939305121200959,1.498933902673906,-2.9900195430845553,-0.2179094721476909,-3.328540991373539,3.3399027534173067,4.684450789066644,0.7041629804542874,-0.1491304064434368,0.4793073661240601,0.6567182893692076,0.7025644137231069,3.623828328944809,-6.1207469707036894,-5.530271188470085,-0.4597354624207064,-1.4429598529422112,-0.7972618006862996,-3.73994892682001,-3.2905144931203587,-1.3821928882423107,0.4525692384106805,-1.7686596678156046,5.738286866539819,2.9455902616542,0.6864949999315301,0.10741331116896491,-3.450434791537766,0.6432678384443992,1.391235059172602,-2.1901107745065453,2.088176883866407,5.615934042161585,4.719376173065736,-2.0979141167204203,1.566662503601889,1.2321531279306552,-1.0456017553918213,4.2621135525653,4.910014291225531,1.4343408369257016,0.3792568352239598,-1.3169352043725646,-0.0770663383495944,-4.596945694145827,-3.550171600873309,2.349652120610463,4.177786808001248,2.7128721803812135,0.9375385049788837,-0.8381268341020243,-4.808258738482965,-4.682504298007946,-4.03879075803382,-0.4043259189923082,-0.4798950079551532,-1.8122457256050277,3.444901658096335,1.116849281118036,2.537218126539902,2.8186913185355884,0.8411477112599842,-0.8511885058908047,-2.5305350220643557,1.2171145825437524,6.770040959260137,3.8650344216603947,-0.03657773897103141,1.2686677188349953,6.7956865820569465,-5.847711925726469,8.157935853782769,-2.346159346580315,-0.25573434330849243,5.997492515976088,4.002895357628797,-4.017556496189337,0.4099982140535687,1.5667550802878933,5.682052504421886,-1.683900882958453,-0.900976734880373,0.8960635401872825,2.445259864237768,3.3436464667428436,1.7130181584370119,3.831429812421555,0.17487202493858983,-0.6974140495613039,-6.5589643268363576,-1.3529391274612992,-2.41320126837127,-3.932535505042761,0.4106890000220249,-0.7153550747973768,1.4915472161801246,2.2657419987235072,-2.8943118066868267,2.4163601232569163,-4.423994651248691,0.7342938891846814,0.6173918375494365,0.07443835643832224,-0.6117783717179404,-1.0120552576187059,0.24322146784343476,0.3526656310375517,1.3517085568182674,4.077959827373189,-0.052330744705689394,-0.3350930479272497,-4.04016987514545,1.029372650435756,3.40352699352361,1.4304458710071373,-1.1182149412590447,-0.8863669760166432,2.165197175690479,-1.6327018899680525,-1.8708984830159034,3.0436742717593828,-1.8713153802666027,2.0499259155046174,0.009047843428089647,0.25274791497379356,2.0041177439281226,-5.8264545589964145,4.0980599292490965,-2.2958489102984783,-0.554577991385308,-5.481639916118762,1.6014639833094362,1.3990995082747528,-2.3001568464889073,1.8924269784639702,0.7371254847941486,-0.4718614425470021,0.9677541427733756,-0.9176004715556597,-6.0411641274561285,-1.4500218854856808,4.323517889970187,2.1690548244611416,-3.0976856632970695,0.7835061443210654,2.9784694777666165,-5.426317463858953,2.8047693495222576,-1.5893660119787194,1.0624089718195775,-4.066688648802592,5.127257540096644,-2.4922280089005135,-3.175684262909274,1.4718804450302978,-5.704652655872426,-1.9722491648522862,0.8796033686955314,9.603446641929654,2.1828212104164546,-1.1118613115567435,0.34877607189580856,1.8689196839766222,3.2173574472016537,3.4608162226490724,-0.3343576553470293,1.3055021142633627,-1.2373954980791826,-2.644755236951188,1.6455932009224168,0.2787645259273794,-0.9244111124095272,3.1255291054228915,-5.999041846583035,3.371600429745154,1.5810157488021008,-3.7516199288960386,-2.81678670326313,4.13212992538141,-3.0771363412336408,3.001681775254722,-0.20023230396506472,-2.2486872051247935,3.525758624969243,-3.645736435181374,0.1708335578257193,5.832558958132339,3.6813755948575357,-0.02910786368082712,0.35628480126426726,-1.8413052378046126,-2.432036243175405,3.0488728371484237,2.9445565470326986,-0.55917473915954,-2.879099972483176,3.0444342758373395,-3.465512215521779,2.3204695036411294,-2.2354140752536282,2.3086123451263116,3.9819598293904326,0.5857884120847104,2.9052316368108784,-2.6771383182136184,0.4881408636031076,-3.5135399187506247,1.0839795758518405,-2.879689065693258,0.5813352704832387,0.27662200861449404,2.7259029678095406,5.694155460207354,-3.1824847156463263,-0.2947343879708902,1.469945670892777,1.5075022449712325,-5.777054410663031,4.521710136608728,4.87705919043756,-0.5513189938709271,2.9492346559733313,0.33603401682333467,1.6203547324658083,-0.06321720869824571,-1.5190291075431466,-2.416362974677598,-4.364351980284812,-2.5145149944945318,-3.3196767897000736,2.2550690955551507,-0.2935521226210689,0.8898640657375738,0.8393749719892144,-0.45181478015302057,1.4197964959763065,-4.569633579103526,1.3212315596958368,6.765127791915291,-0.18110324849549003,-2.0976546894946475,-1.8553068164746405,0.3054072762564383,1.9574366882650518,-2.657707664564768,-2.7801603158563166,3.100901483893134,2.45931187199835,-2.3123166954462424,-1.0322103787062844,-1.8789336693846945,-2.8351473705887456,-4.447864102373704,-1.8101503717132097,2.0179480494351005,0.8148498338720038,-1.8713161463397938,2.928696788761262,-4.404968734298751,0.4851750462057666,2.077368682509368,7.817973626415435,2.298866258009661,-5.407762390624154,-1.6897447790576121,-1.3820151403542476,-1.5338520227762789,3.4835502943843974,-0.030488262674714897,2.0252070281491705,1.3941690627214696,6.709622925496402,-3.261139919610665,-3.0004841511931613,-6.9464872767405375,-4.28057751011551,-2.7728330127796554,-4.543408963690623,0.28345547842505503,-8.232575647507948,1.902582746769496,0.7947459381956937,-0.05848481974203458,-1.6339036178719653,0.37019066177600146,4.149998637267058,0.7722324872806619,5.064558835129223,-2.2558872555577807,0.2691172762642281,0.6898866719431541,0.45626725545133145,-7.985316268345149,-3.0109483262748165,-0.14960416534134865,1.899094795273834,-0.6631699485689295,0.2711648098837107,0.4748236794350702,-2.2727955002852505,-2.56951076496191,2.9678187505325444,1.474641128076372,2.1511161140607773,8.873698245646139,-1.5155959821482763,-4.486670763303847,4.703324670155093,-1.1383802828792735,-3.4921563547471117,2.2159428456393426,-0.10896859527809649,-2.1335693175125576,-0.19735132150790888,-3.937374937347268,-7.555378970691312,-0.8548787142787846,2.4812560432434947,-1.012209457119795,1.6666023073496716,-2.0882839531344475,0.6996429113205772,-0.006805315763222158,-0.7101371737745575,3.3517523201191786,-3.8167171708487655,0.9839756876362717,-2.0476739607427863,0.06629595859107583,-2.0884135852659784,-1.5067700510257307,0.4485040230362414,-0.28154240281675497,2.7659379382087876,0.214077501350279,-3.611180317211047,0.7857285486787905,-1.1768359946472091,-1.895826752470637,4.63804884362868,-0.7852730769165229,1.801078372942088,-0.24939765930018395,0.6881382087104917,-1.4730308279234456,1.4553764268840228,-1.4592605885339536,-2.4420267438020176,-1.7820524730652147,1.2823983881409833,1.0935117458818155,0.6687172325951352,0.780774944174837,1.5946041459340767,-0.5061812143184777,-0.7655058174914309,1.8548767910784991,3.515085968430284,2.1274342176128944,-3.4299044017572493,1.643547347850914,0.11964239849451015,1.736063272348437,-6.953655984510821,-4.336977853007238,0.22766136803296388,0.5866914297595585,6.327852427233415,3.356411907841238,-4.200171560402098,2.846493231904524,0.4520861822309882,4.709833042637659,2.7556074095459486,-1.7483581098231857,1.5036064081888465,0.3328241781033741,1.6231358930421793,0.5150694770777705,1.6784973391273916,-0.9815733887152032,1.5557948824569732,2.3530825232444674,-2.0498101306045076,2.40802771811247,-8.690592921783757;-1.4598885303353946,-1.35663030494206,-5.109956564040346,-2.8051708542966196,0.1109996095495959,2.182052079726438,4.46953601022454,0.6909845164666388,-0.6378581827538647,3.387958353937957,-1.015534365375821,-3.6550846137443203,4.431247409028001,0.5427401002098765,1.610100664294251,-0.5111687230433922;41.40634401600736,0.7566743953632232,-42.70798879897237,-27.808067816352303,12.665229600018517,19.15586547250229,13.802247588501183,1.7333055810133127,-11.755637455029257,5.590569868305461,5.780542490876217,-27.611568786285076,-3.1087387549958865,-22.798277331650176,-15.205390498911585,43.64869095729366,-14.54214657433696,-2.341725769529036,17.893793478767574,17.854128819407876,2.7690997165393005,10.250617888779834,28.383568682041453,-21.836648677051357,-1.8351328544498442,-16.020792067240354,9.751814345273644,-9.18678301589113,-2.8818172673996614,8.201803119930855,4.222541279287984,-1.5073435479070465,-22.478409638670986,7.997181541425374,12.134421048821403,-16.506280280077885,1.1659133656656906,-5.102129298252384,33.26330823775981,7.0807420821528275,-3.986429294139306,-14.003897488758323,34.972438076918344,37.44252747226302,-15.354953553845998,-16.9844797138269,15.525881580489946,-3.981636754433796,-1.8037464111047747,19.93524784038462,-30.700575256036473,-19.0991516088575,-6.598459989668051,6.924544770703863,-1.4397092958770077,-5.974468271235303,-7.360501524486927,-3.582533330582426,-24.157852799970204,16.568138448387774,-23.90612508286147,8.124322735184021,-5.603363305456887,-2.8822104886717232,8.514034412034448,-29.054167730143657,8.029687136526807,-2.09189291565995,32.81292389056048,-5.910432186404089,30.06617948465788,20.340828985812756,8.415070150311347,10.20080062934873,6.504297384999236,-12.32652585414644,-12.272185887335041,3.752584362845059,39.36693791881659,-29.471602113088313,-25.94605863328449,-14.630700814915082,-5.609455149151463,-12.395115822615198,38.411713545221055,-5.8863850053296645,-15.290985130228783,-1.9158417984029834,-4.619777355466347,-37.00552121132857,-22.546085595440253,-4.917050773911834,14.861694532276395,-6.02842367319779,-15.137911220627537,31.84561068881513,-21.03918286762728,-48.609233026572284,-0.5790449519052486,-9.46613046654326,-6.817191758290999,-33.07628461849569,7.048290730976509,-5.799762048872487,19.9563898554696,-18.331907515801657,-3.233617046955972,21.668719103304586,-22.59450591906279,4.106960962176236,-19.82440747002944,-3.727140286354325,-2.2412471234520552,17.577852513071072,3.1189780212848586,15.725936318833956,22.494117244812667,14.753497363325641,10.111512255873485,-33.504497630134885,21.57496541115859,14.016456871536839,1.3843146627688003,0.8264837146399839,-13.28312976634384,-14.70740510780965,5.32764430155391,12.720580919308434,18.85624332875114,5.713537317880219,-2.0117501649559912,7.750210352564578,-25.33826820271152,-7.411966658373579,9.789270282310456,-7.240366000692439,-19.313923982182455,-33.9395222687134,-37.5428153646347,9.349750720479422,-22.44627611445938,-12.450101160744044,-7.0295445373309295,10.693075236995032,-23.000822472958486,17.214365599435975,13.970989984929222,10.641544267949314,3.561439337325594,-4.347500247018633,5.094432358590033,10.660579749210266,24.082223885727558,7.80089114250408,-31.118342506792466,-3.5412242771355302,9.968302295331842,-11.831584293381882,13.352937995317076,-22.217775273822625;-11.057214134057741,10.639372279397438,-5.4148053277718,0.28122162193652006,5.3147352588491925,3.3576204552660673,-0.1701269818507226,-0.5688447350763167,-0.012821661391919814,7.514281399951745"
12,2.4224001717701205,"1.9127094873367703,1.6389613922977735,-0.4507727933829007,-1.7536618485879423,-3.620500090156733,0.2940560582803752,2.4791482287428486,-2.629241508136027,-4.3986358589752,-1.0203314026637147,-2.470662950063863,-3.749685147420925,-0.8954074430322152,-3.2400308659667156,6.180278538062605,-0.7489848225979612,-2.4391526168632094,-3.721158186024467,-1.7921617064047008,-1.4540069293736582,-0.677437055621857,1.326554818067852,-0.2110591924985573,-2.481472416359814,-1.6412337213227433,-5.918632490980834,-2.845371652764247,-1.8771515578485274,-2.0229143801429506,-1.850812304176734,-3.188391743908415,-2.1195124262577045,2.411746883500966,-2.079043173992456,1.5679949427319013,-7.192522167280235,1.298282635110227,-1.1216629282887607,-4.801844601076271,3.2714637679016865,1.8896627798805603,1.0281885410279157,-0.4712448148353994,-2.351177561161693,-0.9383652915809553,1.3274868679869734,1.6579025296499927,0.1944942545870775,-4.939249400558456,-3.019852035537545,-0.6105406688790839,-3.237343491122778,0.9960004328472252,-1.920840215400776,-0.10411686329674447,-2.317145340906376,0.4658616367105327,2.9713694628999536,-3.855301997753366,2.505323025229415,2.995184580877871,1.6286556106084789,-8.060506149855229,1.7542325238665974,1.6258827305553802,1.4419736939971406,1.9674598677637554,-2.9423619475703786,2.0732872096198802,2.002966710579383,3.0663167088160477,1.5160996584534125,0.5552867268020116,2.230826240457946,-0.6420698371116592,3.3321177893408773,-1.709397542632436,-1.112347955905275,-1.8952351570860546,0.25826086354173533,3.8485999284496506,2.4459913735374057,5.155209554902986,0.7472947686594731,-1.200341591828456,1.6018203818613113,-1.554261867552527,-1.4725807379289437,2.328341819129231,-1.9882961903635978,1.1042212707300427,-1.316115195349173,-1.8152168891789806,0.7720107807350629,0.13754379539001277,3.8733249350886263,-1.1130186306915568,0.244069511617904,0.5957512037375327,3.6353241979856383,3.445988707655065,-1.4408205160704162,2.0543170757652462,0.4388412029262833,-3.205474301268856,-1.802810077680545,1.0810780392490578,0.7956835101353115,0.40535154602385387,0.6134045257641725,2.883092668982987,0.5718013572321321,-0.8280221223172894,3.6850021981937497,0.6137320543218171,6.396560941268637,-0.8290310219826994,-0.7995261209975432,-0.6011778872340527,1.1235707815914242,-1.4719041263257362,1.7494155637140771,-0.6140205270320145,-0.0390336371191523,-1.8881911215364244,-3.634625575662011,-0.8250553294473467,3.932612031389263,2.327405482488376,3.2415288386326333,-0.00047083300271314604,2.114958043720378,-2.0400794199034578,0.12929513095684014,-1.9329439032482774,0.94460522868108,-4.550103146405369,-3.6830387907942495,-5.305884483739432,0.32274569383009927,-1.1490511924611717,0.9106837264466188,2.9025491811361706,1.8795375378298587,1.7771460183308287,-2.1343432051588263,-3.196196527322851,3.7950226782058887,-3.1858790684078646,-6.427300056696762,-5.490064571759861,-1.002321439652287,1.0388769894129486,1.2384408918127647,2.3197920740407576,-2.5128392096679857,-0.7257814559673286,2.0374753958645706,1.6794908484586886,1.2566131891933314,-1.641970041494334,0.4932966848785254,-0.9953370606042239,-3.5486834817125814,-2.1304922965466386,3.3069232719002275,-1.5421049425344564,-1.31241239275322,0.20803458747438147,1.4930827119389773,0.49325307865280615,-0.391741598558213,3.803268700798796,1.4447541870557676,-0.850472961006967,-2.3285863734303245,0.8580524342677425,-1.3333369318589103,-0.5224400770101907,3.1963084586893196,3.4364863687945646,4.210991648975924,-2.0993718321861756,0.712214012532154,2.1772250283850867,0.027938204436142533,1.5120028940311157,0.8534985955360532,1.1624119068687326,5.157983461498973,0.4528699407770973,1.9696889952870147,-1.37309148922226,-5.92569416626291,-0.3862944999989302,-1.1890805940064486,-1.5210966408751283,0.8605344634450004,-2.762877428742267,-1.6425467192226408,0.07399239211815306,-3.676783513498241,-1.5166814818978054,4.664219423435034,5.376899704510349,1.829734053598309,-0.9448989097680233,0.5659426498492462,-1.7262952020487952,2.83162393321738,-0.4090885572036725,1.297689407891481,-1.1078008428385595,0.06581579150289518,-1.5438832377030607,-0.2529774143967298,1.0368248474054913,-1.298683270175267,2.459882296998937,-6.3656353968286865,1.615781610439326,-5.127960648123278,-1.06616115079811,-2.9613351306214155,-2.51650349378756,3.1358643192914366,-0.4824036972601704,-0.2649104827435508,0.9991729095242178,0.8265805439352267,0.35042065064412786,-0.5450223315741299,2.8391890099569164,-5.923552655184785,-3.2833025292108724,-2.9199105651148165,2.1331884063199826,-1.2210249594156886,-2.9761819372933087,-0.458651713018259,0.8800917987050516,-0.4259679443760878,1.2373227239452222,-1.470336657666644,-0.7739288014551867,2.48764727221583,0.8406217910205929,2.329906973493786,-0.7803774017437661,-2.8058751052098323,-1.6495003668261101,-0.634711655732524,-5.278670519356668,-4.637171910666919,-3.2985528078639033,4.265550232646434,-4.700027709126847,-4.763574493188436,-0.4056321450708614,3.350806734018959,3.024427079899861,0.8388875025369884,2.2878619073187916,-3.857278303183373,-1.2257032559016434,-4.083028130750093,0.14783005740352412,-2.195295962968335,-0.13974105536034523,1.3839125557036975,-1.926466072232947,3.25303947427009,0.6988607078086466,-0.7892741981044393,1.671408558135901,0.23894166895283658,-5.486847409917695,2.0703699654373624,0.774428359607385,-3.950247694140366,0.8864890983730912,2.560234245389437,1.8754149032883016,-2.318396104131275,5.150078150163091,0.074830985181227,1.959635431917153,3.9138603955418674,-2.517635691646422,-0.22804879932771482,-3.488903095047563,4.017643481516181,5.805796634360712,-0.8060472399277339,0.00583362562733801,-0.18914836770197865,0.37191595566708535,-3.2056298770729432,0.0022582290240004133,1.9602222543865735,2.5983031964944194,0.8438679529666606,-2.07391114416279,-1.3459055388410552,-0.6234537571697163,-1.1910169167991929,-1.4193123207259877,-0.44078913754368565,2.5391895116872676,1.0854430294118944,2.874211201711095,1.309204199095467,2.1276075034081887,-3.840824682664768,-5.294351623588758,1.6108009827290757,2.273192902954687,-2.1633093454981664,5.25964858724849,3.419439448383687,-1.5806078199211286,6.603666316115492,1.698766823960042,-0.13992083771450375,1.1768324612804575,1.609365361934699,-0.47413180821498185,-2.7958645366321857,-4.403244704614453,3.0499811632563363,-1.747438143663797,1.04575257692994,-2.848707439495988,-1.4638145621158207,3.172713443338927,-3.632793061198782,0.7113709401353769,-0.15433579006743053,1.4831709276574743,1.2279434287434294,0.29608576853519863,3.7212715250884028,4.119054274078554,-0.5255720519219581,-3.581642432806115,6.099197828902738,0.7688692623866649,-2.636069742141737,2.7418538956145317,0.7206354257273043,0.9828014802638176,-2.125020761843743,0.8828354964178358,-4.232090106817503,3.442703167186111,-1.5893327489418956,-3.133525726812325,5.855660038965233,-4.1807773873337375,-2.058201428460796,5.465855097430408,1.5614864477054224,1.4003470225848182,1.337015967550409,1.1955104350889796,1.3000776210785558,2.9279591685191924,-5.407206108082711,-1.342088018512254,5.606556119419079,-3.291763017856167,0.64397346786786,-0.023455841518162476,-4.727627786545455,-5.178233525095592,3.6231627512816225,-0.11272233473790111,4.735646199653617,-2.2847634479899765,1.3295330396532892,4.419707960159708,-0.35329783905442314,0.48120276864331113,-0.08310783274558425,-3.020332625574068,5.571679693783427,-0.4424269402121739,1.6315044683193693,1.9707556583962682,-0.2321869344519979,-2.6600681610143457,2.4811214361250653,-5.753675318111553,-1.3235167846479674,2.966742073031938,-1.8069938118156907,0.8416482013672529,-5.655728393402852,-2.2185861883635516,-2.723796694638411,3.920063599950419,-3.4872330702174565,1.3181847863904488,-1.4564436072664302,-0.9929468914389522,-2.286537743184269,0.16163605598078207,3.7955945794848205,0.8640715729197225,-0.3429445627503976,-0.4715606504907087,-0.7104828741020786,0.9212410873216818,-0.1544333948631182,4.470532998028925,-0.6593400312284214,1.1392005849017284,-0.7358948678704877,3.2512652523252283,-2.6504551593002748,3.432132774002833,0.5356074462720324,2.0844083739044166,-2.35619822545708,2.4804619048779264,-1.1331511767038451,-3.2443696974217366,-1.0146263207362014,2.694857459341024,0.03615263395480453,1.9641580006838413,-1.8659220616444752,-1.8357040792746833,5.1434375644867085,0.7563126108492915,2.348349492832739,-3.562985120738894,2.4086112581062635,-5.179231582809882,-2.3083407928770385,3.564410327846215,1.8474522206359698,-3.8602244063063833,-2.8220469195668336,2.418643205710422,2.116914512747865,-0.9504120891108265,-1.5935734606089644,-1.2804811725429275,-3.8925998430982593,-1.9859844676002898,5.685051480344432,-1.4864925516319591,-0.661427437117733,-2.258329058448263,4.107722471592146,3.6416590915883784,-5.914073134894483,-2.617135350601668,3.519706020942561,3.690576995712719,0.7580797029925168,-3.6751651753751777,4.48728803385924,-2.4437678750249625,1.788195768805301,-0.3405793942328791,-1.1789264303854956,-3.371674523174214,-1.9422848725361535,0.5242915223382544,2.252523220819335,-2.3715797925928563,2.997081829582541,-1.4394636027494567,1.407706347300716,0.24164186972631846,0.7182793897202109,-0.6281614294841987,1.6118743032037266,-0.944579791140361,-3.508605028518999,-1.1276219909760732,-0.7661747749065824,0.6058769328960637,-3.5681731509189083,-0.4036944994392996,-0.5098453551242252,0.9794285917310279,0.4150717611026755,-2.5300322134062774,-1.5592312236322663,-1.494028103537934,2.678856620693969,5.811973249033176,-0.8747514257563367,2.3305106779463367,-3.044943457821167,-0.11732630002620076,0.039336395957974724,3.490254622057655,-0.3019985856290831,-1.558262562162778,-4.430622883264447,-3.165714148692113,0.8210350069779805,1.3340680016583888,-2.1699373393020576,3.7717434831055936,-2.5275993825544587,2.9714139763305125,-1.180538227388186,-0.4055271709674133,0.054722791746733085,-0.04848584808632403,-0.6336070722364138,-4.125553758433337,-2.5563459822997388,1.1444821464742054,-1.0058119690650364,1.6849073161562023,-3.5038762470538245,6.026445512147617,1.7520097202392986,-2.1844544001277084,-2.7740540838814542,-0.7274969075548733,-3.2509859787707716,0.4418231902924377,1.6103824043013595,0.6987650983435897,-3.7800997564939074,-5.459646201974491,0.06030527141926008,-3.500966824694235,1.2646901750550135,-0.6874077109235439,1.0184126383249243,-3.6978109006746966,-2.6504984510674903,1.204033467221444,0.7726090592171734,3.9206460843693236,0.9930156136016446,-1.354850997766911,-1.5113958739965463,0.17683279734471904,-1.241080533914513,-2.8599016799671646,0.1746406916872585,1.4674660306404936,0.3647768293040078,-5.037435555603155,0.21891130971802777,0.7638011439457598,-3.024947224601325,1.8075891988258797,-3.1909455997504215,0.682418266015821,2.4584888426989346,1.559542183972926,3.951755790275219,-0.4435084908845145,0.9522189833197975,1.7461289969782572,-3.48449943558282,5.693152658539354,-1.5756846357620982,-1.4794947724881302,-2.7296166114292824,-0.09657898631771974,1.9496070169899606,3.683828227660977,4.259386010729433,-0.723320796871652,-1.52476510449628,2.323861471055346,-2.956160448566674,-1.2438642353475555,-3.581407655875118,3.6022435147923066,-2.227846450282707,-0.7403726469441178,-3.321786428971123,-1.2151351384456808,1.8940752099282232,5.011259885291803,2.175522114077919,-1.6184997560707561,-0.6084781886528929,0.9497659922690054,-1.6219611862798486,-1.2884476284748185,-0.6337189749065533,-1.4960208672448696,0.7658471036466614,0.1620896598345435,-2.8976227881829364,-0.11825325671914863,-4.941831858359947,-2.87864174873245,0.24836437141214404,1.248008891891547,-1.7908721945251505,-2.353469887273311,-2.4914390439615306,3.8084706191583306,-0.20077927668429865,-0.9456137873828575,0.47659656050162713,1.019450780983174,-2.2890395954205087,0.3165552078253644,3.444095118030626,-3.510293562600678,2.6960543838426907,-0.18318387232085187,4.356780383701041,3.1498909795960377,6.973520715698228,0.1278987433306966,1.9619042776299929,2.642753727962597,-0.7467988731472388,-0.3280477398132176,1.0448888703080272,0.3241755600141779,3.0342961089623257,-1.2240508363056177,-0.49664904469139437,-0.505096700988929,0.930854342146942,-1.7044056271484194,-3.020586760246509,5.829277443039509,-1.166156838951576,-2.1882361703425817,-0.7090945511429178,2.4229739545065514,1.3453576027218008,-1.0764496735835347,1.7665432244410737,-1.8423989866994024,-3.8809152173498176,2.502218306948531,-0.34248181984425297,2.1048904169020393,-0.7312878449247316,-0.6882291004928279,1.8652151721537054,-0.41186517550622675,5.2477868160374435,4.018592098295527,0.05212774605577891,0.7554119992741113,0.7613307483405434,1.518048606641084,-1.8330331853900423,-2.8614409514422303,-0.5484870309363065,-1.0943118519896518,1.7667326426366763,-2.313344039597532,-1.2401076990650546,-1.0039424933427064,2.8886005175057465,-2.56051509831083,-4.11808956222096,-0.05451274036256509,-1.7093431526910525,1.8926057200723987,-3.4052847671408806,-3.869601879842017,0.8369709544276404,2.230046811616409,-2.2849162994556917,-2.278990281978669,-0.7697972175929535,-4.262231047288006,-4.518151457421578,0.22856228155361116,1.2778293751114838,-0.6865626346112834,2.4824022830326022,6.261238933357569,-1.709320162500321,-3.4985997727612177,2.424530116468655,4.165457431888571,-3.454199403684521,1.3170063221243193,-1.7081931449581051,0.6755998867607322,-3.386310477152654,0.6728800188333841,2.680761337407511,-1.4390349894519447,-1.680123308199935,0.7667278044109903,-0.4723678191676678,0.4261763742748217,1.5146417786637645,-2.550654373326925,3.99320503541627,-5.099678227722398,3.9012843471648777,1.4901962396463495,-1.0302992359275789,-1.5737664897390204,2.4398590472430715,-0.8818431418851731,1.9254519184027064,0.8925072468551686,-3.7738578536554312,0.3173646683112986,2.4412957319189093,-1.454318120882909,0.7879181632165704,-2.9693076174950677,0.09210524631716432,0.03463507473729316,-2.859241956140016,-6.411672013994774,-1.234505076508491,-2.639162439115458,-1.0027130018183128,-0.4524653706046328,-0.285119070204507,-4.461134357045018,3.9993931870552224,-1.3755832368818075,-2.9639839941061834,-1.0943076890303203,1.028740756335169,2.400504669728657,-1.5155790080582174,-3.4097736117444946,-0.9326357814179389,0.7194899898680546,2.1461781596140757,-3.3241980928741213,-2.1426840946840633,2.343480504708169,1.180108614792656,-0.0622847964877527,-5.817815146491945,-3.1956482773487225,-3.614527222649712,-2.0374491220102424,-3.6302787816973283,1.071717501143313,1.8305897662321347,1.9067041785021506,1.182970931164363,-1.0298613110590398,-3.3034814711252594,3.635496365926164,-0.08827135281104354,-2.5994649395628224,-5.770893665022016,0.9972860656749474,3.265496984503284,3.8392132427138144,-1.456905231675446,0.16666264413327955,1.697394710284609,1.5348888461248529,1.5770469573970098,-2.4230219251704797,-0.3698377203583349,-2.798366457506637,2.6620710454435077,4.349013947251,0.7215149669478665,-0.11352653999502035,0.21541804756616426,0.37658424966322906,0.537605383650286,2.6367482504406334,-4.831244317132849,-4.30734920796729,-0.6415714890520516,-1.7109269222480745,-0.993634956156188,-3.074382924651587,-2.403768085285342,-1.041460480710655,0.5384198246952654,-1.3198870684802295,4.430948335567302,2.4925548474311734,0.4792714188607605,-0.091405707394779,-3.4110414151297355,0.2624422234785355,1.3481568491070302,-1.8424775639333595,1.787795150952312,4.860672022176774,3.7067006193960355,-1.3062813210591477,1.2201198838228484,1.2646229688110493,-0.7590131585880685,3.771107729720587,3.9479260225558575,1.3393612787763645,-0.052854724933692476,-0.8669147613063721,-0.17263131926408976,-3.742905173347869,-2.7898752936785725,2.106369193885958,3.1446794864467664,2.4831470680352674,0.5604468623130245,-0.32664648670307606,-4.284791122174366,-4.08241322006273,-2.970594755652827,-0.5505549433645988,-0.2653096243573161,-0.9723709760128199,3.0256287424789075,0.9865520139947968,2.2034739517491295,2.496560728611007,0.8643025220627051,-0.7947015041985692,-2.2951897940480714,1.034607674583598,5.733941935055393,3.2981028506719765,-0.2306521461432271,1.5445160790888148,5.902252326305198,-4.5492489781055605,6.4817573106403366,-1.6095342991722843,-0.2906331397846686,5.028858275471201,3.745036512338382,-3.2917540987196023,0.11519053219346237,1.552233053232197,4.585979191675393,-1.2691273443820534,-0.45698611861860944,0.9311193844253723,1.875138357570632,3.0112977704769217,1.6985581806048375,3.440045309810788,-0.05638171333975871,-0.5091078818386517,-5.426287426406862,-1.383834402015678,-2.1910081028005126,-3.355300880201817,0.7538551892419544,-0.3479243440691784,0.918389407503585,1.920862019109469,-2.2646627314697545,1.962598305935,-3.4389899084460605,1.1223977957158522,0.28252536121384775,0.11007837586505428,-0.25501255343304857,-0.7360120581276828,0.382029952725895,0.1800673890614597,0.997158977604903,3.436401745068077,-0.024621679541002684,-0.2732384576007162,-3.3106133641748223,0.6842019479994093,3.3567789318899806,1.3480363626306917,-0.8649266728928702,-0.860568404511637,2.0304853341362037,-1.5721740278075842,-1.5550559996908202,2.608908338896991,-1.792758388072671,1.8565935588955007,0.2794083741759434,0.7218663007293458,1.9304467081503016,-4.790773266665126,3.894155943191592,-1.5818585900390139,-0.38712629558386913,-4.610865441144813,1.3161798778018579,1.2328538783749827,-2.0011029777928724,1.4702230948136044,0.3614801062583109,-0.635694156542548,0.8696597588248459,-0.8330277826446957,-4.867180914396389,-1.4826793416657051,3.64641856350332,2.221598591926067,-2.3765197366552213,0.680400723588382,2.3242846091781892,-4.595436249780708,2.4677041237872768,-0.8310764727743117,1.0932635684414045,-2.945676740585593,4.245884702713327,-2.3748820804056456,-2.5283167657211787,1.9204075443293238,-5.099401163350782,-1.7836259190342172,0.489985728964117,8.435829575665688,1.7420766902540699,-0.8636858112685515,0.16903571590907,2.4507101458382694,2.69122180409916,3.102149700326412,0.17437807655037646,0.6367851723296687,-1.4597413368825822,-2.1290186832007896,1.3752052111914412,0.2678622797912744,-0.4483539712583736,2.891871047263643,-5.1213977161717015,2.5148268884207536,1.4784565225856088,-2.712812544120178,-2.191178115595709,3.5482639945167236,-2.6308731777089664,2.1676149325411433,-0.43968582372393095,-1.859371494436391,3.2199072835869953,-3.43747244532169,-0.05322180897588201,4.46744587360499,3.2372745080465606,0.12205630887089092,0.6521540685073957,-1.455947903022186,-1.9979335311412865,2.825146142517974,2.477433452534563,-0.4730408226281263,-2.0236540461006536,2.5856212943435075,-2.731860264533997,1.9758988500327592,-2.0123612947038003,1.3092144869728286,3.211865521676441,0.28698608255481173,2.2306586409342426,-2.4625217279901137,0.19619153826010538,-2.82960622163269,0.5604118793487233,-2.5935786615234457,0.11766162761210547,0.08239611223692744,1.7874987512222056,4.683446822554246,-2.443831823117235,-0.05172924281986113,1.3137218076463906,1.132462392385328,-5.028168299748499,3.869257784641159,3.725318345532532,-0.14165834716954795,2.5913158694512184,0.736080167781627,1.3253393169136343,0.032503369588988286,-1.693838458983023,-2.2601245430462384,-3.9404522908241013,-1.9462158237423575,-2.772419508612345,1.9210341731678995,-0.04506634186937686,0.4671673336778874,0.9497420383110904,-0.08301735306171168,1.4609107589748793,-4.00957607373842,0.9476002036110389,5.920089977981043,-0.014326558880503257,-1.2127431664716162,-1.49035093615977,0.5696085878623227,1.8323722401142784,-1.7869677137638236,-2.3431258022220187,3.2575568074332977,1.9869445373942245,-1.8584068202008157,-0.45663062766403223,-1.881602243110554,-2.601641200248167,-3.813860144856183,-1.6655099516459555,2.132195022086829,0.726248907573753,-1.225365987538014,3.173071975229637,-3.201619432938873,0.5236709289267076,1.8120375506120951,6.534882113978335,2.1214371340314195,-4.657541206164971,-1.5050792146369107,-1.4587120148926591,-1.272340550640915,3.324646560941611,-0.3990557791811489,1.729588993923852,0.8553776931581738,5.113130509938621,-2.6074028168430745,-2.3156581451711924,-5.187567127654848,-3.5754617222655445,-2.1452632860909797,-3.936458567489341,0.2219460859267971,-6.8731267150763475,1.4984499024222195,0.34476111623718086,0.11523074239897692,-0.903118691993645,0.12871803218366262,3.734571130252175,0.983089434252876,4.399560909112513,-1.6173628964956892,0.07713827553399541,0.26356534524137537,0.9806665700273576,-6.803840279886199,-2.514896056418276,-0.03873427587864296,1.1323138403613777,-0.28471761444666865,-0.31947212315864026,0.3748988518630585,-2.0450987363561115,-2.842199981018074,2.6658475751325703,1.3936618477970135,1.740162444589608,7.463759365803414,-0.9671640097730971,-4.001462176496022,3.5172104563410227,-0.5622926497317247,-3.0127381414029646,1.7315812268530095,-0.30807159517418037,-1.8499518945957563,-0.38308555385891996,-3.5406918135799184,-6.250807759033593,-0.8728145423203633,2.3390063713475913,-0.7062209196098836,1.6219215848028568,-1.4897291862443622,0.6603550477453592,0.010722607705302489,-0.6123404140292238,2.5823372662166952,-3.1183356756707603,1.0277089103895425,-1.8016151089587917,0.4323906379539253,-1.9137169376252365,-1.4696846643904413,-0.035285296915687714,-0.4708870836299555,2.512221530840839,0.12090760015493876,-3.628922947975342,0.39007993314630324,-1.3497629293657443,-1.2935276952579773,3.86350421001106,-0.811121086358747,1.239754551504305,-0.2417028215835793,0.942589319490061,-1.2565214358957948,1.3430234808386277,-0.9227026523480666,-1.8056560813413658,-1.4179983113359724,1.3449385503624727,1.2924768389486487,0.16365530493117864,0.8615581592748153,1.3823256299492912,-0.45162795366375597,-0.4478298682387013,1.6435292936861132,2.667381741201,1.8725359173506244,-3.5004996140765776,1.073646981380274,-0.24324263584546618,1.565818768008001,-6.1307026482683264,-3.9763323897205116,-0.08480081432774936,0.5654661918445462,5.443121256227417,3.0510147124584797,-3.135334493576507,2.604926308729898,0.017732120441740662,4.154788947032133,1.8574463933379848,-1.532990060009047,1.417521574555923,0.23232029791340011,0.8288365182126007,-0.030960854252993997,1.7545592887209307,-0.9142396664398168,1.047599365386339,2.3306424082158146,-1.7569745760021866,1.7441329698057872,-7.706784376587543;-1.033607186251655,-0.6833611118565894,-4.39453945631173,-2.4031096006992945,0.6892708367238782,1.3598548375197819,3.7871637829130917,1.0050359641887765,-0.4150110500771425,2.413090472582238,-0.8895498741764196,-3.0998963960866868,3.621316911986035,0.48045316311221986,1.6981446423456055,-0.5496852002934081;41.21145070269851,0.8195010922107173,-42.651576553623556,-27.88492666907175,12.539476399689743,19.066243426414264,13.69958289720891,1.7838457295462005,-11.662642633748117,5.610945095899792,5.519337804697553,-27.529788138031293,-3.0151795479097503,-22.57116486781084,-15.17053013845227,43.51217028723006,-14.573771013795813,-2.4122847689606246,17.936892856959382,17.90660260312163,2.6452433843952443,10.197149363957996,28.20276492505774,-21.80819256235918,-1.7600882505072906,-15.929046377207687,9.730766329034335,-9.097908853360819,-2.89995893734954,8.092338907011923,4.33036001348904,-1.4393844449645294,-22.374829576935518,8.062479772068084,12.033135172620543,-16.459357949002325,1.0260268706885625,-5.176789279318742,33.058918451252005,7.051753634386585,-3.9844869005715107,-13.922393476056632,34.74737135594609,37.40845320753833,-15.245135865309686,-16.937078106503527,15.573193350748078,-3.990020202267989,-1.9219963548115282,19.76136452426605,-30.571647432491794,-18.987048869950414,-6.52598627347586,7.0268394105693135,-1.344154716024008,-6.0278937994439765,-7.360922844844876,-3.723825108602674,-24.124402182230398,16.555470280126723,-23.915222144104728,8.14625978038863,-5.483718321110864,-3.081114181516471,8.481882376336069,-28.91127163701642,7.992099441938855,-2.105349025057199,32.81760797783324,-5.981925053638753,30.058508837712466,20.289410136441006,8.356484440111313,10.302257873951229,6.622845039396276,-12.353296603082324,-12.08125444865989,3.6900560458280967,39.278114643175556,-29.54841919505797,-25.855813040444446,-14.786441897401087,-5.591964018297304,-12.399374955669588,38.06105903962428,-5.7586998867781425,-15.208719252286414,-2.1440771211316614,-4.529315016646154,-36.94830268459217,-22.564760369495797,-4.9184968463498056,15.001911804297851,-6.136927581819789,-14.94426159708404,31.778349792311285,-21.04368935308592,-48.492356590078046,-0.5378906147598618,-9.592266305352336,-6.797838449167496,-32.896912853796955,7.028219190778176,-5.717818910645695,19.98543675752995,-18.419971234453744,-3.213610072992312,21.634118041451323,-22.405737025212648,4.079347796655579,-19.905045770142817,-3.6902677820122363,-2.265449217293163,17.523011015170496,3.089131091777972,15.721231453934596,22.492970316065907,14.802436670581777,9.992964076249125,-33.54916948811994,21.52004603256204,13.826520391334789,1.4134387289260026,0.8011628936044044,-13.319967491069406,-14.617848659615035,5.423840123670496,12.700908119707739,18.79278210650623,5.653863621335908,-1.8821669712512215,7.8321860034091415,-25.328404166679512,-7.39769872386174,9.85518765292968,-7.455475711555081,-19.31030720495883,-33.81244123653026,-37.331687879514234,9.378500224444291,-22.382240282551976,-12.398263696785712,-7.1372162678867905,10.561156487519487,-22.910392328407703,17.289213560021423,13.979722407470227,10.516579170018064,3.510925049672613,-4.371342740968101,4.956692430721944,10.652036068920848,24.05208564111878,7.825947098209851,-31.0463413598001,-3.567960915055497,9.98879811698989,-11.835499820509732,13.304421959462097,-22.26252239132098;-10.913153060187934,9.855431422399427,-5.297543786224941,0.5497782236743266,5.611449419728386,3.19220426031292,0.08853207346000158,-0.30595744841022326,0.38717632265131896,7.3678152695574965"
