Individual,Fitness,Controller
0,2.077908592426722,"-3.4239416839035974,0.5276345566209213,-2.4584590693661066,1.1040258707285078,1.5332209997371176,4.8290280069285565,0.7879576547404086,-1.403067901507487,-5.936185135947346,-3.013410230494248,-2.721693525494573,4.70313696359005,-0.1622820400989753,-1.3328144236008344,-1.4242311780454737,-0.7291534560222398,0.16449793312251546,1.2302174861101391,-1.873161032680425,0.042506524606755136,-2.0884994865680517,2.3172440306028412,-2.9409520970537852,-3.5770864299002394,-1.478939371790245,-2.7118200870188556,-1.334966815162478,0.043647687360486194,-2.0096509838117025,1.0171862915197947,0.08063070087551673,-0.7126351003506858,-1.536997421351627,-0.229903500069794,-3.079811795800767,1.103944544967981,-2.9809761386484324,0.6777933262700223,0.6250745131687818,4.403404469772946,0.41580050467827223,1.0950234814687614,3.1751698897370746,0.20687575127485566,0.9480722418955494,-1.6086179502973763,-4.168851627315091,0.374137686644361,-0.37727607218248027,2.7150224958269478,3.353055600068555,2.3963932028008488,-0.8130083190958636,0.5864771636492002,-1.352079426552587,2.055473562895138,-3.2512339198599705,1.1200693412579517,-5.285984841748759,1.4813306091847407,1.8894673736999825,-2.1525069280285005,-5.805847948470225,2.852051675200375,0.5244190295357354,-3.407668815807985,0.2480926282244197,2.686458101459514,2.6276316758739977,3.2358582032400958,1.4946316606381762,0.8726175817989683,-2.3567704074793507,-0.2893385496101434,-1.7820480682505888,-1.8753002197538367,-3.2222742947984684,-3.5194276391493906,-1.8407419961803488,1.484664942113542,4.356144681910113,1.7745275263491809,-1.0999838292000301,-3.0658179716195004,-2.20885827826408,-3.2665582109031797,-4.850991508090537,-0.585257814744846,-0.8182511459333149,-0.6533105145145115,1.6588541576484512,1.0326411464636498,3.986199686207433,-3.2264431751203895,2.8203822561257734,1.248606249561833,-2.1707295660708548,1.8457499314833994,4.903927463453309,0.2862183861141327,-0.7157817080832126,-0.08357203522521561,1.2958407850611509,-0.32771165314457285,-1.1272045873870296,1.9357439966349426,-4.5743767773745585,0.13735678821868325,-2.014891647362093,-0.9278247224341089,-3.0957737532279976,2.74986157914637,-0.8139513630429785,1.1816202444171924,-3.7557931788943892,0.6148638669900888,4.0668038570387415,-1.5344406606677379,1.447481009724092,3.775702215904569,-0.13680127440738366,0.6838282471740336,0.0251876560426913,-2.884225128622428,-2.371846049740946,-5.383759039592208,0.9831935024676665,1.0354023974078184,-0.23406654150209366,-2.2669761070626127,0.03275012751576514,0.06695636172497912,3.654461044752567,4.146720792599712,1.8298814664622272,1.4602840230167362,-5.052303749459322,5.410842539861602,3.0455782798466924,1.1988433966811787,-1.3616193843509448,0.2472638180270432,-1.0241665769349566,2.763707731541707,2.2075704252677673,-1.9764960768794402,-0.5558719596936383,5.204391258765363,0.1347224526795516,-2.520929559535524,-0.41839711922240647,-0.5374143396468347,-7.253007243199244,0.6676073670804463,1.5917924707598774,0.2098356824217641,1.464374167448248,1.0381971378919366,1.0546777367517828,1.6764664917573515,1.6623530291049218,1.1043056988891355,-0.5945579133918237,-2.6557646744585988,-2.150309484335241,0.248631004894232,-2.1570610594298256,1.1526845586624566,2.540723946020878,6.43624894927533,4.627050020589947,1.8591637213996828,-8.000159576192438,4.501112678723509,-1.704154097121036,-1.9848545277765948,1.7278063976252498,-1.7565049547249916,0.27843090027514417,-2.184538352641117,-2.5488875679404943,3.587649506216918,3.2329283548569943,0.021041685057910486,1.201664268701482,-2.318699491618399,0.3080495124854963,-0.9350592459710398,3.0587565968270076,-1.9158423877802353,-0.8531397355035941,-1.81458469988718,-2.677928099766949,2.694488476466608,-3.1235724350024294,-0.26133642122366796,0.5899429686203251,0.36894954716745265,-0.6422347192055721,2.2569016199649803,-2.0445450083545227,-0.8342127785457549,1.060485294252401,-1.6438275662390005,-0.9051647489243152,-0.7098821016292206,1.3882036230969772,1.0105793966707695,1.812374148651214,-1.0671748339963114,4.139178964858418,-1.7154074704438655,-1.1830456155908224,0.5123986449320271,-1.0239176067020965,-0.012420896732217024,-3.4008847023701776,-2.8834157020823925,1.553288708128469,-4.080465596022256,8.81815682295177,0.5041377401334226,0.13444746360631454,-2.3499982694108628,-4.721498942267072,-0.5237771384756436,2.2166670675451567,1.1612177190419086,4.032453902034424,0.3577460289031877,-2.9369031378397703,1.4368202684345446,-1.576081485498859,1.843156101229945,-2.1169022532348354,-0.8912890799810012,-4.053680905652634,0.30566784039713013,-1.1138117595644732,0.18668060123360264,-2.8591656229987867,-0.5644605089341637,-4.524524061204614,2.244224923360251,-1.7117184708385564,-0.3059687942379015,-1.9462830806814735,0.7086176735777017,4.304579524225941,-0.5620911857968021,-2.9164295714051454,-0.1714926635770916,-1.9020397244548197,-1.557846060569873,0.9742369936531281,-4.856340500836014,-4.64470268243136,1.1451157423762628,0.45422308810983375,-0.9879057876561899,-0.05269819468946069,-3.925653366421994,1.936531010045739,7.688532515820654,2.297071134886182,-0.4515936243132875,2.25108643176409,0.5587568448946839,1.5687215835619104,0.9848349929903788,-0.28674435944695864,4.181009994616752,0.6268634155921002,-1.9180194136559798,-2.6753361915398997,-0.4587618144835985,-0.44071910751718923,4.124650525976508,-3.2856688251903527,-1.3129652939659873,-0.05795527517087734,0.5621721108239184,-2.9297971921338206,4.440838194957468,2.32505917079426,-0.39087266458946046,3.667485376537363,4.232100010748052,-2.3959451109914305,3.4239298146994432,-0.8628516048212935,-0.215350477531441,-0.934967887149361,-3.7508584510622844,1.768814790045956,1.4710929062598552,-0.3814398992894735,-0.506578170888003,-1.3760120061280694,0.5831753609589122,2.514151620524714,-1.3722577604556432,-0.8314884918549061,2.8004261471096905,-2.0047906846120305,1.670551540974955,-0.39931085140381795,1.007866467369119,-0.36050611966987606,-1.0981385879622871,2.4465234487916643,1.4370962907600209,0.6997593231886258,0.5713724007066248,4.252712684462228,-5.287510973361957,-1.7795189410656609,-0.8134871359868499,-1.3009428583368374,2.511765609994266,1.4335090397796568,3.9433891111244144,-2.243393180813445,1.2555495141822508,1.589149129841927,1.7109614759000928,5.327051746951988,0.3504746357018494,-0.9176112374869752,-2.857660268797071,-1.661320919610262,0.7950747443111512,1.4490391252200692,-1.2117780357386314,-2.114281127070759,-0.030293108605434174,4.13295365748108,1.7700440548766851,3.1329536235407636,2.212286733716475,2.297881293148012,3.6797708031283007,-1.4600348385169188,-2.5616660109102227,-1.5026034580490588,-2.3506602501480023,-1.069999419907178,-0.09880562629957201,-2.7145330829290923,-3.449685140921187,0.6206225070335604,0.6809516065146561,2.8709118730341148,0.20582656498697066,0.28391855723893455,-0.24782530278915665,1.359528250827335,-0.6841435755302175,3.5116374501321506,-1.5436629051056352,0.607419757921003,-2.5018978166823067,2.329975410966888,0.6587644569718534,2.2752342625797017,1.5198247156718576,2.3926320836530097,2.2095319792069406,3.178524718425708,2.758205844235947,0.9533733672199416,0.5006907538014116,0.8962515763885762,1.5702637166225206,-0.8129809012284065,0.9882123419761242,-0.04779533055440509,-4.356601196684874,2.9754193562078637,-2.136359657434425,-0.5604940185473339,-0.7854512057449278,-0.8314694888099764,4.4206784650373026,-3.646738328250813,3.6577319960378447,-2.1873876543602266,0.7661281823923636,-0.3732562595137392,-0.47994390632115735,-0.9519138398002265,0.9894516534646435,-1.2365343743153052,1.2256834748800793,-0.30990100961438444,-1.1769861155449188,2.7287031316360046,-1.958162738953213,1.3939427434087601,-2.479675524078647,-1.6848742452068728,-1.820340961852225,0.26515452114690513,-1.1430019553279047,-3.0432244099593246,2.4200515443552435,0.07626944449923778,1.8814485781423105,0.07660741118517783,-0.29651261926899874,0.4503479783466265,2.2116142395890095,-1.9295952575398803,4.65653961425277,1.1425091546397628,-3.659022144421543,1.4677925049403595,-2.0744630351949143,1.6300842854094906,2.74446265554272,0.6980945219500133,0.9886201111814592,-3.1813468830589864,2.7246298757913214,0.1304215052520874,-3.1199380002160235,-2.990603974039534,0.8364684171583845,3.4463133160636614,-0.2772378622829537,-3.3253208457539505,3.4183307785557755,-1.9167146889171005,-1.7182645008261317,3.4561112955378017,-1.4144397107199356,2.430740425701417,-0.43704162649758405,1.147003236916539,0.7710041732040909,-0.5587328050724693,-1.9681949069357125,-0.6701979250105106,2.7181586564651945,0.3916043841934842,-3.231615266296628,-0.41296946695304454,-1.736392620666639,1.0567927458376232,-2.335631782298145,5.23865478549317,0.6368897167646398,-2.1824597323017034,-1.1831550728133302,3.9459192443729885,-3.2677823463564324,1.9221907880747262,-0.08744448502401855,0.06380356415251875,-2.877864423984481,1.2023837389633019,-1.5368425507206696,4.08501504025743,0.4097351416624502,-1.52224694236064,1.1409118553385804,-1.9692860986793725,-0.20646010514203866,0.3251284150312846,0.8846530636857932,-4.1005843037972305,2.5252620254556324,4.921868135371073,1.629862981705942,3.6650026807027567,-0.6316244332467119,-1.5324673351529476,0.2793126344555397,-0.4535270106030491,-1.0226748297641597,-2.378328479201916,-0.6155936946838114,-2.466421594537245,-0.7093301030917886,2.0911013453029157,-1.0052434847340226,-1.0987651914123062,-0.4498883168603423,-3.3822850691963953,4.978999300421518,-4.332559979508325,0.8396251201952207,0.07730774199930213,3.276266545262022,-0.1261679941352174,-3.3482108477173784,-2.690772121122872,-3.6539254775791745,0.5585666612279939,2.069957531658122,3.6327324022234375,-2.0568441709441228,-1.7037833807685399,-6.423884647013894,0.8280072277354389,3.1702513976359272,2.1280097999295773,0.4092355911076192,1.2511129807993135,2.7673363669020214,2.0656469358869463,0.4969427661160013,-1.3419851931181572,0.4724569139593204,-1.6830319804499274,0.7864014610801779,-0.5705379212072696,4.0667597119354895,-0.8555144560864769,2.914781861098719,-0.8358724993345631,-1.0190477074757767,-1.360934930993786,-0.835138490062438,1.3687150656472746,-0.928728803031759,2.676461750366629,0.26855006363317496,0.41083309141620994,4.560645636851598,-0.904513816558487,1.8886636985546117,-2.0697831044190007,2.8305651420002294,-0.9422760849314117,2.156040947063596,-1.905307482693643,0.8548164495161954,0.16523437795423626,-2.2248934332518275,1.9273975807361805,-2.73003698512575,1.2552741595046224,0.16248772929414754,-2.008292705467671,2.5250176570398475,-0.37381442434621465,-0.9145594675548002,0.2912710868475539,-3.3243384604554986,-4.768256512018044,0.030417742947647763,-0.19940218699823306,-1.2664895557313307,-2.483975005697623,0.7262963729056429,-1.2994691898826967,3.1860426150976133,5.056722562114946,-1.4075487592897753,-1.6187998721780228,1.1424751171927232,3.368954707405411,-3.195515091539983,3.266864037633418,-2.3859485009715025,3.0282898981434276,0.24493155412035084,-2.3519125387507755,-2.9775183992641736,-4.469192736467097,-0.39736660844498617,1.091637416831034,-0.9305602261759764,4.547596390972135,2.1139429722648884,2.946187796566605,0.9097778525611848,-2.5920099343238143,1.5800480501953742,-1.0125670615187703,-2.218920105590977,0.266913030817743,0.1612536490181878,-0.5383350685993308,0.6109752238597971,0.9179084308789422,-2.2875717445161032,-5.059880953375357,0.22974233484647577,6.7406444364918405,4.833156457287618,-2.1387929126335328,1.1467339674059998,-2.7257594864840895,3.640926633197371,3.882576196818417,0.16523588536573608,0.6933359158217637,2.1415756754788777,1.2200636663918745,-1.4179530651237846,-3.8648399455983777,-2.0679844185703566,-1.1396566508875272,1.8566752211549788,1.4002057529572378,-2.6424891986322723,3.836231660724211,-0.03578438098539899,1.9357491023758657,-2.0678507567474105,2.0085548223422545,-0.5740371726726257,-2.5633458411889127,1.5587063707133773,1.4181321653772414,-1.7548387175924864,-3.692851769798581,1.9143646337271392,0.8155237446966128,-1.6950594066034803,-3.473248355343416,1.2867020997341518,0.3387049718915286,-0.5715241950436476,1.6697610492071344,-2.1934081746172955,0.7790161442132005,0.6402049302595348,0.7963868849435825,2.275648599320188,5.68416543034004,-3.365756203794009,2.4183162009852768,2.9373909222154495,-3.405726028126173,1.8627535230402037,0.47378285358459094,-0.1354682111686805,0.9343964364156939,4.119078545504187,3.3783724762022196,0.07553548909333563,2.773048439159793,1.3568304434424416,1.9109128040620034,2.8754235403721125,-1.6758378012776374,1.6243580022915798,0.5956180218324436,-1.4042609735169167,0.6445683965377589,-0.4726534894428429,-3.4780938280603144,3.146315133726056,3.8269585084401263,0.7824873534120781,-4.301233599779206,1.2708379258204578,4.818046291585179,1.7618854479101365,-1.7468293598132005,-1.3983945967966227,2.030780306750175,1.3063319426566853,-3.695634347890723,0.2099277171882457,6.445907949461795,-5.231291268512646,0.07017467580563752,-3.5930818169029584,2.3255311631000377,-1.97464044926976,-3.8846527417103047,1.3532964296660466,1.3764290308239433,2.043139410261352,-1.1361587124162706,-0.18054377528033405,4.2279533104977824,-0.8591722138243667,0.22232324405863868,-1.5171573720534548,0.07502650990677409,-2.7109054547038074,-0.13207025814256146,1.285795090218122,3.2727176920492314,0.2611472961823959,2.8785817116850203,-3.7398521949684422,0.4267390047452906,-1.6732425057615532,2.304888337399773,2.483983656067131,-0.49543494122098486,-1.1637657222632891,8.825473359259842,0.609007108300867,1.1728663187784734,-0.9655324815577476,-2.3247708717725404,0.09147835847978064,-3.827814733548412,-2.113232140091846,-4.034874150729075,0.5173351633758176,0.5767289322566301,-1.200928703135056,2.972030724817498,-4.513011081193552,0.6906036654806342,1.8106874397571315,1.2803038536545917,1.0412060623158716,2.6053346614486186,-1.4812541761460676,-1.261623775180705,-1.7600176130197513,-2.873540790321056,-3.0157196688193277,0.7591649189525433,1.6854505310780796,0.11126355656286957,-2.499838333538668,-0.8378241343688331,1.2179370935107587,-4.067023513180609,4.304152585397517,-0.25365346623719465,2.5625231078857933,0.5280090411044067,-3.496698747241404,0.3786394800271844,-0.2534940242756251,-1.623974381920001,-2.038779049693511,2.40559188152475,2.3552997363323525,0.28777304958449756,0.5746407013480821,1.8954717891400406,2.2533454286833137,-2.7193276107479543,0.6030473026985219,2.129358271992643,-5.749539134753454,-1.193047158947154,1.0866162797483714,2.3017730139029062,1.7953091989867622,-3.3881317995871143,1.696369166565861,2.61228837812968,-4.449654357839786,0.9080081133549129,-1.0401426545715005,-0.1711729997152293,-2.549593564129056,-1.9401778292969303,1.769501942302734,-3.092769792246643,-0.3985099170869275,0.7777887386374955,1.106903804852608,-4.267527028751167,-3.645238476504502,-0.9469824739102763,-0.20726569093354308,0.8143823218638341,2.5119725777843156,-0.2615529423797339,-2.1619129371569947,2.06948173906539,3.418815306448322,2.7447787453098083,-6.137254244756593,-3.036603232602265,-1.2683014198815878,-3.323458993196599,0.9542194462633861,2.0224327820725274,-0.5431322068638983,-3.317029711993955,-0.3275449265088982,0.3938769303393974,0.1789682001053302,-2.0045216693042986,2.2773256122519134,1.1984326960939007,-1.0897568054797189,-0.0012716081925551737,1.6155736710395976,2.752402749155892,1.3779154508668185,0.43200464473987643,-4.531327898372035,-0.6760566910627364,3.002790173539599,-1.0925065438961534,-2.542392112801345,-2.768617373237333,-0.4988718414103235,1.7012004017923292,5.645215840023831,2.7118319345273822,0.28018240700642416,-2.2478139443453347,-2.7895028497338274,3.8584423760539246,-1.025142956362121,-0.9580314311424627,3.0868177350762105,-1.583155902929676,0.9983989071315106,-0.8924728830763827,-1.8660585048857063,-4.556302138067217,1.6894410813231444,-1.1553091810162215,1.2906897302055993,4.613101364588069,1.9740332532886322,-4.611081247958974,-1.9737360664938564,1.7554002171988892,-1.015663031978333,0.23569565348164223,0.8428997834486618,-3.2568690972166814,-2.8610258004396183,3.5371617835451454,1.4525018144118715,2.646706614846731,-2.134721268284232,-1.7907885608189182,5.145623771838837,-1.5123126246721248,-1.3015127156627768,6.803139311331566,-2.7275572222521145,4.022402784275733,1.6130645416419174,-3.4198529915930718,3.9768208001847567,-2.745522633846643,-0.18124180118399225,-1.6998959492406602,-2.8023024148321873,3.6915277021231305,-0.8085089795209168,-0.7273812563070114,-0.7042815200682541,1.975556871733023,-3.967305683315441,2.342154659921262,-0.04395114494179357,0.3941542658034839,-1.224810256409023,-2.24403870623616,0.820111200872025,1.884704115682298,1.5341538951978149,-0.7427889042863064,-1.6151993474005977,-2.4334726785149106,3.7273876864860473,1.1905725792685713,0.20454919346871892,-2.9644874184846906,0.07056053839790688,-0.011156027748269785,1.302424247747743,0.024015331824575492,-0.2488812311180717,-1.9687042788256133,-3.2959756508734674,2.1674766234954568,-1.2375199330274738,1.0712393694687394,5.407891611914669,-2.3679257378711682,-0.8837382474774824,-3.2934632671787707,-0.6243728644531388,1.5808488249188157,2.17330839285824,4.385513833829351,-2.021065781363508,-5.512226357275011,2.3169906363764268,2.5016855759386676,2.167626090405442,-4.931688922970631,-0.9850347118674687,-1.2309021619334788,1.3137698579510266,-0.9732233264057218,-2.26080160718139,-2.6620496120844668,0.5862920636640033,-1.3921469005451004,2.3071828950165005,-0.6284336038549416,-2.5575497397077016,0.1405570132723346,-2.09910536121986,-2.9276099650292813,3.3954112297874492,2.1668201484836977,1.9079062004076506,-0.010458489316217297,6.529315368936773,0.6615483441083476,-0.30825918722003776,-3.9724978522714407,0.5427094778129086,-4.072575727728653,-1.0628184358773416,0.9701948851090608,1.16007725561894,0.40670680530620873,-1.6997912344139445,-0.20201147826327437,-1.9292799822300795,-2.8520311425133102,2.163442713936928,-2.992995440792369,0.03854238357843879,3.7774688277164863,-0.5871910315888371,1.6945309397529744,-1.4813433952480386,0.02630831863090549,0.13443454481014083,0.041088834934522644,-3.7106366413314094,1.3329543463727114,-0.7706024160405804,3.247358849193833,4.820290418652874,-4.172930590720116,3.8718783388712392,1.278496061036194,2.133561123790066,2.0560922631688383,-1.6039814259599483,-1.3827946853024577,2.4288045394154976,-0.3377826905705438,-0.3565972373558146,1.788772375149843,5.0335925837204325,0.6807812006527435,3.370020370776678,-0.6612756829529494,4.182609858662875,-0.3409867756648787,0.3884488185809838,4.217693562926432,-1.5723416161041908,4.792210743646219,0.8511828344201078,-0.08778617764501007,-5.3871064800091775,1.4782388161471924,3.335399792341665,2.6047906131645764,3.8645627062111347,-1.3003388606097597,1.7129701517877007,-0.18574751221787714,5.480118304540782,2.157526208101229,-5.516867583011577,0.2781406676950251,-2.1362030076725076,0.816623370193102,1.4992720082827717,-0.7548037063534605,2.1629286008891078,0.34528216649669685,-3.298124981121707,-3.2379129688330326,1.189512126010139,0.6807589954546311,-3.237430345459798,-4.021552902180871,0.636111879396688,1.5790235340378045,1.610648009285803,-3.088119977939156,1.3568431285836033,-5.221605391450796,0.9017094580745553,1.419150467306732,0.2645794966191312,-0.7694842831646461,4.038001902596871,0.3159068992853174,-1.8364372722398044,-1.148751016004498,-1.5372601958947056,2.091675883582124,-1.9825663599546681,-1.882253035494748,1.5533226040082284,-2.8373033414906774,4.678681822344198,1.9979465363769693,-1.0876149913228632,3.7422522186279785,1.788260745091849,1.6450390094202412,-3.7747854612346106,-2.029270904689157,-4.750873375729524,0.5546882182496806,-1.1295154605076776,-1.776420704200474,4.528119529174382,1.0997493067358164,-3.743658190144906,-3.888423521982256,-0.9512847774216207,-1.7105326550787956,0.5613036010951451,-2.2606058986550104,-3.1949424447268107,-4.970491442387349,2.4145339052928283,-0.9740637533036143,-1.9438344117213395,-0.02432916008068811,-1.3209111265472735,2.197923750566881,1.563036646290044,-3.226149221276711,-1.3006267773085924,1.8044883217460264,-0.06631270856061011,0.7160434868940553,-0.927637490706882,-4.922316725768342,1.940998887974831,2.3431731044377617,2.706806867217777,0.5763587902001136,-3.2200287365657276,-0.9943843539609137,-1.8054262447388265,0.02447954335701097,2.16138481629838,-1.8458646932022822,-1.0571008679240887,1.8461412024785826,-0.7133084530676691,0.44542398141181694,4.0026672784250605,0.41759399048460955,-0.9283600274147558,1.4281108142453391,1.0237907393592034,-0.8150809592832294,2.5427651662054798,2.940486343384767,2.542071723819626,-2.997857224425887,-2.307876719443129,2.4577197937340474,-0.7061776221267184,-3.002374534893343,3.7546938435277553,2.095997051240248,2.271476185629854,-0.5622991704957814,-0.8068052412574428,2.3598275247255844,2.829146844403081,5.187598008504324,-3.419462339449157,5.448392525431595,3.569992134535239,0.47074390642288444,1.5866196932106913,0.5624422950723746,1.2032465182669507,4.112456532255713,1.2983192448274443,-0.013283757601725399,2.1942433524821183,-1.6111783500819266,-4.198029921368079,0.9852630815996817,1.4090444024624103,-0.008953952477038916,0.594164400710002,0.3513063165471846,-0.3968817924697202,0.6144299194097266,0.7960871272713044,5.742395899642398,3.8856272078291805,-0.9773441947786758,3.3111329814265735,-4.197604047678802,0.6323024353631745,0.5005310133800374,2.209875917192716,-4.324064454324526,0.7824771232346266,1.942263580973842,-3.483416534133561,0.8313676379957704,0.03984308979340989,0.10652356378804878,-4.84179019538524,-1.2998305274412425,-1.7049914345462942,-1.8467306320283288,0.46103530316785224,2.2811090121171347,2.295401871232618,1.8998785305404924,-2.8984725431087393,-0.10984478591325009,-2.6787839931103465,2.2674786225339503,-1.6583682790806913,1.994909430276158,0.519294325084376,-2.8824895764118343,2.7673076874527687,3.1343519633475294,1.043952319944637,3.893427503102704,-0.25836779709279695,-2.17470289643074,-1.31321334802558,-1.8880494902074414,1.2957986943615383,-3.6284225163489947,-1.5315920893733113,3.3509988654125964,-1.712621012643914,0.8245159240972257,0.006220932545093705,1.6436754123027957,-0.8742942215207207,-0.49570360320797263,-1.357441497899175;1.3953261083017363,-0.904993360600123,3.0929455078463475,2.734524879959693,-0.3521213324187462,1.6532634395933705,0.23634915441324622,1.6476118020247585,-1.1944617805099247,-0.8698167493606617,-0.3997138008601422,-1.1424810086745159,-0.5097199697421206,1.6755779028382678,2.4690321403477142,-0.6240752723780227;1.904952733568579,-1.2666606755082477,0.7369568901814636,-0.32883987138272147,-0.3966260547139019,-2.946677616365057,-0.09627589422885263,-3.1217466508332006,3.821497605967105,-2.3203202288295164,-2.4063101873405106,0.9823505455666304,0.9688326469813981,2.3284130586157663,-2.878537504837149,-1.3865997862293467,-0.03138673769526146,-3.802180283012749,-0.0011180525899479044,1.6972936793966635,-1.5918312455734906,-2.6859839325079307,-2.82780606678518,1.0083778991513779,-1.4997241107538233,2.3075787092651576,-1.6188829476884983,1.525176632543868,-1.4334677094178687,-2.8329714341645937,-2.51372808785122,-0.7966122635851428,1.724579114965819,3.7745516259902443,-2.5328088606373576,-1.621857168542124,-0.5465081105857315,1.0987897054075928,-5.491541433161652,-2.921391612025819,-0.707587339231752,0.43702433354966774,-8.976843751493508,1.4629781077827821,1.7225350327184341,1.5916924870958309,0.9220527370069872,-0.5663763586397996,-2.9733966738079904,-4.365422512197275,0.7951083183982735,0.7263356977172113,1.3098121054685934,-0.9222086948434675,4.826064938953559,-0.920671914590601,-2.023777410752193,-2.923980358000305,1.8167901451677535,3.4570725911824343,0.6442072668990196,-0.4997088248069391,0.5454487196217954,-0.9862448462388442,2.981313791959013,0.7912149206147143,-4.375670832895424,0.8134586811190075,3.539271542371344,0.26456587327778935,-0.539755640256893,1.2055301363777073,2.9430513436579773,2.872239399404118,3.8396122459626167,-1.8026831550294482,4.621143331523048,-2.946554574329899,0.1335555644693796,-4.231383567992013,-2.1419255884105963,-5.238909588960753,-0.9536644873889784,0.19655252004713655,-1.7300491996134741,0.7004497344792171,1.4999505966953612,1.8559166022330076,-0.5756490214775808,-1.6671788353780785,-0.06328350314778187,-1.8624564900569933,2.0678374376909376,-3.4922655925247867,1.617737877080589,4.271065837800725,2.7191208619450373,-1.7917931170483874,0.12915659973264876,-7.27939118102882,-3.6032133153478787,-1.135380255300487,-2.483860900847415,-1.8101571451230625,0.08366804220946689,-6.546782447023095,1.433412517793368,0.4122495132907321,-0.5165016475934308,-0.17099645793567841,-1.7462268263722622,0.130011421559863,-1.3752117061878513,1.767145658075112,0.9910724764434908,-1.1554486941950717,2.066362781220789,4.028918153571643,0.16219444011559148,-1.1865275663639445,-2.4026892204747026,-0.3100809352449322,2.0008365944138506,-7.417548679753212,2.8140452619535563,3.501661675354819,1.3729687042109717,-1.6243537802752182,2.537172184072993,-4.265393409017383,0.8945374870113005,0.8184638659121668,3.228053944218532,3.336486716263785,3.370128817958009,-1.0204500189824235,2.523066310291808,1.0930957535090438,3.7017519262239458,0.536104324137896,-2.727797545719265,-2.529419230941188,0.9669136087798684,-2.1763680620814676,4.582707123666422,-1.2498754509524703,-2.3787723007479675,1.8227136310592977,-2.827188667556201,1.882691395134756,-2.234849655362845,-0.17180202779257892,-1.6036098497432505,1.4521495476133244,1.7426487689110155,4.436545840699745,-4.273954299118516,2.2530916110625396,1.8736290961443174,-1.151109021127043;3.853223342777533,0.5612008135831211,0.5062779142373444,-0.2758261216590914,2.390808296697866,4.190018153535286,0.7968254261698902,1.8514732258721343,3.3717446385684635,-7.160880092488971"
1,1.8808711889559653,"-3.06114037177183,0.5386616106695545,-2.191387697344214,1.05045009642502,1.731609054225297,3.6766595980362284,0.973520489462053,-1.0615043858178714,-5.374770162154507,-2.0433056071325835,-2.1842269017021927,4.023283442479869,-1.7246760574083662,-1.6587006216871643,-0.7976810544899069,-0.056521475667429925,0.07754574769157832,-0.015689168562874833,-1.232049512461588,-0.2794683364897225,-2.335163616769036,1.4460985868108274,-2.628317863397878,-2.678315640630428,-1.0356356403791132,-2.770412950683258,-0.7950297990893715,-0.1572670478405134,-1.8463492236791361,-0.7501614817058354,-0.12430326206387501,-0.8950706361596684,-0.7360028463970928,-0.617737615640156,-2.841071605857235,-0.3611223388579734,-1.6270002690843959,1.2274249744584536,0.2577195975097856,3.3492698525764784,0.22711784271173194,1.7095134753719496,2.6925199729572142,-0.24506356532259965,-0.18487914762686947,-1.488325154161846,-2.386376278294146,0.8028424949854939,0.09006495231077859,4.176763106814584,1.3199802823240887,1.2097149012825412,-0.8492499766095596,0.7369443145771938,-0.6554293345552608,1.136327444862244,-2.2209434506259202,0.8039063075117346,-4.258776856976051,1.0231277761957154,2.086914365878486,-2.3346690776878196,-4.610339603831041,1.7746885359828592,0.34695899310828043,-2.948094862459472,0.7452530787328463,2.4270765176886986,2.0102042869681584,3.1318297481113966,1.126200788187977,0.9289191028178256,-1.389566320911568,-0.047015025427468805,-1.2149033076410407,-2.10811042784504,-2.186027044475667,-2.712814610972763,-1.7288475814685738,1.7443138140881387,3.2645064823126484,1.6845103097883352,-0.7442229629842783,-2.0316418520111714,-3.0032190121225293,-3.0883307681061685,-4.428414111064407,-1.1433687194138715,-0.5513724809202093,-1.194536104835127,1.202605194749476,0.8173478340598623,3.048075738025804,-2.3965411333515783,2.30629699424367,0.735805147559234,-0.9015568253828162,2.2290189325366856,3.4887688028056316,0.6885797881062994,-0.9460731891916611,0.5338415833370442,0.7084145096510507,0.2101672775284107,-0.9405582737273385,1.0392595818953518,-2.7114270909285643,0.7097868704664532,-0.7809568655645192,-0.17705282415432777,-1.8406552446465319,1.8360042225210595,-0.15343837571622257,0.9687617032379077,-3.220607988367104,1.4568252707260219,3.4028585465833254,-1.8985137008498514,1.9309292435286454,2.6457305254165977,0.009259795929209821,1.3233078299054764,-0.1334148592391595,-2.884396055816507,-1.4271599908679617,-4.9057749302892715,0.8481491227549479,0.5756922289270119,0.4093901640363118,-1.3614117453833599,0.3901798951110861,0.33249385194362113,2.8563687118196213,2.416277724359487,2.2622465188918452,0.8799023861695611,-4.437963825403335,4.847453726331749,1.7423837428183937,0.5952733588084487,-1.7361654752906366,0.12837596232962079,-1.166075782615515,1.8861676481060803,2.816297073456935,-1.6772011038855132,0.06185329819611274,5.214937085507735,-0.06141013578024544,-2.1804528474664426,-0.854720996593037,-0.4098618462908291,-6.129535598572351,1.3894084796065007,1.5476817311168547,0.30550751941720616,1.7949871296815523,0.9885984900753512,1.8653662335630081,1.8386235699679383,1.810540862583739,0.23758139941505269,-0.9405975964254946,-2.0027245434102485,-1.9844522008755245,0.13178657426841806,-1.6139066223205467,1.8729488482183396,2.153723841933214,5.416789845322291,5.198527819498123,1.3681379835367677,-7.0375261800944875,3.1355182259503525,-1.2736826708975282,-2.849537995850238,1.3778831680765422,-1.1255496905002145,0.11191974483843753,-2.0168790873562927,-2.5920836063742594,2.9872583216101924,3.08083697295605,0.4711191900455051,1.29823262196651,-2.286651382897491,-0.6333903582178565,-0.2234885541131946,3.1595316044202897,-1.0191707324985007,0.5475535541949456,-2.131309292235481,-2.2087968183745446,1.1538734939455095,-1.4000067752998477,-0.3837192801496098,0.7519169240577879,-0.6777285628380355,0.15419959395627514,2.6967226817553938,-1.9172901934298594,-2.252872881702016,0.43031779818578636,-2.3843079915954815,0.20580581037802148,0.3019125461028755,1.100262311906594,1.3105186629194674,1.8073463690498857,0.04926732094806076,3.006279322036913,-1.582174891551743,0.7116862481020599,-0.30178911907934836,-1.5753830483353284,1.1068249128996226,-2.1483373082074184,-2.9547674849134014,1.564254135568187,-3.9489048199954784,7.424794213227404,-0.04163190583517437,0.7682566409206014,-2.2531105051577467,-5.111145258399709,-0.8691686912037712,2.0393557457299867,1.447363650371731,3.9886183912571247,0.18318933071532625,-2.2865397948265125,1.3873786891345667,-0.25509096407944565,1.1664329642020186,-1.0983728766035425,-1.9044576207005672,-3.0163384110015197,0.7654653355415693,-2.0309014406708226,-0.03829829923847901,-2.467622212622095,-1.006852353058358,-3.369313810474145,1.6874773541461723,-1.4631246751513096,-0.34802359062262983,-1.326239326918918,1.0094439648680422,3.6488513666639917,0.8367077572831525,-2.885690872463138,0.020659702810412107,-2.023147950440502,-2.5558369179809595,1.516363537308419,-3.869368027506623,-3.934328654355816,0.23382056937175577,0.06669605511183385,-0.07663456064073891,-0.5970316876692939,-3.691847626935248,1.635762533262106,6.611448440022911,0.44265239388858524,0.4157766994654969,0.8894296912038689,0.25439654701714165,1.5431459701687948,2.1036947138596886,0.4350045086854168,3.488499187251386,1.0899687419706365,-1.176161918025616,-1.982370706556073,-0.5362961686113411,-1.264427831625395,3.5308194690695482,-1.934075738419584,-1.4672120167616196,-0.5232720802449968,0.69696076961342,-3.023113210213996,3.4353338551234223,2.2294637190875912,0.5356800593084919,3.071266192869934,3.266603457748572,-1.797532541761491,2.6622981332877123,-1.651079551711556,0.21973239492981422,-0.5447815847010862,-2.3870929401310197,1.743819976874,1.5451849658456356,0.24553240153658554,-0.8513798858927162,-1.8136980212744847,0.27337451692589476,2.1383820344539206,-1.5260145230515072,-0.0307810205417575,2.5358530592706154,-1.4164239656144044,0.5206048966269307,-0.3499560664016618,0.5095462324399426,0.032178399718694406,-0.37221912050374556,2.8347590614578038,1.700126440008551,-0.0413472739598324,-0.6027061760462974,3.8846243221691794,-3.5268616201514003,-1.939064940425412,0.017790349804075456,-0.9840359917946084,1.37505467644985,0.9713951840440744,4.2360274334604044,-1.9633860748838994,0.6845255743929375,0.15032578184309994,0.9462876326280761,4.215144236516624,-0.09700054616255674,-1.3122935371833113,-2.309474860654322,-0.8224556410405501,1.3647404238756908,0.8085710627015323,-0.364176860407936,-2.286881659277296,-0.09559062961570645,3.8510796062352366,0.8744109706264218,2.7576089787616507,0.9766987501589843,2.698333137529711,3.034698836414534,0.15045361179338082,-2.0564858893157374,-1.1125836042023032,-1.856395701242629,-0.5883142216668114,0.5681098192421808,-1.9607826811843578,-2.7941892324343494,-0.09280253119732194,0.5967560361892014,1.8232038568363291,0.62571450937546,1.1644151422542555,0.15461653553540333,1.6393257160683499,-0.4879223761886097,1.9909897917948847,-1.0793678807005138,-0.2915842876233157,-1.970534988603049,2.431910387352266,0.6545120114647721,2.096955922702786,1.6708649222052014,1.0307358082614042,2.372255875809919,0.9851637528713133,3.6335571874381634,0.1562889945554039,-0.8704720242843662,0.015223289977856887,0.5874967659931245,-0.1504581905546981,1.6983793449817397,-0.1262787009019199,-2.774271726360617,1.9930099440978302,-1.0754988262968386,0.26643710028568857,-1.473921411974225,0.4665718243779191,3.0228356519646353,-2.646513882899177,2.8023969862049904,-1.3886170619742186,2.0050426781805233,-0.4043143174695136,-1.0776630703806094,-0.5479621560624984,1.32799289603675,-0.15828006186259425,1.1419248173195826,0.16246039600526657,-1.0326570064966059,1.9884299860678072,-2.7807351879910067,0.8022296784903894,-2.596107426442322,-1.6947546125140145,-0.16091536780277776,-0.24803272687043804,-0.647130984735544,-1.4676513348217908,2.709535034363099,0.6298344349839993,1.923630934571705,0.4477936988945372,-0.7116005150933611,0.2104039229027459,1.0234221730510225,-2.3458374379598426,3.5185372301757485,1.0361665623746728,-3.7255995438408602,2.163152735666993,-0.6421218900045954,1.5541337084992042,2.383279088655421,1.379283207873356,1.4190181279688143,-1.7272292116209969,2.243310858664241,-0.8651836197014855,-3.0730392787370477,-3.2372913364797715,0.06547042285865667,2.5818703099873948,-0.5603142743844383,-2.1242654624699475,2.5599357196311563,-1.29474200873724,-0.4652026712876651,2.3905693862458772,-0.5844288900063603,0.6947210158932433,0.05370375347190308,0.4471031644580344,1.1551750597031136,-0.8007778542219466,-1.9324686641361792,-0.7471671496006994,1.8636264095538841,-1.7484993265888074,-1.5623223907894093,-0.4325695514093124,-2.551632715891835,0.2918758607488588,-2.2318642228626615,5.2005270759266615,0.0700439823304128,-2.092671491367645,-0.32255197519252354,2.4684315913260777,-2.9962145484732052,2.9658672398048376,0.07797419766230167,-0.020841744030729532,-1.8817837949163312,1.2507989605564602,-0.1765904599997929,3.473312629525805,-0.2996996918742697,-1.6660659499513581,1.0877356669266447,-1.7603855500661796,-0.7530752978672863,0.3371037279241787,0.5491964894042132,-3.7395023485525143,1.9306393064665337,3.65504439919528,0.8445794625335151,3.502852619731183,-0.39336777552051444,-0.8687900534412483,0.4239487245839144,-0.6195815207243546,-0.6696338199104793,-1.1552279367389586,-0.20544516493154405,-1.7932527485021585,-0.7505103458095516,1.4643993017238321,-0.9082595482047205,-0.9298185386040717,0.034765720952499704,-2.7542870458278914,5.072286434761003,-2.254425733119129,0.3809450798271233,0.7385189199398304,2.6271908374020505,0.536292595607564,-2.6433406101785133,-1.9114077273110572,-1.9701772302436715,0.11156336392611318,1.8728860094937927,3.5979310205732418,-1.4197700448640327,-1.4302648576732362,-5.406802652410526,0.12774181244218957,2.3308885434417053,2.0437964755781453,-0.41095612514980673,1.40585483227552,2.1600760095684954,1.3526338579261077,0.5294200989572865,-1.0037314160640904,0.5476322938351593,-1.7020013186679284,0.6591256523785306,0.297535759814149,3.5532995499391746,0.5600531047464223,3.094201224787053,-1.049626927563167,1.1000282512971824,-0.5752429171188745,0.5237005137765596,1.3294659065112477,-0.8793850689289764,3.0375681369986487,-0.5907517284510353,1.0209244211184711,3.2422365760737204,-0.961535460372088,1.041679083927074,-2.37770080351445,2.7530650232720144,-1.5030282897729073,2.4229408603897706,-0.9529670408232631,0.8129461775660677,-0.11070369594013434,-1.6445817004622734,0.8625832529687674,-3.959489514896698,0.9817471667480719,0.32985244903968025,-1.6846790455523013,1.1877106178920975,0.1188595619085831,-0.12025510080054733,0.3995151678807298,-2.221812185040998,-3.7526844325333393,-0.7584961514771547,-0.4142463627216883,-1.0607095377687326,-1.553847226320361,1.1004087184101048,-0.4926101088158094,0.7624549900471543,3.6453414379290665,-1.8364407611403428,-1.0636520121276718,1.6377519094414745,3.009473842697612,-3.5700544146817252,3.3469880352264374,-2.009470302290787,2.3350471026046695,-0.4960180105316913,-2.4697041774785315,-2.655568641222019,-3.256171044796637,-0.4749953854506144,1.266342560571672,0.6303331515360244,3.5142022431733375,1.0383508552736036,0.7445555210849044,-0.08389076935155672,-2.571484572367854,1.4154198929767965,-0.7831547295645309,-1.7575125384842898,-1.200824806134445,0.2703008779546115,-0.6086706793812426,0.5076400905782769,1.748312403047207,-2.4775742023251253,-4.967431027995587,0.21613937918461532,4.797642914356602,4.585036120134246,-2.207277389654925,0.625536551795709,-1.5412175645728134,2.8255478127220646,3.1582018944889327,-1.2902170928790637,1.622947971484935,1.538330037915062,0.8439648333046575,-1.2678880961053047,-3.147972885348003,-1.733394598319483,0.13850156145902942,1.593759747741709,1.6326780026121088,-2.972297592035326,2.884424613106069,-0.37371466567248757,1.4417570232152301,-1.1359038247308106,1.1919837606217079,-0.2876058590880867,-2.2704786669222328,0.7558793265444453,-0.2642016781396478,-1.8059492179142742,-3.7489334667050285,2.735524022863146,0.6439828904809937,-0.9038185763139549,-2.1560427187163858,0.8501764259731684,0.20900025147981627,0.5236311861232519,0.9293317010342922,-0.7812259056706434,0.49846371084574054,0.10787093578428195,0.2878931172279653,1.4765149405889733,4.700195808998384,-3.9150642055630382,2.1212923190206547,2.309456708420576,-2.976174855385795,1.291786174893482,0.1188247107789666,0.18756245719166387,-0.04320736687865781,3.7682992088668,2.214540136857099,-1.0407612946794458,2.464103425822389,1.3720051193648986,1.6591807626754338,2.4769638342740605,-0.8854824958979843,0.864044201408513,0.5564209161398339,-1.7184173988695552,0.5702035317855144,0.01846324183680957,-3.307444732929196,3.0348928116398266,2.1582501319788103,0.9742531560707599,-3.5951785081437544,1.0818156356036535,4.739712002228245,1.1316647271495055,-1.5224118033597476,-1.1957612586126043,0.4151583639230464,0.4570150409061935,-3.671875203657375,0.52011950316846,5.406631132833458,-4.4096901873578265,0.31370594165533805,-2.7227019557493914,1.059861020550351,-2.0007162110903605,-2.9879063010007307,0.9779281642157959,0.6786771000713776,1.4353443909376091,0.08137801967613476,-0.5723299987403658,3.1775951730458942,-1.0628004950101688,0.2445999400164293,-1.010475563537244,0.27736230984933896,-1.6824857284097405,-0.358348325430636,1.8163392436506636,3.6536097799140976,0.09722658806604273,2.914915701821118,-2.5628330732654487,0.5201076389326993,-1.0063122593379672,2.054062748520974,2.7059405089602104,-1.3522594407309219,-0.7090981837625029,8.007113975960962,-0.04179223194563713,0.9210329249730292,-1.3752648243192986,-1.9203323791076137,0.05128580657438032,-3.337455708479707,-1.6383724219675335,-3.86272464216435,0.2409437304624262,0.5838709983697112,-1.1558614900701019,2.638794711239824,-3.053563810280948,0.6326004305774636,1.9281148793753993,0.2620496121272967,1.1925619626246196,0.8328833890793763,-2.23602304387613,-1.65594947822768,-0.524745120749823,-1.7888254187173278,-1.6003965254158339,0.28941058370076644,0.864135819538166,1.0498148005392627,-1.965149948982858,-0.3526630581901483,1.295143872939481,-4.534464687166254,2.7613977420048204,0.1398067382508012,2.794736816172663,1.5671602108988472,-2.7289195950016674,0.503051245504194,-0.04917659259577081,-0.5430880585291378,-0.6542008310918346,2.364620094328288,2.621043654228681,-0.3868891567070983,0.6553351649021195,1.2139335741718298,1.8820804634677533,-2.0365411458158738,0.18968700859569085,1.9065855168865844,-4.6158363408075065,-0.42541624601990424,0.1023427116786922,1.3296070134043854,1.3232959462963625,-2.818497340771582,0.9892948450616164,2.3623238087468814,-3.2799902240351817,0.8451690586340312,-0.9548668848231152,-0.45100076651765714,-2.0190509374292294,-1.517174991481042,1.9417145783861742,-2.557104546377898,-0.07816730463444999,-0.2852038567084422,1.3889904423398753,-3.5775628061817257,-3.2282915272542954,-1.6733543724424993,1.5673990925823305,0.7880958770334857,2.7972322775895524,-0.993366485880624,-1.2123618520428001,1.962712401493892,1.855616893373226,2.2606724302285293,-4.971752924879729,-1.567555283409839,-1.4946378718546456,-2.8997138357665015,0.5853624079230684,2.6818346196519345,0.15331830849636582,-2.5397235717838567,0.45465969366488984,-0.37438826387969526,0.538117866438489,-1.9537735245796828,2.0322585658849426,1.7202202179941375,-0.5939599989422658,0.3790902663337021,1.967962894031093,3.155062141010852,0.9596932265527681,0.1658293689041413,-2.9001540757611104,0.23151494371691905,3.594289207867237,-1.4737234337220104,-2.0824137581860116,-2.6189710084135744,-0.7799314327787583,-0.0632322807830168,4.763056205749593,2.1956119033524297,1.0810785246307082,-2.117659755852643,-2.750260676519477,2.8777541091348495,-1.1746209826104193,-0.11464671806829507,3.593159736217099,-0.8582371830168455,0.13102020890572727,-1.7196927641014899,-0.433858256626573,-3.9166064212153406,-0.18448563828762612,-0.6621703249050126,1.7078712127190099,3.505669964960276,0.2934242010706803,-3.9537435833908887,-1.5988639667576188,1.1877518965588936,-1.0388658988785024,0.14408499932990732,0.6689609600146829,-3.5051143458012,-2.692300714581643,2.149152362085994,1.705654518693929,1.0022697045984994,-1.7733905550750237,-1.7757712345664376,4.337398058168909,-1.3696998744510394,-0.492503713700972,4.753894491723165,-2.0094592040790276,1.7804925296184506,1.8828422678268526,-2.7996964042057004,2.7127703726847576,-2.14357891613173,0.23866069927559772,-1.8404313462190516,-1.1177396077898232,2.2455428291919963,-0.6576612196481566,-1.6945277070545233,0.5627052272407586,1.5666873724747925,-3.7294677430551966,2.5462823639826855,0.012136860156638254,-0.07693602693966209,-1.3882340203128456,-2.2317288161904587,0.5979393429847291,2.465592989094837,1.8937273253163214,-0.5321561408490451,-1.9981740802810741,-2.900682672191792,4.2052879611568885,1.2623878569387794,0.4610309299516568,-3.9390116610240113,-1.3395414435808746,-0.12185877357740289,0.9256952876320239,-0.4270606990759694,0.7880383310351741,-1.6981281486815714,-2.0994432861621166,1.8775682979802855,-2.1770985547001707,2.111260540896138,4.390637163519511,-2.25223539286533,-1.1178392433932778,-1.8303999737941474,-0.07851100643032942,1.1877551978414602,2.3636555376240507,4.135780345801152,-0.9557633841038045,-5.46393240470034,1.4737126422494262,1.4768720968336435,2.2543225350365157,-4.103803209061405,-0.9949666165659395,-1.5217282628940374,1.6313443666634468,-0.8698838421274709,-1.8642777197044857,-0.4464355745858197,0.3504993708121768,-0.6814050175483934,1.7965897377943754,-0.6726462814027062,-2.21828128808909,-0.9097828343983638,-0.7692005568376209,-2.767292398966078,2.867929058658129,0.7013491345249984,2.4587963499124537,0.008059077125453007,5.618938465389544,-1.1548126732690682,-0.5610625332122224,-4.273749185050967,1.2075832062892475,-3.016843261924488,-1.7165937140615846,0.2680971886042301,0.11063501233952222,0.6640674841987888,-0.6500997392721454,0.19966320161499462,-0.8792284987981822,-2.4226811562891313,1.9693334760404504,-3.444873451733649,-0.03625610009020951,2.6200650726105983,-0.8057062262114971,1.3556377682701837,-1.5756878327433044,-0.3412454460191939,0.8486773194549585,-0.9684449327614069,-3.0208532179233023,0.605837122274373,-1.116056115471052,3.4129431712950273,3.9194199784413115,-3.855852474780913,2.841580880091449,1.9863394408689767,1.9083439095425765,2.5853312975915785,-0.8598853978525968,-1.0146566253280158,0.9596855872173096,-0.22039725871734983,1.3836715398012878,1.527504245470358,4.493444450782986,0.08994060758191,1.7094221435764023,-1.4998028010826598,3.490184183370455,-0.3253473418078663,0.4435738727137311,3.35733497671175,-1.7071688508400835,3.799969759576202,0.5432029374403273,0.724251011321307,-3.1301376218250754,1.9756341918394114,3.9683639044639034,1.7760606696845231,3.7305908071015548,-0.5858606408544478,0.6137101659090506,0.10532535217969716,4.904747142433456,2.124027390787314,-4.156307448299229,0.38623977342045807,-1.6010053791225738,0.7592102274784035,0.7092569573768321,-0.4193329977810678,0.6194755464862604,0.22732812911376718,-2.647408535285546,-2.993685665203911,1.7852825585444934,0.2561031270975776,-1.8128820084838602,-4.674381729640243,-0.0998572599352644,0.8248582241853776,1.0333556635437202,-2.321899067733791,0.9832467851839234,-5.272686502657047,0.26398361271019216,2.1607189570761616,-0.3431237050909626,0.25086730688545755,3.091923264113772,-0.011337308594216472,-1.2824995175987013,-0.23343864862931896,-1.67792948467256,1.5220886775531381,-1.8641970201287166,-2.1036891677099887,1.0911451687428113,-2.2337156502909736,2.540733023356231,0.9478948076033026,-1.8700303234391948,2.054608842700263,0.8835817682704262,1.3925045557804894,-3.5169218494972627,-0.6868124983109957,-3.4119703394099266,0.32637576379918276,-0.9910772149634579,-1.511818425882996,2.7396361077974722,-0.5911348385821249,-3.73315677545286,-3.2050234275952216,-1.0367736938642462,-1.9380523123163549,1.837048398387492,-1.550934579147795,-2.6241736474232145,-3.922040109677959,1.2501734426585773,-0.17622128770687462,-1.5104555011234726,0.18927879709628623,-0.7603965694360507,1.78135618497448,1.3540321656673755,-3.104073102825255,-1.331135537911763,0.8074479870864228,0.4040305727683465,0.49514645921731315,-1.0439001840672903,-3.65027421833443,1.0279258806904712,2.994843286075874,2.640217468012912,0.8157243551941088,-3.5989801693342445,-0.9607403301023624,-1.3000277781627125,-1.148221536847809,1.4130207270257682,-2.9476105157962227,-1.0209615504593668,2.306441896406689,-1.500508899451616,0.9154457512504739,3.177822163433121,-0.16103895966358736,-0.00962324417436148,0.5432892139826434,1.675755118750952,-0.43554034640842443,1.2408646703651216,3.111694940730274,2.6008226850127367,-3.8158864422173187,-1.5654005301220826,2.279886596337527,-1.2903498241793656,-2.809717291342589,3.038581217670052,0.31061287979574104,2.3948714240952538,-0.2719064580512155,-0.7057971179208008,1.8688868806253172,3.082216360719983,4.217272668214979,-2.7067063110368683,4.121918465578227,4.13782892411445,0.2506476351837149,1.6135490818212508,-0.4076101279019333,1.2267547688106535,3.3225564376409458,0.7385825194520248,0.8540203479338186,0.9493805545854525,-1.8070568010730454,-3.165899327626669,0.7232221514800009,1.5593055536515545,0.0685552925411933,1.332235295837135,1.6225742941542958,-1.028143460518156,1.255041178201532,0.5582000136860366,5.382085424308544,3.583737880737905,-0.731980026934731,2.503563335353197,-2.4334302346092826,0.15020907461297844,-0.2782465627184877,2.0735316971130064,-2.799387287372398,-0.12687385541494495,1.5789101790005102,-2.912739453344081,0.26020934918267347,-0.5671138360789083,0.48193910594019185,-3.660292362759739,-1.4424312427841404,-0.25568617410458505,-1.170216422898891,-0.4458588839054365,2.5351119064934795,2.078641861343038,1.4264255385849618,-0.2559812658585783,1.1390898662380815,-1.938639542895587,2.110461386622963,-0.9374295746931359,2.752055981601509,1.3217265752508296,-1.9279353180002465,2.0364397501849334,1.8720359329333895,-0.6008289902032975,2.9412831225192138,-0.020071421887893917,-2.1734729607933647,0.4268494159128841,-0.7722017566112166,1.8115683860196097,-2.1842478755981722,-0.3025104503351077,3.4042837468625904,-2.8179432949922947,0.18390112589091032,0.16152832705638948,1.2823388529671442,-0.9100499757676204,0.38484785480931755,-1.287489409001364;-1.2275849389983624,-1.7274359341669847,1.6663740405144414,1.4000949248370558,-1.6086549878572023,2.81635694004461,1.0349580651519115,-0.8494648969447778,-2.2349391727161527,2.6537775937971837,-0.9453409185139463,-1.107535899789019,1.0645554228206888,2.2164393180414272,0.07869824598850461,0.8321142849332903;3.482967495512263,-0.9542512064259705,-1.5330798331928601,-0.6966072834484934,0.23509887437703725,-2.8809026503870676,1.5717746727022153,-2.8670992860061264,4.255371205789774,-1.4005248504871686,-1.3886518111112836,0.17051693385127006,-0.39490201199350944,1.4113538864209954,-3.8515896509951193,0.3502387035008085,1.015634886258781,-3.853887596900038,1.1665551413506607,3.9326997989552392,-1.849228737831394,-1.6678730134206636,-2.908074497979788,1.0319919697826443,-1.8700954208926424,1.7313900106718103,-1.279993049129726,0.8127297195343832,-1.1202223647409948,-3.580079416300528,-3.8446459538145255,-0.8092734101399498,0.5279136215738772,5.385613446069777,-2.0435288550295465,-3.151024607439869,-1.4243237830515953,1.7507716916287783,-3.8773885783404802,-2.1091988110536737,1.0443907509185095,-0.8120940908436247,-7.093807509000348,3.0357260339735346,2.3232619778658226,0.939105566439481,1.139115530201464,-2.2683858527015697,-2.2489233342065,-3.2692390214369493,0.5548083475864843,-0.9960784499313626,2.146355184044839,-1.6063056390588464,5.288972105777748,-1.326537527964214,-2.1157761244692166,-2.8107763126180267,1.6180130014551883,3.227925446018402,-0.05970819015645734,-1.320229117824005,0.17593033499637706,-0.6875747089411262,2.993278896881509,-2.095952306338924,-3.4320241693492792,1.4233584370932209,4.289522001016135,0.8396683241584088,-0.1394276982779295,1.5332988406222183,4.808724355217343,3.4979057798199027,3.6457438412649803,-0.5473417250069108,3.3426225435640173,-3.082101020848981,0.6302754229575527,-5.589527565604638,-2.7575749697065253,-5.241765475797152,-2.3247184914420216,-0.038810680580656565,0.65011712412624,0.6721117839113412,-0.005443594404980989,3.8551863718360484,-0.8682219830332429,-2.486178768367692,0.01987343740470429,-1.888380669416528,1.1490800672087815,-3.5344195136956325,1.3900141063423526,4.151062585790122,2.0821060898638217,-1.1796698481087549,-0.4630417067054973,-5.464616668414054,-2.787674922631782,-2.9349318657112793,-3.3618832642483367,-1.8226870160904265,2.4825086140468717,-6.1718378766204225,0.011971120375122934,1.0035449791948179,-2.6585709367468917,0.08877968504036589,-3.34798418490505,0.4284024620519198,-1.266350522045979,1.5353407751344892,1.1404485694309043,-0.3430760609196994,4.041675281917217,6.465344282761082,1.0449392548636873,-1.7638582522753574,-0.9775931295945363,0.574278886832732,0.8274643363221137,-9.519680575325566,2.7686332220195666,3.316280240782179,0.2000077817226955,-1.5062116439573932,3.0327863927459946,-3.8425358926387787,1.941013295362414,0.2344461914862554,1.9637298045169365,2.149232547756254,4.549667425235594,-1.0371406911860477,0.8958701515316174,1.955803022682491,3.9874043292723282,1.237687009141862,-2.643578558392127,-3.0621206639902616,0.18556771802522926,-2.463129702261216,2.7123482059213093,-2.7420342928287775,-1.707833659382604,3.7390834287169863,-1.8916491790161123,2.481029391577847,-2.415569150917121,1.5016859734000418,-0.05776576258520538,1.0349108681084325,0.9480817913763709,4.522505480243533,-2.7084373011004677,2.7943873825906884,3.230527361393754,-2.100720281800091;3.3585268035614773,-0.12927083343333912,1.0292734617329096,0.4035874025934463,1.8399140928475959,2.7690050375645967,0.8207978030115707,1.7017017228046394,2.548960851080327,-5.792269021980534"
2,1.812806738188022,"-4.149043615997971,0.14646928873106274,-3.0524698055560187,1.748807943667749,2.7765541129855533,4.917643478536144,0.799091591705332,-0.5905146693781664,-6.987684575766427,-3.0903337325688924,-2.4636722879060415,5.474748563695478,-0.762886529219055,-1.945684671777343,-1.5296639227241573,0.3663068983575986,0.9927015541738002,1.0813174858212968,-1.8017086960567026,-0.586241802938993,-2.8498709708797296,1.7915536887947998,-3.8157218838926097,-4.094031095412,-1.5068056440548885,-3.5774005906987627,-1.3931676197862104,-0.11667045443402599,-2.1203417462270475,-0.37941219481646205,-0.1717250884586109,-1.136111641897081,-0.8308209655715968,-0.3139966740749762,-4.095430094271977,0.6606599213349496,-2.3547366568815167,0.9068864279125913,0.5408908242977272,4.421449615908674,0.7045421403891005,1.2188472478194314,4.004276824753935,-0.30246973914545716,0.3116671601542314,-1.9037090740367772,-4.75512556812211,0.9165246160121863,-0.042994687942169846,4.217412962854006,2.296058514720918,2.216158445694996,-1.0940232154416472,1.165816843735632,-1.3566236387531823,1.8462431143033173,-3.8778274055603768,1.1690399211282818,-6.6154961380706085,1.0953583182438027,2.5634980296396304,-2.5045511725044136,-5.68838093106691,2.5015481868636384,0.06907357891208032,-3.3881830318342128,0.5572461260348485,4.095552081162079,2.449457606174752,4.425189665420871,1.3765818519206097,0.9255268090280909,-3.332485238312068,-0.6159549972173215,-1.4133167163506133,-2.5881575646884216,-3.0076086010680263,-3.835059196744938,-2.289052654034734,2.5855342775514956,5.051272701988216,2.31412602940206,-1.325815041287033,-3.652940607203532,-3.30725904131105,-4.16446704420724,-5.316354556280658,-1.0774919291650245,-1.5349109584331049,-0.738318359731276,1.0620500596969091,0.8083301043194671,4.218358838167541,-3.344555234315371,2.998281538598628,0.948688626158041,-1.7471361276242758,2.4012397765531506,4.749067548041196,0.7823870957561521,-1.2986200798407392,0.7400840529012265,1.238237453136467,0.25700251327617485,-1.1699214410585237,1.820919947934036,-3.8579089697113376,0.4727047704227887,-1.1959853357804073,0.02758886057643145,-3.385106957019578,2.4443104533585966,-1.0633350374993753,0.8519713641403099,-4.43248169861155,1.117043149782202,5.150136573884852,-1.9493964813504612,2.4757741747182034,4.021943812114381,0.30622284392734267,0.3852934556728391,0.09845116320774917,-3.5403363409690782,-2.395116492256197,-6.492351241633113,1.2769327453679593,0.8432207860991607,0.35644240770563324,-1.970533490523818,0.06967998691632682,-0.21046435664946095,3.7156522528138094,3.451449657896093,2.604222175840575,1.2468759965946634,-5.828022775935986,7.166937948820415,2.4332801142920193,1.1185922581454872,-1.9560914712722832,0.07829871557608295,-1.2245751792008037,2.7935689815034523,3.4202650778912607,-2.1460196802867086,-0.5391166735143729,5.967905923745407,0.4287994204820767,-1.816677309059986,-1.288328141314528,-0.8662138531280943,-8.937134553923503,1.5606793798372294,1.2896504103480744,-0.2388931125416177,1.4277540681451106,-0.13662073511216077,2.3280074766946557,2.2303843609348952,2.7955122406110116,1.1006114015962205,-0.6321402235135674,-2.863506642305923,-2.651448274353563,-0.06405827493859362,-1.759139490208847,2.1209230143011197,2.565969680671077,7.411187433658818,6.260886888169766,1.6151834853560618,-9.389476248096106,4.748731894866019,-1.768648084806741,-2.7818354251715585,1.2939539038538372,-1.6154077325541323,0.22611607056699606,-2.592841242994079,-3.495466591414129,3.5063815465796138,3.8234543311330844,1.0246512234812477,0.7758463520322673,-2.961947385775637,-0.48096770689457047,-0.07640101237306807,4.244852756335322,-2.983477073435186,-0.08655389157006277,-2.7407093009494528,-3.2338028165508037,2.3966306597874736,-2.358044232423399,0.3758465478555493,0.8481283255453539,-0.8540069633435858,-0.3558882721060163,3.5359921424148855,-1.8984331144585735,-1.2991555037517486,0.08317688045985477,-2.7841025401820345,-1.153690949298869,-0.38238740032376406,1.9437516431131558,2.352793973874566,2.1577781778410925,-0.7939156014257991,4.9877049908278925,-2.596280844068264,0.1719813133122159,0.37368991107146377,-1.9644936299734328,1.3942335983779381,-2.7749157712113197,-3.624820941710153,1.424653348086644,-4.279562440801278,10.31433918673537,0.35748612939024166,0.7170614942931239,-3.4228240158235685,-6.292135470261339,-0.9322070044831483,2.0115509808327716,1.515129856366892,4.967927877577878,0.7024373096705987,-2.7320864326828973,1.821203714317678,-1.3959850732991401,2.0217828980297403,-1.180692407645107,-1.838055895032941,-4.765499630683626,0.4977349628309676,-1.5861217908391105,-0.9012006041782803,-2.507078938100391,-0.6839773813158319,-4.3217870373414975,2.3198509664011375,-2.0007960233864805,-0.6981606528503064,-1.919855060257592,1.6855930160891706,5.533401819155696,0.3164466157563919,-3.7851977227998574,0.8358897850855054,-3.1412641697479486,-1.5972195854628661,1.5596227414222208,-5.452977955345146,-4.965071090630935,0.7948039363398668,0.6463344583291878,-0.932967066365073,-0.6918971502399575,-5.610718791044889,2.452476812434452,8.110904361854036,1.0762793083653588,0.872602929384769,2.1314728532550182,0.9282771666892202,2.458242440276174,2.176944592965617,-0.0801643370454373,4.368702943372721,1.6437017092781496,-2.123118419604241,-2.6016396373683417,-0.656057419442782,-0.5530597285676715,4.594699719506125,-3.4856461508609193,-0.5032845745568512,-0.7138785514919019,0.7402271461917003,-3.7727994631017747,5.441912651423326,2.43498123054462,-0.5755866941312728,4.18422624017076,3.9784393986175535,-2.4561408637055173,3.2761938107895365,-1.8820667069655264,0.3131696055224068,-1.7927356048016327,-4.077656170991722,3.0312083229594213,2.4021280755272065,-0.02728540297121823,-0.019394459300638656,-1.653544844140532,0.08163512842035878,2.8936845809905334,-1.4977769371590013,-0.342391457232109,3.1770146697253137,-1.8187426946084062,1.4534432859715527,0.2735743821800923,1.853250629703375,-0.6602479289236538,-1.8049811532191853,3.225629834693981,1.497326018576336,0.5373992948537564,-0.04638475133491626,5.4345459469460335,-5.125397103757626,-3.062212436921129,-0.3401040899665535,-1.087022419795764,2.0974385866988157,1.788249595292707,5.587906109612067,-2.647721611425952,0.9954102099245357,1.1412244070459845,1.7737471044974398,5.624995399262017,0.4292464349626786,-1.1276348911110257,-2.6586024397364523,-1.6803113657599371,0.9011127824358891,1.0679158710814685,-0.2988463323944654,-2.739729603307997,-0.3936902766225581,4.463145514798033,1.619553017588854,3.3599042158543453,2.222153642303457,3.2265072789337754,3.5188757945717843,-0.6337656125487655,-2.771010807260364,-1.122410702232594,-3.4332543005260545,-0.8133777377038284,0.03117880484915614,-3.39870908961597,-3.8810540888298495,0.6867582033275241,1.0739651843234483,2.532192635347637,0.6232902469657604,0.7359107682548018,0.26245647064084565,1.3863090911529845,-0.794254893440025,3.7753046400790558,-1.1875931610925843,0.3335362995548951,-2.53938251292794,3.2708557937379803,0.652127208461898,3.339027936717595,1.2440286877149238,1.6424075263871953,3.1088612789540813,2.2577164215011507,3.6414600618385022,0.7867471906438565,0.12046299229717061,0.542387552271688,1.689036948459043,-0.22866226777192503,1.5873027381957745,0.7880596406544363,-4.9633442451530065,3.574883040839472,-2.5512364472065663,-0.4219419515364488,-0.7651790043365718,-0.00692984681419162,4.151432023889532,-3.296542831765696,3.542768904102683,-1.9988849219771994,1.501070545767852,-0.2728880146087188,-0.8743667024039535,-1.330589574499567,1.3586457470588118,-0.6797486438422798,1.6073301088451712,0.006601938863334433,-1.636343860971677,2.8258166496724795,-2.7491840871472126,1.4983808547671642,-3.206512286123825,-2.914831162933938,-1.0341299372766417,-0.4151137144817935,-0.8512493773835046,-1.657488370660759,2.960808128131911,0.642941251397356,2.1476996842812666,0.5833647960195798,-0.832551921709922,0.2594592959165699,2.232121222781415,-2.906922546188495,4.992362804579761,1.0084263919413397,-5.04118945284836,2.374437381735789,-2.0936653990275027,2.6387606477650363,3.5860105498578965,0.5135695253998399,1.057276939493151,-3.101120706903343,3.0074397265378128,-0.6662959508412372,-3.929272753039476,-4.0206531830295695,0.9261149743447262,4.077017466445663,-0.6311253882088521,-3.299225654226044,3.8341194584473914,-2.250547108908572,-1.8651142765877529,3.010672452902155,-1.7560151700227307,1.6141380695945267,0.027804099899620963,0.825081282598656,2.003704102358306,-1.28868373960593,-2.8275465259477386,-0.3725360898733502,2.9681470691316054,-0.7039371283444582,-2.9011441854647004,-0.33781687286894085,-2.818286208885779,0.7572270294111265,-3.3734072271103486,6.593011027778616,0.00863228679006462,-2.3334387377925827,-1.1985014484979215,4.372992091821255,-3.910262764733472,3.670151608806198,0.3277796999085657,0.18997837010238344,-2.7317295971312814,2.095008672425493,-1.1142479453905176,4.632797665588607,-0.3708379767110512,-1.6242618511960623,0.9467585616380674,-2.387360596411937,-0.2198607975839833,0.10278464420959832,1.1407459084649956,-5.174225053125277,2.7217805070561676,5.893296597712524,1.7242508567231407,4.984550067541207,-1.2610895053926305,-1.6140007628292117,0.3010701449259946,0.00048010140422793945,-1.1272311300448705,-2.1848240582026492,-0.5335541100379454,-1.841924471452187,-0.6156799276361897,2.3203435337808935,-1.2042587612605906,-1.5303966800672648,0.24923419667138635,-3.457896145796309,5.762697090129388,-3.631155034750005,1.2989998330687023,0.005972660805708796,2.7374545418477614,-0.2830781432887004,-3.7278561915542667,-3.042452343679587,-3.2733118518988586,0.1974360813219177,2.2952274052027057,4.147856260356028,-1.8653886019494277,-2.3285294952524955,-7.000727886899773,0.5142187022610747,4.00501672489902,3.0219646938036,-0.08664530644669277,1.9000463743215308,3.343078872587948,1.6860987114987624,1.0193374216552806,-1.2587015923821183,-0.5663584427057704,-2.2440293047455273,0.8108759595636692,-0.04257821908588766,4.9663000107500554,-0.009468907580435976,4.10462210420918,-0.9365525247446346,-0.34436612136031,-1.821984189310244,-0.44394783558916817,1.3654710532043448,-1.3979995757369204,3.7836930389137935,-0.24743616933077447,0.9948684411408936,5.7970562723720365,-0.8522573328557388,2.355406035659306,-3.413339530474259,2.8706934767364407,-1.1753380265659124,2.399349105989884,-2.1839411053282873,1.263301295752992,0.18285804445493883,-1.6402402991055538,1.424871864075842,-4.83266415113474,0.8144320863674748,0.14009841557774166,-2.1681122062990297,2.25722259870185,0.11097085878619735,-0.6518400402390109,-0.13074343247278186,-3.4968497999311703,-5.766676923528488,-0.26883800570479366,-0.23412510611220638,-1.3046714416332865,-2.908985281943039,1.2508280640253826,-0.5648288399716729,2.096744570639506,5.255509717571336,-2.0721551420833912,-1.5710997907404312,1.2625574553371086,3.9113116143063396,-4.347047276183566,4.710160426419749,-2.3150720209574196,2.6644781981815004,0.041803631489447046,-3.0954813696411856,-2.7504059358274207,-4.6110650772221184,-0.5604006081645921,1.358108153878763,0.148219483584774,5.520963379266754,1.3902539978393789,1.5312914307159764,0.3937938175794768,-3.4814946462832133,2.881180899331082,-1.468519487344042,-2.2162311855999395,-0.492389117303513,-0.0341832425768705,-0.8584599882595405,0.480651749915999,1.7677708292162813,-2.6008260945289448,-6.618141762968233,0.11890888759499083,6.529437135951678,6.309170597415976,-3.0098571143420068,1.0690184315315086,-2.4470317556868166,4.101006670926102,4.15389374175205,-0.2881461814360955,0.5158086830379535,2.170615569103334,1.6214645583591851,-1.8259260562830324,-4.200002105296074,-2.274535116720722,0.388123318610794,2.178836856506353,1.1729487988321479,-3.9585489229560027,3.8240473692132646,-0.5345232219077907,1.6470590930292257,-1.7707028983145279,2.5761396348581407,-0.20038817180855706,-2.05748947304671,1.6592542098175895,0.5250838365209437,-2.663109338982446,-4.609447816514313,2.822134976859048,1.171700828707761,-1.2459102955584789,-3.240413667489657,1.608007863385993,0.014559495372271997,-0.06811470297625849,1.7227816634592807,-1.3837440801245717,-0.1513433769175475,0.7414241498290995,1.2823653816792198,2.3074647801104424,6.487560657466872,-4.918355536054049,3.1298420967191474,3.562173887742609,-3.6452306486034605,2.0970724276058808,-0.3171348770148599,-0.13564867661568167,0.33994337154552445,5.030245803759498,3.599967713728081,-0.5250865545153296,2.488791049948924,2.0074310611922535,2.176122041308193,3.388499187213572,-1.4859590098277469,1.5062649994103356,0.9013101037505619,-2.264396738683223,0.5002418220903111,-0.8730835615221538,-4.66652926277156,3.692567463254945,3.274979830509255,1.2425431840633578,-4.9594428077351695,1.3800799198919005,5.936999835074496,1.670817044650984,-1.1300380459901334,-1.539745595769899,1.4670448164456906,0.9999397230257172,-4.370004615377563,0.6419512089437478,7.980223050824543,-5.860779537963743,0.35521620715299246,-3.8436076823450525,2.215384560933744,-2.8402631295657486,-4.370123136770449,1.6308449513350072,1.994842176547503,2.3174799721165917,-0.3768788591976175,-0.362201269543996,4.6271825418116315,-1.270516453377327,-0.1643015802701911,-1.5630261941252388,0.31547901529983036,-2.720807744941184,0.20761077975762926,2.1984737071497813,4.768067819561607,0.12957385394093615,3.373176494607451,-3.7240762374125014,0.354952841350388,-1.1027937129669647,2.18263326472559,2.849964078045365,-1.265304934698022,-1.5707849809115433,10.894193095912454,0.7719874054350866,1.2166076714413798,-1.6149436628540863,-2.743043564383349,0.18694805795221178,-3.8430855807254054,-2.666377666563801,-5.271855516519432,0.19892128148660382,0.4967285973632209,-1.387977291903783,4.046554057803176,-4.405970510191509,0.5628158089373958,2.7519769113175236,0.5642039575515888,2.226804338561652,2.830262419050354,-2.5479431163859996,-2.1384759797172364,-1.4361518529700659,-3.077504596249452,-2.463616460484248,0.6333680137573836,1.2228042805082664,0.8074597115127817,-2.4085208961609257,-0.4433885302538931,1.9892421260682274,-5.016021862959136,3.8149621770929434,-0.0687082067443577,3.243296629892938,1.6994349801132465,-3.6796227932611436,-0.2697459125952073,-0.043709663757554695,-0.733054798385604,-1.8206284241904673,3.1419855419426073,3.099702483774704,0.03874062392932398,1.0594494099206573,1.5841732874619894,2.6962443399500398,-3.1676746663439515,0.1274262141578515,2.932959672028263,-6.3132963726574705,-1.0366731157851423,1.172919726820517,1.923676802032649,1.404526568154081,-3.7787335000216915,2.37906263109304,2.505695764761732,-4.891297397625072,0.3752111293432055,-0.47521690057044275,0.005713795759288709,-2.6196917663348387,-1.8317071969457455,2.4369901185671035,-3.59284760405095,-0.19299854072082545,0.4240676879527668,1.8326643907471531,-4.295254235210236,-4.342067117191721,-1.6631712149673552,1.1666196192769616,1.833340888544435,3.7609588693553144,-1.4759002133467416,-1.9397509084480724,2.1770463194930523,2.870686716148955,3.0672192082069314,-6.653068597390367,-3.0742566968101093,-1.966027240433794,-3.242766476827541,1.272017492055273,3.2446779235270395,0.1336264155373542,-2.9992292400935496,0.34467807407210016,0.4781281790863321,0.8112082915040492,-2.4593250472852013,2.17825629817795,2.199037805011972,-0.7700487987533793,0.11513051257563997,2.0149538184530233,3.625626591067284,1.1705731666371897,0.5081544612721149,-4.498944450018524,0.05106860991630138,3.6902921665734176,-1.7354066911110628,-3.1690199956228184,-2.9068120860369406,-0.9010154988600485,0.13239511627565026,5.9022366850288925,2.8522955800842325,0.8867967802280782,-2.404852872634466,-3.6609000029836145,3.8992848388039025,-1.2031660490417588,-1.3075297867968272,3.8936013912827088,-0.8649593678463959,0.6162042816651058,-1.2448570092739444,-1.934326976230349,-4.450171083385049,0.12099890777301067,-0.6329265706585375,2.399014041085651,4.934175493614028,0.4533027503893223,-5.0500893197501036,-2.470884570717818,1.4973645821282269,-1.3741396054614923,0.3406463680701334,0.4244384625223718,-4.137178606740492,-4.027778992590637,3.0684632861890324,1.6296256530706907,1.8272257354582886,-2.90738859586389,-2.1345394764962466,6.018035918109934,-1.8077624359765825,-1.742974660907176,6.120494919267266,-2.9446145363011365,3.563017451718532,1.9905675108932013,-4.097436684625879,3.710181874834504,-2.8830432056370876,-0.019689954867086745,-1.52388911111961,-2.6248000561124325,3.2918535039393615,-0.2998953007243857,-2.443021583429098,-0.8352188827688557,2.173620474975192,-4.381379886254343,4.159075534201147,0.028713633831739603,-0.12053944482106384,-1.732535231905731,-2.3459732226598877,0.6961017082607504,2.689959327311234,2.324501955561223,-1.4668195667563846,-2.209274362794328,-3.345177834516866,5.325224654589736,1.9412070469399834,0.46737892750247445,-4.522247839502254,-0.464954756794451,0.3936175481247301,0.9908942595133607,-1.0489132494514264,0.4337503810554069,-1.9140392719953498,-3.732075757079207,2.1887457864666646,-2.1096354341220938,2.477481985886573,5.267215323882434,-3.090606800610744,-1.3493804674627174,-2.8309534539990637,-0.5649632404782119,1.5522488306492124,2.9541354779982987,5.257513776507695,-1.5421709355209414,-6.871647044999444,2.560665753346441,2.997770611838762,2.6871631489728456,-5.800861158382121,-1.4077471294948567,-2.075988400073777,1.633746408148973,-1.8242420387630065,-2.690707879478967,-2.2851515615099127,0.5250630132130396,-0.9074028453141783,2.1431798226363403,-0.3694238337163141,-3.0288923372376813,-0.5254930218843782,-1.834430736937043,-3.321648774982441,4.258514768686607,1.8079171427307783,2.216712903853321,0.49466505977863606,7.1581569377480285,-0.28698192179606863,-0.35989927266116783,-5.431691843573273,1.0999589388254527,-3.9644913763124414,-1.7491543975225918,0.6308437611057218,0.8925729686675686,0.9382679700701875,-1.5173121530539073,0.0007119334092045571,-1.4319819541258958,-2.4540497143085656,2.940133648538466,-3.9680390122318934,-0.054964591895946824,4.590427687690774,-1.4461962368515346,1.556642613628383,-1.7135899767067435,-0.8961712235985495,0.5637312037337643,-0.6632599433565962,-4.1418785813525405,1.049426272668807,-0.6927920494380286,3.841860317338051,5.015988738943477,-4.868089903245689,4.064579451912299,1.7555920431623386,2.8416152733394746,2.86151767793993,-1.8979764408056794,-0.9634597851798311,1.963712190733406,-0.5693513236988925,0.9807544877456964,1.6385588517696676,5.179402522691827,0.4142214328260806,3.0216093335174885,-1.6200190278703492,5.069010056309202,-0.6744821695446206,0.46652129920143726,4.9938977148151995,-2.261923529036501,5.2694231390093496,0.7421838492753933,0.40000117934641455,-5.298159410487763,1.4069879921823671,4.205408280082707,2.9036518929472326,4.8395248177788925,-1.011192295951969,1.1409498500043354,0.3809616000729116,6.5675017008676395,2.743634441930093,-5.681276626980794,0.5260327915252562,-1.9478382171482203,0.6820824250718605,1.7265843215439998,-0.8761085299125807,1.6410687239365993,0.4255081423314037,-3.8720477904269033,-4.337514758996957,2.1738807845058887,0.5621300772432478,-2.95563120723606,-5.672858041416916,-0.4499449319113425,1.1076101588382408,2.3735605329185363,-3.0087778759282036,1.7114905348579987,-6.325361176667624,1.3336544270474868,1.6144548781040604,0.5780330458210446,-0.2587233794126483,3.919485198815812,0.39612787842387553,-2.0950874692118635,-0.40221725112819995,-2.2807203497979933,2.290254566503386,-2.6140570654692206,-2.3317777648863505,1.9833528609916418,-2.736016884990828,4.216393165134709,1.6319598213737756,-1.9930646499284883,3.5964922149061533,1.9216153982437998,1.0626959709052655,-5.0320675722605746,-1.5488854505049805,-5.11139997084908,1.010452335943564,-1.3374403996495334,-1.7550137287131282,4.426274364631855,-0.05987095258584807,-4.942684961287689,-3.6454296786781586,-1.5709625458341874,-2.838412203500262,1.0820206192897,-2.3391664328285025,-3.2829512069288898,-5.441619721091676,2.3551549597913644,-0.8083920715205131,-0.9898919534050258,0.5828855056802744,-1.498973948704235,2.0162728161226378,1.6962484543541256,-3.8490750427583316,-1.2073166772811859,1.77277252690981,0.5761004486841881,0.6567261007989988,-1.356078448719892,-5.512100552915388,2.0957546422437594,4.334626359857372,3.3114794079510936,0.5047433852861073,-4.026536081265233,-1.7328399148431215,-2.300430237575644,-1.1319443832596945,2.9067089958728456,-3.0525264802201777,-0.9199318395418512,2.8672518615675244,-1.3318654336355626,1.6350167560249724,4.703441874537069,0.24445842515464614,-0.6663661026558607,0.9468278711890827,1.7291835873984454,-0.9062043368442276,2.364499364451617,3.8088753531104453,2.9628030655895343,-4.027914358358575,-2.712781736882039,3.1466458165477413,-1.2312234087537686,-3.894542909064759,4.867786875640638,1.743568106765142,2.947201203685697,-0.7435737460438928,-0.7623774059930639,2.5329535311302527,3.4561363044822,5.566191663349323,-3.1006073090407145,6.0944650987767,4.416678607927889,0.4185515596361558,1.5743871214545853,-0.05964460251346332,1.0543486157446273,5.187251203125652,1.4573708032780481,0.4982436177308564,1.5687003498069694,-2.5208241089426857,-5.297099929667882,1.6592341931865016,1.7114485966041402,0.6437019164646725,1.0432402636879514,1.2332433435980068,-0.8644471184311078,1.560221072977338,0.8407182492604037,6.504565636180422,4.667455414583265,-1.2853926507894509,3.0740872521928013,-4.16255881343644,0.7048140195869895,0.055840102620302645,3.14721835524933,-3.8371427792997164,0.484913745166777,1.1485593658140085,-3.92348444855997,0.5389261651022659,-0.5071081691767342,0.8017038439231646,-5.3906794512779435,-1.6843797459800798,-1.5639585025012621,-1.7801000497034525,0.2784230149311063,3.0540613516958977,2.8746788860194483,2.8169075978553018,-1.5883241017812288,0.7442066917742745,-2.6892235926292734,2.5110503299311255,-1.1095770604125763,3.579212011972836,1.5284111637788858,-3.0079866922673464,2.5584899088900124,2.576994162304885,0.1179731335763663,3.9400986803237386,-0.07555346001978948,-2.7195844187361224,-0.9879684871104133,-1.5459185961012252,2.1499712757906893,-3.947354331519596,-0.7256352846660546,4.330122426843143,-2.98994476839197,1.1003091444320938,0.3758284475292173,2.247930739804002,-1.436277893117913,-0.32225659760334063,-2.164749595730345;-0.24970797028242225,-0.6296485899060527,1.1640440386712072,1.1632601573639405,-0.7961894468629794,1.4169668020520172,0.47037813909524784,0.0048508203146698965,-1.2064829616480224,0.9530233770413282,-0.537111098685387,-0.8183048668983788,0.5175210562092942,1.2264525115859346,0.7857933076521437,0.07552402170276629;4.986005551451017,-1.1398803504887167,-1.3831635721679074,-1.2297659844697595,0.5367016573840944,-4.369422553443737,1.6098771211056981,-4.485701701226742,6.376438260057121,-1.5297991887955216,-2.400106346569971,0.1238074239187752,0.4997571414043944,1.2612445666746712,-4.661363370763769,0.7817491340817833,1.3156321182098623,-5.470668910271753,2.0226110108146105,4.051398385813235,-2.624444678111106,-1.8789494137831877,-2.7909083580907366,1.4047655918043314,-1.5817933533433712,1.6193841954484594,-0.49964407436946323,0.8385549998701768,-2.1366281688436937,-4.774544767949619,-4.195048003585727,-0.971824226756622,0.8239506506744343,6.2778994535866115,-3.6161385720135417,-4.5228042848676955,-0.9144129036865369,1.6039551253008812,-4.712186238450843,-3.203294034772114,-0.061978476905808155,-1.5536612040174833,-10.233152988535522,4.454431902612573,1.9461480954909582,0.43057091769182354,2.9727682892560625,-2.8877633511758143,-3.7475143838137304,-4.750210074603872,0.11602816848260394,-0.516430378344426,2.662565694920205,-1.1343413245513365,5.662041819538283,-1.534932570929806,-3.2173262819721278,-3.794552489334973,1.7748661592665667,4.538569137204,-0.727416271935597,-1.9638078273042212,1.1888782111893978,-0.7623983011781152,4.147015825484685,-2.333917142307704,-5.862201220660491,0.6199985294467895,6.1093725915723525,0.6935445844855369,0.04771493473527466,1.9650651996287842,5.0108662892089235,5.504306156494184,5.5589904065143685,-1.2259537188234544,6.180190768022523,-3.01500749692386,0.7952568704912688,-6.159239196296211,-4.4294322315200745,-6.897307670315229,-2.6972772364408537,-0.4891132989465609,-0.04465334716044139,0.985237031924816,0.7601779770650899,3.7131201877556923,-1.4639679529607124,-4.487225567499329,-0.6301058612111141,-2.429643684543902,2.4727728318153126,-4.969873656187969,0.46624801858511844,6.497583454146917,2.7093699284400308,-2.3770090045743,-0.32317493051347995,-8.491024090610704,-4.793607910020553,-4.100276210837677,-3.644379691707403,-1.7031409834322893,1.9352917584583915,-9.595472624254054,0.31285126650381123,1.1261955496151816,-2.9739976520252207,0.1316150905309672,-3.3834847629498483,0.48768467798406245,-2.409458394631768,3.4079122548825236,1.4180897028956836,-1.0371436985704092,4.659103509933081,7.887983089376902,1.9984280473059701,-2.361542307391063,-0.9151112789945715,1.1433182864689768,1.3949222333204943,-12.767735770385542,3.6217511420743067,4.82964856822383,1.1835637933254632,-2.0731513492065274,3.994075450823267,-4.429041565631115,1.358592512262173,1.4689762019176942,3.658260426955323,3.5665365205210815,6.204570744544879,-0.8472983243987878,1.7977272968152833,1.8970233726583234,4.819659069148404,0.9111854989120504,-4.130313993534517,-4.53779636597343,0.6558793376327807,-3.265934063789703,4.440902964611603,-1.8063519391192668,-2.277108237394989,4.581718908684224,-3.16141338112154,3.1384681194429853,-2.6879870294931973,1.5143437887298739,-0.9032374551967467,2.165567735880446,0.8369729976066275,5.567076649941999,-5.1150133324584335,4.068407377156895,3.511890230024594,-2.715249642263336;2.2080327477068344,-0.4915871270334873,1.5388261216105785,1.351647479468811,1.056723923164618,0.6451184221624601,-0.6735836219616933,1.6566444776670004,1.4188439166517413,-2.97690043616346"
3,1.6621544873605736,"-2.9911140914538263,0.46519898238169755,-2.203497624392616,0.9880981892088556,1.7856979076449366,3.7345508447665505,1.0460275363165374,-1.0885081792308382,-5.070278417607804,-2.0121315278955767,-1.893799578925102,3.860829598086413,-1.5757792958558778,-1.5081289389522052,-0.9707526566785921,-0.08730833283590222,0.13670257003086395,0.27983182817994245,-1.1989621042782455,-0.24255065321642166,-2.1420705521708614,1.2938882526926754,-2.6537040147075097,-2.782655224543716,-1.0524007918841998,-2.8163925911742753,-0.7911061243918291,-0.018139489391465313,-1.8231028011091621,-0.5009676484084127,-0.12448135459985836,-0.8301828671947107,-0.8536106123507612,-0.7136187528747352,-2.8326442002663406,-0.0425673635949837,-1.6537705539106653,1.2429978005644478,0.35741169538619827,3.1147905028087663,0.3273581326403122,1.7387966068148506,2.5792785177992217,-0.20680520581761694,-0.1161732848234423,-1.3413115489201701,-2.502641399196939,0.7231707654595239,0.20600122301878612,4.081050944008357,1.3474677882591168,1.3695029315995981,-0.889189679162078,0.7668959535813874,-0.7551278938518521,1.2482662141759546,-2.2175805454753528,0.7867277558954733,-4.186558935299084,1.1049004192255625,2.1066333911624993,-2.2026977429499075,-4.422755830958014,1.620352592717576,0.3436680696577144,-2.8789198830168012,0.7241061418893016,2.438293470275171,1.9699416969486672,3.136866740454536,1.2136357618943685,0.9708244204666413,-1.5078021097630194,0.005289357091052119,-1.0883696206517937,-2.1397963675143297,-2.238245660109217,-2.915006794256693,-1.828703123514066,1.8003616110210794,3.270772502642342,1.6483290146026235,-0.7301457266770196,-2.2126199052207327,-2.9210241726586386,-3.037231366346843,-4.2851377392812875,-1.0660335931396938,-0.5670230681506923,-1.0138055744292167,1.2365966155520216,0.8935039654312468,2.9133861772958594,-2.4787915109064524,2.2167591206903565,0.8322715145253838,-1.027705250459963,2.1598075895654554,3.531024937082718,0.5871207428175695,-1.0352874008398913,0.6480879644306399,0.7733183750235458,0.13452907042463425,-0.9446050628797308,1.0569243623323574,-2.8111891233767285,0.6966040439645378,-0.7918959835117922,-0.41429010849762327,-1.980818003285298,1.669236965542372,-0.13492493172506947,0.7685159895855852,-3.298352954168373,1.327392176603015,3.3941232571620725,-1.8295769162012032,1.9554867823721398,2.533088940999375,-0.08534043144290249,1.1840088405009381,-0.0027107637549134145,-2.7879248628863844,-1.4867317692228994,-4.718503619661739,0.9719506545924965,0.4809753571112814,0.4268128249074485,-1.3832747294972814,0.24978409314712413,0.19736356981889497,2.757151317775336,2.4341159632494223,2.1889623011564328,0.676555457796442,-4.460417110036561,4.8510037361758105,1.8745514533192171,0.5287963679928993,-1.6476678440829642,0.0322764257237938,-1.1263762128211068,1.892536054873962,2.8872374982575963,-1.5468409317594487,-0.16582094964011573,5.197168631961064,0.04852670030599987,-1.937468080624714,-0.7494310534595112,-0.5378941931767031,-5.943477558352651,1.2183953921466968,1.4894148581509337,0.15230071984456128,1.6826771771694098,0.8330832908168442,1.6926082144985077,1.907620068377902,1.7160747185819742,0.2592374341412,-0.886071773265528,-1.9287159979587771,-1.947910898499419,0.03680188061535583,-1.443520524887183,1.8377340090432264,2.0936300594782984,5.444610706897561,5.161954765399216,1.2652453438935072,-6.896403716106695,3.2340093581290463,-1.3844650489624744,-2.6491959029328145,1.3239238166256972,-1.1176330985322867,-0.03525244101067454,-2.1097322356866517,-2.5475101306846764,2.9226057906897345,3.0836163308024256,0.5981308781129713,1.285716451994676,-2.228034514857237,-0.5821525415231259,-0.44059843738852467,3.0529847162083783,-1.2623943224924639,0.5841018285022563,-2.1702441863431683,-2.149785801866374,1.4044119330809417,-1.437449351493365,-0.4292639890866733,0.7219433276676882,-0.6079879973240818,-0.06727508811230565,2.5986853630896913,-1.8439006496461803,-2.1592202539958283,0.3838211757852705,-2.2516255905849567,0.10279530059354214,0.2508997227500709,1.1394910632470443,1.4502638625636675,1.768236597860346,0.007203248998695233,3.1880284336381317,-1.5364644677077708,0.5480333880513049,-0.24918811548273964,-1.551927385643908,1.1285202850119245,-2.166687948292049,-2.9740628188043994,1.4194879621470788,-3.667183996658321,7.293266163011062,-0.01267434203383283,0.8999949649511807,-2.1618325288441733,-5.041805091812724,-0.8602342632773827,1.9136626530305798,1.3780386827216065,3.816366670270022,0.15438812282187864,-2.2160265391403913,1.292280608388006,-0.42905748136650335,1.4202023432855344,-1.03549478004165,-1.8649843134533732,-3.101466489572878,0.7661323201437208,-1.93854093547105,-0.08464453822951389,-2.21094280673586,-0.9415797924247707,-3.3898260316613933,1.7237992621638574,-1.4571375645129994,-0.38182486870049925,-1.4084079219278054,1.0593346058703836,3.648308114541809,0.6534220313411301,-2.8973011814079594,0.04309376292424681,-1.7879693653402748,-2.27316258393063,1.406681572646489,-4.012807070169273,-3.997684507928731,0.31050216419704146,0.2164632717638859,-0.08329036669854026,-0.5288758288508714,-3.8054472906036403,1.5605810026365459,6.424931946155473,0.5730067073158611,0.34976647398798083,1.0550644839329142,0.3948761048917503,1.5537160640644305,2.050874151742749,0.391194621736515,3.2911303525287776,1.091223079187057,-1.084003326779694,-1.784598630618998,-0.5113912634306255,-1.195705173690223,3.453562317829284,-1.9773842719007548,-1.4312903142132933,-0.5026075750069554,0.5980178452817564,-2.930766649097513,3.416606683308788,2.0282326279162373,0.4098204440639468,2.9573179098639786,3.1777004070571673,-1.855762041386539,2.5929536180301485,-1.5686766393452731,0.2967405843412916,-0.7709123076900385,-2.4296902703435523,1.568119905481108,1.4203069283018048,0.22739423891634125,-0.8336237190681957,-1.666961297034275,0.1749445780250701,2.0028809100222897,-1.450618331312618,-0.034615600010908465,2.537276445673671,-1.4693229319510561,0.5793723161733104,-0.24931619811260625,0.496297657536011,-0.10469613954445278,-0.548723998656071,2.7897931362239485,1.3802455152227728,-0.07100664817919067,-0.4459847952523621,3.9409643495469244,-3.4656163482181754,-1.9815757021713403,0.09359233824634919,-0.977366466193767,1.3395184581252022,1.25833585979507,4.135180394502654,-2.059472993545288,0.5984073887475425,0.20941811147719464,1.0644290842712396,3.9585662226263185,0.04890166815111485,-1.2352754207977978,-2.380258522799134,-0.8809501418324146,1.1557456321565234,0.8140021452180976,-0.35204733787529197,-2.2537127596978603,-0.11348055179391764,3.774972483607647,0.936486709048928,2.6594256126701463,1.1062283222719544,2.3668107651896797,2.9341032875743576,0.12108010208034825,-1.9100677593743463,-1.0073340664809294,-1.951948908821079,-0.45228569520018314,0.5980610729188596,-1.9667122920613125,-2.743998106444984,-0.08121598282796347,0.6757138026687408,1.8042749591437304,0.6625725630936454,1.13547141586014,0.15410668264269883,1.6688250039487362,-0.6980857900330354,2.2153331535759007,-1.0777928612624537,-0.35807425813782573,-1.8966437839370773,2.230613579271788,0.5686914767738616,2.1854381589692733,1.5323300088770648,0.8537408222555037,2.430750125334811,1.1132188276128998,3.427823793155952,0.20630899128935187,-0.7419453032235559,-0.04004410905385642,0.5983889495541705,-0.07583874823805212,1.7120335890313876,0.038349059415870634,-2.8839740054703573,1.9454029266144115,-1.259283475694255,0.1864478221419658,-1.3392351898591555,0.3336536915064995,3.015852922491119,-2.836932971901274,2.829162156702104,-1.3172857117776184,1.8059415940063817,-0.3773658695991082,-1.1529003553009172,-0.6090997001897197,1.2161281094267666,-0.23041528431184577,1.2616181048115538,0.23111184620024,-0.8337058388947799,1.9812481181329356,-2.6109378137527317,0.8408060498050438,-2.433525065803842,-1.6967707609549647,-0.46611063413332654,-0.2790584582927503,-0.413504986460584,-1.3049194980365724,2.6129920458754947,0.6620810632537404,1.902001305147501,0.3561871108289086,-0.793994960025483,0.19272333888091275,0.9909466681366638,-2.296338551957036,3.5042974111219154,1.1377266337123828,-3.630375795693725,2.105848333759058,-0.7411201003057963,1.556156814500762,2.386093866546837,1.3453326071255751,1.1802978690880404,-1.6811633701917068,2.304559049114815,-0.9360360852631,-2.9379507447623694,-3.091510565445999,0.2805621340149218,2.568813688937995,-0.6725921812676572,-2.206098256869986,2.5582385319633163,-1.2320820158976304,-0.47389411603869835,2.420028831449604,-0.6761573583057583,0.644580861969874,0.023531422680436537,0.4826348773790884,1.184272850515869,-0.7710858709320003,-1.8773803608916992,-0.5052804818582605,2.025179974989671,-1.4906584083755425,-1.5564941352364585,-0.45657232915825363,-2.506697550060605,0.41144245748986413,-2.1311588969923956,5.0604552469744535,0.044537522982512345,-1.8942845476420378,-0.46695007584363485,2.485392001214396,-3.04924618307875,2.8592161613316547,0.14222370569180878,0.028131066684977973,-1.7681396928213915,1.317750562226449,-0.26265160230189033,3.3590573305047258,-0.08478390153231952,-1.4783209844291845,1.2293404428482249,-1.6780822927262096,-0.5976753061500216,0.11976929530850655,0.43888802934440874,-3.814338178286105,1.790238291075904,3.8254023562987873,0.9015765244675639,3.5251062442238688,-0.41647731431777857,-0.9337682017848785,0.6126259497450997,-0.557478434144587,-0.7101218218887468,-1.3087957281810567,-0.14984574716076593,-1.8596222145514385,-0.8247743251394991,1.4973057485394614,-0.7105720103664792,-0.9536171020356432,-0.05419033725983696,-2.758468951051129,4.921937060972975,-2.3548993778593386,0.43300013008368965,0.6804114988286178,2.472383042266015,0.45553352599691854,-2.7272117535368077,-2.1360818443115264,-2.000545910148218,0.1473577283158434,1.8252796787376675,3.536196707689254,-1.5649046745089557,-1.3928898444883353,-5.338603574684891,0.27932766870983816,2.4207981068243916,1.9730825262411513,-0.409401251115715,1.2159617752690919,2.2024010332747235,1.167513565285653,0.6937634144182392,-0.8686893782373879,0.42171599092429607,-1.6180861053704936,0.6895227395084945,0.3876557597976139,3.4340071497362854,0.23691554840127282,3.0623984710174574,-1.0864556766005597,1.0053044826159554,-0.6141360537045397,0.5522270309359526,1.1980376592102129,-0.8607962180374807,2.8729778708781506,-0.3761515935607925,0.798453721722342,3.188173901469781,-0.9299273838300813,1.0506821500196006,-2.243547626978459,2.704981611245146,-1.4751483313135485,2.3335542238505695,-0.9824236483577432,0.6585519109235382,-0.1035714732045688,-1.5244459570910722,0.9552238745674919,-3.969798882904147,0.8221998439628475,0.1616289240803886,-1.5762733944416258,1.2396572104428232,0.06724302143201433,-0.24563324412752185,0.46655703328800413,-2.3164634567445646,-3.9478726020538075,-0.524132213344545,-0.3540749578637589,-1.1680120175722641,-1.4142674474172943,0.9925853463397388,-0.4612690048062495,0.932857708931936,3.812276779156579,-1.8979629588389524,-1.0174549715489354,1.649606526925525,2.9154452460279794,-3.5529427236228934,3.2666953420619427,-1.8437012051967432,2.3122635793957325,-0.373713485412265,-2.283122003894614,-2.5850830638475313,-3.3836546675014048,-0.5183819648594469,1.3517148982023566,0.5361856613733493,3.6336359754335175,0.9982921369079262,0.8932500410888868,-0.09106241170767732,-2.443447523745456,1.5273078656278525,-0.5899671592665001,-1.760896199249463,-1.0577114438215818,0.22105929751077702,-0.6119676969230421,0.48548456057857226,1.643690219614643,-2.3799470016731847,-4.676749300009133,0.26186732624014825,4.828244753346982,4.476181088335912,-2.1367793527690284,0.6664986742548273,-1.4262946105751453,2.95938450597744,3.071595042062173,-1.1468723966619097,1.423943221365795,1.5711137033800437,0.8637684731319486,-1.2195531024460076,-3.2327994305029164,-1.5514334006811512,0.05072885896620155,1.5274610267318864,1.4011549686007196,-2.803703673405863,2.783928266405701,-0.29809381986155115,1.3109628705503469,-1.136732768652167,1.3852482072651355,-0.2282531959731025,-2.1895543286727523,0.786365889178368,-0.08267671979399505,-1.8499453526567906,-3.57810115883065,2.483838071311511,0.6031241311075077,-0.9025886908619539,-2.179230812842492,0.9370833619911081,0.16521753067670025,0.3448812816252559,0.8723546452808805,-0.9410409997045496,0.5779714750406084,0.07440712894207809,0.4390560743139551,1.5705257542884712,4.653857036772994,-3.7238416855909042,2.0938273165800565,2.3790492677478143,-2.8163025799693413,1.2951215854942957,0.01753733301198196,0.23765403767798507,0.005903637077999124,3.689267541628452,2.413630743643595,-0.7620468903881451,2.394822573003046,1.1689351967264414,1.7325959823104582,2.506223093675033,-1.0290417840425974,0.9335429146772567,0.7110876552296961,-1.7773376660313622,0.5631399728039495,-0.09737486782719773,-3.4273365526819046,2.862926139690907,2.175357365986967,0.853897595757528,-3.646564593828247,0.999981366114332,4.633285809092579,1.205329090135085,-1.3611513717183104,-1.080323259912435,0.46508436760859534,0.3208978551517258,-3.5264326602554963,0.6353915853496401,5.534179902491307,-4.282972669902835,0.2563808949000489,-2.7286683772924127,1.18472406866704,-2.1437585332263125,-3.0265121810650637,0.9979200900660662,0.7353521992455125,1.3825704028819141,0.0564361461514164,-0.48246619334486,3.1277977558758594,-1.1149418643087188,0.30284114323194056,-1.1245785977630354,0.3217075016370781,-1.7927995470486175,-0.19471367222061137,1.805569401941923,3.4217179950985726,0.08412292834147102,2.8763028276805978,-2.326007235077271,0.41613017233698335,-0.8932250744665458,2.1282818787114133,2.6096492189341935,-1.3054518676528502,-0.9160000634821069,7.98484065630066,0.011417760464939641,1.0184210665979807,-1.2748094889285946,-1.8546800260204204,0.052134812925939876,-3.188133270112427,-1.5129037054311434,-3.8408697166092276,0.15230772085837158,0.4866904706243922,-1.0697705063838359,2.5808509282091148,-3.074121141442416,0.4841124303987326,2.0346539189521664,0.1551698483245723,1.1294873855360512,0.9238574960879746,-2.2951121069976916,-1.4695420855592256,-0.6489790989021712,-1.8031976023522436,-1.5273913565079786,0.3198708497963263,0.8117333701607805,1.0390602578671475,-1.831372783716006,-0.13393909158130957,1.406850409123661,-4.288067674104412,2.6191545186467353,-0.0028334029384658455,2.7617937029385504,1.4275670708152166,-2.7406590313444408,0.30765692651841814,-0.05468849468121693,-0.44658725215090195,-0.5957613195026094,2.422942852281176,2.4947226602765418,-0.43768834543314716,0.6268660301076958,1.2482723095215311,1.7196194928031736,-1.825138806096901,0.12160492065850564,1.9579077181400528,-4.6003844006414205,-0.4422133684425441,0.17143349296258126,1.5466484479063753,1.3482298024815371,-2.6273011386964775,1.0433334945281236,2.1481355190857823,-3.152771124135113,0.7210463798238942,-0.8472782030054883,-0.3849648518127479,-1.9969450188750306,-1.5108199128068618,2.0844236780342666,-2.742980100791802,0.0025736196690576973,-0.2750812372765323,1.2693922014641608,-3.592064524572999,-3.210997984302221,-1.3419589266577023,1.4028700698825785,0.8215575897797984,2.887930254567326,-0.8951284046239291,-1.203143307989282,2.0515801690515296,1.9492882699293208,2.2983661927765,-4.9184213936391545,-1.6493173316691478,-1.4537351048469047,-2.6183858463968543,0.5959404806534278,2.605432881445168,0.06230779300969791,-2.626075243462088,0.5265221207629346,-0.33109606364066724,0.5872946881585268,-1.8421220531421012,1.888193765494151,1.6567202995180264,-0.5273377802605743,0.3377063843638072,1.8604234176443324,3.184557072817179,0.937335545221164,0.21991081324874298,-3.038657801857313,0.2778815642298911,3.3550583561119804,-1.4455648016842981,-2.05121759879048,-2.448252648433945,-0.6540962848189045,0.026361399602324642,4.629281829007882,2.123149838552714,0.8314760924797168,-2.0352778699781777,-2.615655326206989,3.0809589965321815,-1.1213216135508473,-0.31647675621320426,3.249557931955427,-0.8516379102005314,0.1285137972457088,-1.716500157391478,-0.5467297531107486,-3.890383897806955,-0.21234851170960664,-0.6947251288807947,1.6216573870295454,3.609922151154073,0.25920105607891153,-3.8980123459676337,-1.6872891407006025,1.0303655997669827,-1.0173905178280727,0.19532488245425833,0.7524728855906722,-3.532142901108169,-2.740908019219996,2.063390602247369,1.6346018316427127,1.0907955312682953,-1.7788422659256642,-1.65648841499446,4.170256717278646,-1.1984701230338084,-0.6285578459764228,4.64206658856633,-1.8415493874057967,1.9995379192584835,1.9104653966717315,-2.7545511875768742,2.61930433154278,-2.1027825846239563,0.16834008480499313,-1.629586458261179,-1.1061860961307126,2.2509129753458264,-0.46105083630732546,-1.686281630195039,0.5575296927067458,1.3939581584886245,-3.6061311350088197,2.533939888543852,-0.017946669540536163,-0.08140095008913345,-1.401554027742911,-2.0965072046548805,0.5738787876124228,2.2467884638255318,1.8622274608977134,-0.568579447876888,-1.7670585129423526,-2.618781557060316,4.195743466965186,1.3455932599465734,0.40341904449664556,-3.8161026106879623,-1.0941516274265166,-0.035914595812727934,0.9137701735481834,-0.5154423724820363,0.7449787098651001,-1.701336957725569,-2.078698342786688,1.6884899832495464,-2.0876077875944485,1.9827728489373513,4.414304522044404,-2.2735872731428275,-1.1020535733619279,-1.8589086497551397,-0.198439613081063,1.0523630805580484,2.3000906268453805,4.100644324335286,-0.9150179632162744,-5.385349007773869,1.5178760898144492,1.5887055102414676,2.1435167432453115,-3.919169828649185,-1.0212609388780833,-1.5208735728407523,1.6843219315725726,-0.9036041138017534,-1.801765194575255,-0.5317755453484456,0.40712074118975083,-0.8712225928919554,1.7777261588389488,-0.7168793502874289,-2.120027644688875,-0.9849122470322145,-0.9682181386476074,-2.650876119512607,2.789332852620041,0.8045909928765751,2.2958326388518007,0.0278706487469825,5.444956025960894,-1.0067381176872365,-0.4907556432403488,-4.106595634228041,0.9692617856397281,-3.0660248584991234,-1.525514979184058,0.43388251400881794,0.23880816151908546,0.623523620232539,-0.724531477703159,0.16947542639331065,-0.8459431477047963,-2.461703950702629,1.8716270462523348,-3.3367237394144253,-0.01648709422475797,2.832993677659821,-0.8255549172377751,1.2761402649664533,-1.6112489850694272,-0.30496853275900315,0.8789050756184921,-1.0023540611188007,-2.910742977647962,0.5614498786555948,-0.8918214657953523,3.304683463014067,3.9996571956560203,-3.6194863799752905,2.8378862952039703,1.7256711280569632,1.9521252766053139,2.5713817609782144,-1.0047854159845415,-0.9906795490699858,0.863352506918372,-0.23600699022608165,1.2543472563808575,1.3140522290785337,4.288992039874726,0.08940760508021771,1.7743855257432557,-1.4186897553678666,3.4519193359729567,-0.3449778987900871,0.5583109763132743,3.246293643194281,-1.6216773800845556,3.749428238754461,0.5279014827697751,0.71157419045551,-3.243611321042844,1.7010523548808898,3.7413730432340646,1.7751009824972608,3.64847469568181,-0.622718132529873,0.6070194986198896,0.13119666399930927,4.860440380435152,2.072971295757723,-3.990087717692427,0.3908098550229769,-1.6768255214157193,0.6645184628782543,0.8627362995776591,-0.4596394081405708,0.6617933487117487,0.10019360046391551,-2.5751251194317315,-3.025612260559154,1.7557175469157318,0.26115509911229146,-1.8473733458226558,-4.521254213933658,-0.3268173168759099,0.8395411478390066,1.1770852244627394,-2.214149487105138,1.0815139705195749,-5.070890128254176,0.3331384424552176,2.1210523457669352,-0.1646617129735779,0.2221183893150852,3.166423445730803,0.17480870285748795,-1.3674837929501615,-0.2165112301702536,-1.7733145564596002,1.6436601451522668,-1.77971897312028,-2.0223163127760335,1.06424581811904,-2.270780316649758,2.7213951619156718,0.9833059357370076,-1.7244992548937712,2.072807617298813,0.8458207549232957,1.255665492278648,-3.515390564086548,-0.6665014587382223,-3.47457303773743,0.4151466109323203,-0.8883859023168099,-1.31607634895038,2.906008034551477,-0.5155135168351197,-3.5819103355837396,-2.823493838956102,-1.0864580736711928,-2.0255582503942358,1.6830496961002392,-1.6458552049638961,-2.4253619836244935,-3.858072411541391,1.1177738577637308,-0.15049302755413535,-1.5266598804866218,0.0393230843201276,-0.7760212652602151,1.6960839826997138,1.226298789117122,-2.9463598110127394,-1.4801309684566584,0.9948151051384785,0.45031546904780073,0.45422951603326484,-1.0151744220708703,-3.6269983012696145,1.1353449364018404,2.8188234901585174,2.7861844649718828,0.8112942725063937,-3.498764323256127,-1.0927672004536557,-1.4104948825501569,-0.9521893188047639,1.344076381937865,-2.786708742870658,-1.105992823785817,2.184981881300137,-1.390053110272408,1.013362215533458,3.1135829528863406,-0.1523611616021819,-0.05468777214709841,0.5944475310760693,1.6243690877970196,-0.4996851205253885,1.259504092129045,2.952763868229088,2.4924325941267274,-3.7634458174483645,-1.6082271655746705,2.307681973105062,-1.1542525110941018,-2.817826615219793,2.856486763000334,0.510969954807315,2.496985577209126,-0.33774545141533596,-0.6743042242659191,1.8201750194863213,2.914170149854898,4.152407062401216,-2.5341798962483706,4.184445706688063,4.010165773591745,0.3620545414328773,1.7284602321687474,-0.40044718329326295,1.2414399515912327,3.322065110787301,0.8593149995313929,0.8039214294142278,0.8691016662218773,-1.7741469740380484,-3.2308077500566554,0.7915106835058575,1.650451924163516,0.04271191565743143,1.3885076367549256,1.5253371044731834,-0.9056270476506845,1.1821020279473173,0.4854614807002048,5.075701575231641,3.4511524212397786,-0.646734547807851,2.594028787302507,-2.511380268606801,0.16829340216036703,-0.26108262969554596,2.103850962700926,-2.829709423874624,-0.15157672990175905,1.5352230167736007,-2.818759219383359,0.1742451267001813,-0.41677850047708476,0.4032862968333216,-3.7960615782316793,-1.4600447215891625,-0.30186546927904484,-1.202469815122318,-0.5534140502913747,2.5631952213832023,2.0287451119429347,1.3909887747303662,-0.5069015579988317,1.0466565317324719,-1.8478656470417842,2.2069753811887503,-0.9651534681765923,2.7124066727742626,1.1757413178082903,-2.152373989957452,2.0410099827482497,1.8506007674930467,-0.4122530972124623,2.896204202105025,-0.10312132926799233,-2.1973292460833287,0.10908136249878186,-0.7103178300435374,1.9326691960973863,-2.2488929484036757,-0.3211076012739408,3.3295942785111188,-2.608119253947133,0.23686791370889104,0.22123858563210336,1.2093547048474096,-0.9667659641376477,0.41533994320787576,-1.281841492469133;-0.4069455530790437,-0.7155631414121661,1.5423410216152535,1.1584733453294909,-0.7961102802832078,1.7026604600175852,0.7096741016336603,0.023574301562461875,-1.735849101338361,1.203769769667372,-0.7713491080856031,-1.2087545882464013,0.7621507516052676,1.7103697807571903,1.1034443405724108,0.3459375416986128;3.6597658340349026,-0.8349958448014833,-1.1214626547594557,-0.4421035485907603,0.31351054998859706,-3.3260744480489652,1.3081520361844379,-3.271317369896904,4.444181089913654,-1.4535985685938757,-1.865864441994511,0.1331044282697471,-0.08713376405725703,1.6950890127626241,-3.862922651417962,-0.18368767226851207,0.848270885131867,-3.953797599883492,1.1147650309874804,3.607111721367613,-1.8657681087361857,-1.9845888836322538,-3.0290427020500683,0.976818880644134,-1.942702440364606,1.8426242149511634,-1.287419671109224,0.8949700730558242,-1.4364306398914528,-3.591430060666674,-3.71346176976713,-0.5138425466996726,0.8054893358012376,5.203015962126202,-2.43586671626325,-3.037111709280701,-1.1634191871581079,1.7605116996213752,-4.568963490670196,-2.448706524428409,0.5805536396280708,-0.4545210288014729,-8.221316777355186,3.0009041447613747,2.1296166489552832,1.1111823628895412,1.2960825810168204,-2.127063418982439,-2.811178678968244,-3.707331155853381,0.5117564824826853,-0.28645133816997265,2.0355915885849956,-1.515014899823114,5.347820445899787,-1.3336620099903382,-2.28369079112098,-3.0356330368115403,1.830811932490676,3.3272052990274004,0.14190253823086757,-1.1633770777345116,0.275661470430979,-1.0355872792373177,3.1864740275621477,-1.326828549512825,-4.174268280604759,1.386132434317667,4.771297504047558,0.693818808092228,-0.21358543964694449,1.866437308111172,4.493709477447485,3.8019510884875514,3.9217229017070525,-0.8335332477807907,4.077377643223577,-3.3354860842393643,0.40465487564923225,-5.540063890197964,-2.9664926557306215,-5.665826720704334,-2.158185054899134,0.10087802626068837,-0.3155157513613265,0.8465480534512837,0.6003737214212059,3.3940341126168176,-0.73538577867267,-2.6947827256507755,-0.1073662843720053,-1.9500618078270848,1.613674633701038,-3.8621299108347458,1.459274193330391,4.319111508898903,2.3157834449593886,-1.371898713951081,-0.4147728970352099,-6.305986529167851,-3.3236748207073705,-2.6218335651893545,-3.199903459578903,-1.6163577078678428,1.9797022963172621,-6.884738292242908,0.35640505273243506,0.793001867546593,-2.1024636750316748,0.15457872109764126,-2.918370751585199,0.4006751999561277,-1.678803644854016,1.7637830523756033,1.295420913767961,-0.5066726602486196,3.701250479869233,6.176006027421712,0.8964191748199177,-1.5338428923856238,-1.3225524573799805,0.26723892619407386,1.0667022440324692,-9.627339683685177,2.977710531128821,3.772730674983648,0.4798267284497568,-1.6014577328884638,3.1789015021487588,-3.955552737471927,1.8636663197305874,0.5502016190307351,2.383590714357831,2.704201546955018,4.6879921358161125,-1.1336915520339488,1.4078064556682481,1.8515829905387773,4.418056295655362,1.1343029015029185,-2.676036939343241,-3.3065996956967645,0.3046469927629942,-2.5261809340823183,3.5349676179456537,-2.4312126430889602,-1.997035399126499,3.5233405470975843,-2.343005258007256,2.430292425354494,-2.581018586782565,1.2196569460501194,-0.4154225559480676,1.3472661807510595,1.170437497645389,4.716934113813586,-3.244647849467637,2.6674351507652503,2.9832183620768142,-2.006866673102782;3.1041778397271838,-0.6064551599350512,1.4931935283987214,1.0849189420376606,1.539992846680703,1.2432470454467541,0.2514729610589327,1.7671909331659528,1.8219449809241328,-4.031336712418483"
4,1.585532948746454,"-2.6649933459767814,0.26333561768610864,-2.0667000261759623,0.812854489767279,1.7763531133319397,3.765168964951843,1.1078721584807742,-1.0106268356842703,-3.918769049043217,-1.976283021327308,-1.0302391780845772,3.2932035993410915,-0.8326538349171462,-0.8992965518766605,-1.5426213665054531,-0.25039337998679534,0.3067993306938278,1.278442878201497,-1.1373972826722538,-0.09266842716580159,-1.4532493155163722,0.9168304941103532,-2.552691453476926,-2.988792353473357,-1.091965491784834,-2.6685449585676997,-0.8136781011596637,0.4376428731966486,-1.60928391220108,0.5079418989179456,-0.05565508121834216,-0.6111101647479478,-1.241487537908783,-0.8534656795402341,-2.6398150755391825,1.1118329157931164,-1.8633391088766507,1.109604866884205,0.7444213410831042,2.40594591936727,0.5730932956289918,1.5651854713726772,2.1174383799946868,0.06355192938033796,0.2070307699965866,-0.8828529999294775,-2.9308579532867456,0.36567095969906155,0.41907564797858954,3.2874113377191154,1.6515244603840875,1.9481676544439868,-0.9547135945570557,0.8147573391133585,-1.084521336875928,1.6329393439602593,-2.205764521051787,0.724349756709464,-3.807038099779919,1.2959928037429247,1.9431190952750241,-1.652388943048177,-3.769849621808452,1.2819427838842457,0.35484469121261286,-2.5424107229647843,0.5288865080011003,2.396236377100829,1.8744792228695768,2.897571782175471,1.4375966671435854,1.0073580329143956,-1.9295470927766412,0.09153272580757832,-0.785248077061409,-2.118996310908297,-2.422191770024902,-3.45107716459368,-1.9264164335670384,1.7507650380341788,3.1687598147041163,1.4112114166266154,-0.7314280234008373,-2.747740494004132,-2.4202511349729505,-2.6944264433206047,-3.6175666971860743,-0.6766978889082979,-0.6165597638796239,-0.34077011918815425,1.3065619482780275,1.0699649448502013,2.4810962673481773,-2.676036786132649,1.8635962574237053,1.1062455852267998,-1.488841103638645,1.7757760436651995,3.593026331907142,0.09625705334400086,-1.1334883499216453,0.7926300349650857,0.9323496312521303,-0.14223352683310186,-0.8700904389729163,1.2780757717894713,-3.2409401074850805,0.5012266880786519,-1.035491599656145,-1.139072172272741,-2.446728510783093,1.2292952316234413,-0.17750231555013196,0.14716257786034215,-3.3579806774695617,0.6897272558892376,3.1595587729705406,-1.4158456675474511,1.7724593580372665,2.2565294994564993,-0.3674623197278122,0.6127220952770397,0.4046859896938446,-2.2821233891591683,-1.6690463494207843,-3.8996933253439594,1.2963749877132769,0.21648108772042784,0.3338796354502994,-1.5381664534056783,-0.16025747435476745,-0.25771765542616937,2.3264725883623805,2.6008751602594398,1.7597908038073085,0.14462852583911157,-4.299254080747426,4.620453575361947,2.4189127604641767,0.436544819401565,-1.2404693006701042,-0.21507629373743575,-0.9369221811451192,1.9512559545466537,2.6932130170465833,-1.1459180942318097,-0.8820890739147469,4.742885510102361,0.4753401349119184,-1.080622078591192,-0.2154136104220095,-0.850082853723116,-5.1923157990816105,0.5206046646962819,1.235761036283166,-0.23996834851519017,1.2066414257528577,0.3316262610276337,0.9306211390418959,1.9252227236066046,1.260785333578445,0.4713451019339969,-0.5714753563112759,-1.6540752512609909,-1.6675469594971095,-0.17898195400157968,-0.9416086991267886,1.5113705639466446,1.848747518021625,5.269515360562449,4.6156771856236105,0.9595601618876907,-6.244961872602233,3.465197319813558,-1.6582020479921213,-1.7862091655925165,1.107303794640218,-1.121019171913842,-0.3602029073509818,-2.3014888068276433,-2.2190848731781716,2.6031790413300913,2.852811623573541,0.8151694717175971,1.1032137578293142,-1.9132849810257322,-0.2666120344687318,-1.1262995749112013,2.5208699594981283,-2.0012738251606996,0.39864727469720296,-2.0943088434421653,-1.9521729435663007,2.2458918270059485,-1.6272391950930687,-0.5199269514666847,0.617397202863994,-0.18970252626459438,-0.8138329848435761,2.141322479034775,-1.5361879722032756,-1.4668577476990903,0.376230737075503,-1.6790623072153208,-0.45923418715542175,-0.09626197542106874,1.2248098260923133,1.6312778265050678,1.5617397176245167,-0.3362362931569449,3.6062560623025464,-1.304911673709207,-0.24811643940454126,0.015404683281322856,-1.2334891179389815,0.9648072721419028,-2.2844769077601055,-2.8211099124268113,0.9168268096648291,-2.622745438392863,6.634814661424273,0.19620942445403272,1.0318263256488995,-1.741190901395902,-4.414107173591254,-0.7775662528634367,1.4567601311409393,1.1319046478790098,3.0474700335901814,0.07238134060868756,-1.9538243958980166,0.920409331758941,-1.071609482470033,2.1972925212470473,-0.983208390926364,-1.4180895003864082,-3.3142646879172943,0.6209919477003191,-1.3141650584047813,-0.17773426711129703,-1.4605881251734152,-0.5597989453357333,-3.4296940626365444,1.8221034074716376,-1.3666002812910674,-0.4372655844047513,-1.6792442936686023,1.0238706379289706,3.5167933153635396,-0.06328652220360309,-2.689778756274642,0.0903919396429047,-0.9060826471258505,-1.0835900118103552,0.948625039023747,-4.373490333905085,-3.97158702680682,0.702213801002274,0.6463998248004261,-0.2847909271491036,-0.2383642545252091,-3.841616431582682,1.2073922986321146,5.646418655822133,1.2539745602498444,0.11753165609063831,1.6523570265604128,0.8338107861106514,1.5461916528957125,1.5442126099624947,0.12668808655855565,2.6238901981127314,0.9891183051458609,-0.8462715839078914,-1.238108839435823,-0.3640294163525769,-0.7387262777625354,3.0465761325172025,-2.1811127164772928,-1.1044347224704747,-0.35185185532093965,0.22606653872777674,-2.428394702162893,3.3322207391663796,1.3308695664688908,-0.12552246634433217,2.493529235186182,2.8608756473501895,-1.9359515188822587,2.353143441533674,-1.1098095411406743,0.3489709906338255,-1.4630152655303643,-2.5760168874862712,1.0057615495071537,1.011953747348072,0.06589784303084488,-0.579240377605013,-1.069122438924159,-0.052788649786042606,1.4797999543280063,-1.1065711197919639,-0.18901406720780048,2.4222048996788557,-1.5584976512381534,0.8953930571867343,0.07084514846256973,0.4351832530497697,-0.568803431377805,-1.118463434556796,2.3384578900079536,0.34336653283649704,-0.04374855628301638,0.1983861205177937,3.9229341971546896,-3.3268312542759433,-1.973602461084202,0.1896090764971332,-0.9616013574560294,1.316427475609898,2.0063605739924952,3.4519134744475113,-2.2725676733314577,0.35119974016125405,0.584558618939724,1.4411085650360125,3.2078036340297094,0.5655854333661521,-0.8655818815204965,-2.5257683656125938,-1.1047153841603765,0.36758802677306246,0.9177584969248297,-0.4374129804588731,-2.0141710729416893,-0.15173436436093285,3.328314145329328,1.1680051101334183,2.23884579279799,1.5342484954185402,1.2783069055523941,2.518202716766944,-0.24746946098367617,-1.4652297241821568,-0.6895369654456157,-2.2174835970012934,-0.13290029562567818,0.5284816006487068,-1.958165740474512,-2.4911188864310914,0.09774650140951069,0.8304516644367952,1.7536462126815966,0.6523912869629589,0.8347669899721908,0.15689873583375946,1.587161287289752,-1.3477087063569009,2.9238308337717713,-1.0331672308628366,-0.43726719722709784,-1.6963857285699737,1.4378708974337924,0.27808871554354264,2.306549999665801,1.0035599549892729,0.4414705934845474,2.369052827773167,1.7649664674703676,2.4237187846873383,0.4836431066917195,-0.14980396901720855,-0.0416589618379718,0.7735302661004052,0.06487791923317848,1.4639242987232057,0.5363964041253343,-3.2631507348165663,1.8821832631210285,-1.880198813541551,-0.20235119444613292,-0.7890706372544988,-0.28083407411704586,3.0048256893602905,-3.3471275399385045,2.791036463884932,-1.1642631598292177,0.938588724765074,-0.2826395178683209,-1.1554941575895183,-0.7837755673062745,0.6983777174570479,-0.5490229835296645,1.5390866805272791,0.2708306907769321,-0.27099920535154554,1.9204784819190273,-1.7753578630486153,1.001523159374267,-1.7884290540207801,-1.6053141360034244,-1.552828830657842,-0.2912752320844519,0.17339026271089142,-1.0937093784733298,2.1159295762654717,0.562489826072066,1.6696178241962507,0.006389597207417219,-0.8458333159183176,0.16863649048164706,0.9909387812938693,-1.908335793592346,3.386370454116926,1.3229471502328911,-3.0537208238303934,1.6369085138355368,-1.1763097027476628,1.4112417465657283,2.3483686580253877,1.0149860801567945,0.4047142189532455,-1.7280664590176968,2.3462528546583767,-0.949295391685635,-2.313285740974358,-2.4139605980873537,0.9826895348527045,2.4448568908189126,-0.8602282814313238,-2.45142136341378,2.5321536516087413,-1.0611807786215905,-0.7641504838156588,2.4907009238651394,-1.0250312363946807,0.7954172336835204,-0.1854259712397845,0.693541604466312,1.1366508576286662,-0.639045408860072,-1.5494506244495545,0.17453214190807953,2.498400779394636,-0.3905593384528765,-1.671136326554808,-0.4480674776310763,-2.0427316510798055,0.8252513126497714,-1.7324568050940525,4.33110826570691,-0.026732243872641503,-1.2184791714241776,-0.9180600665746652,2.6104160957137243,-3.0259680194013083,2.2341455070498952,0.3161622457593974,0.193095988091679,-1.5140288005500306,1.3581749330900081,-0.7208570373703818,2.8936206994944573,0.5709589982412792,-0.8273358358652467,1.4887449135838704,-1.3836759701024584,-0.0003330069803095803,-0.4214948398269104,0.2176057983627142,-3.7984571779223595,1.3951524602252965,4.238062493949015,1.0223954186384039,3.3571040143653477,-0.4403112714478054,-1.2139161657396471,1.0331974975015248,-0.2733882779000868,-0.8613985614736106,-1.8193019501666812,0.012178916519963598,-2.011188712220046,-0.9129589535210321,1.5315094328090284,-0.06542083848149072,-0.9574809205962614,-0.38478343654101466,-2.679444641378479,4.131951404604603,-2.772205443872729,0.6452813056011282,0.37868951974573883,1.9762742338156734,0.09594022947454772,-2.858786169134998,-2.7729086775564715,-2.221180300983852,0.2849485262962402,1.5632402630406703,3.117250089052446,-1.9535037081993916,-1.2259768744065986,-4.890196355525624,0.8130643615488022,2.6019202135050117,1.6554930232553309,-0.1800249421150698,0.5780740836381987,2.2943273623312206,0.7023538419690554,1.0911870260588354,-0.49835060124470526,0.007391622247587604,-1.2619287591203951,0.7260175309550942,0.466858124225542,2.9635193532886004,-0.8844151604729411,2.6989447934218007,-1.1006324890083057,0.34744130781260124,-0.8278603570761258,0.3398955130245439,0.7877321629796757,-0.7036476214994568,2.130094365884271,0.3937945306459583,-0.02091449088044417,2.9951428296833837,-0.7718416258892931,1.138686218095513,-1.5771786544091662,2.4120378089309193,-1.117024605664578,1.8622040922077243,-1.2588892365070847,0.1540044471956714,0.056282277665677505,-1.1375297297914302,1.3244913408942867,-3.4992421619406326,0.3245605804591814,-0.29322688327322727,-1.1364222339103887,1.5486561072446798,-0.1860309503755287,-0.6426333813204002,0.6353055242799364,-2.5703739812074025,-4.367344050519316,0.3071783466703226,-0.1191638351545838,-1.4343698588902707,-1.11702691389798,0.5829744480188203,-0.5094060020257968,1.7238551359719854,4.243509713867889,-1.9836113084250668,-0.9297364434806871,1.4620876372641394,2.5307971286637696,-3.2086027327892106,2.8068140053849424,-1.2729371717249232,2.1552577657849765,0.07321393766026255,-1.5442786048498458,-2.1432250134140696,-3.6594786074040306,-0.542441779214698,1.398160369024106,-0.09099809986762541,3.9042447462032204,1.0191374211791069,1.6358429361164228,0.1443846390362442,-1.9363851354365396,1.760904814585019,-0.2101497319064376,-1.73808648203568,-0.39229092265813253,0.12114847770000764,-0.5170311079286605,0.392704065291262,1.0574057132786343,-1.9491684186943368,-3.497312234762841,0.43630502436070584,4.797162790285704,3.8411420296152805,-1.7514039850037384,0.8442672617021185,-1.1704512836127965,3.227950197678763,2.7206910245412064,-0.44423820468628206,0.6459579176494912,1.6734271412148725,0.9074655539169252,-1.025253383867164,-3.355813967769973,-0.9686047742282263,-0.3344887921859423,1.3165794211345954,0.5524247419479053,-2.060467735774344,2.4889683625657586,-0.08289105716128142,0.9652754617202822,-1.2226674917967715,1.9744777614545237,-0.1742539599197258,-1.764408247233981,0.899082007905164,0.7002934276372417,-1.8985932968154553,-2.9140100680342114,1.4045811401370132,0.4508792839166775,-1.042297841782169,-2.31549825965641,1.164019372741817,0.12028304385457503,-0.3458040067745436,0.7860163686007373,-1.619597697318136,0.8254949212628784,0.16463999114981553,0.8359523827415629,1.791528134863184,4.371988709848981,-2.8173803985661756,1.8835364935065226,2.5260012332521495,-2.1987260272245472,1.3109519156621712,-0.23744964294402426,0.2616335876036393,0.3287321014758142,3.194205116368007,2.9583554829301812,0.36658014613893897,2.0575075460707213,0.5606130556757067,1.7650041666505216,2.4528598640444286,-1.4202315464905593,1.175859767135405,1.0880159454839549,-1.8173542784134193,0.42300763489458737,-0.4173633843059953,-3.5285553847127202,2.190192812383914,2.342476369329355,0.4217919362035921,-3.5982302129990518,0.8200086941069844,4.040783140027885,1.3947754348270727,-0.8406330052958575,-0.6684433072546907,0.8314203204462689,0.031393844534440385,-2.7836786705356467,0.9024902654612122,5.601698467928964,-3.73364737692057,0.01920249673902412,-2.6901772040220737,1.7078750960381475,-2.328929913961514,-3.057448343829954,1.0404552381406553,0.9993973787011099,1.2222287858189884,-0.1964451162456145,-0.10438212663116198,2.9306483437234685,-1.1804051299550227,0.4570191299197359,-1.431707172430005,0.2758909815948757,-2.0836349431247023,0.35735491982173767,1.538020644922146,2.3896511290838247,0.08256793404443287,2.528827247642096,-1.6825773720097525,0.0673568321936969,-0.6147086033326259,2.2139063881881227,2.100389571995715,-0.921626358022043,-1.4517062301998793,7.4374371280507825,0.28940870630546234,1.2576734015038809,-0.8142090483273021,-1.5675819934329205,0.03559309059663915,-2.542036541191359,-1.2070626476502024,-3.506815908220932,-0.09867089869482631,0.2039298182652496,-0.7546331135863681,2.277277328612095,-3.1664129560933807,-0.007487585851180756,2.1909003018771855,0.03309399294361837,0.8211413541774921,1.4423751453769194,-2.1504680567673033,-0.7295135762967856,-1.119392342462548,-1.9572009505703747,-1.4279525248378377,0.5120617308222088,0.7748961699737487,0.813304927340331,-1.4108177446714556,0.33322377696253247,1.6273471408002749,-3.1678243980202585,2.2467959180418955,-0.43700113773010685,2.4807577099515496,0.7963125075799263,-2.720902284498168,-0.31024091073351323,-0.05673271597148888,-0.34438325839589184,-0.5948022119323738,2.407442400335925,1.865563583965538,-0.4404551699755156,0.5125601963577057,1.30715466311392,1.2672635875245462,-1.198864169036649,0.0656681559849932,2.011503234634299,-4.366128811996171,-0.5771914644148683,0.5421213482237474,2.244966188689707,1.3737317148503834,-1.9770461773614614,1.204161972172307,1.5191489362161454,-2.730827616287392,0.27268482618294176,-0.5204769230627255,-0.1039280951427557,-1.8470536392820653,-1.3658770674775231,2.1656299354475372,-3.2149074331558025,0.13495941020094093,-0.07282997845995709,0.7220650113067273,-3.501653522725913,-3.034685129752688,-0.22843712553291007,0.6017268473927804,0.8669783670193147,2.857644119340964,-0.43845800137212354,-1.2967186936377313,2.1668975252699814,2.3126344458257657,2.2687792070147905,-4.614910970495025,-1.9653195349660126,-1.1398337510677277,-1.6440230417228037,0.6531063245248234,2.0164990681154302,-0.2967492110161253,-2.747071730122208,0.5938950779608854,-0.08171753569095003,0.5856406883032496,-1.3733092020533035,1.3790360203754433,1.2444295845893625,-0.3601928844701428,0.17683014112071221,1.4514844364874453,2.9037612685066074,0.8069307308841928,0.4459147895632938,-3.458798541106229,0.13033509851118208,2.327115223018289,-1.1090432907612833,-1.896810992096563,-1.8144077276523756,-0.2420907252761072,0.5529676552764893,4.031347237503912,1.8518557450091653,-0.05969383543549778,-1.6870333392902401,-2.073835796501062,3.60112519792251,-0.8012566622158211,-0.9635041575165689,1.9769940115407907,-0.9079369205870396,0.2141408365801667,-1.407550867130391,-1.0227581144188456,-3.6013895299177383,0.07642706721451417,-0.8650933580958577,1.168208505303326,3.843771326422252,0.3927357924656466,-3.594693065458923,-1.954601372683873,0.5859113473331672,-0.896640964963962,0.3375423229898957,0.9826939836494086,-3.3438023724710892,-2.7171976659208497,1.873130902848043,1.272675243031709,1.4547703298408985,-1.7586691891883612,-1.1258655841313596,3.48751821974879,-0.598562503539778,-1.0702448869485022,4.234531600168306,-1.4041729241736802,2.8034308552085205,1.771789080207638,-2.5603333743309102,2.281142215864434,-1.831483166846926,-0.12517441544226582,-0.9400964209943978,-1.2844144998491822,2.3169760187049464,0.0009172403722942368,-1.4534670944800232,0.3375048374401708,0.9162806289659162,-2.9917912220924587,2.2594299848488215,-0.07493493441532356,0.03630423471795699,-1.2710780514900974,-1.5506181619975754,0.4729554069973078,1.3052426278748763,1.5593679387701211,-0.6613477628078611,-0.9866423103448938,-1.5966698256513792,3.80388067193853,1.4339440819820126,0.18773703687771043,-3.0126884396724805,-0.08101653709030968,0.17028877586746716,0.8901376048354306,-0.6560562017135989,0.40758946968087584,-1.6375692354808615,-2.007268505079185,1.122605090705081,-1.621237435798897,1.2816908425657623,4.29054567764973,-2.167634160571338,-0.9707751937072318,-1.9993177577120482,-0.5505780407886093,0.6275617478489879,1.884335868130045,3.763825302155976,-0.9267776965676587,-4.75564662740511,1.6528477182293249,1.9730212657011137,1.641704958502052,-3.1967081618191555,-0.9815897191766738,-1.3823269648486798,1.6802339973455493,-0.9733205734810243,-1.5131878331779043,-1.0791354843426797,0.5692696739535006,-1.4657631313036124,1.6621614818679218,-0.7926064347805071,-1.7549231851080782,-0.8841922054101613,-1.6028326698039042,-2.178762627008564,2.5147374588846967,1.249960750684419,1.5598651901990856,0.153707607546398,4.716188491741636,-0.25169794905370896,-0.19666113135710128,-3.2344955472487857,0.10572510394201429,-3.0855665072870027,-0.7317167222653317,0.9834791549079807,0.7531786204028678,0.40788649220574225,-1.0989308665921493,-0.06663835682809272,-0.8869411197050098,-2.4664174739226112,1.4926837380331028,-2.7286086717440172,0.025003387304253333,3.316261342732487,-0.7399933139170634,1.0396689221588866,-1.5554959295346196,-0.041500363255498274,0.754492842108477,-0.785572510457669,-2.5357019386369166,0.4665241865257851,-0.1488842870450807,2.7095841875104445,4.091699918749483,-2.681034322101099,2.8112918842755446,0.697065412347406,1.985077274663137,2.2612021605791264,-1.4498724531275202,-0.8922010472681998,0.724155921705067,-0.2001197232636131,0.4748312180192652,0.637051704218868,3.5338730176844,0.1594024107218841,2.0839944194781292,-0.9252491961430691,3.200175024326198,-0.4002875664097689,0.7609099473523547,2.8288456675634617,-1.2174682246963684,3.5009406563412235,0.5595023448675487,0.47457270764609355,-3.689141370786839,0.7589553758876526,2.675150383532743,1.7877132193420815,3.1853013275938937,-0.8311890572769255,0.7735472334268922,0.17551606428788025,4.39517004335413,1.7566618641293,-3.5008435322464178,0.32502126724309394,-1.914762009947954,0.3510711696436368,1.3593020042400754,-0.5324354914616927,1.0311358096892034,-0.22041220806746586,-2.294562161592718,-3.005495565593889,1.392939387731123,0.29178447301621135,-2.048784821465651,-3.6576818533638815,-0.8088823606607991,0.9154035375586959,1.5263580724639918,-1.809902201578035,1.4051968671811343,-4.084756608395001,0.6016908136669906,1.74158933189178,0.4349243584467354,-0.06620285227929223,3.3084761500427398,0.7222693913374538,-1.5811814250251923,-0.3161386727496761,-1.827871813535125,1.9249725318168212,-1.459172761799067,-1.5716485463087189,0.9497143006183558,-2.2540970120337818,3.3731355612369796,1.208406953947154,-1.0220380823693482,2.164856760809315,0.7849726322951407,0.8872537519736281,-3.2931789408549768,-0.7681529686103079,-3.5960125887394914,0.7166395138394359,-0.536692056788372,-0.7187103161589488,3.3971523615189185,0.05199054318004939,-2.8648526795394718,-1.647200883229412,-1.0980918751853126,-2.121687591913705,0.880555982444989,-1.8540938051282987,-1.7447975685231951,-3.560595380191735,0.8920455572987778,-0.1777010396503126,-1.567431117093226,-0.4140297112038369,-0.866373937512497,1.4205853937096597,0.7562042170521851,-2.305788603234745,-1.719601002482178,1.6600170591776024,0.49426563013845043,0.4109499129349429,-0.8468303037504762,-3.484218114768861,1.5456155937369584,2.036399003425131,3.037468176019162,0.6829784176579968,-2.920159545223123,-1.3928976338548882,-1.7490494877412586,-0.12095105021134533,1.1976644321772498,-1.9044403750357681,-1.23579126529666,1.649841005131459,-0.8679192853024095,1.2150809318375582,2.876492699439905,-0.04886366527176707,-0.3442423796332077,0.8801146089899232,1.1886459332360348,-0.763791446905204,1.4701153713492436,2.2823474374482227,1.9595294828619614,-3.2352632983336935,-1.7411949945976861,2.1615296449333585,-0.6199635797168075,-2.5794768257388556,2.191648785953059,1.3020690714431338,2.612163462595486,-0.5888160888444847,-0.5754563354685516,1.637929617691695,2.1690320581196447,3.8312122857487516,-1.921095213322113,4.251503201834614,3.2383755726417984,0.753256485113721,1.8686373275536632,-0.18766759698144872,1.2637547480956157,3.1747687195372065,1.2262137442928873,0.45496368949351046,0.8814738806596324,-1.621709257556526,-3.2783038410372702,0.9412014964710944,1.720665903025632,-0.043834418059863656,1.3128011919379305,0.9667419078095095,-0.45513098736972785,0.7824390135135798,0.351855238453321,3.892860847653227,2.936836211567338,-0.3407509540017296,2.755509650551847,-2.838265403001282,0.20605305530717427,-0.08583058534708314,2.0351705086372194,-2.935144456754296,-0.014992081750172193,1.3937050714591264,-2.3672443892164328,0.03299950717447503,0.10813778504048632,0.019646717667001296,-4.075744496977965,-1.358976383096537,-0.6138117044777791,-1.3129989791141017,-0.6510085413206519,2.388110453912195,1.7177175945867866,1.2365491011721146,-1.5011295599046413,0.4735729381444575,-1.5646925622871402,2.3089565077270064,-1.0372159285634062,2.278680998793207,0.6060366916221914,-2.7247297150702336,1.9720344776294123,1.8786991464975675,0.4843626611686368,2.7101847090056737,-0.3680073682217611,-2.138177949847583,-1.0693471610563596,-0.6103629802180214,2.0022295584742826,-2.461177892842052,-0.5436669733190812,2.8124015603793056,-1.685350332733997,0.5013707299639529,0.28622325205394106,1.0033502215448618,-1.034467264565706,0.26678507241035154,-1.1377672093878866;0.5435627111240551,0.3746656299690756,1.1976617802447307,1.3429088779811036,-0.03335918481347677,0.5030170742599376,0.5430013120267563,1.4206947364831448,-0.4145768846838238,-1.0670496853084313,0.06372272437469884,-0.8247430971589786,0.20109016975932792,0.7048826882003876,1.5144952428076994,-0.3565286826134848;2.258302587215045,-1.475538460782667,-0.38495720407356004,-1.2037967159599012,-0.12603179546664237,-2.7960144413574715,0.9819492206338774,-2.462757114145303,3.7077393736334505,-1.6403065069935396,-1.3398526791491803,1.359701539925577,0.5995688846448504,1.5370302748937412,-2.6018116229022947,-0.036844041571719166,0.5304315342397425,-3.7477029953345826,0.4079970044505552,3.3381872239140984,-2.5385911382012876,-1.5570713527812843,-2.6644462030222678,1.556442633296566,-1.0289046512804423,1.8140624973760262,-2.0877166674453647,1.627311638650451,-0.6054319728243123,-3.14449778341443,-4.420056528743042,-1.4824789403598746,0.5684130482791332,4.26013461900261,-1.591419964083327,-3.1046867023505382,-0.05136921237305275,1.095394394249693,-3.4630653367302067,-3.121746472792121,0.33454572346520106,-0.7822168925236616,-7.3514942085631025,1.7259594324174747,2.118346910395713,1.4449834374440158,1.6526563767746498,-1.9057157225359493,-1.4728495083200668,-2.754054664061141,1.3732903484836827,-0.4814659511878632,1.105775195703012,-1.0525069023008453,5.333810138846076,-0.49969668635509923,-1.8618499162790025,-2.513791726134813,1.225762243836754,3.760263690944003,-0.19412130821207846,-0.9492769045851276,0.48123958080758356,-0.35884790190161486,2.8288908308218605,-1.3050335555082466,-3.7214991070272543,1.235087131747676,2.8728125572038734,1.191160802382342,-0.3585071901514154,1.1268824661444166,3.854236296378919,2.2540920089771364,3.2148288189318825,-1.495654798101109,3.5737601362640605,-2.9281921712545076,0.35216602874615033,-4.551592068671499,-1.7108577214975254,-5.150872333261908,-1.4843714281352995,-0.14523494693358027,0.3625804340861347,1.2812294833581233,0.3425250543014232,2.994000280200996,-1.381980387181036,-2.0822041973538803,-0.5644912596685522,-1.9445721963802867,0.47557447775286243,-2.515130701457038,0.7028982465302462,3.9758549532938936,1.9310033031216234,-2.5557778379128115,0.5698983731355194,-6.007296394942223,-3.1748432581083423,-1.516803922171607,-2.634982427014084,-2.4448588843378163,1.2214394820864538,-5.721413462349188,1.1730979284688934,1.7267571174288028,-2.4808511163546227,-0.5294546809044537,-3.054889838883063,-0.11932461570384008,-0.9097298407679044,1.6236139384919448,0.8334182414658168,-0.0205430299064413,3.1091993335909294,5.213642343346203,0.6456471499665997,-1.485189392336213,-1.6599485326099066,-0.40337495935616563,1.3553310653152086,-7.090990888426548,2.3425417021537323,3.471619036829719,0.4627684523968566,-1.9390675267439064,2.03834878150782,-4.099920157221057,0.1411806968850157,0.1949515151825194,2.3309620698164517,2.0332325686138493,3.2690558312471962,-0.44038113855046584,1.273552145942705,1.0726862931570107,2.5886224096197816,1.0840592734248649,-2.749605720919574,-1.6152693144062256,0.6270799272902507,-2.2135918998433795,3.5683906064264415,-2.167261300707799,-1.4857507271808295,2.145158417115319,-2.3544798381451324,2.042657308398353,-1.1097998684499624,0.6752641197815885,-0.39584665411780473,0.9968542007159775,0.5839464135388264,5.109345491440464,-3.862783715972928,2.37562127065167,2.047381789220558,-1.6168241061839024;4.5025129432372175,-1.1271241676043828,2.9019593851225984,1.5252239265921332,1.5323089913190087,1.5704241528853387,0.2851967072298378,2.7385704787911562,1.9455572296844545,-5.278069656148521"
5,1.4998902708252038,"-2.9156215176243054,0.33124159211819904,-2.004680855841571,1.172120974259382,1.7762559129543527,3.5841383037615886,0.7093097365773848,-0.5079128861837303,-4.630071189010062,-2.2551258665488474,-1.6545158807991245,3.8458918046277235,-0.7520480783052196,-1.1586302302048206,-1.339249046599544,-0.016637195761653567,0.43307839996393627,0.8797512840816986,-1.3104533655947002,-0.27793087383315446,-1.9285083981202462,1.294402247516027,-2.54782337112549,-2.8637658624513485,-1.0960253282123842,-2.4200790813917648,-0.9474816776841851,0.16002048622110052,-1.505228026202215,0.0935743453243294,-0.012069746740501236,-0.8299687002643227,-0.9010726025587961,-0.416018347958493,-2.7585604014204095,0.7192709562092121,-1.9410175180192555,0.8292113386242004,0.6656696111484953,3.0299687520993976,0.3846039729915435,1.098408817558999,2.499056265571217,0.09347552435041101,0.1486132769986312,-1.2840978940185348,-3.1633376169027754,0.4923779224361481,0.02560227633022137,3.0795458876400033,1.799254656367619,1.8121927063272838,-0.8726951187462494,0.8525959822496054,-0.9858599831199951,1.4916260194558817,-2.5155145045956147,0.7954674562969689,-4.254031327866795,0.9685101597968494,1.7683903521903388,-1.8093772910289583,-4.142692577539413,1.8052548827650101,0.2699657256162876,-2.5518978739134255,0.4287004981849164,2.7281181717868206,2.009825114769777,2.9016568669220035,1.194040134088282,0.7980266040244954,-2.1734278784994694,-0.2517060347905509,-1.1183114992314647,-2.0796372975199096,-2.3914997389789363,-3.0917330868836586,-1.5692705822399153,1.6293978200314343,3.314365043661246,1.4829735747678416,-0.9329019760063147,-2.6334483522306806,-2.491078918436826,-2.832037465618405,-3.779651244748728,-0.7131055158538789,-0.8370215795554456,-0.516929574295278,1.0499076057127879,0.7820965092964781,2.9079759627508386,-2.5505524587875303,2.04852488808279,0.8348472342841629,-1.3359725117839218,1.8054048309192687,3.5111824562164915,0.16153182415602263,-0.8512298071612604,0.4475598159002535,0.7841586918408878,0.0755907336404488,-0.7701216936537946,1.5411967411759748,-3.1871353532946856,0.3491545216753054,-1.1921653753121606,-0.42253839864763293,-2.4294388928359103,1.6840475013674205,-0.5070237862181587,0.47636785175317675,-3.2060059726765986,0.680738203109273,3.2869858563289576,-1.3595094999457316,1.617592134774588,2.7886598555888202,-0.03616380413569085,0.5362828929237231,0.1802791695922206,-2.3863032876611863,-1.6522860707146247,-4.335992354146629,1.0636086677505106,0.4416276874697169,0.20164757974500022,-1.623534193643809,0.13618504120514308,-0.14782117814117834,2.457228134004917,2.69404253616038,1.8137402680829187,0.6977828310465388,-4.228697012112671,4.871862929646961,2.2914843221547967,0.7756512361589455,-1.3751341856045918,0.014332121153454572,-0.96982389957698,2.0974840917808737,2.265132205582544,-1.5018003588199775,-0.492484830038052,4.44209516520602,0.48622131061968554,-1.2468294661750985,-0.35598483092168415,-0.582356281173303,-5.965611946167032,0.8295457166091882,1.1610802758064172,0.04251609422252556,1.2060132709487084,0.26262771211372893,1.267239982072326,1.6569161107094048,1.5566235423001236,0.7268635796477646,-0.44864937964215684,-1.8749999585550272,-1.6757705387655295,0.04367301815250148,-1.2625284736224724,1.494954691383558,1.9368674745368606,5.249343365108804,4.514958490786057,1.1659661188536603,-6.760820667487671,3.380553561806765,-1.397756350991968,-2.0033976535891824,1.049698698435455,-1.2011227939275557,0.13082756218326724,-2.1183541529676706,-2.3263266932980464,2.6037303509970866,2.703063418850795,0.5650244657345254,0.7800687935728614,-2.045287490240281,-0.29046821637848663,-0.5102174760171673,2.806412772066098,-1.909558377029816,-0.017092673118009993,-1.9859316538089915,-2.274579791404027,1.8991726082574423,-1.6036012583801227,-0.14340501674421946,0.7247769958870544,-0.30964999055749526,-0.44345200859774137,2.4714119595430364,-1.5394656485083402,-1.0736314220581284,0.4315444809365845,-1.993512207139189,-0.7930694054749315,-0.27001822421725147,1.2957584725060112,1.3679035152005263,1.6270948073798925,-0.5908136094357698,3.410890466679103,-1.557088622967202,-0.11048228760458667,0.09775108538582333,-1.161583411912219,0.9055320013330456,-2.2743250299800444,-2.698712999899288,1.094470031014203,-3.0292364243957044,7.157626954515839,0.32092069266684353,0.4783513653008877,-2.0735917586887993,-4.409208252129712,-0.8066786968542122,1.57265095238873,1.3080381614449923,3.357611539945208,0.26740742607237367,-2.041582272678193,1.1288826457473389,-0.9496832259593797,1.7924658331147327,-1.1351355343644807,-1.2182859071387329,-3.3988934965602913,0.4186799794301478,-1.0661621746871695,-0.3238465884800773,-1.9833375482985658,-0.4254431256967537,-3.4145822816958753,1.8104369985592461,-1.3918934948171338,-0.4145203794934621,-1.5925656098542977,0.9199125718813236,3.7831885013368494,0.22114456013965111,-2.5894378841951475,0.3046150900534355,-1.5393203790003307,-1.117353074704252,1.1270982698464915,-4.250528661201835,-3.6982208088336757,0.7553540416991721,0.391954627706527,-0.6113747874270637,-0.40407872558295543,-3.7037556896464308,1.3810952359517923,5.986895348244715,1.204620614489416,0.5309136785572204,1.54271085862216,0.6987420926174743,1.7455377742051283,1.410125069614778,0.018341461174626927,3.080506827450977,1.1003607813856613,-1.2467420031983243,-1.7895793890287417,-0.3671929925524288,-0.47575829419940474,3.173710237187002,-2.3991529321342293,-0.6008070936832965,-0.4233771040326621,0.3756203029958283,-2.5587267512820895,3.7511573005035364,1.681231030249851,-0.2330970480690574,2.7921730256833306,3.008282539735669,-1.7556851424692779,2.4950873286262554,-1.2182165275739683,0.04120132974667401,-1.2957650229166608,-2.7569523826354696,1.7341655718927669,1.517878891096592,-0.005373757951276786,-0.14131405141360998,-1.203279538630605,0.13716217677900588,1.7671134192741462,-1.1249142738115259,-0.31973331139875916,2.393028953489258,-1.34825088409517,1.0231552561372967,0.08028420859767454,0.7492695585025589,-0.48108655252156474,-1.0870268806287242,2.1828937178115138,0.9231531965754591,0.21703032801084698,0.039501477619504066,3.9373732784609565,-3.663769732109193,-2.0670446372567555,-0.1070533681405986,-0.9498640906511985,1.507311430357707,1.3760444990720933,3.605203528350586,-2.1098632655542753,0.5361523897644499,0.7543886562255874,1.31590185913077,4.008237104764224,0.4319949843062313,-0.858055597940141,-2.2718810535489053,-1.141774158555605,0.5655593538756185,0.9817618436688171,-0.4462255997483542,-2.0613887105489663,-0.19623041610414652,3.314206075027397,1.1464205658403661,2.3835168816657952,1.4428121259736595,2.114373066923071,2.593798380364402,-0.50182966248317,-1.8967929714839777,-0.8407698780546375,-2.3669615801577266,-0.5299183204115644,0.2029694500968981,-2.200492447486223,-2.6582585411904773,0.37633176226724274,0.6707398251605701,1.8110773595775753,0.4829624737407111,0.6370683852046127,0.27944811990657425,1.2566990588482523,-0.9703760855842873,2.7284955588218187,-0.9186032476221868,-0.10776481163642393,-1.957428107868689,1.8884754548208815,0.4167579274029225,2.2549713669160933,1.0425813115962685,0.9123777398131413,2.1622716478584767,1.8180264279565006,2.499013345898441,0.5905417706644732,-0.10570653034304311,0.29955454259194986,1.0963407482218925,-0.10743718780194078,1.1289656894859652,0.4498535778428748,-3.4527719682244173,2.3919472238446686,-1.8202205163986038,-0.2865054523748183,-0.7940944644464295,-0.18276138134060915,3.1005935436756027,-2.841223136491501,2.618478599729951,-1.4349997965808152,1.0820929910822206,-0.28722367600050647,-0.72894065280657,-0.7982297135331081,0.760077716849497,-0.4805839683013088,1.2873933339927666,-0.07041547262578121,-0.9134831395749688,1.9893728450584192,-1.8361739815584794,1.0774812029766512,-2.131533238546822,-1.8416011380081736,-1.0642970387729855,-0.2634300356962809,-0.46414731821467464,-1.5862302139183024,2.166314648625672,0.32666432890287816,1.5546722229201024,0.21676837836909804,-0.5069965230989031,0.21536601608761938,1.3355370666549689,-1.9316217046519704,3.535772054967735,0.898991467117215,-3.266313438145667,1.542875479562349,-1.3174300413141657,1.5112847349454819,2.575814326164545,0.6310851859254093,0.8171067082217124,-2.225491997157216,2.1476682511526484,-0.6487331065365876,-2.550261946280199,-2.6815077011924133,0.7039528725451184,2.6401160112568234,-0.4798355793113577,-2.3926745907718967,2.7267644266676756,-1.3930947594096283,-1.3041507298270472,2.376764063772579,-1.1249754669443963,1.2701575923430877,-0.1977093920228536,0.7405856377621757,1.2207102645036552,-0.8429608669074211,-1.7070795721705416,-0.3200720560713967,2.297541897352702,-0.5968300575938004,-1.9498620266790339,-0.25455313296215565,-1.9170450586541672,0.6316534162238588,-2.147431358220461,4.6184053800449005,-0.097595326410219,-1.5934289973432725,-0.7247146152568659,2.970581417234456,-2.8766360298301685,2.460270840203916,0.2596722393732873,0.16003624918630338,-1.948771176842905,1.253206147817527,-0.8341979786252389,3.203185890664671,-0.0498669970616234,-1.1285643961529055,0.8868527310021551,-1.647778832459788,-0.09782223585774885,0.14284518531469845,0.731830964205552,-3.6615337877080107,1.8646488588416517,4.161178935124966,0.9390833532872452,3.3983380813132325,-0.5453147195789013,-1.2904247789625158,0.4027148271598234,-0.11028608923893912,-0.8858513474544967,-1.6256856683866068,-0.1348593583249051,-1.676026336528281,-0.5237450051500847,1.505194895683892,-0.49550301478719294,-0.9605247884708373,-0.11651745578699506,-2.6296326207691694,4.207784738558976,-2.7236530436675284,0.8036026886813106,0.2300247494442147,2.1719779921149067,-0.015364661316344508,-2.6962869097563256,-2.4204332866278926,-2.4029388231152415,0.18579100848297747,1.5873578219997646,3.0804846665992285,-1.5775236300254762,-1.452341560234928,-4.977555086553314,0.5723014873020467,2.626971265820867,1.9453774651917712,0.07309340780683116,1.080609863588091,2.395138454302824,1.1956171839226357,0.7529029542442339,-0.8542539413913486,-0.09994444985087925,-1.4678072106151427,0.6022190618842843,0.06606936185640316,3.397183285208147,-0.28433281682942935,2.7338681615238283,-0.8901345610171362,0.0007143689896942362,-1.1092969085303124,-0.1743360647968012,1.0556000666179524,-0.7497468166868425,2.437720190471903,0.03709909932420685,0.3637888779950539,3.5941991846124925,-0.7279002194704706,1.4421393334594435,-1.8759894326732192,2.324628218295204,-0.7963310344815683,1.8131267847527075,-1.6529082279810416,0.5638201594661919,0.27443106752843505,-1.2431793994483995,1.2109884214752906,-3.2776952596024684,0.5390056280697653,0.12158203619454236,-1.2934453385041942,1.714986663578717,-0.11666955541546453,-0.40175238107626954,0.29953263065823826,-2.491779199196008,-4.12042855200178,-0.030083311434049964,-0.16054245409126194,-1.153688184703879,-1.8284855556564081,0.8180283849386837,-0.6405195430298416,1.674131000309646,3.991222907656984,-1.867273324736261,-1.1485543160107337,1.100153244873637,2.7962380209681803,-3.142749579569893,3.107554296994833,-1.5486849859478153,2.039272233055793,-0.0632725936167432,-1.9137455165113753,-1.9308401697293904,-3.4014398732977016,-0.3374777716326397,0.9743477064199574,-0.21220992901540026,3.9297941963420224,1.1998949518495432,1.5327979915109227,0.4752420911945502,-2.3184005193058392,1.790953908268155,-1.085752792866372,-1.7319873985144782,-0.44504394544545167,0.22521202592613412,-0.45117142218793255,0.37405994768603745,1.0701641658055576,-2.0417865435094615,-4.18585243803419,0.3567486512578196,4.696491222024936,4.121316751779461,-1.919129464823625,0.8651180460500827,-1.5900609761650364,2.9743719573752365,2.941353511018135,-0.3514613463174263,0.6670738302543261,1.681019583861055,1.0064425894373235,-1.2029876843393417,-3.1623053330475437,-1.4138027046136596,0.019818557574571127,1.5726426574516987,0.7424707053101124,-2.461750601011366,2.8165205514186247,-0.3837020284352117,1.2819164348905026,-1.3482785792559027,1.8286680166655027,-0.39695378134273634,-1.5541816744080146,0.9801033058418931,0.5482810394620589,-1.9590769121996696,-3.348787601047646,1.6838672156160819,0.6266455593219955,-1.1962081604007382,-2.4293842295699237,1.0718080580822358,0.2534416233546184,-0.13735673184946795,1.1279389198115701,-1.4556467767149046,0.4057313793775502,0.5999351184335312,0.6291836512553179,1.5936851589218461,4.6231584478184145,-3.1812405081514474,2.0127336959337656,2.5461342043418145,-2.4710007372389766,1.445917341384204,-0.15302213698679562,-0.06394142735630304,0.3934044193260541,3.3173017493402486,2.6406746765515434,0.10956558381362513,1.9682147135609809,1.2066332319287092,1.444008093024592,2.3881766265479856,-1.0751167800535861,1.1171179806616713,0.7235905121176629,-1.7253980134202604,0.23093811548729076,-0.3012180208583227,-3.282301128140127,2.522953230564304,2.4787606834813296,0.7054824913360235,-3.475067545968601,1.1473325060378474,4.2372289705593635,1.2275434461856045,-0.9735003118784574,-0.8925863207973785,1.0311505507679541,0.4958268837731706,-2.8740485563687757,0.6380422339680321,5.457776403085952,-4.051598284579267,0.11345040119845676,-2.767208293382397,1.7492595943460723,-1.931554431457964,-3.0978865196710346,1.0980275145962566,1.2769838617614655,1.4851122713599163,-0.29225282740138003,-0.1597463760919231,3.2075585980164814,-1.0415642529492395,0.1776851659117395,-1.2000076088331553,-0.02492635730210563,-1.897911070767229,0.2166524848645731,1.45035048797629,2.83764401629991,0.1421719268813512,2.430484390278271,-2.418398137079045,0.20977684189846468,-0.8438518155607286,1.8437255921917721,2.0846312541091416,-0.8218313565231938,-1.0518965919910692,7.526138777847672,0.46314504775190973,1.009137778678859,-0.9631671098699357,-1.755052324617508,0.04027311422472617,-2.641791229372216,-1.805509354728566,-3.57163566315793,0.0475617008538739,0.40364275100505365,-0.9243276883257714,2.5870669031729743,-3.2885510905375996,0.21785636322235957,2.0027715433591293,0.43890206201942267,1.1399414037903983,1.855495876402411,-1.8092659083637972,-1.1078719092284577,-1.0195884897917102,-2.2644361149544956,-1.7397003529193817,0.6013812009495243,1.0067925235943653,0.6746113251720712,-1.7049923828177647,-0.3463634706800424,1.4494305954662052,-3.4046382181908594,2.6496829412375043,-0.11853621050875879,2.477735719571084,1.0490676143923245,-2.755354379536215,-0.14264329333134085,0.019337887888274036,-0.663765597992522,-1.0536388961085257,2.2393428175606034,1.9854935904241962,-0.11949607314927435,0.6752020179184012,1.1450846378130106,1.850355521072394,-1.8852643736114887,0.32423681794470893,2.0283775602181757,-4.426719081621615,-0.6955649812435168,0.7577044938306451,1.8244999778890185,1.1777112851737266,-2.467754580804378,1.371678041276052,2.0011473300309532,-3.213864486035212,0.2766757302360968,-0.5839900822718542,-0.04455780291958039,-1.8541006340025628,-1.2107921079247161,1.5440544751516727,-2.897674274904329,-0.1699556572187842,0.1558525311492192,0.9082457707731937,-3.3602580332538503,-3.154881445623745,-0.9269172151186788,0.7566041906764206,1.0338904706834615,2.5821797894345933,-0.7194609621730255,-1.5237062850099468,1.8000816977324785,2.2231970082796555,2.133460365643476,-4.810640455683655,-2.0569769760025656,-1.1472265310535803,-2.0930215259497174,0.8046079994053565,1.9760690310126139,-0.08563105526816642,-2.3446003128736836,0.3486737597025449,0.10351971767307167,0.4216092251574717,-1.5721475286436968,1.57941377597771,1.319698479120659,-0.5068907136766224,0.21006177875915596,1.6491478051827486,2.5370418341251995,0.7454434315166905,0.4712121792989505,-3.3270530999349757,-0.2541621669744162,2.555414298222334,-0.9675921734045411,-2.121563374155261,-2.0723359698714074,-0.562674890053882,0.42914102496719114,4.21626208655191,2.0319985690373663,0.384721810986809,-1.784928232888135,-2.4450165430845217,3.1457557787227293,-0.7272658615074328,-0.7802123810752915,2.5781796083402817,-0.8864022094304483,0.32765883956410313,-1.005577093665323,-1.1476043452017286,-3.392533093433648,0.385919368199904,-0.7889200406010535,1.3765595678257745,3.7206613914235116,0.5148167006223443,-3.727987364195773,-1.958442668636482,0.9509065537627297,-0.9715696136208988,0.25127103138212303,0.6595282913118474,-3.1445428910300595,-2.7476589730602465,2.160332798674364,1.2425114885363011,1.3241479789320616,-1.972820453160824,-1.2472604948835504,3.950474958437213,-0.9565683302773331,-1.0442750778347056,4.383644644418955,-2.011233162586777,2.6323231708233568,1.4816008606676125,-2.8515180025170666,2.4555265644597766,-1.8142403729064305,-0.08460774793265732,-1.250153963137994,-1.7406921151793462,2.4078441833122812,-0.47124918566627305,-1.6016578164944488,-0.1210845811263801,1.4577650573266046,-3.0650624516741196,2.487583497415374,0.055189110762824484,0.12499290578956415,-1.1373604910989288,-1.6782812910623401,0.46969126395083743,1.5625648133358274,1.5360072206533817,-0.8052095883724981,-1.5108497455814336,-2.1933563476100684,3.7481044377034776,1.2456289828298865,0.306419180315354,-3.0368198285755086,-0.23567325837935393,0.045559481950514916,0.8773598922187005,-0.5685094352790185,0.30372701435732985,-1.5372403432009842,-2.303043775396329,1.5760548588918182,-1.7030368694820275,1.4348824864577123,4.024575280425134,-2.113570869925938,-1.0042971201064228,-2.0289481531350004,-0.31717136190774065,0.9304194288505722,1.9223693304108136,3.8059767978320354,-1.1738210893828689,-4.789285138597145,1.7257398745211654,2.062088993753496,1.7930495401090982,-3.7173553225641753,-0.8840041433192387,-1.420125377931739,1.3955740210237586,-1.1295630758006272,-1.6809056835079685,-1.4309658031292578,0.4405347997842185,-1.0120431565527792,1.6226299215747049,-0.5289048728477799,-2.051648683692428,-0.34584952448926976,-1.2815290353774889,-2.3966932711749998,2.955449001623164,1.2643421202155005,1.5987341379868338,0.36042234436348364,5.092870067099158,-0.22940942458669955,-0.220104031755805,-3.488953830225446,0.5157944166247238,-2.8738033680236046,-0.9763118061668192,0.6655246986654961,0.6884571859162109,0.4990888887112746,-1.2087517988482928,-0.1895981729551487,-1.120153675915387,-2.1422547988715697,1.8451980459055133,-2.8123583794364384,-0.06483947977878646,3.0033382338290067,-0.7314496501654013,1.210095290112532,-1.306491304846974,-0.14584991001270772,0.43630281183148084,-0.36461567645263526,-2.9202870773088163,0.6084876969580549,-0.47770517155381265,2.725313866321299,3.8599828489349863,-3.1189151433263733,2.9673332507939194,0.985872843150239,1.9919069128287503,2.099852240226107,-1.3186122947951777,-0.8158960306587943,1.1631117022024355,-0.13168070253810163,0.42446178851760563,1.0330312496443508,3.8810405084641335,0.2439182844379856,2.1762916713465916,-0.9515010812792212,3.436659777222287,-0.45735248193342515,0.3248545799564819,3.2839484545522635,-1.3921063413599244,3.726973895539087,0.703410379226768,0.28110348554193415,-3.8059025856219875,1.1146645490749556,2.821212221014934,1.993607779158593,3.3707613315883482,-0.8778606636001798,0.9962913164148737,0.2157825424415165,4.414261627067501,1.81974542340377,-4.07499726743878,0.26626446365853007,-1.762746184278961,0.4805706052304363,1.2304348088768573,-0.44874408403256366,1.2898535729219125,0.1826490146862406,-2.6091738737400187,-3.136698356900738,1.3059147579165087,0.3116292645912466,-2.1790676591003404,-3.8552298119734805,-0.28495186225145785,0.8634511016364409,1.3928301176172821,-1.9869766401156979,1.3816648403755831,-4.3170402486702875,0.7403964004504484,1.4357214970978163,0.2988622341037051,-0.24414358282087273,3.093126275136086,0.3590548558404718,-1.4755948854377716,-0.4354759094464043,-1.502349431339191,1.661850259290581,-1.7564118015374555,-1.5690791504686288,1.1430155545831038,-2.0226898526953567,3.2208887675443774,1.300456081580612,-1.1561297443787426,2.314403158232871,1.0812148268612949,1.0935304996653419,-3.402013655290584,-1.0407417094643756,-3.619108377313022,0.7387436918246097,-0.7782144462346404,-1.1542986897977165,3.1816271612766585,0.196708015959706,-3.1911956288777414,-2.434594131115911,-0.9752641102438452,-2.01699372721633,0.753804361493956,-1.6369421603906562,-2.147678657505829,-3.8076485536523057,1.5342877655422602,-0.41793012989546363,-1.2711090773574178,0.07473088676697448,-1.0099058592526107,1.567244895855641,0.9748040622145471,-2.617077825103293,-1.0634271182564654,1.494900581507093,0.40570913605720715,0.6198308437454708,-0.9122763279407985,-3.749812056876266,1.582701440515018,2.604770789259331,2.644933453919198,0.47970877112547533,-2.950249678035327,-1.1989900787249028,-1.7253128899257235,-0.4342550402939368,1.74678593305165,-1.9395461055144998,-0.8311559438106595,1.938162639286499,-0.9434824492292174,1.1874858013038978,3.2592830485376028,0.05160218337817729,-0.4843043295164835,0.903333107556127,1.04604471787173,-0.7952148402423052,1.7355379427337565,2.603456428379799,2.0228937761817725,-3.049768812770178,-1.8591260867646717,2.004108277472715,-0.837346730041314,-2.482242672962887,2.842229936889628,1.2182374545270631,2.3107748073008723,-0.6089507295090002,-0.635152317409111,1.799061145624303,2.3584075313441693,4.012966831531414,-2.139068882989804,4.284321538104547,3.1616808483575967,0.5985873246632403,1.3168581258483063,-0.01789705642048739,1.151681744026227,3.384754679207228,1.078054465448384,0.3452912216327846,1.3598768761330606,-1.877961494407839,-3.3766205355322687,0.9497874819169786,1.3072385973731386,0.19402657294952755,0.8989549496445954,0.9339874411765137,-0.6816914900334763,0.9073894085679748,0.6718395919410965,4.460141687894496,3.3347231975430476,-0.5771083207687508,2.412730602574262,-2.9793660110585045,0.21696698265757536,-0.00031759067856473866,2.0451949196556027,-2.901828450149808,0.3465781196719022,1.2669408776339606,-2.5272908828967746,0.35902260073155023,-0.2195217018003216,0.1553479398741352,-3.892368167497141,-1.203587524579129,-0.8731693247152442,-1.3139886265558722,-0.05205062478625655,2.167092078782925,1.798372231238202,1.5803607464368818,-1.1750934042098435,0.38256529836834074,-1.8303574539194838,1.9209350371858638,-0.8675417971937389,2.3242095012414343,0.9636416658059312,-2.229833700973962,1.8568782924311653,2.0205463467349847,0.4354225622043715,2.852487816637197,-0.17762165126802437,-2.067577373860735,-0.7824846750945498,-0.8822122111684602,1.5253904661385316,-2.5997674134527395,-0.6239127106390636,2.8533228015312044,-2.0015969966948735,0.6912465068697394,0.08976567968458823,1.4079231110172274,-0.9338683224535743,-0.1849945332384741,-1.2257010470849443;-0.30260750403056336,1.044171417377407,0.7273714198726515,0.5118811937381628,-0.7365587765177497,0.25666371585737124,0.13822137673885082,0.35401116242184827,-1.1083414695993465,-0.40004519685310447,-0.060281893225556216,-0.8280606903909503,0.8641157447971052,0.5362124698300008,1.3087965490035203,0.20485922328763284;2.060935424282632,-1.608668062480197,-0.8444621711479146,-1.4879095674963527,-0.21356593230044835,-2.299051090591592,1.2762418723016076,-2.0115120566965126,3.4969632347029593,-1.5810581607900256,-0.8071208454680913,1.4014666387750365,0.2559946947319774,1.220285234310986,-2.5891601344343647,0.5591996479841213,0.7172667633231109,-3.6361694028687905,0.4658124072182038,3.7016544131142934,-2.5201275669966994,-1.2035085688678622,-2.529404485764709,1.6180345926129172,-0.9478504877520619,1.6898872392649373,-2.0794260278244647,1.535503393229598,-0.2524358378849207,-3.131826598296284,-4.5665027591962914,-1.8122804070881056,0.2585440094986743,4.463975603401484,-1.1534372814986078,-3.2318522951889856,-0.3426276049451724,1.0845212279037793,-2.6910321856139694,-2.742740229054926,0.85234592160698,-1.1813902183933405,-6.092809837800762,1.7648325210402547,2.3345210526504103,1.2528871236118706,1.4774276854183235,-2.0634796926893064,-0.8451810405816024,-2.264994628795569,1.4213508933139596,-1.2736515054108943,1.2294250940831573,-1.15441846072113,5.268115347649374,-0.49174333783039537,-1.6743999569143864,-2.262775036208923,0.9882061579341348,3.6494335604774553,-0.41918754928112745,-1.1243772047989802,0.36990566544821984,0.02965265889625135,2.6132192631283,-2.163637630055295,-2.8929018720875965,1.2766440299432116,2.3349870041007694,1.3539785383497047,-0.2757218928133189,0.7549864701674673,4.205900193372931,1.9146738873132865,2.9067421895927166,-1.1761675824565183,2.753523189007001,-2.6453281380927605,0.6040354054247066,-4.6068103776488485,-1.4776344269714823,-4.677475549580028,-1.6702794642543488,-0.30117512144740044,1.4405556156506643,1.0864991939261124,-0.33377341026041074,3.508803268976355,-1.530270834978425,-1.8493311309581546,-0.42244839258491707,-1.875715037448478,-0.04307129838178869,-2.1492942807798214,0.6255803996120701,3.7882551179957797,1.6701397848207633,-2.341184950886573,0.5160139412887271,-5.068041061541268,-2.576484811421383,-1.8663282661747576,-2.815807059004949,-2.675192667641352,1.7827425874438558,-4.925573786136784,0.7885923464873494,1.9617949405679123,-3.1016562293890466,-0.6029088161572522,-3.5344847558971435,-0.08837154735795645,-0.4492916750505693,1.368594550133128,0.6604163219320918,0.16208649560126087,3.4892293606459375,5.536642384304354,0.8114461449214088,-1.7419648767195208,-1.274856430381993,-0.06061378612052509,1.088260076383754,-6.97080665503202,2.109140213897367,2.962064886205865,0.1503952021064741,-1.8327404508798615,1.8752345529162995,-3.9737548650883197,0.22752626590687225,-0.157539087589661,1.862254290693811,1.4136981442375989,3.1146383411347074,-0.3325974928246759,0.702056866100957,1.1890313461524928,2.107868135985018,1.1994711499589006,-2.7133711125220494,-1.3423474459792935,0.4941468985331251,-2.143205250014477,2.6500671601708388,-2.514244127015664,-1.1629030841241517,2.3860009545729457,-1.8506127230626395,2.0992970436072813,-0.9251019462952839,0.9901045727958822,0.003420144424498117,0.6481592842462277,0.3357217114581024,4.8922969143938335,-3.2641901118135195,2.5173432010312156,2.323462865381736,-1.721596699831239;1.2841275026093117,0.21341028701570053,0.14389622807838132,0.2810227015901525,1.324574301675259,2.089139460335579,1.4245747876227957,0.19786291676598067,1.2362795645457159,-3.141005997371056"
6,1.4608213057184833,"-3.066086495842905,0.2148193305257724,-1.5006421211823908,2.1387287583333636,2.2253235483482032,1.9368549179385837,-0.25116730191708325,1.6494942409692175,-5.024250941162751,-2.1173666280968915,-1.8917097140033636,4.313842967158077,-1.247338994383059,-1.6403356500433772,-0.8356449754409939,1.398267264488135,1.125730355690947,-0.3554592426670663,-1.1110362155409756,-1.112126151284739,-2.925716305209364,0.9993249044443178,-2.278996342128226,-1.9543196774438827,-0.7228810197422925,-1.7105411392568561,-0.8620838303157056,-0.3512180390161005,-0.7753249883385465,-1.9607612803468104,-0.04854114470632505,-1.4974140271085314,0.6027600562394239,0.3483793186675248,-2.85722778437142,-0.5806418520279677,-0.9636259308033817,0.3940032322318652,0.5294432910242467,3.0060171266086706,-0.010929000093879149,0.08128699417085183,2.78332610505,-0.030495769194439387,-0.8855574488194433,-1.8807944478109613,-2.769000146564884,0.9717075145966042,-0.3786152736166508,3.210349024358167,0.3891046693618734,0.9059534868393753,-0.7990110794321588,1.30226324095119,-0.4062403524182059,0.5838102176186187,-2.559803609954145,0.6306988571116214,-4.40717327958104,-0.33523786563996194,1.3635571901410666,-1.851874994894125,-3.2473565206981445,1.839088755907553,-0.2502814033801016,-1.693231526412579,0.4342551701938776,3.7360543422138868,1.6524817008798331,2.7598464225336543,0.3362694299701192,0.26767058126228704,-2.700686009269943,-1.0261816151867273,-1.116017737084389,-2.3152793175266253,-1.4520984259968848,-1.9282391096435738,-0.577935683230858,1.6853267382134773,2.6930087600859363,1.42831863500682,-1.2477194260931606,-2.053379291678016,-3.099320821032122,-2.8342511950509364,-3.1110014764028673,-0.992666153154969,-1.4639065661745674,-0.7641584898185781,-0.23202266492368961,-0.1420650586474389,2.7885907000553822,-1.6125057562880114,1.6959716166171095,-0.22763800670434942,-0.09525377979955874,1.9100607361681603,1.8953136953848464,0.24706833944821005,-0.46026149203920635,0.3587303459986372,-0.06779449101173496,1.0551080217046125,-0.19143356357465868,1.7130371973584495,-1.5578154217934395,0.27544482593168695,-0.5795684994744006,1.8146283745362108,-1.7769265751608643,1.5509031358769843,-0.9693779469563035,0.42066291212419216,-2.4243031858341855,0.7912436860000205,2.950306633803987,-1.113237970820074,1.6091634316744279,3.001988243635001,0.8652541955873458,0.1518787701130504,-0.13684270952003325,-2.2058525419373094,-0.8953233146865416,-4.4005607913046,0.6859656548776097,0.30072318263420617,0.4434667350240426,-1.1172064044008565,0.892967030357544,-0.18003028147404954,1.5322697361884139,1.3204484592373553,2.0313762172837415,1.1026375098058279,-3.3601323495903612,5.1644152513474415,1.1604575607589571,1.0836946250538588,-1.7731306567240483,0.25267602569093983,-1.0151006079031235,1.7537303299507117,1.5662794673963174,-1.8268443285149725,0.4183165337166549,3.114275104085494,0.9268330485681137,-0.18516173398670355,-0.7315772732973217,-0.09658624372666358,-6.631366004088941,1.8050561288845317,0.5023420917161938,0.4151469438466974,0.9231856585605124,-0.8827163389847784,2.4157931455604915,1.1328506409719723,2.2782144237159927,0.9170769465734274,-0.025365084113912695,-1.600450360411349,-1.2872355168922787,0.2727670401800467,-0.9889973963464779,1.9541702092104578,1.5178178259818833,4.156784325604719,4.429405780027962,0.8731070917794028,-6.858645391947181,2.1048929070000177,-0.5279249007388671,-2.609571329555936,0.15778923041837878,-0.7933449160491577,1.0529881317616592,-1.7172628968928692,-2.4842214910231033,1.5858207076122495,1.9239977351736213,0.7313840647537848,-0.43896024435904524,-2.1573963027300307,-1.069598076739164,1.4078632568782843,3.3630923722015194,-1.8956571546975998,0.027242024379079743,-2.068298028763262,-2.6666796858356454,0.2997966536651703,0.10817578391273064,0.9131722820846333,1.138843609368851,-1.451139922493435,0.6050592639829724,3.6171902543868586,-1.002354776599734,-0.49961527759661517,-0.24285389732641854,-3.2154695040109713,-1.4772047870360185,-0.16650556226702123,1.452897843687726,1.3701880815368384,1.6349864639680725,-0.6384413519564538,2.3905640698225317,-2.093719581275368,1.4799916200558099,-0.1545645839935944,-1.2861251794044144,1.929164580894117,-1.0117104551922127,-2.356885265923932,0.9883671711461399,-2.868861949014169,6.861535159165268,0.3941219628037622,-0.30237442917623125,-2.694568668068851,-4.3208105466797155,-1.2222542653930715,1.1307418968328604,1.898381796767962,3.493091528445572,0.6626875772757651,-1.2883708420659223,1.3317168681653744,-0.03374416580729947,0.894463134394321,-0.32317913604347925,-1.248094631414077,-3.0460366634864884,0.11143986094699165,-0.5267980905495819,-1.345830893374719,-2.1769402102213347,0.004983910798930458,-2.2247749532492445,1.3603744825818345,-1.1687405830734554,-0.5397556736230631,-1.0454414606629747,1.0620354785884878,4.043420137611054,1.768655900973672,-2.1716861446039686,1.4283853917566172,-2.754334115234383,-0.7181806678010327,1.7604957958977308,-3.4720599116648545,-2.184571572466668,0.43249376088987856,-0.19189560391517058,-0.9515183836367264,-1.2238865341965095,-3.449763450741877,1.2781420585049807,5.065437533260989,-0.1914694273885763,2.65330675168822,0.5795732034502104,0.6139352274597862,2.512279504468712,1.7237276906574368,0.1130913732140697,2.9904820728184913,1.9902014080834425,-1.4821432983196177,-2.0882851475120643,-0.3094799704196701,0.06710661097122173,2.5577507102665944,-2.023633549924984,1.3799909378752973,-1.0551709495570583,0.5369089389834047,-2.595466849385016,4.143528255788919,1.8043980862269557,-0.3576745806112718,2.6393994374555567,2.045131822521453,-0.7193111000292345,1.8381461003004966,-1.9721930523022047,-0.29392384474616395,-1.4503861402405829,-2.2094080073020055,3.505677795084258,2.828434623155327,0.27065808956112347,1.2874743945406335,-1.3541483177486386,0.018282389590747183,1.694969785854322,-0.9256788463558596,-0.015899182729585487,1.9739116064405073,-0.18883888627291778,0.6245279240521109,0.70632923764933,1.320824884717101,-0.471012394375833,-1.1380932117216858,1.6850704933829912,1.6690476341283922,0.28097813310456804,-0.9342418720201452,3.8428081551192026,-2.7362292097104604,-2.7752218726977107,0.03040032517916663,-0.532762313579612,0.845033333518543,-0.0012186171149960456,3.8520831950994974,-1.6858589180307344,0.1681960103255975,0.22328051665457807,0.6590578449090461,4.475646458634025,0.2459345558267704,-0.8047081279683236,-1.0868018811513462,-0.7073283138187748,0.7669684617056419,0.591134395770186,0.4565188162858553,-2.207982621417952,-0.5235955636951898,2.49470062446996,0.4489243282161808,1.9704173625871053,0.4744864211721719,3.9042174372527443,1.6232327567906686,0.028820306793594874,-2.2023898832128337,-0.4346175960838836,-2.8999280243022234,-0.8126615720233717,-0.1944302577386685,-2.329219792637632,-2.2907679959900706,0.7630656313396746,0.3747488416452339,0.808141102540419,0.45570037141604414,0.6213263897621905,1.169016855808806,0.42125970723340833,-0.4597639046855058,1.565388753284275,0.028275961695348517,-0.1480896002727587,-1.985542361905982,2.572195706019819,0.46986109691948846,2.297504509030583,0.5853835008313764,0.3233544397356396,1.8008770313201228,0.42591681681484983,2.5190378457723237,0.4409940892138405,-0.6671682366429217,0.3943908631574635,1.3571168555973054,0.32448319048836166,0.6190841024217739,0.9129949233690273,-3.068258942649192,3.028362324144908,-1.4527078026481752,-0.18428825535199816,-0.7947908415617514,0.8090713211103395,1.9316275861794234,-0.8601497864139096,1.1629993389522586,-1.2384228330946345,1.815743805857277,-0.1910994432064156,-0.0992089363089037,-0.7416253921517815,0.7100967887464861,0.5188636527857837,0.8618276032693646,-0.5321553102333525,-2.1311601847521393,1.407513114820786,-1.9528244365254672,0.947215766530578,-2.640520570952719,-2.723231177969069,0.8827876263730392,-0.848675112063721,-1.1265736111526958,-0.9705796539046723,2.0952097640782634,0.14680481807391216,1.0054532752538898,0.8983660187237483,-0.0574888559603961,0.0491255995391206,1.2161852270263456,-2.1340096914016904,2.7835987863562073,-0.305021749726305,-3.5497251465459008,1.5450284645872685,-0.879490924373866,1.773763223968892,3.0462685644126637,-0.3284019658322386,1.5473215118881634,-2.3493385582144493,1.1700635629693887,-0.9016923396686211,-2.6134412049242997,-3.1110431001400487,-0.013853647505882194,2.3563927617755756,0.09574774481955317,-1.3204518028377223,2.5253835990349547,-1.648918067403197,-2.115375839164176,0.9598390644420596,-1.1195068163808124,1.0188422429270687,0.08745690531805941,0.38674871622405127,2.0630165982128545,-1.6989411450995604,-1.9234788087250803,-0.9946444634440593,1.4803473337370054,-2.203171079996558,-1.2193258806254574,0.3478601693216459,-1.9846999457426626,-0.2656210340987954,-3.035886060020994,4.828152780344043,-1.1036317386229806,-1.8340014366082484,0.15314016026657218,2.8553487915012576,-2.2534948567505917,3.7749471767976224,0.5588599881840551,0.20955410744075784,-1.9411534439370801,1.218937329741667,-0.3181018785498345,3.0730765133420985,-2.0017756348317595,-1.3961230435550722,-0.7303679605317106,-1.9680605197885184,-0.18905339758301853,1.1584936746720589,1.7536183141261188,-3.0881477030624227,2.258074275866061,3.39089241226064,0.07344897800006234,3.430730097956048,-0.7945527061798432,-1.2364629721992855,-0.8556444504654581,0.6817830623555129,-0.8229965595984023,-0.4167838554481288,0.04389457724504828,-0.033921576499968964,0.5406840088749719,0.8918235549583062,-0.9474721225593652,-0.8979725839157425,0.92125774680777,-1.7668212415707458,3.7002758556422477,-0.8835673933799097,1.1997105818551095,0.03443699716742232,1.3852475932755224,-0.18617389589943056,-1.741263456136049,-1.4403739265033793,-1.4832522361088851,-0.4669268177243191,1.181330253483233,2.5116913352518324,-0.23761379656041148,-1.7973399466637936,-3.78782506090179,-0.2568765864524373,2.274052058823306,2.540710179939783,0.21980113833254378,2.1107765615762517,2.338675678045864,1.3334075993665457,0.3584343085226445,-1.1256704564772886,-1.0998075953206303,-1.7881364831612707,0.1460054690607805,-0.08982179730366868,3.81483802486877,1.7318264908146497,2.812251264125145,-0.4948740560976338,0.35559816594132876,-1.5605192569996182,-0.5882457547848896,1.3204708212010523,-0.7429749420302567,3.038192201891717,-1.0510219169703259,1.2416760476552424,4.141283056423355,-0.4383867023583501,1.7421165022313398,-2.5432960891838325,1.6163024499828123,0.03534526557201101,1.3830705291612342,-2.325156172260368,1.2307095082236263,0.8766151636289695,-0.3764273778777807,0.16193302041440294,-3.671153938662818,0.20287042667019095,0.9838220658685287,-0.9312531231967869,1.2287166133224623,0.369693178121009,0.6837017278405999,-0.5013479786484489,-1.5096271858605612,-3.0917654373551424,-0.8646998920410125,-0.2118967873960232,-0.43052935790708335,-2.8042246908999324,1.5065070817725297,-0.1452320702924652,-0.12296580524989342,2.3971171137354235,-2.185960822638303,-1.1474689433738696,0.2683689190636931,2.8827619043432544,-3.121593753097704,3.836350712465928,-1.284432861823328,0.7160726096093495,-0.6986396492124632,-2.3900756417352924,-0.34945683959788987,-1.7784893973351656,0.15064120571409761,-0.039977829309692625,0.4047860929791979,3.527754329825983,0.5573825587728224,-0.33748537689693414,0.6916790945509359,-3.0198199748429073,2.2908451514363795,-3.1664860418373983,-1.2241397360796817,-1.388233283158335,0.486060690965856,-0.26636216864032686,0.0687183090387054,1.3747814272451198,-2.037152309965778,-5.049271540137577,0.2957638572698824,2.3671250422888104,4.245111898844625,-2.2001766294880234,0.6185591827553949,-1.3178531411774688,1.8195361147982048,2.5118907979830007,-0.7228197636335391,0.6358196671132793,1.2390748155052251,1.0766211643930093,-1.4407703723179648,-2.079683776492198,-1.7560420322830304,2.2192575721352004,1.899765496999096,0.4362793295233147,-3.3629513844517787,2.4999892101986294,-1.4789843135428948,1.2650760768487694,-0.8520324742388085,1.4327675654769854,-0.6490826398701203,0.029528195219886033,0.5935270229075411,-0.7935819047724632,-2.45014385447523,-4.095823508109077,2.187460004780281,0.8792268640709175,-0.963016495613346,-1.5906178946069884,0.7086351768298604,0.4082399944860686,0.8273610575109143,1.3440421077501528,-0.2317099014474706,-1.048875036495478,1.5442421716296288,0.09195641092149878,0.47549138419574155,4.229093024511357,-4.0295516655295,1.9989276127772202,2.3009508347334675,-2.149742139516077,1.3619823946002192,-0.7373088050165534,-0.7132894622080295,-0.09897311846848275,2.9130845109302355,1.2404975662971958,-0.4919392759687038,0.8986127562123116,2.576890648963296,0.3030982377658207,1.8334963133099405,0.3189359969676415,0.4606652353951647,0.10543456968548198,-1.9884801981323692,-0.6418928734455204,0.055415301066368286,-2.734862961732292,2.699879021169137,1.3301227678192804,1.3197768514488182,-2.471213863004439,1.7612465394690833,4.250761070799029,0.3057896483403625,-0.3691026127727144,-0.8888580745578931,0.38019699289527437,0.6469748528116477,-2.3312561504604226,0.5632464328242864,4.390460263445995,-3.6493326432536097,0.40619970286154217,-2.1414828638622607,1.2544790563858763,-1.153070103470851,-2.4710093394214088,1.013849359703356,1.9010139723670612,1.5434771161912617,0.4668387224880849,-0.28033072889733834,2.848082380657863,-0.9873952927060503,-0.5461697223681812,-0.3809917177743596,-0.7556818839241055,-0.672320819344967,0.3291612962382636,1.564053393553873,3.6058651356704563,0.13235710228602462,1.829249183517487,-2.6915387352469837,0.28423352138223823,-0.41087865449093963,0.5376455591524143,1.6903160763630998,-1.0458390601826055,-0.1334469804101277,6.729460046907951,0.7356165361411139,0.30585431399686513,-1.3842399787981232,-1.6541140124354752,0.013931382385312364,-1.6456615511759027,-2.9034368426113515,-3.4389529268351455,-0.16311279812266213,0.6502391692911538,-1.0422104944943322,3.05156976356973,-2.304477793291416,0.20395262996194458,1.9383582095173117,0.3664804841286039,2.132410118649949,2.0644798391635435,-1.5546815641111291,-1.9137850382104795,-0.008748199966239212,-2.3670491834214777,-1.0458116443044203,0.6247377195870822,0.7572206323263924,1.0448243400484711,-1.5255895136638036,-1.2785723634188628,1.421646220929022,-3.3820840668676295,1.7771103577149239,0.7427205949893054,2.4883914436447263,2.311107721981492,-2.110247498265556,-0.42265601213008785,0.4987499379506284,-0.2512001224221858,-1.0382486451006563,1.8179414408430503,1.98064110012004,0.13938189812334384,1.2139706973039446,-0.023843105462897363,2.795448320115417,-2.6188343561678153,0.5361837465293549,2.0965386903503833,-3.306736742711566,-0.4326579263449652,0.9277585754449905,0.36636313658217046,0.05398298932332457,-2.669512490384974,1.5308402961063463,2.416087215734888,-3.0940605864959454,-0.45405013364377855,-0.1610412347744815,0.2524874442432096,-1.1724094536556078,-0.10592807695239537,0.04793607851508863,-2.091544478146549,-0.5776273805339196,-0.018673977314494994,1.2230759729047087,-2.129447174649964,-3.0338110896503663,-2.5415328374959394,2.278186088249896,1.794605354416936,2.2454619410591996,-1.99228210372516,-1.3473197211700048,0.7341565981161424,0.7345212130859526,1.2658682143881397,-3.97685069347926,-1.283388854364743,-1.1460610616401232,-1.8017084993737278,1.0428891589691462,2.022314780039919,0.9465828169037033,-0.41803816426706364,0.6013706053516481,0.241447892744454,0.40676320733666216,-1.636278717443826,1.2862304015805806,1.761322235588998,-0.18490652504522226,0.5122580583593735,2.1752947847353723,1.6398715932301628,-0.06931392893673893,0.5860453448525367,-1.8217316795314218,-0.565354829796991,2.691639741900082,-0.622626975104218,-2.2920807538682744,-1.9437203277681965,-1.3925691962046383,-1.3755182222126972,3.203977099655553,1.7582776473232675,1.550271221529593,-1.5489321464689247,-3.0466396680784995,1.4351007842167651,-0.28123424212550197,-0.26922768867794755,3.4922453665601,-0.017017509548648002,-0.1598807789458405,-0.2768678801647695,-0.7218347687869899,-1.7245830363582986,-0.49587027217151547,-0.16824306747831047,2.0940758267112805,2.602797919420027,-0.9372271844066276,-3.1923357598411153,-2.040519533223288,0.89092264677419,-1.1483277578317213,0.09688411846843914,-0.30512525229609644,-2.7271647666310987,-2.890595173718294,1.3208857141295494,0.9813978710286881,-0.42886573970322384,-2.409848143757043,-1.0070033664468148,3.890210172845494,-1.219081902572182,-0.811061789803426,2.140383936710242,-2.655625445032017,0.7926892064093984,0.7622507878794351,-3.0272266205589498,1.2481856592892133,-0.847340267111587,0.1212405967875034,-1.4339311307716391,-1.653991108830554,1.2457680984493558,-1.080848325183584,-3.0899714518940025,-0.5757605847483745,2.153465321196576,-2.3637596427109617,3.4304489372400364,0.4545980196009708,-0.0316315132353003,-0.8313436570277023,-1.389420448521952,0.08430683162499086,1.9118030554859082,1.606582952708985,-1.3087846799340024,-2.643023213604028,-3.3938213901550482,3.895373246611025,1.0088584605234765,0.709726516688872,-3.3952451917821227,-0.9473825294140841,-0.10160326530511891,0.3668151353734639,-1.1539794092230093,0.7349101319171357,-0.8667931616304633,-2.022909174471505,1.9703561982799491,-2.485264526249785,2.352936089433388,2.0066294284595845,-1.8511213067373025,-1.2731749983097753,-0.742268093685128,0.5114773533243215,0.926700851831324,1.8683085911379615,3.4454104828465475,-0.7858448912919997,-4.335846245124252,1.332369279533935,1.9067138926544391,1.8199699074499083,-3.7639977104243805,-0.6331257067410493,-1.8299021519808192,0.8989878428085201,-1.7758487697796062,-1.5276876209963124,-0.9188778053927129,0.0018980378019614608,0.4419045363872738,0.8113581137019117,0.1972508672860277,-2.2642197606010153,0.25002452675117826,0.2845434292892922,-2.3933418492615273,3.621016860564583,0.3362879792053085,1.4010819496388347,1.2810563156983175,4.555576095322787,-1.2157547340146142,-0.1827849549870158,-3.777326093879269,1.4647009167088216,-1.1725402143708488,-1.5207956765364643,-0.3882633923135796,0.03823211666297763,0.8757675527368626,-0.9360371079694333,-0.42353464525666296,-0.737930729414631,-0.6390293385934078,2.4211923966263647,-2.9571661315786244,-0.3830165378457451,1.671775170041998,-0.9966544551284295,1.0682052733582172,-0.6132148852206663,-0.6950722916035477,0.10262286700564138,0.0496062112905189,-3.0328563493460123,0.1405746322631895,-0.8765062005922043,2.311497848888188,2.4077691090432127,-3.109579852786185,2.4281321507914733,1.3786802964325582,1.980354590894255,1.9089280251010123,-0.7992378903142942,-0.0009217381371515732,0.7750457606727548,0.19210542380864082,1.3000740669684794,1.1021048444538644,3.48603505236349,-0.05261947845250861,1.1239220171219098,-1.4463025731453107,3.3435775033296875,-0.7579984865115937,-0.6885574274364732,3.462956535846758,-1.6981991144519784,3.220452972122635,0.8561504665375244,0.29838476649059026,-2.4617134814977346,1.4968633211714106,2.7360256374607355,1.8806774635879777,3.42823562464934,-0.5122205103003166,0.6758813998808849,0.8058271134895724,3.541452794330966,1.7043298899282164,-3.9013517959091453,0.16250162831246867,-1.0232032953266543,0.39648404738136916,0.7236946659302382,0.025032521779366323,0.9049194065075847,0.9161857998937113,-2.6952450232706164,-3.5046111871138517,1.38125255498476,-0.03674716616198376,-1.3558728544320968,-4.370301562221691,-0.24686052050084725,-0.05155946911332776,1.0107836778203283,-1.2399057077047777,1.4219501505410634,-4.068317603968762,0.9632075207411306,0.7947640943682777,0.10025340853613385,-0.031658875288148924,1.642908430347976,-0.37428977924927553,-0.9242791808894877,0.141428202649527,-0.8678343236644037,0.6832112964108172,-2.2809619185441266,-1.3066793156232697,1.2233919061078087,-0.6670169041085316,1.3496511063900887,0.7448605471127465,-1.6509050283249238,1.178795806646018,1.0424736450606011,0.8867412185569451,-3.4651863750048104,-0.568696592686976,-2.5864739386793207,1.0574848769352907,-0.9821806414277012,-1.4699785549369122,1.3370318630858682,-0.5701496032505077,-3.5311946791577733,-2.635533818578596,-0.8286964006291297,-2.2823633478401604,0.7295229482796419,-0.5422314612681292,-1.9756483383167418,-3.2464959858341693,2.051606872986155,-0.3613824933445818,0.2227100586806945,1.3458766227453902,-1.0451266569469746,1.216199658160017,0.8722748379305658,-2.7743043466405743,0.6412492838476218,0.8289451290824524,0.7936658259440743,0.9749368428590679,-1.1071652077021013,-3.2438931770063113,1.3392404835241596,4.434138143069901,1.8173847729971853,-0.08467050849616553,-2.858976559590201,-1.1054130753560074,-1.682244225377044,-1.7592967528195738,2.663045424432208,-2.284238525206474,0.3142909247541268,2.8227411681628225,-1.4304050086739157,2.0783052372505253,3.4635150951688636,-0.1215067837732074,-0.3108277792535726,0.3528306949772767,0.8549517309471358,-0.8673558479745513,1.4837993467626958,3.097315106719031,1.6910557385224132,-2.8439722750564016,-1.7363527540462949,1.3037939812484611,-1.5230423612020574,-1.8786902253532194,3.524528631618036,0.10832776101264927,1.7956508478166295,-0.7377878283505892,-0.5836295018875678,1.6116715828356023,2.3828651264672818,3.2791525505162054,-1.2559808032768922,3.2856774527133665,2.694122111095097,0.38762610787360763,-0.178750669353267,-0.3246123004767296,0.8270463405877911,3.2851885183061422,0.5627925435907444,0.5387219948942212,1.4743681149570436,-2.861213773582765,-2.9439375014210523,1.0474775318613936,0.33820660220468013,1.031707416973307,0.36061320646790196,1.579635239914049,-1.5363923513682982,1.6245650760274621,1.2594856919319422,4.510668324466456,3.7726702365227758,-0.7377452870550474,0.7079887585369187,-2.0622258614603686,-0.166556707049743,-0.3855522470533414,2.0519792594433417,-1.3107092750243163,0.6626603334425056,0.16769132785832697,-1.9729222595164273,0.5521217744824944,-1.2836274261220466,0.6085633627207649,-2.6216440434145696,-0.8212751971960522,-0.5920775635581924,-0.7688624705463402,0.7246590601310625,1.6825392996248953,1.5596791278544846,2.1651947136387864,1.4796003940617035,0.8025319261845032,-1.5540319965529996,0.7516778304603347,0.3976888113554712,3.0054180607945584,2.3558732669490388,-0.5076283033306344,0.6430174694368407,1.1167736811443776,-0.4151314102457387,2.116154760988707,0.3488917252541039,-1.8898274891693954,0.4108144841903479,-0.4077872425494326,0.8415576299907733,-1.9236770669514072,0.2428187393597283,2.58525706260877,-3.1783527869619816,1.030351206333053,-0.19922010166487408,2.159781850568764,-0.8648629028530931,-0.8487077340924876,-1.4152858425266164;-0.001041045054443801,-0.23937574895195102,1.3570670897722668,1.386259851009312,-0.393033098972112,1.2216131960882222,0.8789444968437812,0.9276135839959687,-0.9219498404234674,-0.060523859365959165,-0.19700156071302022,-0.9831030494423719,0.5083271731312516,1.2259822472552693,1.0912598054610982,0.03590999537792794;2.6769067811157585,-1.193178372230341,0.5896259204829941,-0.6012099967345955,0.059622982378332134,-3.8500446039979845,0.357771741503473,-3.419821454122245,4.154783220338168,-1.765968779450511,-2.4697456992950224,1.2711202112115976,1.3282696202521165,2.208827956003428,-2.6286446890166175,-1.3010178002104382,0.13416495523702987,-3.9842592130625634,0.2853739211016586,2.5672946018389275,-2.5777512914192355,-2.306957311288234,-2.9508617766956156,1.4258096946794376,-1.2008157852400116,2.0774309475867914,-2.105300628545401,1.8220315504981757,-1.3541161020427697,-3.171372624970341,-4.109452650479499,-0.7829893440367005,1.2256271322547017,3.8277998289066573,-2.5203555836758933,-2.834975927310045,0.566372780914963,1.1184557432894942,-5.100502436630704,-3.9255965195056914,-0.7636781721632432,0.06440635432092123,-10.021090044922289,1.6435118880255937,1.6598542147708906,1.852408469086894,2.0243061689876045,-1.5711075811845068,-2.8040975693996613,-3.791322357378011,1.2713567475330703,1.198713215489824,0.8435210027142284,-0.8363584552752505,5.473144943601759,-0.5165652727933365,-2.2594203022069648,-3.0461834248391977,1.7296047897192595,3.9953279069693775,0.2832310082380267,-0.5778994224662162,0.7173722950867875,-1.1828348390723957,3.286317595235462,0.5160154030194377,-5.4789053160786185,1.146947384427534,4.01350905793346,0.8458339197098854,-0.5340899575386722,1.9156520937655217,3.108377765820967,2.973977967225646,3.8682625168681133,-2.1732684719232576,5.313434664755418,-3.5281302198432973,-0.18203416862359612,-4.434477269154727,-2.205510670617409,-6.15491918727786,-1.090071371109457,0.18550503067580484,-1.9237417951000835,1.6942410229912563,1.7769144906593959,1.9021332901091192,-1.0674650319359547,-2.576114333120242,-0.8657558621052436,-2.0906141979001323,1.5755917947834663,-3.2910483247424778,0.8668848717745135,4.373743217299418,2.4842795481362487,-3.0109167838032507,0.6841840973760231,-7.999401950210766,-4.443926481059925,-0.7754832582057489,-2.25146397243788,-1.956334419298534,0.03094846797300832,-7.409342807765068,1.9886117495335789,1.228255659387288,-1.1641598286544141,-0.3736627618267036,-2.0376971070591408,-0.1849742609192366,-1.8862922249940517,2.1644951261571483,1.2003451810524712,-0.40788955792944814,2.303177902417476,4.528578172760313,0.2939971915772545,-0.9405836278476803,-2.476706328767968,-1.1303513342048122,1.921772992000864,-7.345894608945243,2.837572589739831,4.552353548597029,1.1252938223274622,-2.1645810276758226,2.3843045076722174,-4.367509353046696,-0.04195319823851126,0.9425634402804834,3.325063819770747,3.347228800087122,3.596566284416374,-0.6689839388560812,2.48566016523941,0.8259252494256005,3.608274068939209,0.8392774423173126,-2.826457203274559,-2.194120613848854,0.9090230961481447,-2.362877861982325,5.516100854921986,-1.4313310469313185,-2.170491670742779,1.6343454999535312,-3.4231524805867357,1.9225277470892983,-1.5015333446269077,0.007505957363682869,-1.2426681510268571,1.7364156974583742,1.1104164695345569,5.569692812048274,-5.132365694151732,2.075037356168904,1.4618299951905298,-1.3946075709963888;3.534161895498915,-0.23915035476448687,1.3213236263796864,0.9721186045801619,1.970031120686606,1.3391737470028797,-0.5071378001826657,2.0905344547025595,2.127556660954986,-3.827974640538052"
7,1.4532730704930934,"-4.804437878318232,0.15982831539690467,-4.032877335119793,1.4687111929942935,3.176729038944774,6.560878915740674,1.5770283253452086,-2.0674379270618637,-8.333736608065585,-3.4246934528241586,-2.8541538033766787,6.118964232451406,-1.1028899139651904,-2.368154488989605,-1.6688123380883275,-0.12291695085892748,0.8010584256032326,1.440182193215941,-2.06837956207787,-0.3400817585116236,-2.9909639610668237,2.1299889849906237,-4.750619805503401,-5.192229517662697,-1.883029202359416,-4.880925427190796,-1.56283969763053,-0.11042259388905175,-3.030302409126568,-0.0538829176936797,-0.33223188176660395,-0.9770616200187062,-1.4906116199569284,-0.8764686979473982,-4.862696320290599,0.7883338689297131,-2.822931407414868,1.4719835576239617,0.3450367493501013,5.169810981739774,1.0706793792776605,2.250830683086172,4.735717886409553,-0.6825099065525102,0.7013385285604081,-1.9570274008086845,-5.38832218686608,1.0785398728955475,0.2964915273131212,5.52445134732151,2.8804934225904444,2.594310989113461,-1.2855504759470315,1.0905310524898195,-1.7012298373431545,2.325906354132506,-4.401355397524161,1.4400386634324267,-7.799522429009383,1.8999630374714145,3.466465089180767,-3.115522659698473,-7.089842087398268,2.6625443761892535,0.24409286819592618,-4.465688878077338,0.8436073696567088,4.201638748642646,2.809221188092275,5.537003343002246,1.9253104890245374,1.3902059544766243,-3.302227715688885,-0.2508289854659713,-1.495456910583257,-2.8328264039791544,-3.689109684934908,-4.7469057643620065,-3.393081637325877,3.26245514292091,6.2870323528964285,2.9193177700999486,-1.244676341869245,-4.261139525898082,-3.7852578542697204,-5.051757642583358,-6.805689316347104,-1.3903254599820427,-1.4497970278498387,-1.04301985642384,1.8062990465723656,1.3629258728301048,4.952797874324574,-4.203997377958903,3.780398938578439,1.5381097276987483,-2.3661603270890854,2.9294519798275696,6.215919919469713,1.3718193568637598,-1.91454088836832,1.1572099444978827,1.9039024732104788,-0.07375276927509933,-1.7932905506634396,1.539974720353277,-4.734196297712114,0.8358111956798213,-1.1725905472956057,-0.8367282939297056,-3.947907154046405,2.8409796726612706,-0.8764999146574801,1.213894194342712,-5.5906583467956406,1.7458918920520756,6.4374420503933605,-2.7210470670484237,3.238237043402807,4.373774658243429,0.009642927808353616,0.8993616027995859,0.12002181884417534,-4.536411096993042,-3.0606896097882497,-7.887078444183078,1.5599087793257933,1.1173699742065983,0.5168228964710537,-2.222310608489943,-0.29213285613988915,-0.03465831667575134,5.026870159731479,4.309656614827803,3.206011631283652,1.2581416616159458,-7.316149943257302,8.324227751397755,2.769669314189553,0.9520429888017274,-2.2713438968882445,-0.02712499172995257,-1.4489597621188108,3.189672359316123,4.903357189998863,-2.334640078057265,-0.8394108644633018,8.002127737063812,-0.08262150658302639,-3.025901009105037,-1.8974742648221186,-1.276229404104305,-10.214443687079134,1.7489802273507504,1.8817511697447278,-0.5591221992451365,1.9901252745294835,0.5117155900469235,2.652696058797872,3.018779230587656,3.2489755739697683,0.8795475901132304,-1.2349234655323134,-3.5524983349959487,-3.570720840738524,-0.2812789813177605,-2.217604767114618,2.5147439354441428,3.201918477546349,9.294328974198791,7.768486579560735,2.026639097432854,-10.871249328618333,6.037030678351732,-2.4162534327002336,-3.3455726071774694,2.0174056218769483,-1.9662752528501903,-0.336100968531187,-3.0828125876245718,-4.235472040828016,4.689293029440354,5.1035671355411045,1.2998126893129873,1.7036911205454244,-3.54269139466044,-0.4362676761477698,-0.7491698424928255,4.946612095491156,-3.225359334623396,0.3332779008516794,-3.2930408915332547,-3.4766757573370652,3.1455400303113144,-3.4485567940322053,-0.047017323588979865,0.7145369439229889,-0.8429110835798046,-0.6009166588493164,3.673028828895334,-2.5406930931626,-2.4709719050778327,0.12910306716093717,-2.814195156324332,-0.41527270194757393,-0.11901747487376718,2.140821537124151,3.044238092815807,2.5441600450367883,-0.4504209893805443,6.262752600582582,-2.9060205444686966,0.039059118218357836,0.4043761589317574,-2.6518357959655634,1.3926836279645658,-3.554335985059115,-4.525376708979456,1.8364969588347815,-5.409561525344705,12.278174058386028,0.1040597417088985,1.5934434330474203,-3.931250111942106,-7.851337937932988,-0.8529537113125522,2.6581488091663084,1.3858267512030498,6.086650351134621,0.6703997597394874,-3.5616868585342982,2.2005839498096367,-1.7499048062531675,2.3981759525783506,-1.4642197712337692,-2.652560887759489,-5.515041778567924,0.947668678145465,-2.746716348420166,-0.6087539000705284,-2.763088693745026,-1.3875463804797075,-5.363940287584931,2.7635447865958698,-2.494042448588467,-0.7947184825648925,-2.252060087095349,2.188288872855739,6.306385422666339,-0.08670012032679475,-4.894128289228788,0.442346874765779,-3.576543599304336,-2.7937860069603286,1.6793833430446357,-6.375949941101414,-6.627300449123213,0.6599763719891463,0.9942166994176863,-0.5609096160361167,-0.5477145854401919,-6.942843971211673,3.207100909784087,9.974162969139941,1.2131234801972859,-0.060950151528668506,2.60864299110401,0.9342835352505363,2.375958221175691,2.9359183120743477,0.08512057148096247,5.203220683439181,1.5452062943429623,-2.343788410494479,-2.825271088480412,-0.9441308779629836,-1.3588650282086971,5.854727103429903,-3.9700365185886577,-1.9584327750732307,-0.6447530055475137,0.9955300340250103,-4.684567077449097,5.959442410996531,2.9726518709677427,-0.2841916624018732,5.112935554336973,5.048285039874226,-3.426429916592883,4.055773379996079,-2.1469091384213965,0.8530176213426239,-1.716329852540849,-4.84458987969913,2.754692518116353,2.176738290769015,0.005347416668182975,-1.1153274907309463,-2.123193905223013,0.08323745411538834,3.6786761496952245,-2.0111000621846564,-0.27539357877438714,3.9221956816748174,-2.7272706301543934,1.5664969318442172,-0.10076532881127703,2.022203054032805,-0.5465934403094628,-1.8654855298090944,4.484606721323507,1.6775499812809551,0.45482579823307323,0.04965867645326011,6.35827434299833,-6.190352336666493,-3.264241511132865,-0.3424886043680996,-1.3704439469778913,2.584261213118478,2.6960669506898585,6.958333974727207,-3.1535935415335485,1.4264062812899008,1.211840245066389,2.1959185229141784,6.165853147624982,0.29092246887181217,-1.5553063062306727,-3.53035529532052,-2.011089043782213,1.3486343258804354,1.1668249704217444,-0.5433310427326667,-3.189724613489183,-0.3039506781746697,5.799614602044185,2.0724398077603405,4.262617813545598,2.9075846543443267,3.079433612733731,4.691610261640987,-0.4847791811489922,-3.066582346045303,-1.5401227971331113,-3.528510893775487,-0.7193017205422577,0.43047547755164156,-3.8448833336238213,-4.781423612361202,0.343933166464636,1.4796061876000701,3.378526434314964,0.8714293888071322,1.1667132318425404,-0.24406516684237678,2.1668093329911855,-0.8207838614410311,4.612482620359684,-1.8879161125868784,0.37703533820039165,-2.7735237294758104,3.90933610201027,0.8353134262681419,3.926504110752628,1.8702666924854157,2.1884381347510726,4.044245858222595,2.6580486963353698,4.890073673838813,0.6960017656448739,0.07836098392669766,0.3495077444213201,1.5318820225804801,-0.43032435620130816,2.530992270670002,0.5386498909148867,-5.613163611221463,3.593833420762657,-2.793918796278567,-0.2223899866140201,-1.098841010614424,-0.02439586168660135,5.2059867985757045,-4.539255841489938,4.8978779056604544,-2.2815701424423342,1.863757967945132,-0.36362154213327796,-1.603237096447693,-1.5440281175756363,2.0145739836916543,-1.0872175799645765,2.0208706205277354,0.5238242339308703,-1.3376280861220742,3.5529271405404095,-3.7239303987575525,1.6339298713150359,-3.737747727315014,-3.0172742470155454,-1.5881063672531561,-0.265280851373194,-0.6168257939480167,-1.6778734357175566,3.7379978707455717,1.1768339120309959,2.9871589068337987,0.5455936581844084,-1.4811479900052853,0.3331207046885875,2.514502995962666,-3.6243973316829967,6.126856083393668,1.8466239070938126,-6.152778758653707,3.248526781752753,-2.3394313772792086,3.1962160293205084,3.803776117209927,1.4094004516910998,1.0236116089428902,-3.102159229158641,4.086803428442909,-0.8181667072949429,-4.913357659370169,-4.828896578875196,1.158720551407405,4.959472421038162,-1.1802669268693582,-4.194755584241436,4.423531909212149,-2.4673919987696884,-1.1862370438129723,4.056532619982304,-1.818713050332382,1.4178711724239368,0.1819485798005812,0.852432831308864,2.055726768069346,-1.0863868045360967,-3.469290332066252,-0.1192984905409244,3.5890825234866752,-0.5974693952993823,-3.4657351537578034,-0.8232457849626947,-3.729106665408218,1.1236576006062249,-3.606560644920295,7.88848056885553,0.6180912291363978,-2.7764940409738297,-1.7375770974981235,4.85774399439247,-4.936682961967148,4.0176083345200855,0.17392171275599222,0.10811756851499292,-2.9842801046544998,2.671498894018934,-1.1106173758171594,5.565366076735403,0.40674349359770384,-1.9592646205532915,2.042499536078262,-2.645075545721925,-0.553369705528951,-0.5039294881427047,0.632985822162796,-6.446022146482276,2.9038985679310945,7.051672771322949,2.5596702857660554,5.979017463778175,-1.4681273489248063,-1.5811859144121079,1.0654661631304685,-0.6049480606186811,-1.1781741632110065,-2.8806870384250742,-0.8240381749051288,-2.8495128871719766,-1.4151634278556808,3.0698331204704186,-1.4689687682441988,-1.888791355516942,-0.007157315225388247,-4.417558939630577,7.346246357260259,-4.742632080656616,1.1439370371077493,0.28296305191671095,3.565449864459615,-0.037670284837784174,-4.809377612159814,-3.7315886049090805,-3.888356150579148,0.4864159630892322,3.0385229091906822,5.32845886402432,-2.695240750995913,-2.6064040112170046,-8.927824637472646,0.7059752692120667,4.833440453260684,3.3510219137561164,-0.6125316398956286,1.910067212465135,3.7802351152715064,1.7881952955179128,1.3853074769455374,-1.3095056614876517,-0.044229421998014995,-2.613699786466309,1.216941023502016,0.25765427610098635,5.637661730392836,-0.5235808821039089,5.083612540210995,-1.3098528569209946,0.022573774421374537,-1.663397812758768,0.160645738828203,1.4654640217113286,-1.8449634766233505,4.52877937952039,-0.12829089026456839,1.1796300477249682,6.463200415042342,-1.1922583815463805,2.4433290785793167,-4.2003652800958715,3.767175764740596,-2.2714467187834426,3.280020903983272,-1.683544786675877,1.3554308379841402,-0.42649138414057386,-2.411346851930262,1.8690268102735683,-6.074249350221112,1.259277365440629,-0.29126187603788656,-2.990323366084927,2.4456991495896165,0.1363641139768746,-1.2257514127121656,0.14719249910579024,-4.422829469371596,-7.130211507037584,-0.2898696370064611,-0.37098478222056996,-1.7807928697768685,-2.695652377396231,1.2663580388944116,-0.5917104091911708,2.6630028350379864,6.637674652095429,-2.09938572243043,-1.6878503795839097,2.1564681749890933,4.549770570072305,-5.346309231620315,5.373780277957717,-3.0122798308526075,3.813120545181567,0.2108703658955956,-3.7416665037513788,-4.394025782229804,-6.0789497258386245,-1.0672045249269646,2.3648364001912503,0.6016335371412728,6.438340095781021,1.6129869755348394,1.956774126358619,-0.18766096224994336,-3.8577907878377866,3.129157204367268,-0.2720555981005981,-2.743717041579111,-0.4925454403327425,-0.32679889803893736,-1.2978702063152023,0.7529708328323845,2.4139755300806414,-3.130650352375005,-7.8411111738226875,-0.03849696866400115,8.735386943287086,7.71324210992469,-3.6341795445407117,1.164080412446789,-2.8730278265417146,5.316330873442406,5.092199226114625,-0.6229149877735999,0.9244514821163365,2.5797881849448334,1.839646409835388,-2.0610530682705273,-5.373268375910456,-2.6234656719691563,-0.4133443654264434,2.30788428065012,1.944133713428923,-4.580337398184215,4.4632902296429275,-0.023466437161413112,1.8186624305731494,-2.0722354062033097,2.935796326531856,0.18384620544210611,-3.502873239895523,2.0857114682272675,0.723379953539467,-2.780178505097406,-5.079083019110345,3.7288326224165678,1.328956441541282,-1.153404957114723,-3.8984409728718408,2.0162902238393694,-0.28037573404222016,-0.18308225851312276,1.738737784384025,-1.5796030356195847,0.359178584550517,-0.023082165671941005,1.8251881196365183,3.245621785387476,7.723955885299642,-5.842897683820414,3.8187885461808477,4.156309881916292,-4.641201101348692,2.390676121329884,-0.06728281588516723,0.37233760159666707,0.25882505959134117,6.430448497960593,4.70088153858196,-1.1431003579982328,3.558294233365668,1.7144669108346102,3.3635922031722405,4.31143161837254,-2.3835802451745214,1.916912766358253,1.3485207494378602,-2.5213729388254724,1.2972913759292393,-1.2601915906339256,-5.870335331687713,4.451461580216226,4.020241962369478,1.3243511013326013,-6.411548766045477,1.0818260938666575,7.146364994631572,2.3574469922740287,-1.7073813653950243,-1.9949451121938415,1.5987079676034164,1.015771212929504,-5.89106844500935,0.7336194302327277,10.015643540313791,-7.183052795163669,0.44152218043801617,-4.7099988359632246,2.332648951419208,-3.941184676803016,-5.339430614635052,1.904574988357258,1.7346761278102476,2.658770025231836,-0.5118931742309423,-0.6252209648874998,5.509025370558204,-1.5073146347205781,0.09257579725450979,-2.137308484753775,1.1257774766868323,-3.7146262294826653,-0.08149939745548586,2.8390187472881796,5.849838729400343,0.07576486045453695,4.501598128115598,-4.152914065646035,0.5099261191853275,-1.4259173849211846,3.2185068813581665,3.8163056082932014,-1.763563505326805,-2.2785221694428794,13.505886157141429,0.5050436946833907,1.7070193560357725,-1.9840062015596123,-3.392963588039475,0.29161487942384323,-5.317700178766788,-2.3736266787337708,-6.492487983573241,0.4155801869836505,0.45349386633374394,-1.6665103602989944,4.632338402985491,-5.329468546328774,0.8946212293518059,3.2842707411865995,0.3968417762815668,2.357463918448465,2.6210494090855723,-3.484121278562971,-2.544629771253323,-1.9059856930847747,-3.146588158042946,-2.987723981559694,0.44046856639875975,1.2820110350569933,0.9902222459770279,-2.918589840144807,0.1937770572103894,2.331647260273744,-6.494901971425918,4.774785003198696,-0.4110150524565094,3.8744650627772916,1.7206861600850103,-4.489530677019923,0.031397486764082716,-0.35487978023506683,-0.7432632625749325,-1.8827417842039593,4.014274920448355,4.061630735522277,-0.25738288926506475,0.9837270731272604,2.4561355271012797,2.569348465628939,-3.413479350492697,-0.26924659197103673,3.387632947380217,-8.014218452222137,-1.1629285554204538,0.9173061687722882,2.5323332261617963,2.182505244480745,-4.458751320492959,2.6547993180401557,2.6106532545159773,-5.787109309820717,1.0386047710868698,-0.7517820308820697,-0.32734360492367026,-3.459775613628968,-2.908574307726117,4.103488472226536,-4.325158788512777,0.1502277075254569,0.32964801984699993,2.4327307112784653,-5.565330916006687,-5.105052832290156,-1.5062805568277091,1.127313266607301,1.7987816577601663,4.8618015024497545,-1.4177643880671442,-2.0050287373925686,3.1084031596284767,3.745601557860578,4.133396012179291,-8.130558865652745,-3.7286734092387555,-2.6459698725669507,-4.288491233088607,1.2754722258361664,4.388407312924264,-0.13884115467962263,-4.497470823483531,0.40101792292139793,0.31725140973488497,1.1908038595380828,-3.085208279502117,2.814788661940737,2.7260541804183616,-1.0467182244686168,0.0022698353836329566,2.09382444534993,5.15891932372172,1.9147202473363882,0.3118868845862834,-5.690502411663686,0.7956465066128258,4.766465462406753,-2.679036076311645,-3.6174523909199348,-3.6411543424846586,-0.7264683119889167,0.5125666736431127,7.56492769341858,3.474874361988566,0.864449621877832,-3.0137436813854097,-4.143763925635189,5.14960062864018,-1.9495989371074902,-1.5827116399503613,4.571401602799616,-1.2142581692337255,0.8456303110728087,-2.2522572048213965,-2.1686930057156326,-6.170250163808845,-0.10504707617323364,-0.7679149544547378,2.801212792143841,6.09394220802907,0.8590184373159722,-6.144401721387194,-2.5613724588415874,1.8166642856556274,-1.547507800995137,0.44371205146693365,0.8384112192477124,-5.1994622711736405,-4.709517292534806,3.8447604719967,2.231975030202573,2.767667788153772,-3.095318217008355,-3.0004620633872374,7.303883301307005,-2.272494200295042,-1.994237478856228,8.258797926895287,-2.970197031763594,4.544498498233068,2.946102603305327,-4.6288212447675585,5.044908699739945,-4.1260422620038835,0.0831509333154733,-1.7817438220161075,-2.6736230521597077,4.199424128357801,0.1782850249399769,-2.311412692225412,-0.5183458568488027,2.1313373764568397,-5.797552133334079,4.713035057152241,-0.2373074761749373,-0.34991336040197957,-2.417502794150487,-3.107996092626241,1.0659931337857838,3.587730782288892,2.9747619004833634,-1.4526233121837733,-2.176636475074794,-3.643509761139311,6.492858228937449,2.561146857824946,0.4226655094761587,-5.7401515890104875,-0.8098079297815344,0.6381511383257776,1.3071673641584032,-1.0617335947982252,0.6301387539511725,-2.55727854016891,-4.487259872676295,2.350504048113375,-2.23827863293337,3.01176733289382,7.192054671963639,-3.896952011944313,-1.4912990896642837,-3.7496152426716964,-1.0478760846200466,1.932613956448468,3.822054353398724,6.452377870096244,-1.707172251206118,-8.675810077291034,3.074664810021041,3.292197850654842,3.3958730388162213,-7.025081935035956,-1.9365170305867183,-2.340720159701452,2.240510174202412,-1.7713943640897538,-3.3944035599221087,-2.354179023795195,0.7733313652127513,-1.489842521770838,2.9134828058691618,-0.7721056603331459,-3.491248241079857,-1.4234045217861215,-2.7131017719751487,-3.984871238820819,4.532004712978956,2.233730888580855,3.1093279799964697,-0.08863576469404895,8.755494117222074,-0.3972652493798907,-0.6283226299206071,-6.79470329711613,1.2325710229863351,-5.521836563475827,-2.268080164217464,0.9911588678643836,1.020785868105494,1.0931183564755798,-1.4814066623511026,0.47425256129956384,-1.554226800322282,-3.572392785236916,3.273802776414038,-4.906848988796556,0.14088328720637047,6.067340536024445,-1.8147459887864659,1.8280781531423012,-2.5083749928184016,-1.1787420333139447,1.1408079939789104,-1.5252705204497385,-4.722323196441145,1.4521616451143242,-0.8404068861363885,5.052080278477463,6.473577997945078,-6.1307710298201625,4.829312117292107,2.4522600000202397,3.3207657787964315,3.7344848502346237,-2.292869701635821,-1.5361646972163427,2.3149264432757963,-1.0514685440216665,1.473780486064622,2.0597063672855453,6.304739089557824,0.5257165113088966,3.6998872662047866,-2.0943415249787596,6.030334452531044,-0.5861028768802942,1.2397646096067523,5.799716626363325,-2.7511496236914983,6.365207071194829,0.5532025860939964,0.7833997540050712,-6.376547731383319,1.7127610635364374,5.6213751463840795,3.3032518412767855,5.819393374649184,-1.0744066919891253,1.0655629513618505,0.15721648396332635,8.503009339528191,3.488749443205961,-6.523111030663879,0.8180317448240342,-2.358064645838433,0.9279075736254356,2.0315382420747987,-1.3606611832605604,1.553531064346359,0.106172868541316,-4.488046632668112,-4.784573468965622,2.9628384563476056,0.8250648858128047,-3.530231053740316,-6.9068837657635855,-0.7066916044008762,1.6472632636478501,3.0091399879131675,-4.04548740392254,1.699803608994352,-8.054489729790172,1.292659228866874,2.510054259488717,0.5601072656584105,-0.019627237984035067,5.135225829218414,0.6994556342137156,-2.6548159874338957,-0.46672154046169284,-3.263961440214231,3.134728961637856,-2.840387316204056,-3.189679198771232,2.3504578338997097,-3.9602393950004364,5.3318459636921745,1.8449658821604529,-2.6082995146267702,4.659713410749055,2.216865010910162,1.1939751863504577,-6.015377421751371,-1.7528647796350838,-6.344296627836241,0.8176540059365187,-1.5961210185678771,-1.9798576625320088,5.835671662141272,-0.3683978643686646,-6.007856371643372,-4.3493411797490715,-2.085373784758845,-3.2358068665740247,1.9145112527245316,-3.2852334866060358,-4.11824450414976,-6.6286808097492855,2.202635752576385,-0.8376365092907594,-1.7068370257042262,0.19676356931916367,-1.589352012928845,2.4853170348781055,2.280828787007901,-4.651213090323607,-2.4507271993372193,1.9409652648402322,0.555586438344954,0.37031460964467444,-1.5848190662884099,-6.634747826641268,2.2075993891536365,4.569071057889163,4.244053823796836,1.0250578055228972,-5.0490502385115645,-2.0628804956150866,-2.4604311195780935,-1.2302968066016369,2.8094996617126995,-4.098113551029324,-1.7394182496580344,3.1248608785931737,-1.6201441449708793,1.4036614888126566,5.287614965133945,0.27989245314970546,-0.541084664242056,1.0082321255004307,2.620738525524619,-0.7423437244284795,2.47938272948632,4.459096278564802,3.9515446495827478,-5.196844144432101,-3.081917670614544,4.357404880861388,-1.3208587212223428,-5.2295848903175415,5.630382432799074,2.0998415372407004,3.734483166034418,-0.5871039261797991,-0.8720416029887396,3.025813854697227,4.41026149909198,6.852936838791473,-4.2606061658953,7.526745480853321,5.92630167064107,0.2858325852625292,2.767191155000444,-0.2349449391851427,1.2214225890571044,6.20729162646445,1.7975986093408072,0.8244920982013784,1.2192168631370512,-2.347066039398235,-6.503187848226347,1.9309980566255796,2.686106838424543,0.3929157354048342,1.771092002758781,1.51707140740815,-0.6936411966703494,1.7820497878587291,0.49266553312039596,7.9609922231480725,5.249817309224748,-1.625886669298594,4.401537528799896,-4.927659398256841,1.126262592130057,0.06986880375823279,3.8301029073165536,-5.044554715743388,0.02685098126867594,1.7600423599529087,-5.1422205677361585,0.3693715926556086,-0.26714180374885743,1.1153104531261573,-6.807857817547276,-2.334970602408314,-1.6679368737401856,-2.2208917801065624,-0.3219394490517341,4.093636958064667,3.744907956881124,3.0927894125767796,-2.6317878073483776,1.2232477726505229,-3.269234510441575,3.6402820914868927,-1.9054136434831794,4.2628647329428775,1.3116623921220165,-4.278425092732736,3.6468808932917494,3.1588450684339584,-0.2346385651304588,4.900121608645117,-0.23918592700720864,-3.281284983494414,-1.1177512954590312,-1.9735853880245036,3.1854909622833247,-4.780383932367503,-0.9508173735762412,5.617076550037824,-3.3811082520975333,0.8581180464098299,0.7991155715277114,2.1975630338900403,-1.8062943644013907,0.37417442113407734,-2.6528217752875802;-1.560170825129944,2.1173241443709534,-0.4112604304834833,0.14561699682689125,-1.89203357248567,-0.06213606646930852,0.22848217771819174,-0.08616210409949455,-0.5630810770523736,-0.9465645185278149,1.130526619537311,0.03080713499795014,1.5407523765167723,-0.526482354794923,-0.43479469337221693,0.8155942445961629;5.267734683452557,-2.2015654110818788,-1.5321243012703651,-0.4629820882480057,0.8785138604604203,-7.0587712245353735,2.7564123763308896,-5.493084191507615,7.935673922668995,-1.7260108528389655,-2.931109902311763,2.1893778628895055,0.33502733208212376,3.0103505719945938,-6.208344817532609,-1.782063714936266,1.5727003192904605,-6.632844805117129,1.7573625625053357,7.36579957496091,-4.96238860822057,-2.8950927134221915,-6.577400386038655,3.1000647576887275,-3.059805244682222,3.260954991555405,-3.2897791794485407,2.5181892233955474,-1.7722763708012295,-6.360861501129179,-9.522785788039947,-1.6672139036193374,1.1851947614320633,8.926002317530115,-3.2986464107818305,-6.2664946542419075,-0.24400584308455042,3.1959585739304623,-8.162851096542385,-5.729721453936342,2.174496529996825,-1.2438696565894058,-15.291961305814649,3.9584370669654843,4.68898391735232,3.4113548580805704,2.54419836422737,-5.54848447897474,-3.448900645855518,-5.338494887526297,3.4169595129877854,-0.26632494568605664,2.5468147768616216,-3.105256549285709,10.63788350359427,-1.6572366017695361,-3.458413159631397,-5.293332808224333,3.3825682583011636,6.628300035815621,0.18524967934260012,-2.6392330928221908,0.0764358975166824,-1.638211696180139,5.661234592069644,-2.274826104410617,-7.998468346974584,2.9220503414834944,6.651998731704027,2.94634146473505,-1.2786660699763734,3.3499069219707733,7.859636089597949,5.143350512305879,6.168960566758115,-2.0204546176802394,7.423616418405279,-7.161165858251081,-0.39398600529151967,-9.243794792834256,-4.046263922137615,-10.508844363439806,-3.4353224103928275,0.09212856331445932,-0.9484031946692244,3.175821095660354,1.0191220770004699,6.083863068672565,-2.681812067991398,-4.304366813636462,-0.9475723968866603,-3.7286973175223013,0.7719298714758807,-5.593308827896757,2.4739552363815394,6.861549691721041,3.762920194068764,-3.275290804438347,0.5585853208812387,-10.956334692581397,-6.098772682758604,-2.5890486840952063,-5.732108038933367,-3.945925948572258,3.193304951870987,-11.62578307580439,1.3417961918962185,2.782070786413961,-5.383175602437795,-0.5538314995216475,-5.187473208955431,0.14351339076786984,-3.639457844616652,2.4355120056737785,1.9200704202196972,-0.07024614974688065,6.797570244866289,10.43707629421564,1.5550323868034202,-1.7721452876768415,-3.012161700624463,-1.0879280910478206,1.77141021460208,-15.662675155995013,4.679668104890185,7.346997831983384,0.06029166902367722,-3.678996197864495,3.8443808592986937,-7.426874492064206,1.589031889794972,0.24954347943090183,4.5267665729314945,3.8679892386163823,6.9179459107953125,-1.1297775764557338,2.4825246489843384,3.211342869274477,7.69685251099949,2.9966424278550923,-4.365699225481158,-3.9009134382583968,0.30967934384055495,-5.099534234681121,7.400077265854973,-5.634840804548689,-3.147033735924869,5.099186755745778,-4.089481071606621,3.605536673603857,-2.3161668697318216,1.95616484502424,0.03904376682109151,2.1063627393995725,1.585340649150798,10.166247452226058,-6.791603909592058,4.929156542252114,4.23533576719894,-2.9085467670453022;-0.04189595453955075,0.010211771372613088,-0.3217788460220068,1.0070843701907555,1.0322736139451874,-0.6724124589403004,-0.05471922245228994,-0.2434888343805115,0.1989140505524829,0.7241207206872309"
8,1.4453361440047268,"-3.0665074346336203,0.18725880518767835,-1.4418563723125029,2.2313464721881306,2.2673410107345764,1.788789226985949,-0.35539408444397624,1.880213177088153,-4.994420080697764,-2.123669574839811,-1.8668151037016385,4.338570970983159,-1.2067153296334179,-1.6387727032098223,-0.8388758865031359,1.5220767371636295,1.2149358739912155,-0.3843752993731797,-1.1007374057791803,-1.18298930970998,-2.975975160618895,0.961302329418633,-2.2492674116321236,-1.8927041617699523,-0.6962641072043741,-1.620340984104231,-0.8677904487529714,-0.3677241950506675,-0.6841757086252505,-2.063789107380151,-0.04209342653260992,-1.548676327636767,0.7166951757779604,0.430600485822495,-2.858602752356173,-0.5993240114490339,-0.9071696050551876,0.32307505993220076,0.552568275620887,2.976804679589074,-0.03118792378934121,-0.05728285894213511,2.7910541407570313,-0.012235024552623042,-0.9451885200473781,-1.9141954598938735,-2.8015632659072787,0.9860787345918545,-0.41850220016744444,3.1281025684759842,0.30988270703419885,0.8801019391175052,-0.7947355092441002,1.3503745826435631,-0.38503317942920345,0.5367883616879462,-2.5886422285653086,0.6159580755083683,-4.419802524173412,-0.4508412719449908,1.3019960383311424,-1.8107869116889002,-3.131360148076881,1.8445695223233074,-0.3011094146979666,-1.586436660857623,0.40778776224894536,3.847454609293937,1.6220377996279072,2.728188864214271,0.26904249714389195,0.21139517267444843,-2.812268559195887,-1.1095133703710522,-1.1076021025610385,-2.332910379878333,-1.3896375938999883,-1.8614679858285166,-0.47998758170683425,1.6803066562200395,2.644371573344603,1.406515499415353,-1.290569380777867,-2.0552292516537713,-3.1074995441386712,-2.812627809407864,-2.9988833666792263,-0.9798406447190409,-1.5415675768596482,-0.7275312984637441,-0.3541163503427247,-0.22371567983073148,2.766507283521059,-1.545780599628638,1.6440300108851762,-0.3096316224024156,-0.026633538155652947,1.8829158696951829,1.759703052315981,0.20949360565373049,-0.418916595434081,0.3438275430307622,-0.13385358564547228,1.1270165161072492,-0.12767947147035216,1.7703788917010368,-1.4596375568667124,0.23848024268305998,-0.5624293872993017,1.9841299606711185,-1.7715029608960964,1.5266396712086787,-1.038818302976313,0.3740170862191822,-2.356533842444834,0.7345995130332746,2.9117923037621525,-1.0464072541969482,1.5817796237090094,3.0323074776321506,0.9381034088851594,0.05218456011102529,-0.13713443595698666,-2.1481052468683517,-0.850061472461623,-4.357564654195918,0.6721630668589336,0.27732200301003923,0.4463668140307916,-1.0964233630856275,0.9357566178520347,-0.22364853403566964,1.4195825869013416,1.2271881529727924,2.0117280515332454,1.1215933330415564,-3.2684037411883025,5.191390191548324,1.1109328622593397,1.1252616084571503,-1.7762765702813221,0.2632545549808007,-1.0022518991852976,1.7424592813985902,1.4598969966157838,-1.839579681916768,0.4486532582181654,2.9354987326368565,1.0109372653193638,-0.015352926855291243,-0.7210971540719632,-0.0699249931375096,-6.674074169312226,1.8404297297761767,0.413378693836755,0.42447778271585757,0.8489911879560217,-1.0419741719612643,2.4626371056763237,1.0727859925761607,2.3180156782829364,0.9749052642231976,0.052525575606651165,-1.566214905397631,-1.227899045828245,0.28476515142484354,-0.9358146354394699,1.9610825351013943,1.4636991857058457,4.0495518356503615,4.363949819652768,0.8309775976646729,-6.843421782194794,2.0171817680949906,-0.46445735131507715,-2.589149019708792,0.053953406792282055,-0.7650727024900476,1.1330775478538424,-1.6917641275372923,-2.4750419096483793,1.466551670681063,1.8255451887338905,0.75353384912051,-0.5868036574805947,-2.1463960778352114,-1.1067214377581176,1.5466990904890598,3.380416366140129,-1.9702503370232323,-0.017038972823712528,-2.062935469177959,-2.7056477055918613,0.22711063383238428,0.23652932570225516,1.0235439504963297,1.1717729189999642,-1.5169609245104925,0.6434295760811287,3.6955264427534305,-0.9244894011241456,-0.35040467853370355,-0.3001440249861379,-3.286205319954477,-1.6204370301937567,-0.2063701813612877,1.4829088123124872,1.3752662341578712,1.6203178125209243,-0.6969686458490139,2.338163760010696,-2.137254478498905,1.5453780781233721,-0.14203507262831339,-1.261507952702657,1.9991496157271829,-0.9149780792696639,-2.306002632444637,0.9393564389224629,-2.776945140317379,6.813599122448573,0.43120669902926007,-0.3934902486487649,-2.7321388669916664,-4.253549286543259,-1.2523035347770417,1.0534145169924203,1.9367655959623555,3.4509198248244126,0.7034951690702438,-1.2034218949981,1.3269797812522488,-0.014906495693387978,0.8713172024231027,-0.25720644489533195,-1.1922350049650974,-3.0485641266693246,0.0557791681667906,-0.39879170894393234,-1.4571081644434505,-2.152201782956874,0.09109601134262672,-2.1273692279653966,1.3325364653349523,-1.1436870902891245,-0.5560729899701221,-1.021544220610213,1.066511267685012,4.076999825243191,1.847969140790809,-2.110920930793886,1.5481895739099238,-2.816561551419425,-0.5617873407058054,1.781272617552116,-3.438247092693762,-2.035658884569632,0.44940179873596886,-0.21390298963290105,-1.0259751771130567,-1.2772348767086419,-3.429160930684994,1.2477068474152215,4.933864618353573,-0.2454362241730731,2.8437312499089327,0.5532029358677442,0.6445336870184483,2.594757398696145,1.6913906815246071,0.08569502730493064,2.9480984368860916,2.0668155092241776,-1.5081837757422498,-2.097298972489895,-0.2901768282401614,0.18042655402323965,2.4749379096317004,-2.031255347585632,1.622301513069886,-1.1004380847145492,0.5232877634793032,-2.5590721008113033,4.203798982993446,1.7682229699339036,-0.43370332886020635,2.602645513137849,1.9411787502496871,-0.6275493036642122,1.7680068245471852,-1.9995213454623917,-0.3376384449594978,-1.527457414838076,-2.1942861705509262,3.65562031345877,2.9376453002777883,0.27279640566095414,1.4695011131154967,-1.3150384422792762,-0.003427169259465984,1.6572332849029185,-0.8745874119033039,-0.014632667227293228,1.9260877038840736,-0.08436553069737074,0.6333722702236221,0.796224163888203,1.3898685742637908,-0.5138363351669507,-1.2032727561821255,1.5872265031008244,1.666402679255429,0.30840956529608343,-0.9624571438040304,3.8392493995082577,-2.6689426139904655,-2.8463828227388293,0.031473494333248794,-0.4943567674065265,0.7999259848267561,-0.08399269868063697,3.8194077059537848,-1.662240030975391,0.1242538974335845,0.22948931316012688,0.6346132176084631,4.497816442399298,0.27511997152821116,-0.7615101844332626,-0.9827465687417579,-0.6975304282011401,0.7160952116084799,0.5726294965157359,0.5263639396043454,-2.201267936321527,-0.5600208285657606,2.379266292429058,0.4127133819989002,1.9034235948990774,0.43174575243676483,4.006843952797813,1.5031102495193438,0.018468731381902637,-2.214807010213498,-0.37691944951445416,-2.988737610925795,-0.8317546034561143,-0.25932606165782335,-2.3605755511914372,-2.2479244434539503,0.8359041012553263,0.35585496865325894,0.7217544122444295,0.44123135595893853,0.5751069420815296,1.2553471698044125,0.31759647003948277,-0.4573674842212022,1.5291680714122757,0.12254174493520614,-0.13587751677071866,-1.9868195610783386,2.5841346569127754,0.4541464218413361,2.314572151935494,0.49300384551113496,0.26315290545082015,1.7522499616421912,0.3783222305100833,2.424186924693892,0.46522385307214364,-0.6498661129420423,0.42665983527364454,1.4226152024185565,0.3649029712548972,0.5272309204757618,1.0014420743778925,-3.0932786594076083,3.116475758534866,-1.484810088816219,-0.22264713665390412,-0.7369935851768932,0.8382196647231233,1.8387605660582294,-0.7081216666687522,1.0234787662331555,-1.22564058659849,1.7996335673645727,-0.17295383867949082,-0.015937814507657716,-0.7581070588536285,0.6575108777477058,0.5764918182520467,0.8379899920669818,-0.5912704256640116,-2.224648053800142,1.3580743134937283,-1.882365275870732,0.9595547753571236,-2.644300341753739,-2.8107594476850397,0.971611737924057,-0.8997926488748593,-1.1673764694072313,-0.9282764788816864,2.042927748369878,0.10569668979001512,0.9273119694513701,0.9367118759471577,-0.0018208284641940131,0.03540004364328442,1.2325902839292815,-2.1159821380700645,2.721052013297931,-0.41916328319871965,-3.534757395019393,1.492423135759853,-0.8996921633328698,1.792454745111246,3.1026921365212363,-0.47373413332594694,1.5582407428851242,-2.4022830360085208,1.0787250901983039,-0.9047994061741709,-2.574327212912412,-3.1002987720214787,-0.020604504899277454,2.337203545105337,0.1515817572764961,-1.2520434198323773,2.522443048484379,-1.6790601422263964,-2.2558134601731163,0.8380770781178944,-1.1650445044836457,1.046426507978296,0.09032945981058432,0.38161226430961676,2.140278250749278,-1.775379132520437,-1.9227137290766372,-1.0157059652830258,1.447728453101894,-2.2418658186043343,-1.1901352387949518,0.41427846739951724,-1.936451258234179,-0.31306668353510647,-3.1043121599284698,4.796461948609215,-1.2035171502242084,-1.8119873790391217,0.19362383382096926,2.8882772939019876,-2.1902858623174555,3.84380374516829,0.5997856665992386,0.22916189521773506,-1.9462060847331604,1.2162257527264786,-0.33014517640101826,3.0390145075521073,-2.1466304299882557,-1.3731496124506766,-0.8850972660121421,-1.9857346519697123,-0.1410524390079898,1.2283978836893301,1.856120366060979,-3.0327143106000656,2.28594055622546,3.3684118160710756,0.007822089353758888,3.424592126756153,-0.8286954606150849,-1.2677536943034617,-0.9645439434771261,0.7925354062129817,-0.8360484615032799,-0.3539387358913325,0.0651145806337372,0.11580591221008152,0.6505708177032912,0.843094623177987,-0.9508092999921367,-0.8952623410138156,0.9967024538106817,-1.6827831835795308,3.583511199979785,-0.766900798793972,1.2693914380872875,-0.025483738519244126,1.2795522892743685,-0.2476592462257127,-1.6644923802596536,-1.4002866994850451,-1.441812592611301,-0.5161590961721384,1.1224755544372298,2.419247148046715,-0.137006651562258,-1.8285797905983645,-3.650042332492231,-0.28960944988066584,2.2692150024211646,2.5829999104030956,0.2734815951730586,2.170768768811021,2.3538753631711673,1.331771352901284,0.34388260079740335,-1.1360480514334466,-1.2400126012510047,-1.7954669972080026,0.10233648980477511,-0.1227877761842148,3.8370961986995105,1.8315500046279145,2.788255975333802,-0.4476619361619107,0.29224360883785155,-1.6443709811112797,-0.682877695048158,1.319705296463208,-0.7313657884722481,3.0382453127958597,-1.0901931091550618,1.2604630658107807,4.217796207488124,-0.39386424347982274,1.8017270731745563,-2.5573890391980605,1.5195585236164835,0.16626820538306064,1.2945725955392502,-2.441936023578234,1.2662631637092603,0.9606407159251399,-0.26850138586498495,0.10230433796169014,-3.646615203476234,0.1365842946659395,1.0394780048859813,-0.8671329773831004,1.2322064194576297,0.3910403173277827,0.7521222952126565,-0.5780157366850127,-1.4490168396555867,-3.0355180730364717,-0.8737383377977278,-0.1946758717223826,-0.3768980136399591,-2.91063778735981,1.5410679928068745,-0.11566853946391087,-0.19831934541402885,2.290887259809956,-2.215706649856447,-1.154602164694898,0.15182788375753936,2.8719781129677004,-3.0834276080803296,3.8779978144428173,-1.2227287114566794,0.5782901448980868,-0.7158837187775249,-2.3832988728834534,-0.15319570682387196,-1.6527316288670806,0.20388586887413404,-0.15115193600449933,0.38559096064648307,3.5289076771511327,0.5164498587046153,-0.4295722272379152,0.7576837955926174,-3.0579754597116287,2.365348023657606,-3.3693189239175436,-1.1787471621736563,-1.4041826399788753,0.5044228819398039,-0.23723007884793915,0.031363968289276845,1.3429921564970702,-1.9996703026181522,-5.0562365587496325,0.30254028079564066,2.160276358515729,4.216182723476526,-2.1995723208708386,0.6179653753126377,-1.2988437615254882,1.7339197126448496,2.4568866356369523,-0.6745315399263221,0.5518103319748724,1.213606766255691,1.0964213297858096,-1.455483480044204,-1.988767269111018,-1.7579694371213301,2.3963398503638826,1.9258080483369455,0.33446008612654143,-3.3961978887054416,2.467271920603254,-1.5730480414848853,1.2500396841426369,-0.8278736659926456,1.453259417719905,-0.6798460410277847,0.22526976847497143,0.5797100661590393,-0.8386346914040355,-2.5049678959676496,-4.12534550805116,2.14081713822634,0.8992472502041935,-0.968054521389625,-1.5424975405113603,0.6965893402526611,0.4251962485707458,0.8532099207680502,1.3793359448216715,-0.18494346393549166,-1.180560956980531,1.6664842266906572,0.0752812610416731,0.39029949671966646,4.188999926652311,-4.039295095386462,1.9885137916251048,2.30022694424217,-2.0794087667525067,1.3679564282903445,-0.8101698577623464,-0.7899562647622315,-0.10371905037399815,2.8403016539742927,1.1576018896289746,-0.4452318999396515,0.7653820204134462,2.6794321643986985,0.18768913561978773,1.7787341528289236,0.42143776534561317,0.4263357580683341,0.06705347681808022,-2.011463832692547,-0.7450480688503662,0.05856009786139715,-2.686133517244078,2.6713677469254558,1.259645172389325,1.3491825688157748,-2.3755591014713544,1.8190693556657622,4.209149010357889,0.2355037331550014,-0.2709504902156532,-0.8627391472309048,0.3772216131775994,0.6631413404207251,-2.217163063640623,0.5669167405957296,4.3039792672612105,-3.5846225833102596,0.41407136386951005,-2.0920183421147382,1.271041981108101,-1.080931369713134,-2.427018938290137,1.0169064250685393,2.00504068044741,1.5526797277616449,0.4996432700041523,-0.25548019587972043,2.8200392676344355,-0.9809779497086997,-0.6134679988843632,-0.3274196348660804,-0.8435988806338098,-0.5863509590797409,0.38767164991961867,1.5425826623048584,3.601801838324443,0.13534687689751207,1.7368537755641378,-2.7024922020290956,0.26415950698713275,-0.36020440977448953,0.40859121099207574,1.6038815845600147,-1.0197612217408158,-0.08445631257993114,6.620725592996168,0.8017777367150433,0.25349967491843955,-1.3850038073269895,-1.6314575574572188,0.010752342409755025,-1.5016817851042543,-3.0110998692056405,-3.402887929106274,-0.1974999392616987,0.6558874177394765,-1.0325382517535915,3.0866988927360035,-2.2407269941601666,0.16747265407758155,1.9392299658543697,0.37536805029999265,2.212395687262536,2.1692945815553677,-1.4966961487767863,-1.9357280762869549,0.035165603392977696,-2.416258788514245,-0.99861382115048,0.6532756610227776,0.7481216390606925,1.0443996280166012,-1.4881808204262936,-1.3573716692297135,1.4324121751631207,-3.2840109700787616,1.6933427984492107,0.7940314448818889,2.4623199887438547,2.37442120970861,-2.057595546857306,-0.5014381227252818,0.5453811036583095,-0.22635906443745346,-1.0709329490288844,1.7714164754355515,1.9261397829626414,0.1841700793791087,1.2615132502364537,-0.1291838149182183,2.8731802887297753,-2.668390290528763,0.5656722744669291,2.112704612996358,-3.195326112118819,-0.4332742279409168,0.9980054092361053,0.2843864803464997,-0.05404160801181812,-2.6568331677769157,1.5769284014600427,2.420662738547713,-3.07823708598135,-0.5646198944934514,-0.09348287910677601,0.31235765220097544,-1.1003562181872046,0.014175778322169097,-0.11323352017740307,-2.051923091923607,-0.6201338193815032,0.0040089888847753,1.2089558588269727,-2.006205615402045,-3.017259875195086,-2.6154189729735844,2.338677457676353,1.880264119980661,2.198503649096823,-2.0772945955591444,-1.3588052806528619,0.6296006292870516,0.6391106141695084,1.1812056225087257,-3.8921797600073713,-1.259204933523845,-1.1163955096129945,-1.7082629990469027,1.081826871516942,1.9661864905450068,1.0140934167366353,-0.23747259880918448,0.6138564049116146,0.2938584920992344,0.3955842982428734,-1.6092583923865296,1.2227398403230656,1.7648202136691515,-0.1500941199850508,0.5235912737280155,2.1929397192529194,1.5109216381297677,-0.15688735439976736,0.6218077321710045,-1.7299527809785205,-0.6331722549162202,2.6148199595444255,-0.5501945999909892,-2.3099244169764312,-1.886253268540385,-1.4447075970165262,-1.487200025847292,3.071292018545946,1.721058412579871,1.5902017618086113,-1.5005307095659535,-3.071862936340181,1.312324093360224,-0.20520276196509835,-0.2823832678548943,3.483657071539837,0.05457430395769797,-0.18463784291846352,-0.15407658881604452,-0.7463429459053369,-1.5380313729583732,-0.5223705922910495,-0.12620749791821484,2.1269436846231535,2.5259591944792295,-1.041961497284949,-3.12753631609878,-2.078106532131778,0.8656610593861979,-1.157643485030454,0.09286709798431558,-0.38802464308583484,-2.660957540450015,-2.907470979629162,1.2503962649829874,0.9197601698600868,-0.5506622038876101,-2.4640137255078414,-0.9415775477457594,3.8521523471691412,-1.2062635935221822,-0.8381726041300116,1.9179617012911065,-2.7106172794783996,0.7086224239427319,0.6668830988209499,-3.046590529095542,1.1235425024864585,-0.7370241647339884,0.11124758503997029,-1.3993360202048382,-1.6996286737447528,1.1606824920029557,-1.1168635698257767,-3.2087303819214776,-0.6726494648660337,2.2034029282205925,-2.247531358105054,3.5056957371160005,0.4922535783210175,-0.027775882656968398,-0.7839496263253302,-1.317735981937448,0.040594250804741355,1.864672886162638,1.5821455946425151,-1.3748794792919945,-2.697902955898038,-3.435789851239213,3.868998023650338,0.9872818975411712,0.7308916993719361,-3.3489680671679642,-0.9140079321080911,-0.09987942477161477,0.31925176412236855,-1.2158436646279773,0.7303886683290277,-0.7960425821666159,-2.0163957558915064,1.9782528919301483,-2.511490922826108,2.3735038333243383,1.8037389795683547,-1.816984581510165,-1.286394813237546,-0.6496628716627979,0.5616881816663749,0.904483879684767,1.826152199255728,3.3866567089657273,-0.7713840156939423,-4.239840723020263,1.3203402840372316,1.9432954832356044,1.7830044235330045,-3.7350786389212667,-0.6023313164620523,-1.8561292223773846,0.8366608034754821,-1.8529507137657197,-1.4990421953901207,-0.9590848965333694,-0.02776960123224903,0.5375035465289443,0.727510195117482,0.2712832709527975,-2.268129344102886,0.34872967467095567,0.3742220772305703,-2.3615168707696808,3.6851082307125367,0.30521953064857554,1.3110654004832851,1.389394463000869,4.465078876952201,-1.220941194561358,-0.15059172569379367,-3.7350781169425393,1.486582862357627,-1.0155812130611426,-1.5041323280324819,-0.44412281379887747,0.032070284304464014,0.8937842400589422,-0.9603717442361699,-0.47657175962519505,-0.7259056141283178,-0.48723204673233655,2.459647749721466,-2.9156599083988137,-0.41252750789810166,1.5910711684644498,-1.0129050617477775,1.0437433947069934,-0.5313038387518407,-0.7251846467249847,0.039130068501387436,0.13624722783308188,-3.033877873180285,0.1009785713685937,-0.8561193582817268,2.217759589315531,2.279120397485535,-3.0460684870112162,2.392945688496261,1.326965599884199,1.9864830439397474,1.8513628748001647,-0.7940764976528433,0.08535194432373383,0.7593320292364422,0.2272113730032356,1.2929595226069885,1.0659013228960255,3.400299699219832,-0.06475202291707952,1.0740931588781937,-1.4417494481271493,3.331100574380807,-0.7948191661055872,-0.7849072103307442,3.4719454351822523,-1.6974357470285195,3.1711333246159117,0.8827837965071251,0.2621415142936109,-2.4048273934677646,1.4561176325407343,2.6311477629047504,1.8895808526015623,3.4025037539887872,-0.5059533833422907,0.6811724689420975,0.865443160329993,3.425429931573586,1.668611627317089,-3.8796538517288255,0.14346044315712353,-0.9740295772939419,0.36561431637244757,0.7249233839105881,0.06285015064420502,0.9292120428280437,0.9748108789953094,-2.699316136957849,-3.5480933901980998,1.3468676712521161,-0.06167012533848451,-1.316979191861563,-4.344422887098634,-0.2593712003472261,-0.12614680228115432,1.0088626939877527,-1.1478229030707154,1.4592859030297884,-3.96582005629224,1.0227148161620119,0.6785148091062086,0.1379869193335047,-0.05570320328328754,1.5195903446936092,-0.405178768665887,-0.8937929186815033,0.17333116278337699,-0.7988913548793521,0.6118188231727275,-2.3164306026755077,-1.2388499691482078,1.2346467353240866,-0.5336833552212447,1.2482843443424763,0.7275813614601915,-1.6322564187439486,1.1042599326987088,1.0559961029507465,0.8436983420541002,-3.4607834389366894,-0.5586443647680724,-2.516220250807743,1.1197057556561079,-0.9814235005125447,-1.466417782011153,1.2176635403068616,-0.5683636594576646,-3.514006739800985,-2.5870675318660785,-0.8109880287947222,-2.3116658620595083,0.6352672407891649,-0.45638600641710125,-1.92045573589902,-3.18900395318812,2.1198126871050897,-0.37714059663283783,0.370210728775059,1.4443086238591234,-1.0693585478164387,1.1681021374460951,0.8312749875342316,-2.7462394498750733,0.809108656108824,0.8307746385782945,0.8268256476418359,1.015769296914979,-1.1125493634896908,-3.2093082087264686,1.3657348436667176,4.556629012259558,1.7473577792089605,-0.16129841342571283,-2.795998716710708,-1.117725417214286,-1.7147726712409068,-1.811302173377364,2.769428498720153,-2.227782399258024,0.42792729014636466,2.866680703034417,-1.4244388326167932,2.17727013557794,3.4878289286822683,-0.11814240672270902,-0.3364617243249627,0.33662176501120583,0.7850974408985457,-0.9041054103448852,1.5044742484505924,3.0960913141387403,1.613630224567365,-2.7612577356868107,-1.7509016051011197,1.2207238359958255,-1.5428456078928598,-1.799455373649301,3.5658850783709073,0.09111233089875093,1.7446543137374415,-0.7774365589146807,-0.573232454054025,1.5897813320353318,2.323346994976572,3.199314046221666,-1.132517131092129,3.214509347012089,2.5712557633676387,0.39928363037396514,-0.33128394167266095,-0.3175487888044938,0.7930292435645275,3.2820083298292038,0.5478319767316032,0.5118885985750347,1.5190470647019052,-2.950927568638443,-2.9250474894914382,1.075073214003475,0.2342852471032718,1.113676264642193,0.2779235243139123,1.5759809212381284,-1.5796467603605842,1.6560133252941767,1.3191684538491244,4.436506565694306,3.7887492827068714,-0.7382359382373332,0.5551767829085018,-2.030634595714464,-0.19351498855603824,-0.3946844734899858,2.050145044021474,-1.1840156633644474,0.7298534652585121,0.04758986091203565,-1.892939325934798,0.5769649166145477,-1.3446061560911693,0.6193396919754529,-2.5332501088425556,-0.7684118498723489,-0.6207060780574003,-0.7347053315574302,0.8242757298290049,1.6099812972425813,1.51551291966361,2.2280675002280907,1.627306685819922,0.7738892374334695,-1.5213000567288024,0.6360388576493142,0.5113137651191079,3.026980384281819,2.4438840914998057,-0.38675339024549005,0.5244305756619697,1.0524972549220348,-0.3993276589401008,2.045932395011526,0.3802922519583845,-1.865687904294137,0.40944983488687414,-0.3767738262533583,0.7590050800028998,-1.9015012461447838,0.28922885895101175,2.5155539785212615,-3.209025356742277,1.1023881524634342,-0.22992151658214702,2.2344564420316075,-0.8610172670471007,-0.9536892085583332,-1.4261619296228627;0.10334370066905252,-0.1127347173330433,1.3307435904151306,1.3850824201234666,-0.28957786806376906,1.0858928838931534,0.8656669967578331,1.0788514534922058,-0.810208174865674,-0.2915238817901915,-0.13331430584621157,-0.9725132193456119,0.4609894914594108,1.1416896181903537,1.1774336321270735,-0.0318507938767888;4.089365152790069,-0.30576192042192285,-1.1764691751116891,-0.19478152023645623,0.5106720856661217,-3.2051010821062684,1.179918948613841,-3.328391320056939,4.169598725822469,-1.1893517991011309,-2.010313509187094,-0.5731415165645972,-0.16668653798984778,1.5520374279305027,-3.7327905806873565,-0.07961993192218723,0.8013923778827323,-3.5919782626196137,1.2833115460867486,3.121723995133718,-1.36675005615461,-1.9356053336733168,-2.538161665753828,0.4945198069708572,-1.9467840428431464,1.5450382677502403,-0.8021522695131507,0.47160857986302895,-1.7176671761125573,-3.30545776304104,-2.8171836475353427,0.11982560250766938,0.7485678655717146,4.733337570885589,-2.666604165020325,-2.7276396749934615,-1.255989331126749,1.701668866146044,-4.340967359585779,-2.0315514294638835,0.17192890055961987,-0.19039736177768263,-7.842302777510401,3.260254139683239,1.5523405439852178,0.7022312644538277,1.3380812708479732,-1.7973599806413552,-3.250940248778494,-3.666083584467797,-0.1877699061428817,0.16280599314913224,2.0464629033541057,-1.294997867376018,4.550837307372202,-1.410729534818588,-2.320338229962774,-2.8791797353498008,1.7679540288749642,2.754308011478849,0.1973684601046649,-0.9154026714808817,0.3372512007311609,-1.3131459001127195,2.9820251012797425,-0.9691646301486152,-4.1760429607381,1.227108137996053,5.318004912718176,0.23162892678146352,0.013728673198846852,2.1471792880499954,3.9864418945424607,4.165946703687072,3.8142232999156884,-0.609957753241811,4.057824873544018,-2.992065801853903,0.399684571514956,-5.18087308023736,-3.2444606006443726,-5.3222390638329395,-2.1076670656292644,0.22487289756270637,-0.8007400466950616,0.6277028272043518,0.8960059298569961,2.854681463126586,-0.2622853265743348,-2.9295818924881365,-0.09359743002064264,-1.7001333608206117,2.142630220212757,-4.002283581573377,1.292818504168596,4.0258352549283,2.1655203357707817,-1.0757501139616281,-0.7238529514853227,-6.015662764275616,-3.27999257953075,-2.7556172897449223,-2.7603283220050447,-0.8797968366550202,1.7930218188021152,-6.848100101460501,0.2004382563068674,0.29473457213010024,-1.357432653007887,0.4664688475554377,-2.378447913442843,0.5067467421672784,-1.842602773365921,1.880046462481138,1.4382994956667536,-0.5693001020434265,3.2444540978440997,5.7095264077724615,0.8372786094027275,-1.3473841160190854,-1.0325899869528952,0.3797527775205003,0.8983510693793909,-9.273608577555512,2.928236917808686,3.6598757232449053,0.5866069932188027,-1.294094645184431,3.4120680188854546,-3.3104185081091404,2.1416005893849754,0.8676440269833637,2.1616152240180817,2.8858103907314234,4.820986213618623,-1.27707851533781,1.4082029790327026,1.7149587037798388,4.47982137410817,0.8482673304260011,-2.368301431626279,-3.704241636342276,0.22573496957276334,-2.2068345553702784,3.351436155098475,-1.84375135213425,-1.9713578388932178,3.5189815700130405,-2.342659328711183,2.319811914853836,-2.925043837846892,1.206149072212698,-0.5216962301884689,1.5068248023256086,1.1561656877722912,3.958725466419085,-2.8164577121002745,2.223234212017873,2.8224114653966708,-1.9979990609137492;4.730098241886665,-0.2902715492714183,1.5706227927121368,0.3700356934608102,2.2246284082008443,3.479436677671788,0.7956073406737696,2.5429443174477413,3.3295668548465533,-7.595402889374219"
9,1.4257206000795533,"-4.454446176825297,0.8167843901756391,-3.924853165173291,0.5691764298942135,1.8009268157508016,7.338463225540847,2.005322364214871,-4.070245709888743,-8.552040936953015,-3.4815770121947143,-4.01346799242947,5.8510595120612585,-1.1655549960613023,-2.2778881887775286,-1.1577807596128826,-1.7001479994877413,-0.5371647891632833,1.0467342828545776,-2.322394193736834,0.5083525797864745,-2.5850036836657577,3.2369430526198224,-4.215329721131807,-4.965073947045732,-2.0145386811543102,-4.643102238619373,-1.5336437626226196,-0.2371584194584822,-3.580109912808189,1.133337159772578,-0.16141044544362945,-0.4920611286700789,-2.487140478673169,-1.0360195228711462,-4.110795302567279,0.5146095467751192,-3.68488012715368,1.6499011009671383,0.03195070121916793,6.033836075286374,0.7223183568436182,2.8856782869267397,4.383512288512233,-0.46910869028507185,1.4634257531977881,-1.9206008594618975,-4.562240973558648,0.7496358198891068,-0.05671975272393212,5.014990187537539,4.264114875720925,2.5599560196133373,-0.9869479609842073,0.25677801943990053,-1.6175232596953788,2.550576001602403,-3.8264126458335763,1.5621411688028957,-6.963624443342743,2.7285819545502275,3.2588663112490988,-3.431712253013011,-8.47996003900693,3.3873798655942204,0.9305775288125635,-5.3557799707432805,0.7866698070493915,2.417955185507503,3.2868566655035893,4.808956604505079,2.2274734243643097,1.5812906402140747,-1.6224408509336654,0.3583723597194737,-2.208314503313831,-2.073103427189362,-4.179504475285741,-4.441656768605368,-3.3955308481728137,2.2766162278295985,6.115756833736944,2.7395832783466023,-0.870274297656458,-3.396693193967267,-3.04474704623419,-4.640458894859424,-7.547302112016453,-1.2518077032217407,-0.3970905083489348,-1.6395021109357972,2.963534200870543,1.854220555861513,5.335620511068626,-4.3691704903818565,4.238065205401954,2.058568297558484,-2.8780529700663084,2.8220341445119748,7.165598006992876,1.4581112472179534,-1.4668565825588336,0.2656931143970278,2.228131850818303,-0.8086578050301562,-2.156467343785968,1.2959059563961572,-5.768360811953687,0.796672869255334,-1.973718325538863,-2.04840747800111,-3.482333139941251,3.7349391770916656,-0.3546685762760279,2.300114202005087,-5.321081693320698,1.9858880327935085,5.9117851572507325,-2.9672898508730716,2.512504407347063,4.379064743623388,-0.5422936096390538,2.063614559736208,-0.26777563301042906,-4.6406044125451,-3.2352621221028435,-7.826807346234421,1.101702022155001,1.694308518111898,-0.05090773411193272,-2.589320900436586,-0.24053615507364323,0.7848564647238017,5.995711749026438,5.503449167230993,2.8906187846171107,1.8862448290175586,-7.269660485846142,6.836039370996664,3.296166055240298,0.9785923540018583,-1.998775259881663,0.30061733156644166,-1.4676348334010723,3.2851135529936775,4.390270829994744,-2.491898628496457,-0.48469731540823563,8.560656740982829,-1.1031490215657693,-5.282367134010314,-1.5360189617065152,-0.8584704086472112,-9.227303784758396,1.2391948506442783,2.8200927080666167,0.12678048955164514,2.747131526615639,2.813546187561448,1.7767917369096824,2.7672201266073877,2.367681837882299,0.5339729132552624,-1.8037851869011274,-3.8474855343948855,-3.6585556270436164,0.1455093136393675,-3.342749580187859,1.7640250293389523,3.703527949707577,9.20588960150413,6.964869288397603,2.7828617457416556,-10.33783619947203,6.228915851583013,-2.4974483700619494,-3.3203903148383627,3.1605772908097602,-2.3175677548749496,-0.38826835291127015,-2.6924099245728583,-3.6761141503475274,5.702538482350862,5.258631366750844,0.020025730140279863,2.9689265759384806,-3.271292439910191,0.3366217419413051,-1.747438028668276,4.198408114735704,-1.3673822831462592,-0.18689923382363283,-2.4850176895984504,-2.9986524847719513,3.2775358377118033,-4.860518374735541,-1.0892740788755073,0.37940583445511433,0.4006552476853633,-0.5334713681822769,2.4292607420010777,-3.336425218087283,-3.1723236045774503,1.4061169884902527,-1.7932369301362034,0.8474956648109656,-0.06734963866697674,1.445356615722796,1.586046982302493,2.4716476675822765,-0.2733920315428464,5.536251106522887,-2.0888036192975683,-1.1194935746900119,0.35645564126599116,-2.0983528418857036,-0.2650416770644113,-4.678842143237707,-4.210581538746942,2.618976785934941,-6.575704424697292,11.870858491570711,-0.04676306057306771,1.3100763162352402,-3.1202260037861818,-7.207731053830694,-0.35035731117576685,3.63789155785378,1.0377760381774799,6.082649851084648,0.24214181770995086,-4.4780145976476495,2.1879093036650197,-1.6448843944833478,1.783966712272771,-2.8353964796396167,-2.2944296829998794,-4.803429940923238,1.1061666463371962,-3.3459610839393927,1.0554048953810948,-3.8939949370910565,-1.9649823653268013,-6.153048394743517,2.822624980928302,-2.459826473018131,-0.2992243490733163,-2.249343322946272,1.2526922998330794,5.20204450167331,-0.8744040750303097,-4.569901397334015,-1.146666593077446,-2.848658329222353,-4.398186782224309,1.348533410741684,-5.819428733996956,-7.183711256338901,0.6920672751006361,0.6153845465931262,-0.1953509535947701,0.13510457224250727,-5.487413181441324,3.2175476321395493,11.03204615105166,2.28260936835414,-2.1467429622352174,2.5284101958498217,0.11272456261255942,1.1555084446646575,2.2708631214175607,0.1560089570848112,5.892428832942544,0.25057595794924725,-2.3240021421005137,-3.4005715746110035,-0.9707580386931198,-2.0899694088046266,6.2507681436759555,-3.755894362193793,-4.159323105262681,0.1205945246190332,1.1931074738078222,-4.495131988410548,4.940601979078109,3.649016094451196,0.5894231233387031,5.286186715089407,6.191570091843092,-3.8365763573467104,4.842077952929136,-1.3505151599476681,0.4786919857673094,-0.012115023503921574,-4.675523019582098,1.3224686835045745,1.1095615378103934,-0.2802407630788748,-2.6337283300726018,-2.504481328943719,0.8869863361504498,4.004186034989344,-2.4165072161608188,-0.7105106383844892,3.9423984550259714,-3.4190382169757294,1.610687513511879,-1.4431170214208116,1.0169150829769378,0.2803123614504724,-0.5071529481583189,4.575898177490405,2.471909168355756,0.5449652192872753,0.37457978143771054,5.347294351080958,-7.023755529237583,-1.7119811100255276,-0.9767705312072253,-1.8135019034940059,3.3609320106617235,2.2097168539357552,6.135066416170371,-2.754569464429032,2.16799367914267,1.471169839978833,2.043650996554867,6.560002332784,-0.30118147691998615,-1.8330844316579962,-4.179366418623279,-1.96536154746354,2.089130341145122,1.6086112311042347,-1.7736404425733734,-2.823133340924256,0.252968058551353,6.478110749325071,2.315020454478221,4.787588972263078,2.9141507141746423,2.575595726356461,5.869766879696734,-1.1018076098102916,-3.252908219771944,-2.4960038686751247,-1.930955843628791,-1.1948202190918928,0.6009420581732062,-3.1647293908209027,-4.894234660193058,-0.13292623658773475,1.090716639627259,4.30068914150666,0.5097047910213762,1.1130853159363645,-1.1985262896836777,2.6859996106861788,-0.2106288927961646,4.154205799528578,-2.7824339852785505,0.7560456527908515,-2.9716254442030468,3.6334920032816527,1.1640845854897268,2.780434160245606,3.006540435531616,3.7075170157743185,3.4833951539881918,3.4883253825830502,5.2703374045006175,0.6030600966329074,0.028774016355893606,0.6356798560683175,1.0816778518379018,-1.3768416943911865,2.5453884582104935,-1.0798109259042814,-4.8200712955407985,2.787791669192912,-1.8705660174838568,0.05612516829355138,-1.774412797746046,-0.5867314376076816,6.109217927596644,-5.318613161091516,5.839745440710908,-2.753962014835537,1.828517680280273,-0.6216556034606935,-1.5685644439966857,-1.0192652152420747,2.323572846763124,-1.7623798856726052,1.5636643072245997,0.427224084139754,-0.943131805578258,3.857109422371099,-3.934182588151562,1.419909509150877,-3.5740497695195605,-1.5229652721208666,-2.060973900425597,0.6949148241484009,-1.2443426277973688,-3.555381475303306,3.8759996438798963,0.8662635937616322,3.3171144531392356,0.13227878984882846,-1.1619543629205058,0.629634051422369,2.5724697831014054,-3.080840727135374,6.376098796605701,2.3932679638958483,-5.424939971893345,2.972208001675203,-2.046333112675791,2.303181103434447,2.826518831886068,2.4857043098077014,1.5011285831975005,-3.068535578264921,4.305833973496265,0.07737708016587286,-4.889982732333451,-4.466629392626034,0.6213034015398196,4.6904148966110295,-0.9336655928952595,-4.510511137823968,4.189740697746393,-2.236160626044746,-0.27873372683909914,5.1526183239107795,-1.0947791962119184,2.1405455805651363,-0.1515822597214047,1.0911898065297865,0.522996682939817,-0.11244906152739487,-2.9590605279266065,-0.851828864078561,3.2349096860628923,-0.03375712593541946,-4.041191865710699,-1.2256327513147292,-3.249093405716954,1.3889307989079973,-2.6578633622122787,7.411360214756938,1.8280931957777908,-3.325987951230099,-1.6586307430754668,4.3914536940939435,-4.710847790414968,2.4479234299319983,-0.5805819999236249,-0.23294472163391614,-3.440578280864247,1.8191750495643015,-1.2373808835964404,5.700053655672592,1.387481794811344,-2.5068314560411817,2.775885248988164,-2.4465188518738414,-1.2079172764952242,-0.1903707234329577,0.12016042306710739,-5.788791729632322,2.995762888558189,6.086115700080994,2.799684367892532,4.952190517372976,-0.7289912877716211,-1.2037862863170314,1.2108145708911042,-1.7890637711246091,-0.9367167651649287,-3.1036500900669335,-1.195597159358949,-4.129195413053447,-1.9653716606026532,3.1533724198652653,-1.8238973815306545,-1.5223356662392051,-0.8129765821781543,-4.913092035868788,7.850843177060302,-5.8933580000150805,0.25721172304137674,0.8109445451670364,5.089675619393595,0.6256666784455862,-4.821005822063763,-3.1727367196002394,-4.4835192214488,1.0074445524486646,3.367778095336801,5.666150566382703,-3.1275747247063626,-2.0510784054404003,-9.588009011553446,0.8022114112725706,4.044871611826968,2.5936982920684524,-0.5032487623589901,1.5293376601601207,3.176233927774891,2.6332019149929984,0.6357284192499011,-1.6916208932407377,1.947796526618648,-2.3557605707493847,1.3964396879666987,-0.24955938386107013,5.159871329072444,-1.0441151651429328,4.383927560340256,-1.4098233501229598,-0.016610294406272264,-0.7473438796433549,0.2646408448003261,1.8225095571460677,-1.6071968183944558,4.081495970632066,0.009234671125230576,1.15466775130593,5.279454327757975,-1.586039444274581,1.7557290667347112,-3.4079021822008233,4.465010036463715,-2.9298016875380797,3.8534597630236487,-0.7427595223583224,1.231849602929196,-0.9559186594126724,-3.8880145668304187,2.459522757854048,-4.483732048947528,2.449433478927605,-0.1854650998614935,-3.572481541502672,2.5940479059845702,-0.26992559210625494,-1.5786964887669148,0.76010099899693,-4.4960818592681076,-6.267490949316491,-0.5626616831874668,-0.5929900641704786,-1.8140098014743689,-2.1502797600211734,0.9052317267367109,-1.4839217056983225,3.6998130858659115,6.804124950298162,-1.2087870376036252,-1.8442851060412302,2.7134196088936573,4.4729098506696126,-4.710077064991089,4.209530646867502,-3.912909249897723,5.0548871243771005,0.20663163117347472,-3.6933427352533803,-5.988673097173184,-6.498872263637597,-1.1491408786784327,2.6057930327252796,0.0189529847680473,5.442561174152679,2.609970392666218,3.388535606152808,-0.10275326949000917,-3.2759038597325616,1.3832943630702406,0.8023531699427249,-3.0511605498644463,-0.07604210015956647,-0.16736598926639035,-1.2163959972152683,1.149901728254367,2.1679657103020955,-3.3633160530462614,-7.3700829155747485,-0.1144069014105778,10.237825382098164,7.058608021064645,-3.1467745575557684,1.1586937656467442,-3.597396321227534,5.1968166287113835,5.504702009513991,-0.839761631926903,2.034516302493348,2.673036448814786,1.383907349465483,-1.7944662808522338,-5.504750275075361,-2.9575877763004366,-2.547387139013607,2.0935788285603287,3.3404336580260727,-3.780335006191337,5.01093119294746,0.7666547982083819,2.51631398823298,-2.518084145597958,1.9228099938314887,-0.0930354908011812,-5.33474916952069,2.0730403009808875,1.3371104359268688,-1.6216715153721792,-4.636674929443666,3.9185046730628335,1.0515112816847096,-1.5315128045193345,-4.41219892467352,1.6459883695447273,-0.00947078668840648,-0.3411378086906236,1.6863097878393771,-2.1765872518228355,1.6995494492366723,-0.7260874178807363,1.192166031513127,3.557806847551297,7.547267601547342,-5.0484616924203465,3.4287596683077846,3.542166303808815,-5.343946765645961,2.2071204845068317,1.2858226537455426,0.6884017513625668,0.6904398444143376,6.41080040284421,4.602522688807447,-1.619337490921053,4.804523725860568,1.1155402488355455,3.695170506463345,4.205656801429768,-2.8420299385091043,2.0931599325205834,0.9438737356710027,-1.5370568188923852,2.0684413742641024,-0.7017377102444633,-4.950025774808098,4.667911536338261,4.960404595421775,1.0914913685936734,-6.410431316636936,0.8714455032457231,6.826209370908798,2.7136279366451515,-3.2304623550409204,-2.3666971521511613,2.0414348980161767,1.5755390445477906,-6.459386380932842,0.05016999414006729,9.10604167286436,-7.492175597278756,0.3061290681088517,-4.871036232246469,2.080993611697362,-3.33830684199975,-5.201304540702376,1.647000549586402,0.5193748934845319,2.5752977644765576,-1.3253490038419986,-0.8459611105090599,5.58403102167722,-1.0765911851962016,0.6501294121202263,-2.168858012023437,1.3497236595543225,-4.022686971644949,-1.118983344119555,2.2557608339002155,5.304616213580365,0.20574142573685167,4.788465898717856,-4.810970887968715,0.9564185429127788,-2.526774241810285,3.9309107116585316,4.303980699349982,-1.3895069734161365,-1.7543753124683643,12.699935850879388,-0.1199502719045979,1.7577033317175457,-1.7126470569379562,-3.4134690229155686,0.23831873551222119,-6.623928703470002,-1.6502886538128576,-5.830921019723087,1.1277954762785964,0.7363706745891317,-1.8123928366172524,3.7647989502618238,-5.860092522755183,1.6142388786515567,2.2626603552440416,1.2530702164015526,1.1050323143071907,1.694591560465695,-2.8058143982086383,-2.1953104650945363,-2.19121939140237,-2.7294815225666653,-4.00337143981525,0.3165456360894136,1.894952605012885,0.4136624539043753,-3.6127315348291753,-0.23871949911868884,1.3696034867477949,-6.982225338579797,6.1595143871427585,-0.522899736499919,3.5793833926800023,0.7172551059878663,-4.699428912488931,1.5234259983667668,-0.8048289507641938,-1.9194907911582957,-2.1078018783364247,3.581919340667456,4.136561100192381,-0.1565042563466328,0.3858387497901653,3.305859565510147,2.2053464246720944,-3.3714220035200837,0.12672856268037097,2.5492819679025094,-8.391545459231994,-1.2930433831281523,0.30940491782540885,2.829235890800022,3.1191917987317117,-4.782878650574638,1.7545409083709937,3.248768421602752,-5.9673943240964045,2.4632485292245727,-1.8942513501696387,-0.9859924594938041,-3.947789184475349,-3.78077578525624,4.191942321810814,-3.7330592686044506,0.016428060174694878,0.5158405190929138,2.2542721137109143,-6.316766380094222,-4.746330326003502,-1.3186352465850113,-0.0043076637186323374,0.3985027670345434,3.9267062213014086,-0.16143407864914006,-2.20124560684576,3.443078942813178,4.626420601327272,4.34309456045029,-8.48248535543485,-3.7430574559649754,-2.3814024116938683,-5.70080663230795,0.7901286055848618,3.943400005500747,-0.8889903318455505,-5.685604225108953,-0.4429133057067174,-0.12728827380995214,0.6151444230632432,-3.199284504524899,3.6810319092581256,2.060945700233931,-1.7209132065873443,-0.07668037419272239,1.934362667015116,5.17164209183515,2.704650905340784,-0.08997608823618217,-6.037803304875189,0.4620167172714396,5.296371439741568,-2.6750126453980525,-3.1408958709208776,-4.350414849183386,-0.40598853687164704,2.306987412573935,8.603408549490442,3.825805672947855,0.7490871942847716,-3.4179981650015767,-3.6742521736449465,5.411818795091044,-2.4101620612292365,-0.762592494147065,4.870737933479656,-2.2812832870180815,1.364740049241025,-2.6832976400577406,-1.7745754076105533,-7.518749568091268,1.4824822931649766,-1.3810256557916532,1.9398354059255234,6.1275899185699725,2.8940445666267864,-6.401356941812557,-1.7409638662843425,2.629377552532526,-1.2684725980273859,0.25912446886759216,1.464676549544306,-4.838234480186837,-3.5897182937935854,4.9711852030689885,2.6436247303117755,4.0400931803428195,-2.1781682867790244,-3.4543090717783933,7.367056106162398,-2.5861527219968385,-1.1882065565940443,10.604809750530663,-2.9609542707834096,5.006979072491188,3.1492903392198155,-4.152418301983598,6.360129939392442,-4.852474980118201,0.17417071299232198,-2.6766337521287156,-2.686273506852787,5.126349935949925,-0.5224620411955199,-0.20521878568413876,0.09823744681160651,2.1574076006244924,-6.537571470573478,2.8648552993386716,-0.450187980018696,0.07056630911174464,-2.2703681182215094,-3.8288390094650264,1.5111723909293107,3.7907427277472348,2.5717061383612885,-0.4064472034451489,-1.9614062778861427,-3.39048646402217,5.411910739083658,1.8899525149372658,0.22228902778157303,-5.074689417953863,-1.144130378319498,0.09670511583875582,1.900318741617615,0.41434779487402784,0.1671685843740096,-3.0472057233456473,-4.335455597554576,2.806230336319709,-1.5695172671890933,2.061161938512084,8.564529471559492,-3.502032250113939,-1.0746863218567804,-4.711563312170741,-1.1275060141489954,2.4784038012008356,3.6328446413862467,6.25307448915142,-2.353226859781672,-8.429522219254693,2.907487145981941,2.4657890913461564,3.5087356866189365,-7.082089674601189,-1.7299699608757892,-1.5075470661697952,2.214002144736301,-0.5585074866347188,-3.4339525077239372,-2.338242344954357,0.8716143112009681,-2.0051969382688677,3.644730361823296,-1.3080170602565846,-3.3882813397091005,-1.2405798262936525,-3.0443628859817817,-4.196229638251738,3.718219866343689,2.5395296332503383,3.81447409662331,-1.1995429521975234,9.355407565744608,0.11198412461183693,-0.9534278614142133,-6.347756075419504,1.246930748271983,-6.521713145764107,-2.296480015680741,1.2122685938670648,1.0055920133554292,0.6596911933437025,-1.3545731862775685,0.6941606987368691,-2.1786387505495846,-4.743945606113904,2.710064805637974,-4.661838826384491,0.3482899013084979,5.462214998363109,-0.9830851247573353,2.320428927075204,-2.7329343339431174,-0.34965223371263626,1.0674194437450697,-1.350421026757725,-4.725682898173,2.086587539447479,-1.5919572165013953,5.444262581754528,6.971060950106256,-6.633382894356849,4.984488792176722,3.0376713621774467,2.6380632000405533,3.464856693235964,-1.7712370636199677,-2.4821631193915947,3.1350639837005096,-1.0567135258063247,0.6965537973471817,2.98163502905045,7.300629847827848,0.8518682444763205,4.228850267720198,-1.5338574674043048,5.576267489862461,-0.05129690444060209,1.4662087735378995,5.503092230826256,-2.4393392241059897,6.508741213116598,0.5366959270964614,0.6028909950119414,-6.665519920090154,2.70617003152395,6.147929954717818,3.082527347918412,5.452501493401431,-1.2924374534581062,1.5744352232033498,-0.7374566833365962,8.539022190932231,3.3938855374796795,-7.070744682356569,0.7239206806297588,-2.6464141682698723,1.4761391425844468,1.5027838329667391,-1.4188671329264813,1.8106074541847514,0.027465569714723817,-4.25976514394138,-3.6023438747541743,2.448550027126849,1.088679150859509,-4.003139299327996,-6.147460431483829,0.8625631940325105,2.488366856670211,2.096329348878573,-5.015932780808199,0.9648157002503044,-8.363197917104227,0.4580821071903627,3.124672819802216,-0.3396429989247469,-0.26623349685642705,5.860826835481132,0.36113503699467864,-2.4603570275087705,-1.352618210167724,-2.8528305754049508,3.1432633043547042,-2.3664814560784913,-3.4589288589745824,2.0550036821783007,-4.807361779406968,5.996662805762581,2.2191267605927862,-2.3500103736688587,5.310008322087305,2.1982040881189966,2.2885852059034084,-5.095857732619459,-2.3397690195933145,-6.4342268112026755,-0.1345118135036425,-1.7217870719137311,-2.554792465188312,6.344802736040149,0.44256789019322307,-5.588641406800925,-5.893691953208837,-1.5788305994564795,-1.9370380913467014,2.404231124625311,-3.556266657372492,-4.9579564268191865,-6.866915450775952,2.2650186344308882,-0.9961358852339117,-3.341387720652385,-0.49844340066558285,-1.3034874125243534,3.1781287728963212,2.783476390250612,-4.76893663370216,-3.161422302401843,1.5344513490056901,-0.3018182543163008,0.2890646521594331,-1.2881812255036769,-6.549675264048575,1.7099557823297715,2.693563253467942,3.8287307462157996,1.546174484034427,-5.050897474259035,-1.07133895020563,-1.6244625438982139,-0.4470533735349197,1.81711105044598,-3.856981796002316,-2.323688225545893,2.352346127687022,-1.4121281027899015,-0.41760699285111835,4.828574608161208,0.41325612542799706,-0.5352778225341619,1.410794461473123,2.5936050800801995,-0.30479150686460077,2.538024921887801,4.203267523789422,4.385648385221612,-4.988780389966241,-2.622555228265396,4.277680027793437,-1.1091254675773343,-5.022490932999842,5.051117741243512,2.0829778902619944,3.24857416499278,-0.05097359333553192,-1.0610776284689378,3.1925167964469505,4.717767777228913,7.296757308194616,-5.7761475125773,7.401267541999725,6.324412467047582,-0.023249215163486325,3.4111306386119855,0.2553760300173317,1.50537069659403,5.458208679572422,1.4904086013195852,0.6623118162360031,1.7318493200158676,-1.1646475596662662,-5.677733462669274,1.080405575468562,2.8412474485405403,-0.5532758927380252,1.7301937917418626,1.0203955643817486,-0.3423879999895023,1.0030186180786234,0.30033462156894764,8.665566886277979,4.9201276411044494,-1.6285936032361197,5.347779662735572,-5.075977253131537,1.2248586777036186,0.4823624388789153,3.048419525014491,-6.235204274207502,-0.02413887388148417,3.2549665338966873,-5.586357700649932,0.7116756197026536,0.17931935084735995,0.6919794619664499,-6.659307607391642,-2.3067992233605814,-1.5872212690389866,-2.448386667381384,-0.44290126534322616,3.851152428698179,3.7180558344788905,2.126941779624076,-4.088695050468446,0.8910452671785231,-3.7579684717392023,3.9218991338188713,-3.0098286750145267,2.9555037378615356,0.3159221717761428,-4.40560810395443,4.581421589639028,4.136183577904911,0.008114090665021945,5.48719609210558,-0.3723876182449602,-2.946749895780992,-0.6521504071467814,-2.675691421900024,2.6767782205485675,-4.608690131596591,-1.901726651639128,5.484244012796983,-2.6774818995566076,0.10976020990517182,0.5338648018034852,1.491003574429235,-1.24402409523219,0.7406325522080945,-1.9830992763163868;-3.470352343335319,-0.31579344508341745,0.524182472377452,0.49143323596747646,-3.198971726506208,2.790487556788636,1.5324179648935659,-1.7913775859651988,-2.641346215578119,2.789473350289917,0.06076156885797046,-0.7171101094635576,2.6407988627057843,1.6528293060812718,-1.7585102484515107,2.2864807154970137;4.361722748169213,-2.178370630194312,-2.566419029125531,-1.1627938383516092,0.515026779703032,-4.85926991205192,3.1121106056081964,-3.7980654484726557,6.508955628131018,-1.5084511916707162,-1.3331151097729084,1.7609180794691979,-0.627028136397842,1.8837706711263082,-5.56998749195345,0.11104637468693712,1.848986364723246,-5.662709532502219,1.7345768787234486,7.295302116025473,-4.115207742733551,-1.7818693522038302,-5.32395173292104,2.7034872003981265,-2.5695288245757504,2.585692400723212,-2.751024815176911,1.8702453437415776,-0.8091709951540249,-5.612729097594217,-8.382937882852813,-2.187362956299763,0.3177877980381589,8.468525329944747,-1.9882291705146558,-5.74643268748384,-1.2048851006430845,2.7975010331282655,-5.316502757560658,-3.9398964162776298,3.047277094226187,-2.030413773508825,-10.337940816952147,3.807133675610432,4.563244130001596,2.3392958334165117,1.7862614332668914,-5.054676602272345,-1.725893144312965,-3.702450914724829,2.7844379218986663,-2.2378679331358677,2.7214385050859446,-2.946691033852603,9.105842406215913,-1.5537596371320004,-2.6891339672967955,-4.086014933290225,2.3913476352535383,5.4989358449177175,-0.3846191710290094,-2.69193505518749,-0.14835706695231005,-0.5179408453371593,4.485477575896258,-4.160697213010163,-4.952117825223027,2.627732683458105,4.830334794407923,2.767568336659836,-0.7975551206600064,2.0429039896659793,7.8614806642102035,3.9537282786784216,4.8226931410766145,-0.9202803853662423,4.521705529909723,-5.469031834696441,0.4378694447162825,-8.422394894345086,-3.187939480857743,-8.080507510818858,-3.5662758630801115,-0.29267634842877954,1.891088424448816,2.0896933982070296,-0.7679265196092318,6.6656079116602935,-2.546192213839991,-3.309805400093872,-0.3775680228197685,-3.097502766490779,-0.2976052817555588,-4.237243919323686,2.0194579289052905,5.737957540487077,2.7409204140198042,-2.250071423174406,0.17294722230627868,-7.421519914759667,-3.8954019505267805,-3.465109654745054,-5.525654191493032,-3.914800686434597,4.272492278972878,-8.423478809419697,0.13238819833261362,2.8507369954437864,-6.075124941132037,-0.5528325443791209,-5.790702499062389,0.28689296964289457,-1.989191679017205,1.6286802976068588,1.3290028755126175,0.2701307705513749,6.9395937509942485,10.136124942461919,1.796135132501702,-2.3478357106711174,-1.6190585333616818,0.11355495802902033,0.9261300618146208,-13.802518843482007,3.6598904182805585,5.157242902583448,-0.6065016934061678,-2.877444300760258,3.26729013558003,-6.215394135467177,1.8744263600408442,-0.5475910080908046,2.808740454480565,2.0290351555287494,5.957583290995627,-0.8632537372636799,0.7858612401029604,3.148248310437345,5.655046319714485,2.801172745141754,-3.8385039165845303,-3.069678538088248,-0.021584546707665686,-4.2588841651251705,4.120424869322073,-5.667066194771516,-2.048073406439422,5.289196032306439,-2.3868427443488915,3.4419931313713574,-1.9262552922479084,2.5470551802203607,0.9124815843613223,1.0444037793768566,0.8618364958229552,8.217310216216031,-4.387906069927095,4.6956396888396,4.596588238176489,-2.935270503928983;2.190817857763005,-1.3476828537080827,2.156221303687329,1.8461704328245845,0.700699852331399,-0.22985937880321683,0.5474645782725236,1.3523165248282334,0.582353565469838,-2.2824052109303223"
10,1.3788803853494727,"-1.0097159369791544,1.0521163368591004,-0.4224463906828073,-0.16473654201932209,-0.673193303244985,2.362864030147601,0.6941573811061941,-1.6473390721903933,-1.5935450932883963,-1.3853064604394678,-1.5190589571980424,1.571721134565949,-0.3253686703777311,0.09656573020849235,-0.8371131705400235,-1.7397740629466685,-1.2192832802955291,0.5542494080811569,-0.9646362404814101,0.774837908487176,-0.3472707270547719,1.6157154081211103,-0.3855240918185179,-1.0869602559700495,-0.6899937634386111,-0.44859560111448715,-0.44646660893505863,0.4704445994584516,-0.9598085985445419,1.9481487331219962,0.40660876766466947,-0.06518559261215962,-1.783264728227448,-0.44628644251425664,-0.3652785009079924,0.9231725448951028,-2.2776852344467957,0.6011642591324746,0.7274042260594574,1.9721806471291465,-0.321424758769623,1.0356275058230664,0.2537956621192192,0.9576829466324497,0.6971934010237426,-0.47613888866727394,-0.7954555330134134,-0.4400691938226728,-0.33857960175841106,0.5855385766797268,2.5578293177925007,1.4739313699268852,-0.31412802935295125,-0.19125821917838137,-0.5406862059874878,1.3213018873785876,-0.4695037214574844,0.42244475169548074,-0.5792036165664594,1.3555136298411734,0.3407909283112427,-0.9683674913237665,-3.1674092182309446,1.6757853238720959,1.0441118578660364,-2.0101004422551796,0.03509384257383774,-0.3201476021496843,1.8703573145463162,0.17612603171878805,1.1524681577352354,0.6590336218364024,0.3248540595274787,0.5302808326391372,-1.3892227185783428,-0.7480192084121813,-2.065769569171691,-1.9031106749033362,-0.42643656525667417,-0.5495515044033437,0.9430210517396262,0.16620458569703822,-0.2535344407351945,-0.7963083013798635,-0.5875086628722408,-0.6562389234670847,-2.124415348989154,0.06597476172174033,0.7606617023456745,-0.474514937805221,1.8419343967983424,1.043658287363894,1.5715596907914346,-1.6636477804447605,1.1177932260575365,1.0705844319921747,-1.3614689947963887,0.7464168825009774,2.644730030180945,-0.8039471443893538,0.2511906733298096,-0.8363375264105354,0.4369366413517527,-0.7635556373438109,-0.43266931910270184,1.281752453807544,-3.355262969517917,-0.06027139391468095,-2.0912735982179917,-1.8966909112514903,-1.035442794380908,1.5054916714644018,0.3942492917379527,0.7719329827019937,-1.2999042432692973,-0.04937894333758297,0.3729392005452672,-0.5219277568864953,-0.31568150768408687,1.4028151657226249,-0.8580375696907284,1.325425748137651,0.03167056585359482,-0.755733819958049,-0.9094573385749793,-1.3204967297369956,0.41856554231173904,0.4051989343108704,-0.6135869518647769,-1.6159540148321296,0.2525037462710124,0.43796401728616857,1.4613296292959104,2.840605090020176,0.3208993401142073,0.5971256957502223,-1.9542702931811928,0.6896094578318075,2.745966786296306,0.5385797680689243,-0.26183659095209233,0.22808625411038796,-0.5707943627611087,1.3992300011702703,-0.08313172778275835,-0.8201542750672333,-0.25404198805775613,2.4377133678791005,-0.03700385154858993,-2.005786470314285,1.3565518599040736,0.15349590951832492,-1.3950320089614037,-0.7109177508096923,1.5726926343258356,0.9625106171130511,1.277205445609296,2.357086604736645,-1.022316029840883,0.5163541959628375,-0.8321950507320914,0.25019650466667276,-0.4165390227908206,-0.8281556410287818,-0.320740584652462,0.5766131103062894,-1.4908717488294456,-0.1341850385205059,1.4532292105554592,2.230808348951101,1.1929421058097742,1.1787338524597033,-2.8846821135768437,1.8101608820796522,-0.9425050161125526,-0.6439857597370877,1.510560135054404,-1.0056975382929447,0.13461062708258448,-1.149286190203623,-0.2291120012605785,2.0792222482778646,1.1282217972733848,-1.1503416913726605,1.4969543499621305,-0.5413243812826136,0.7511465463923728,-1.8374641955367612,0.21601124566188634,0.6890315132509774,-0.7514820050688934,-0.212262193917796,-0.7443779391864715,1.5689912447832144,-1.863055325531307,-1.4638143021542622,0.30640842310646693,1.5712743560277924,-0.6476949127621133,0.036169299884533324,-1.5574255898063225,-0.6962243857719718,1.9746281858971038,-0.026837737085210422,0.17395938216992785,-0.3937666829282653,-0.029327985540712698,-1.2123730682272025,0.8048705280339382,-0.5478781253001045,0.8345868832389098,0.4257100499957607,-1.7721198950604604,-0.10021275382693662,0.5724862457930586,-1.2314915827435802,-2.6003787718662172,-1.0540991112474625,1.156712972802735,-2.066736538065439,2.6937508516305453,0.3519164712111228,-0.38977960405906176,0.35714387469743514,-1.0628297846627919,-0.20389848201294825,1.6357192592319727,0.740658485276194,1.0421534006715558,-0.5616913225248914,-1.8089665471559706,0.1552665472441499,-0.5426979566073837,1.1232982013386579,-2.2833328638559736,0.2761359681050062,-1.1974496010894127,0.2219922978475813,-0.35910547477301513,1.6480257915868064,-2.188546898683344,-0.2569863515487805,-2.8851122793517545,1.2363762253670354,-0.5335292232439087,0.35113828307609657,-1.2475513197234769,-0.9477524659261478,0.6963538011825596,-0.7418460168681285,-0.5692116695334275,-1.5215522901502203,1.1927303413690673,-1.1813593349102103,0.16388160819196596,-2.325195135957661,-2.28559598803575,0.9821998965075569,-0.19930941272943153,-0.23145207929800848,0.5763873167451812,0.07360460146815528,-0.08521311965418743,3.887869599550817,2.590614069707562,-1.4666172475800219,0.9532411794215666,-0.13438243036965558,-0.0558793404832727,-0.5156880504524817,-0.015982767158135264,1.9179303176373215,-0.6544283105212656,-0.23592796913030212,-1.2913800101576085,0.06817073097717613,-0.5387798240683823,1.5035798278644423,-1.0645157062106316,-2.0026108923917696,0.6190923763082963,-0.03710494996021796,-0.6282546676714238,0.9470446447489733,1.116971559132347,0.5655504771857023,1.067648790277122,2.6082052695104867,-1.0900335160428667,2.087453356060565,0.48185868687454003,-0.8140715864514629,0.49889624847947167,-1.0943851418897108,-0.9350087412953689,-0.3835245648865928,-0.3507675077602355,-1.0998836382356432,-0.6948150400025871,0.8820332455464338,0.47559928651125327,-0.7942680935760793,-0.8256352429942562,1.2976040211569257,-1.1995698524332508,0.7590134205025967,-1.0960239890548276,-1.3359476854452177,0.2428849724469907,0.6831273682304283,0.5326055154845037,0.6690562724428231,0.0715417925030572,0.6590712438692656,1.142027465165095,-2.596375265093209,0.45356004641175707,-0.48198515496117394,-1.1175970067467267,1.4956773919229893,0.39580364415512803,0.062293618807431006,-1.0767987371626668,0.5404361285802486,0.7865875415166754,0.7070658181244388,2.370908670047619,0.13597517096865502,-0.5253989649207946,-2.1976547557775477,-0.5466003758601286,0.4444462817206866,1.3346661954322925,-1.7050155585583648,-0.772481760225781,0.4684818232269094,2.1111107479304927,0.8368000432203508,1.407696142064423,0.5951327247550566,0.24047075373873827,2.1762143566140564,-1.2193011979008468,-0.9672300918363398,-1.1917487404308214,0.09465187145596721,-0.6572770382208654,0.29880614576256614,-0.23693022947465248,-1.1278101268482839,-0.12704051706089184,-0.20719761461744468,1.637304196577149,-0.12495509969500718,0.15801099770746818,-0.3949863783055303,1.2340529054009384,-0.7861542293257666,1.2269750240975292,-1.1959656982392122,-0.1834797219717582,-1.4333648186720396,-0.264792846944347,0.3182820669008077,-0.08053505020127805,1.451877914614272,1.314566001172973,0.27817141198246165,2.3190131306689516,0.8175897156342289,0.48455850727672634,-0.08774485717405395,0.45854678151728023,0.27405511087943224,-0.7730286450543209,0.16543717615970288,-1.1147365221853127,-1.1612217129025764,0.5052739689624379,-0.39859257618618327,-0.1523172091218925,-1.0905000914006784,-1.1426236351442431,2.5277193137875456,-2.804465955321112,2.037560859497539,-1.1931153257793472,0.13105041200206013,-0.469804524505807,-0.20745257116342697,0.2260208458670746,-0.01014741973759159,-0.9006152140746067,0.46416734003585647,-0.47210072796376423,0.2099098855680669,1.158367600225892,-0.39769340371702566,0.4912958124886276,-0.4780348542599311,0.6777078317236076,-1.7399541664466116,0.7388614619929416,-0.605467766288045,-3.2728771536981887,1.0016478071546175,-0.5661281005897645,0.8393827874679819,-0.6458861721512831,0.3955209615284039,0.42163086515601056,0.45252344155262636,-0.00929620801632769,1.8721675391569355,1.004897639267017,-0.17508573102505576,-0.09878949626984634,-0.39667344683588923,-0.7105862959215774,0.5878052349366363,1.2169379481823586,0.7641902655582858,-1.4290445312984223,1.08166515709848,0.31798592572384476,-0.5490982815007581,-0.4465598444370342,0.15609740017288298,0.6051397655244253,0.08963430535638683,-1.5558832507167935,1.2061562594515765,-0.22086414518482578,-0.3647412493646423,2.4049042710594932,0.036439067757533805,1.834174326752156,-0.8910759935007471,0.9751442924966218,-1.0338999133002345,0.47028709895876175,0.24972572338761267,-0.8341529895504294,1.2424600776866488,0.4627455947637633,-1.4368270931165776,-0.3340882669682707,0.00345605285010242,0.7738957343172952,0.16415179134906732,1.4411519434768625,0.6694105123624945,-0.9720824280388297,-0.1475374842711621,1.0721616191476917,-1.2159944601121127,-0.5995478272425085,-0.3956121385550433,-0.09317637029087386,-1.467718233697582,-0.604965617674819,-0.90261159535058,1.4045340186244444,1.0951691531130217,-0.7871902114535128,1.1253423773035633,-0.541188828614293,-0.21892833945936246,0.5589458281433609,0.01838466166536107,-1.0303886633137598,0.9339861025186317,1.265729816035138,0.1135545820448215,0.41016698020887876,0.9140223634995116,-0.7631870751159031,0.4370156193435455,-0.9584902761344017,-0.470725197351529,-1.2173265510354574,0.0663108701940956,-2.355920304185873,-0.6271671469766202,0.5047426161173175,0.18894978876429513,0.08424295733269693,-1.2493647073046892,-1.8723447325377043,2.2052277004622773,-2.674130090758819,-0.34706075560675764,0.6874772932517927,2.552466220383675,0.6056725967540353,-1.3091331964896007,-1.2422442414208832,-2.0012250567695755,0.6040133215974245,0.8036178409097092,1.7029466706479754,-1.5007637056653507,0.08412819852884179,-2.6839719912968323,0.8483809868461303,0.2874485082037337,-0.057421538293017216,0.6782428005937229,-0.29888486085732646,0.7767699728209716,1.3442460210143505,-0.23675107279262353,-0.6889028286569722,1.848047943968483,-0.18905209872759388,0.4081043685774615,-0.45078321474419975,0.9970771363889046,-1.2597116075840407,0.18607800777532635,-0.7694451932394951,-0.18571267326280289,0.2620863695152883,-0.2173460561035262,0.9091334444809244,0.34938629973019075,0.11662870269732117,0.6909218446657255,-0.6590517308303634,0.05143688176693484,-0.7710661247448689,-0.05745125914869775,0.9445938636821629,1.9601456492958835,-0.4167578924878843,1.2232568008997062,-0.6139098084494758,-0.4397450066700168,0.20160311930706126,-1.801082884732993,1.5376823317987791,0.4860056817126135,1.0375148271009142,0.23071797805686145,-0.496355044722007,1.4133372856976822,-0.8388389216936201,-0.40997160188055987,1.2216378865923359,-1.316766230310814,-1.3049364970996011,0.27343068296711465,-0.14763319327398688,-0.9289531324420917,-0.3061982923655877,-0.10367992935584813,-1.5937214878959136,2.3705226857452,2.5263071265510524,-0.8296735450337736,-0.8308179035062548,0.9852395521157683,1.2488554645145353,-0.804236019554514,0.009782277943260365,-1.168578774957956,2.072666589764309,-0.05716607522010453,-0.18263218638446999,-1.7752122322175676,-2.127679699552368,0.020217791326179402,0.393027965828729,-1.5939794008310018,1.18952722691798,1.9107588398486945,3.0460715571944648,1.0162998981487354,-0.3084072797190103,-0.9265919706097716,-0.11492245311579641,-1.3330198147507895,0.28640645768171347,0.7160535939370062,0.24892899413909175,0.49686351752876423,-0.3590544495699526,-1.330190987804116,-0.45260103869612145,0.6450677037275527,3.4400878281164,0.5648084393897377,0.004133411942146115,0.7053610783922563,-1.22082087702383,1.3647353408854492,1.655446594212214,-0.16242467462296906,1.368313693521192,1.1769745677893677,-0.08093849612792348,-0.18670964921867794,-1.8389920566215094,-0.5577512840997311,-2.1780964911128473,0.6680337999080039,0.9977607536022269,0.28097041548615875,2.0174314399963196,0.3680028475943946,1.4133352683692306,-1.2975586658268674,0.23325626738982752,-1.0116110692844344,-2.0192834674428917,0.19822188701781118,1.4040397966950158,-0.15190612722979235,-1.2772337177590907,-0.04484570509876029,-0.27480060203697554,-1.6281910043058438,-1.9440350819175056,0.12230825638442255,0.8599086612232496,-0.5878370217184954,0.5007065495671607,-2.2958727330500865,2.0761450987211854,0.195033312137815,-0.6784994637611356,0.8944844715163692,2.056852316974084,-0.011930413725901534,0.20339103423881388,0.8027805996043995,-1.3650091081415348,0.5455054032861655,1.0963458707092926,0.0715950246459805,1.0414220690697904,0.8710635313261657,1.3734339524945176,0.9847509505443937,2.06284928177749,-0.20966831797677954,0.5458535748012205,0.9138136329765998,-0.8819341596909178,0.842527333038647,0.1043404532886506,-0.16481335378859097,0.29892929097156684,0.8160196297462776,-0.589408434041339,1.0356859424605596,2.396576768095563,-0.22511115178684793,-1.4130521911004998,0.8034225067318133,1.5598531622656266,0.9238790650857867,-1.8313448314939127,-0.28383369109566836,1.1663954774740475,0.4674383802466269,-1.0374549007382219,0.028391148699257296,1.3351535927196156,-1.8587008355679164,-0.37778754552780675,-1.5216468091308712,1.2465060638584693,-0.06197993123141732,-1.3612018241714978,0.251442767600936,-0.3226535834055878,0.42402524590930635,-1.0572736241899396,0.09163188705870856,1.4964611970837682,-0.3237870212178633,0.9706317023097005,-0.7529615524258413,-0.5263171331561272,-1.0990340956591007,-0.4233408707295636,-0.21973470811750007,-0.38897485860564807,0.3072372836133064,1.1699353095322986,-1.4190254647459348,0.2973198378973201,-1.4208654900355042,1.768833731097751,1.1922231648092376,0.34875719483004175,0.05148951653633338,2.2087601681312936,-0.18049966869095763,0.7327358837372592,0.2610739285809405,-0.45236694904132735,-0.20169399410007333,-1.858532984360434,-0.3396934466483621,-0.6604408208553063,0.4019024831952762,0.5017665151946755,-0.38457697147774716,0.013173676453439143,-2.397015635538569,0.24899215667237248,0.1309255432745391,1.201245869037067,-1.258148083978826,0.39232019931389817,0.039861006461171744,0.6670359879411372,-0.89432051430277,-1.1576836374241233,-1.7935028379527977,0.6261929189265265,1.372794576479591,-0.19638641339999752,-1.3327184058141925,-0.8031213626889354,-0.05631499513710714,-1.2476574749608975,2.3438364875883586,-0.2868704837708519,1.074808330347456,-0.7952920682253235,-1.7294893145947412,1.033115357011886,-0.21522597340227578,-1.7122797498316364,-0.5589141938432602,0.5714456656320968,0.32678378251838547,-0.017079747699810077,-0.26761306175505095,1.1853009922745132,0.6087993898271749,-0.31445594432262425,1.0616959530611765,0.1932970796762068,-2.177656733291152,-0.5133535223957051,0.06911585253989921,2.0215986329629225,1.5254890666079024,-1.008410511978359,-0.4832810903924645,1.863393462726507,-1.2749630640835206,1.0773395917213784,-1.5332416234666788,-0.45648565172391276,-1.1745211503211845,-0.9244477623826757,0.04762511719223883,-1.531019661231837,-0.39444001047625243,0.23073338084673517,-0.6181159633407285,-2.6021501516779857,-1.2915726342075167,0.3053752701129254,-1.0406313788067134,-1.0234122230452627,0.05384079109919515,1.3565089479608667,-1.3522598370097743,1.3830621174479718,2.2339658101031943,0.9687586314952394,-2.656878225645006,-0.9726694239908799,0.31099224058901065,-1.5336428164774274,-0.06876274682576211,-0.40517983883401465,-1.0367700750978694,-2.2434705462978943,-0.4782883655987248,-0.48535163639341006,-0.6808156082739919,-0.3873518017977944,1.370831877754448,-0.5530803521242889,-0.7295093100915157,0.20522437649720016,0.9550256907381964,0.7049786088313379,0.7227745156791351,0.2337228451440454,-2.2118928254587082,-1.2835115318706622,1.1029331145795804,0.32766098359798734,-0.4309692557379714,-1.3982285908995957,0.14211505090566978,2.4951317306079273,2.6639025890233876,1.2246281017185918,-0.5400936588064531,-1.183604137195593,-0.431530115987923,2.333697264183351,-0.25426117784681845,0.3627646367617323,0.8307011758931273,-1.808124236141761,0.5040552025779763,-0.5912596943641601,-0.14072141913289138,-2.808231470026912,2.4181974795764245,-1.5371018572220085,-0.7732504301738725,2.196986516986304,2.4302147835128327,-2.1342149062605893,-0.7601521608235817,0.9195657414345467,-0.2011630847895537,-0.0014495085926796158,1.3792234719196659,-1.3003792208195706,-0.15575272246833638,1.9965043329460108,0.8539978823813739,1.8176380908315144,-0.13361647047868064,-0.2529996425320249,1.2464774123164655,-0.024776737220898015,0.3122850519968199,3.9193048859258326,-0.9721276929170067,2.110297331599101,0.6987843514716572,-0.9262394597847385,1.8313103370904416,-0.8494355135795539,-0.22659461000560696,-1.4709621365231922,-1.013779648910966,2.1119889298010888,-1.3559828505654683,1.257142659170028,0.8761976691276401,0.6643066940356229,-1.6634949757207194,-1.2136163304728438,-0.023837833196152396,0.9206229448752554,-0.06903371490167709,-1.1878754266631255,0.48153301067341325,-0.08118307079101506,-0.012279161302294339,0.7703809068430383,-0.36370978872056003,-0.33974659142371944,0.5357641708390806,-0.30478606124167507,-0.10315231897021465,-0.11834181675390765,0.2342577296112599,-0.8325012349259727,1.1945538307081773,1.2617333631095853,-0.506381610063422,-1.3398918245954294,-0.47517668034789584,1.1605674198606446,-0.4223758827254738,-0.9895560620561823,3.2671137621189126,-0.41057839519098205,-0.16083682287309986,-1.8665695205886248,-0.08424573187045786,0.5470755524246761,0.21290472816847084,1.5837410840974058,-1.4046352440473344,-1.534630013223456,0.6187765957638149,0.42841177064498703,0.5462929137419887,-1.0066972567383017,0.06411333924859253,0.1747133408482826,0.8564995610330279,0.6304001231210062,-0.3504144643459073,-0.8474264180562119,0.4076435393952435,-1.5757946842695665,1.4502588950126523,-1.0328545135002942,-0.696529690800546,0.47855156549162026,-0.947501054429047,-1.2541892182490244,0.7400126797308755,1.0569776478250752,0.9933960103011179,-0.5138836400904022,2.746970427285452,0.694239374846515,-0.16004056284862178,-0.27683741318666977,-0.41926419868010933,-2.126019814851205,0.27429524199791877,0.9674080838363663,0.6436329097373317,-0.48673511735682956,-0.9827036925475316,-0.47497466876735067,-1.4134482004089532,-2.4692652810121625,-0.011348459010054324,-0.8217169162734135,0.05164860846474077,0.46535773974603556,0.9433710796828932,1.1526394152515973,-0.7495703650529821,1.5905129445468333,-0.08580694720646687,0.5892645785780493,-1.3892740635039882,0.6013429488970812,-0.6415850065614548,1.2690904966408616,2.6385474258961223,-1.0363855065500043,1.752355596241206,0.10073771940576459,0.3384469662060541,0.5943337532480781,-0.2795397781480946,-1.2926566050248105,1.0242264042607727,0.5064266629610311,-1.4072484272337211,0.9088912169754328,2.831520082979501,0.38741211433305156,1.7379714853496016,0.6379510654892695,0.95248471082204,0.19668168976147354,0.12587016752151026,0.8924968745333302,0.1022787185819789,1.8468606203675673,0.7586971493483096,-0.2908065651511059,-2.413317157901518,1.2864306402484884,0.959470587882143,0.7717633811683311,1.0208763916231005,-1.0297088726777348,1.4750109479746354,-0.6842377984377442,1.3785878429269878,0.40167028975708496,-2.5597660682248167,-0.22973451562558034,-1.7792687507772296,0.5880822375871815,0.32452347201052734,0.08364298470201775,1.427018284676223,-0.08920980483767481,-0.8352749142328777,-0.6711082186605353,-0.5162555248867187,0.2308908953523337,-1.7526280236716445,-0.5142157968471222,1.3320327566052534,1.2399269992833748,-0.5486629018879732,-1.350198126189174,0.5045629637098001,-1.562588608027779,-0.47887992919152916,1.2817192416126786,-0.57650950454993,-0.7124038359634305,2.5308202442120296,0.07304914812874108,-0.5447906089024782,-1.3476197111686645,0.05879775234267748,0.8112767766805977,-0.27764553947373094,-0.5418222905258716,-0.12743791713693886,-1.6103545522744702,2.7105326737549316,1.362261508668233,0.4431523803893569,1.3247400375490348,0.14111908540627605,1.9800181891149662,-0.4631008582851037,-1.1068918734808906,-1.8186511564045773,-0.220515988008691,-0.12758716318004948,-0.8226817534113111,2.083435949381628,1.614204723331626,-0.3887641978139613,-2.0341173789622307,0.3040100065538658,0.1511678857260801,0.1969502636549798,-0.8983029327169018,-1.2640013259554643,-1.8735792115781722,0.8425685275995751,-0.2221067045149574,-2.7965192471020126,-1.064096378121618,-0.28477727945171094,1.5020672934976182,0.3405348296918558,-0.969054863139402,-1.1235393073069198,1.0423708499038113,-0.5623771597193987,0.6295720270018439,-0.04050670251583699,-1.4792190397804652,0.7511256328701192,-1.2312442935692878,1.28696496273253,0.66082190382589,-1.2448520712696929,0.2910162209190894,-0.4513645146710974,1.3573061961331077,-0.280568216085723,0.1765451374719751,-0.9785480687706759,-0.003834879566210203,-0.030933675544384975,-0.807601433298506,1.1300170265383238,0.036544739557680644,-0.49887423259986985,1.350426962138123,-0.21226680241938922,-0.45644206781072416,1.263005064633447,0.6735346767130466,0.9007979404039868,-1.1744863100322016,-0.5181028202245819,0.24785868272015588,-0.008830530328390429,-0.2597291008824927,-0.19202343848429537,0.8885486487792672,0.9246214156384449,-0.14288451752628223,-0.6122466569133179,0.9886082144057451,0.8986793532535957,2.294537469490114,-1.944756275032201,1.866844008077853,1.3662583843645355,0.6843502038801011,1.1929519434947147,0.6776577918724461,1.4454623107436486,0.4729164214005137,0.4230357986578499,-0.25782096745499017,1.8551521311602925,-0.16065674289533827,-0.27428796494089314,-0.5927322093778036,0.6488724308904418,-1.0525133538116407,0.340036952924027,-0.19626725191676564,-0.06765886601724869,-0.7197707140491088,0.44670564782907085,2.1149285403817197,1.3171004285999204,0.3488838973944011,2.1683538858891906,-1.8288104950132058,-0.3133442574262319,0.4222599162911994,-0.0740124306366865,-2.6888623835422303,0.4552804814954573,2.484801077802706,-0.928325209544695,0.5595279713265756,0.5791255100631156,-1.154170931082941,-1.8273816238328968,-0.3838588739911484,-0.2559906495271365,-0.9510223396458435,-0.21212336168523288,0.5510119492208727,0.25174740335678747,-0.6761895593510523,-2.1440454250514156,-0.7435562171228418,-1.1401787603679399,1.1582794102463105,-1.3776225811074752,-0.6027532682497658,-0.6537994745184481,-1.2747730005151507,1.5859841816389546,2.2113360986948982,1.5073952566839213,1.908561461420837,-0.43055247265037255,-0.8544420862767481,-0.5704674803476115,-0.7282745430698285,-0.01384292540026455,-0.9057289077923738,-1.4519571658097787,0.553073167168944,0.15367752044523186,-0.18126802228439343,-0.6080175342272959,-0.10009124626780297,0.22240038787903105,-0.10625036219926265,0.5734022437853221;-1.6239842870568473,0.8431953475866443,0.48879707590414,1.0738339490014945,-1.7852997670172117,1.2381649715097873,1.2791232674362647,0.4899429027535832,-0.800048153118476,-0.47685031607291695,1.0038358060183172,-0.35438531361270686,1.5185278025023607,0.5074436260030881,-0.6828236509320038,1.0261222556594891;1.5251305355113427,-1.970083256223129,-2.0919088290169334,-2.25920836185614,-0.4512002872411894,-0.9499138332875361,2.0751764019884584,-0.7864890882215698,2.9247561664280464,-1.4202129975126487,0.6391193327330157,1.5148489451884883,-0.6767274859784586,0.36039781070538157,-2.554814353349841,2.177316451409312,1.2244799575050285,-3.3333822359586565,0.6227674700003305,4.6883813538471495,-2.4700033641221677,-0.24366973198256647,-2.1627983532164716,1.7852421078874021,-0.7278077185876408,1.3527809578966337,-2.0569189138044885,1.2862658503924824,0.7058646818558617,-3.0974273454927483,-4.964069431651565,-2.707612921227958,-0.5826767051867021,5.01735537716998,0.0355814946714581,-3.5770766238665566,-1.1333248431136587,1.0550031682731649,-0.5951458663520532,-1.7138284523842957,2.258050261928849,-2.2650508247998355,-2.6757812437107686,1.8703637077699211,2.921382415630385,0.7313913360808246,1.0017234796793673,-2.491771335656699,0.8587895112827861,-0.9373129926781876,1.551823837721091,-3.424246804346433,1.5651051487781846,-1.4310840945205487,5.089769619986178,-0.4701518888865934,-1.1655179162786076,-1.5813244462162213,0.34329790524985904,3.3485561255240466,-1.0301888448890972,-1.599732859133588,0.06766057437385692,1.0843392474508358,2.0277222705067395,-4.494543409041411,-0.6434575232570199,1.389461121117409,0.8749185895922904,1.7959899530846877,-0.050979507235600324,-0.2546226755400832,5.160584004064774,0.9932344430662422,2.070360292460612,-0.30883580599014304,0.5267750321128963,-1.8774195884951337,1.2878008370753657,-4.756714948703957,-0.8444886719950473,-3.392315914832606,-2.174975550140564,-0.7245155931801017,4.367001756309742,0.5578527893301823,-2.169762833206289,4.906370898979555,-1.9328441187375538,-1.2171361620274894,-0.03683580400773678,-1.6887842337909376,-1.4510711817701283,-1.1561354402863475,0.41568084108107317,3.278966199859793,0.9619573985970582,-1.7586163196316513,0.36973052928031014,-2.5181863037208183,-0.95208399312389,-2.8152036995496443,-3.306702912152275,-3.300494087135754,3.3065469704251855,-2.7650584154072213,-0.25524882508641644,2.599866709007029,-4.786994406195911,-0.8023193167905027,-4.836470847950368,-0.004341331308919005,0.800688395102817,0.6762775862372176,0.19075727188672204,0.6578822052174382,4.520920465440746,6.41351064570794,1.261550968491143,-2.439049223502707,-0.2294229958871855,0.8699012477482504,0.36322588431068503,-6.644535056204462,1.4755107053398562,1.5787466029539732,-0.69762385101372,-1.5440877377827997,1.4324182312497487,-3.6312461148301654,0.46193394202821514,-1.1144672077752267,0.589824187693123,-0.26819041519097375,2.6954315952668737,-0.039990539107419704,-0.8494168456318468,1.5048804836337932,0.8027346665466106,1.5127869353734216,-2.6150027718434368,-0.6014295081467437,0.13326535355376623,-1.9521222424755114,0.15703749572992454,-3.4562199445385504,-0.28644854676378795,3.0398311412999472,-0.48273338821738276,2.2530604486882355,-0.42369103190592167,1.8448214943021872,1.087334506897678,-0.2984644507170556,-0.33814929581879316,4.303061669003694,-1.6391508969281772,2.902084522815671,3.072957300558137,-2.0060293635601822;5.055551450174057,-1.7645707503139523,4.072904564472484,2.0519902201916285,1.1275459946180755,1.4312758721193108,0.3821484420864425,3.2993297032607103,1.7873661013620954,-6.010679756385566"
11,1.3648888490435795,"-2.7772341617495098,0.38108434416984077,-2.0472897692740064,0.9127945251246685,1.6896574184519273,3.672378647807994,0.991655074676504,-0.9673441168554884,-4.406820129991413,-2.026250034691942,-1.4957472628087234,3.5535908701961647,-1.0713112918986496,-1.1406386369580976,-1.2652155450262164,-0.2010470210487585,0.21198050028143078,0.8047704569083198,-1.1904310532715012,-0.15184151001722868,-1.7627463071048735,1.1607990726622626,-2.512001553636703,-2.821552854778985,-1.06509366205264,-2.5948470221042417,-0.8199671178956526,0.2146438707382205,-1.6465441725091037,0.10852443724755945,-0.055369627651038145,-0.7151147768625041,-1.0529812866570796,-0.699783704550921,-2.6533228453946442,0.6012407476869566,-1.8204306665929293,1.0846441421664843,0.5846310117820289,2.781778440818798,0.41242430301956995,1.5182493418709333,2.298946140345569,0.0022299590933977376,0.09690637020830939,-1.1184920615372258,-2.7445037451696916,0.4933718724907972,0.23324853360351624,3.4408224739947793,1.6074664285181273,1.6920532529356023,-0.890696702957828,0.7667496999771035,-0.9247206509620409,1.4535195785906017,-2.2111547147869377,0.751884200041982,-3.922791762627977,1.1649244659719917,1.9115126830242268,-1.863917674866176,-4.070516108695685,1.5293183705423194,0.36011950991010355,-2.653287040947804,0.562781631826542,2.3782574140162223,1.9390136509212799,2.889498297091478,1.2974525279531832,0.9401905778281213,-1.7400342222664107,0.007697249530563166,-0.9880611378995517,-2.0682088679532247,-2.338493764210286,-3.1269957555626964,-1.7663641296646064,1.6609294731369797,3.1587163962866383,1.4692041883248441,-0.7539915592587594,-2.4576619086936558,-2.551996185428867,-2.7763305300851635,-3.847215577247457,-0.8006536041266741,-0.5914744006403598,-0.6304519654275567,1.2520791914783507,0.9478989680140504,2.6969818763473556,-2.5442027170881385,2.007111005380345,0.9516255815118762,-1.2866455554129659,1.886710646510579,3.5252965744343214,0.25887951392615194,-0.9904923797166744,0.6095115406684471,0.8283192191963974,-0.020997698935903975,-0.8636040896528887,1.2497619821994523,-3.0810376843622502,0.5223566294955874,-1.0179579606186255,-0.7588191271948604,-2.2220702496398625,1.4965962060928175,-0.20717637573001407,0.46812411049154656,-3.2333680556919946,0.8971875980119584,3.1735600308725718,-1.526340197752047,1.7330975901317447,2.437075763909035,-0.21583343633842023,0.8359958738653084,0.19518843769811756,-2.4367511281147864,-1.573562411544517,-4.199858985724726,1.0979411302492343,0.36829693331097635,0.30595392441399283,-1.5031236214713104,0.06477431759449137,-0.04112564122234319,2.485502044101038,2.5722833447886932,1.8772535669947197,0.4705608047182658,-4.263265092433811,4.614763483026767,2.207069270019458,0.5430966974303497,-1.3823167081804733,-0.061044259834786396,-1.0005541787225363,1.9410484272075808,2.5795069753329414,-1.3548643926394512,-0.5171640316087288,4.771365470940512,0.2991291451269815,-1.4700874097041734,-0.38417638143174915,-0.6448676831541779,-5.490536782982209,0.7947110195838251,1.32915342160653,0.0055974031979053596,1.3866561378311502,0.580892004553718,1.2075243374271851,1.8146324818883817,1.4121993029841007,0.4366339764390108,-0.6588714430998627,-1.772698994774189,-1.726116764568386,-0.026736833267936966,-1.2147100902817243,1.567814262774725,1.9450681441491056,5.224923013453223,4.674297883577577,1.1244804426469095,-6.471158386395569,3.3073319445299587,-1.480635790998524,-2.107325178617216,1.1937919187831347,-1.133708190045105,-0.12430966664556409,-2.1526602089307167,-2.290528954607389,2.7068066048580954,2.8483567619046806,0.6115902523641666,1.1232751565157668,-2.0072383519173886,-0.3487379780161217,-0.7783075024994999,2.6916474104300177,-1.611425699112581,0.34006629474640404,-2.0319024974699653,-2.0467580707839192,1.8443191793758684,-1.5672247936782266,-0.4469261400282798,0.6654400361430072,-0.3014853873588892,-0.4588448450267019,2.2984604645630493,-1.6538195560323927,-1.6169677818929182,0.45075731203008695,-1.8917307634074274,-0.2941249795997838,-0.014496659856866323,1.1619324744437263,1.4072888449804393,1.6244263633104519,-0.26881438057099716,3.3149415949418595,-1.3781780993749089,0.014192659868211832,-0.06890622866968171,-1.2710847563624337,0.930033095171209,-2.2550637959441246,-2.790182609038743,1.1488636010993143,-3.0742984109044924,6.845632879759413,0.1497951272916891,0.8206710723557635,-1.8874947529926747,-4.525248259883384,-0.7918866976216978,1.6582258551164486,1.2430213727304862,3.3235617179414074,0.11854502450736497,-2.0668457545230927,1.072836193687669,-0.7927692566467057,1.7905411987846218,-1.0839918228078473,-1.4813588356495795,-3.177818128987937,0.6199228791233024,-1.462204028941654,-0.10344873247018083,-1.8720037505343299,-0.6644203163384299,-3.3968162854804236,1.763885256117412,-1.3761966525264642,-0.383087595678346,-1.5475413088347028,0.9439039994027283,3.5176640607620833,0.23049088973098752,-2.671169306487758,0.054433765128473866,-1.2830359298656009,-1.536671307971455,1.124427511085732,-4.143580718700581,-3.8700378276103398,0.5793055911293719,0.4063471689018176,-0.27412274517284885,-0.34760708676948965,-3.6595345208522363,1.3278961479031959,5.945374466864519,1.0450376523899862,0.2233353846807069,1.3868712093525115,0.6086447469659957,1.5292494998032904,1.6288754387555748,0.19690825858147995,2.9402405585313875,0.9871078052051847,-0.9939869189925719,-1.55510553038438,-0.40394795638542913,-0.8488775974340261,3.170406866351781,-2.1116961330778548,-1.1620114091038334,-0.38497371921153484,0.38465606385310375,-2.5764113225866874,3.3622373705231388,1.6534105000918078,0.07621016637209543,2.6761699264011045,3.003372876804229,-1.8426190369872746,2.464291498042286,-1.2418880988484198,0.22553930239516345,-1.1005642442238481,-2.50774024804344,1.287380382535396,1.212113069567752,0.09497038779360317,-0.6077006448122724,-1.304317705012062,0.1049786425578855,1.6969863688464142,-1.2274190361527912,-0.18286785573107572,2.4199234411990784,-1.4737091531457684,0.8011983765498423,-0.0904643037134778,0.45641857853457996,-0.34941565473672354,-0.8355546262962837,2.4105310046629644,0.8560839838426679,0.0037906296136463874,-0.052812937171083096,3.832630234059421,-3.424997532033244,-1.905464576909647,0.06811073357046632,-0.9722915296436141,1.3733862933012433,1.546441021241535,3.613554987740513,-2.118555863955525,0.48923328079501616,0.4898431599160278,1.2517469018320657,3.6190567443993333,0.33172775188933634,-0.9890294810950016,-2.4123135891138867,-1.010958148201502,0.7025729182778568,0.9090533489515258,-0.45685464575674606,-2.067335461085299,-0.12305970892765267,3.4503015690657204,1.068507728741803,2.3962178687583,1.3266335146623176,1.8096837165064452,2.6794411320255063,-0.20038846971401283,-1.6999143350726467,-0.8582349731064959,-2.0643272402791917,-0.3509320504131893,0.4804745791302149,-1.9486615320684413,-2.571567153853198,0.07917513598696924,0.7038951190796716,1.7839861780352835,0.5933137806562223,0.8811591080059531,0.15771594766253805,1.5398786939351847,-1.0108507023567208,2.5642446637632004,-1.0356917326039397,-0.3306945148375329,-1.8148213937584616,1.7605171646465654,0.415645169777811,2.164727267759356,1.2256090430508095,0.7251649654655953,2.2752959945546607,1.5597148678200279,2.7534761829250236,0.40346913182297167,-0.3558115415306715,0.04692575128381796,0.756071855302541,-0.05472499327470015,1.442038751126893,0.272524697203393,-3.0873157019762014,1.9584896220277095,-1.5856217079007222,-0.07414130251481976,-1.00495089499333,-0.06778777783047303,3.0160178767629144,-3.0419164992943792,2.7481362190447127,-1.2785957918050754,1.2577156012385462,-0.32583352673252575,-1.0349009431901324,-0.6857819598203685,0.8776789005033021,-0.4334018741849547,1.3472376751308788,0.16079350561055739,-0.5898857897761159,1.931989856107708,-2.0475156260202314,0.9396914675259241,-2.0490223156569725,-1.6020825757277177,-1.0636501179323452,-0.24154599630365914,-0.20107447414244883,-1.3545422262273668,2.2706723919023584,0.510803689860357,1.7042866262575576,0.15322016036098982,-0.7137683301397593,0.1969756106653391,1.0429917697956976,-1.9876745121358168,3.4091945838550775,1.1601627612132972,-3.206349110302771,1.728758213524087,-1.0176315631436932,1.4079990344442452,2.3438570237458447,1.069403409002482,0.7873442326649145,-1.8019025616608833,2.2480818989892035,-0.8357303344238379,-2.5298108396373746,-2.6476236256036265,0.6379322663458363,2.46578454528185,-0.6802649333197592,-2.32025661271288,2.534873969287943,-1.1616146254672712,-0.7502195018376148,2.4434821918853378,-0.8780053189140938,0.8757838011175217,-0.1370645988176065,0.6365900082091543,1.09001179921836,-0.6866368618294361,-1.6377482759543451,-0.21317311372832576,2.239456510283664,-0.8038366804510866,-1.6804780787487617,-0.4095949021477259,-2.1147554633810763,0.6336053720623926,-1.8938711751992001,4.555620781250761,0.014150490319170705,-1.5364613961161209,-0.6866132363344711,2.583231298333943,-2.9409668755042326,2.405089958140405,0.21318066282396508,0.11460048325474415,-1.6961819388999455,1.2508623305270206,-0.5829149280015253,3.0767534877883103,0.2264837023826859,-1.1282606885310786,1.261775331670118,-1.515594796900631,-0.24941409142763826,-0.07314285109483942,0.3944124413476149,-3.6785074313388946,1.6201926084553615,3.9650062071972387,0.9310383352823488,3.321435049005255,-0.4032704137161466,-1.109766690080359,0.7307783832253452,-0.37292949397015374,-0.7965028344635295,-1.5731575867990646,-0.07693796900846028,-1.9048091790227593,-0.7939257907617172,1.478765714050936,-0.3822820285133366,-0.9193356676762395,-0.24220124459340156,-2.6727417228226327,4.372937164354411,-2.611162421194841,0.56184546866456,0.47182632950279146,2.224406122802767,0.22538397278037237,-2.7243542743152735,-2.4127923603591035,-2.17250421265033,0.22757594216175642,1.6395455212344292,3.2162002204574147,-1.7208763409560857,-1.2858829832323049,-4.999508460696873,0.5700967201172741,2.457809706792177,1.7688360613840455,-0.18251715402776536,0.882441979964957,2.2264871862314237,0.9990717679775969,0.8277712382950851,-0.7148011740931935,0.2092151161361766,-1.3964312909337981,0.6772959104279409,0.3224103216341803,3.1547258011172543,-0.3664778551315819,2.749919470510295,-1.0416019533711975,0.4992682079644673,-0.7655209416664962,0.29417211400085186,0.9983904133630734,-0.7334425467598616,2.3939059756645142,0.049825179487581306,0.33567010382251167,3.08179656415058,-0.8225042668288198,1.1242557574442829,-1.7922045261893529,2.4891077513371616,-1.1617116755328838,2.005476431660558,-1.2116750528527074,0.4014735168063026,0.04485047671213094,-1.3300879204908722,1.1760033890180233,-3.4827179103310573,0.5802891666763236,-0.023591746466733732,-1.3101789815168685,1.465394110491042,-0.10329797378235922,-0.44167247031408446,0.5278482435266806,-2.4186632820000495,-4.054488944169616,-0.0684691885729603,-0.21560887745549157,-1.262381316690227,-1.340750752695532,0.7557978963811463,-0.5596407291207688,1.450727103315345,3.975939327498852,-1.885001163398591,-1.0037828371674027,1.4430866003528389,2.681509780374488,-3.2360300094483767,2.93551022258292,-1.5386382571352883,2.1917760731909253,-0.12282045985108421,-1.8433396898682863,-2.256202008176567,-3.4551429530601716,-0.4729001008002357,1.2613223022786242,0.05990511890717998,3.712811765916565,1.0833450759018102,1.397509639668427,0.15587962327395866,-2.141607842129639,1.5815664680602433,-0.5197982008659896,-1.7326630204030398,-0.6216785248701546,0.2000747769958655,-0.5117465213873212,0.42821580102463425,1.2250981733531687,-2.1056490512942725,-3.96322808994268,0.36301051181745475,4.7481129856005495,4.015619061874125,-1.8644009503503982,0.7786115961474855,-1.354654214985601,3.0134315974748107,2.859507819089532,-0.6739965977787505,0.9649303861939547,1.6208802211285898,0.8757235182213212,-1.1027265709913752,-3.2198507181994858,-1.2602591812474453,-0.19380332830533242,1.4228455614613122,0.9235187667855254,-2.3306965538032056,2.6500477728186578,-0.20409905771048387,1.174917360829336,-1.2213388285928946,1.6647060721313913,-0.26938669146075844,-1.894116889471467,0.8502169725984392,0.40933824173700906,-1.82807459966459,-3.1878266624482423,1.8079930648087843,0.5163692751416233,-1.0442691494942555,-2.27833149042192,1.0247215926703264,0.1904596729340422,-0.05929678392846405,0.8773413852808959,-1.363439917043334,0.6980568184110363,0.2182770679982955,0.593662580385928,1.6408439863810498,4.4462622764709,-3.1238792092744037,1.9275584559059755,2.4144556021672297,-2.4549754600188747,1.3056057912489902,-0.07510233766920738,0.18134487554299783,0.25001509519644943,3.320880112704067,2.639245400016658,-0.08015402227901003,2.16855356197447,0.886101339107852,1.6473314285792033,2.4059619975697664,-1.190129197202119,1.0644645561229875,0.8401101465536265,-1.722914607738979,0.43432937894195467,-0.23169360622817575,-3.3363881641719315,2.465827609171848,2.3150562366024596,0.6147024579533507,-3.5158666182114544,0.9511758091377286,4.211367136248828,1.2767033602097653,-1.0991074282853601,-0.8534717720887272,0.7513970012510962,0.24956770583892968,-3.0167995737930235,0.7177277380060704,5.397258393542717,-3.936755088300557,0.11108528678305289,-2.6806139940644473,1.5077397994488837,-2.0996561776777254,-2.995569354222522,1.0084114103646806,0.9085563496414856,1.3068169639151557,-0.1564673219289449,-0.24841929068198565,3.0104655595052776,-1.0968309375375556,0.363667889059759,-1.2488184400071625,0.204812802384859,-1.9068197112031373,0.09507500317366424,1.5552829614930492,2.761336201894936,0.1035709839053583,2.590717447623879,-2.06217093536324,0.23401591532201027,-0.7959690933339247,2.09494511135481,2.2547289556563634,-0.996651336683856,-1.120075938555377,7.473137661583138,0.2041216836576475,1.1015759419082123,-0.9752227240755025,-1.6728121103896145,0.0342322705578976,-2.7813762893459875,-1.408168732880621,-3.5418458235872707,0.04339830703222258,0.35969450634842515,-0.892623053873669,2.3701518529591015,-3.1334628749353497,0.23051469267676872,2.0201354310396162,0.20440498967708418,0.9222397126050864,1.296558347191006,-2.0557578334355475,-1.0282945157406793,-0.9202653434103676,-1.9341646617900372,-1.544968017830356,0.4632388446187128,0.8588888315844591,0.830542722026828,-1.625240931125558,-0.017355410304555563,1.4482996076238677,-3.5627590086326473,2.4747888280658357,-0.20837203253823375,2.5335601990556227,1.0200577621916465,-2.7020858643507433,0.002944619909068358,-0.047898027284321576,-0.49905846292527706,-0.6884713090820056,2.31396044040574,2.068035732222208,-0.35903227620889366,0.5581916207195154,1.2521152171980217,1.5276622806411009,-1.5377079710859276,0.17479274542310502,1.9292420362701694,-4.390895776079325,-0.5502683904662045,0.431379986288447,1.8970838286049128,1.333766771033935,-2.283502804731968,1.1175467461195547,1.8624581659989297,-2.9347392833045642,0.47163343036810934,-0.6929242008602048,-0.20977299941466954,-1.8824858558821926,-1.3760632320353234,1.9368903009852554,-2.9169789445243572,0.005544750891386618,-0.08905490226905928,0.9137616723304631,-3.4784096106553126,-3.0624038856215825,-0.7596104937217877,0.8654402938624205,0.8133446466682821,2.712269912990264,-0.5959177769039126,-1.3114945306535624,2.024456848979969,2.1624943602541005,2.208362194448724,-4.700392800254756,-1.8342681789008441,-1.2053942794216854,-2.094946364840286,0.6361513826491869,2.138958713035013,-0.1508740559210484,-2.6086639490935815,0.4787112154986233,-0.1511079395415958,0.5068181867809466,-1.5522684753357043,1.60994862413744,1.3462096965543846,-0.46697753930921504,0.2431618190429092,1.623852845927562,2.8564856572351065,0.8427664825484256,0.3592309702337547,-3.2367994411397056,0.0560168955826954,2.7105636346299953,-1.1541770293606237,-1.946813396388631,-2.0880416819975056,-0.4437841408874561,0.40936345798277135,4.245765954402654,1.9680007298457414,0.3403785441948328,-1.8190781949280808,-2.289586429803845,3.2754205877831932,-0.8866869411946693,-0.6400032086449317,2.5277322006345786,-0.9185144889091921,0.218158209602198,-1.412668099974202,-0.8418433380614421,-3.643419999130309,0.12108675252770537,-0.8129132660080076,1.3063953414786784,3.6766719121545814,0.4475899657094724,-3.684021236597002,-1.812870102464538,0.8381761579607151,-0.9310625317983596,0.2554130672896215,0.8488378569090811,-3.3004799643260925,-2.639288008284507,2.0105931504881944,1.3865612229988973,1.312877729559252,-1.7499309773276979,-1.3170566757562527,3.755418790301407,-0.8730161357526299,-0.8521720901856396,4.413773664997071,-1.6733052372719572,2.4523364787429554,1.7275136667248048,-2.632693864130527,2.430953181935779,-1.8968730962873148,-0.012461829567689098,-1.2780467179176622,-1.3029329127617255,2.3083685418778543,-0.31421744499653725,-1.466684223669665,0.3458003832769552,1.1931376574636183,-3.1894798818199335,2.279212979256328,-0.02671589580296091,0.04346078529273256,-1.249728231204627,-1.7673565624942553,0.5115205906779015,1.6559509376617854,1.6098571331557026,-0.6029670852196705,-1.3570832319256692,-2.0485117767861714,3.8191789543740646,1.3005792614048963,0.28007958302338837,-3.2096917934551126,-0.4743367737558536,0.032534141758429766,0.9092516364086454,-0.5143946558281558,0.4766070868532558,-1.6324260329128877,-2.040519298310573,1.4256670867719285,-1.764676679729308,1.4876358577331814,4.2526107250011504,-2.133410545526462,-0.9960770728559133,-1.9536229552474447,-0.3583518567925961,0.8445734415170866,1.9862201522576475,3.8201426689278186,-0.9920860245075585,-4.881603118841818,1.5820608456505758,1.7937703688301034,1.8193087439167441,-3.492645646178381,-0.9394441679192941,-1.38369689494318,1.5953195184377762,-0.9192724249343361,-1.6133853131047955,-0.9423492964583684,0.4785147634757728,-1.1615162198896254,1.6923967518370735,-0.7217079704724418,-1.9124079042421251,-0.7637718928609983,-1.2838396341317595,-2.365359117865212,2.6407144812582293,1.0844807287462244,1.8210696949612246,0.12195285846587889,4.995054238185978,-0.48903754267790406,-0.30935171907717596,-3.5024156883511517,0.4877158443946431,-3.0067363524440776,-1.0379850686929863,0.7177520581372263,0.5477377665014066,0.4728717569589869,-0.9796288130925089,-0.01825222947906613,-0.9402921608146828,-2.4038702379590244,1.6492913621401821,-2.9019551908104404,-0.006683135745060409,2.9749711839015136,-0.7081790684267529,1.167090578459711,-1.4984971466665815,-0.09964639528161268,0.7060426317679196,-0.7312216551545991,-2.7121908673264192,0.5376697680281859,-0.5082962091094563,2.88310701233552,3.9630926205377985,-3.0598909910762213,2.817213707051637,1.1148746111689944,1.9149028154108227,2.28356101445549,-1.2176211302419435,-0.9306324274132665,0.8785622884226864,-0.17509984514675603,0.6821171541623088,0.9791808068836645,3.8615772064951295,0.1602567276344371,1.979868611614985,-1.05526030596491,3.26150739365683,-0.36882295455616726,0.5770049041467143,3.0068269883175214,-1.3544972425970059,3.5819505500791897,0.5840281050097826,0.4948916037650979,-3.5072613607232883,1.1990657064184476,3.0389800674984206,1.7892514428818125,3.316920189712245,-0.7721124518339448,0.7842712923257664,0.13404853051974264,4.466186625819373,1.8384965372015736,-3.767266910385409,0.31769616465467654,-1.7932345693307914,0.5028467724232601,1.1132994107187175,-0.4678308264833954,0.9633072084565228,-0.016636095103317594,-2.410420801026771,-2.954322390448144,1.440327325637761,0.2836869779383999,-1.9935007792115393,-3.903120525846668,-0.4451020509947793,0.8918691827232257,1.2959828034229037,-1.9826073741790713,1.2476904425120563,-4.408203599725967,0.49084679239444867,1.805168502341344,0.148878612639335,-0.0201229813218754,3.189064393171768,0.42390740376223646,-1.4449653594283216,-0.3432705901975797,-1.6749849513271222,1.730113107097302,-1.5945774251348122,-1.7020760883410326,0.9928296145270472,-2.1946883390389886,3.083563336079907,1.1516486356256566,-1.2553008771320677,2.135687064836186,0.8454974370290163,1.1065846666998536,-3.295633344014747,-0.8007082841359583,-3.4956705757417446,0.5743541853340198,-0.7012896428930373,-1.032453246615822,3.1304850375407076,-0.06921822021779178,-3.1072762913112144,-2.2587311840795974,-1.0184558400372339,-1.9814297082989154,1.127391026290932,-1.7019513747882147,-2.0634605508858996,-3.6631252673904715,1.1042607049416764,-0.21893928470406265,-1.5414581145211756,-0.17367492646668892,-0.841330074015237,1.5572629596548002,0.9609401864667924,-2.558577534059734,-1.4807853950441752,1.3596978349714164,0.4200784179551066,0.47653316340959667,-0.892873060063244,-3.521525649987772,1.3734401991875433,2.3185303032199287,2.8035066584264863,0.6900791246004723,-3.080789358288749,-1.1812798874194905,-1.571988563525495,-0.43515903000078165,1.3081710805447089,-2.1623399260390577,-1.099499869537619,1.8445217895086676,-1.0449620730671532,1.0581366563627723,2.9794577771739132,-0.0627727738107327,-0.27201122071539646,0.7981160904615908,1.271009440299385,-0.6609777355135623,1.4402393891492178,2.5370882740050007,2.133261289941796,-3.319317148930491,-1.6725508158954816,2.1169781458542856,-0.8381055883426611,-2.566478889489647,2.483516782468141,0.9809290445416186,2.448490969991369,-0.4832868176724987,-0.6259343568458902,1.7160068625092106,2.438382989075258,3.93518137391203,-2.197627187464776,4.151282134567933,3.4429989810780883,0.5746892103229313,1.6844533155254011,-0.19914864013497635,1.2402167722445687,3.175556237117945,1.032699081043111,0.5352641632361463,1.0101479709916708,-1.6744583942602467,-3.174266124754495,0.8317460105064398,1.5745729942701217,-0.002411659481471262,1.2226057193043507,1.1225974158229717,-0.6515050067142613,0.8993486892685243,0.46844335713341945,4.383944666525421,3.1493492861743535,-0.477385687057487,2.610508144261236,-2.713324090030472,0.177066799470046,-0.11334159743589958,1.9865736234711915,-2.886542969976383,0.024602635715043175,1.463728535576828,-2.5178795233169557,0.1707862697282837,-0.1328254737644699,0.1457144656165107,-3.858128375827574,-1.3307448217356648,-0.539793753807645,-1.2613020013772376,-0.478614983346311,2.343097436534854,1.7976940238879315,1.2933485094131767,-1.0989448635898134,0.6217286422942285,-1.710188454332687,2.1542601646633077,-0.9927790056417793,2.342232436159084,0.8400274778203505,-2.3649907782449997,1.9647091330752215,1.9130562542051566,0.1821059659930071,2.782438936682273,-0.23489178201811703,-2.0999401781125613,-0.5600163015598734,-0.7095529181903533,1.808124521734622,-2.357562283467586,-0.5138587444235286,2.9321167133094725,-2.021664376956969,0.41647352499242607,0.19051735275293813,1.1203320216095802,-0.9435606967300334,0.21791118019551114,-1.146819907262386;-0.7717896639061212,-1.247203005652713,1.396466674075709,1.7301892399975864,-1.3357370980163061,2.288092632661562,1.0643789613503365,0.021353926189840555,-1.2145376494298876,1.2570786322044691,-0.21515804226842444,-0.6625058897518425,0.6857960092893484,1.516030409378235,-0.12800721617902755,0.4227341030518391;1.9749234093845454,-1.6666855417531066,-1.0447130512159348,-1.6117250921054762,-0.2517130453742614,-2.0824759597806204,1.4044937231341106,-1.8148608203545067,3.4051076284689135,-1.5552379100419882,-0.5749579175804677,1.4196677430067974,0.10626609802765286,1.0822487000429812,-2.583646653881578,0.818953691890317,0.7986889931846666,-3.587563399345854,0.49100818553464415,3.860052318966334,-2.5120811983002778,-1.0494269729957866,-2.4705537122923364,1.6448761828937406,-0.9125273275192608,1.6357720359457197,-2.0758129920590793,1.4954936365123181,-0.09860118592829781,-3.126304534002683,-4.630323585155201,-1.956006892528611,0.12350401609730255,4.552808890187698,-0.9625657481601004,-3.2872706773718923,-0.46955713480665506,1.0797827347733167,-2.3545824646522004,-2.5775704500580288,1.0780016877186616,-1.3553487510160078,-5.544278981697448,1.78177329592945,2.428729092467851,1.1691721288695285,1.4010635497253272,-2.132232755506846,-0.5716450136353808,-2.051863739065316,1.4422955339346868,-1.6188835829232682,1.2833113472146467,-1.198831210800202,5.23948575559777,-0.48827729250840446,-1.5927098294485715,-2.1533827191041395,0.8846799315031242,3.601134123574114,-0.5172707389681398,-1.2006853880189554,0.3213866806065969,0.1989600326598593,2.519230243790242,-2.537814698592212,-2.5318016938348005,1.2947544009573437,2.1006042486374557,1.4249340170809524,-0.23964430968250577,0.5929153157198458,4.359154260047264,1.7667564926287975,2.772478964855094,-1.0369360165593031,2.396066398935015,-2.5220568447683864,0.7137993208469813,-4.630874350317054,-1.3759964179667918,-4.471170657693349,-1.7512976262158775,-0.3691333796207015,1.9103339516155307,1.001636320554059,-0.6285022432900733,3.733152860277359,-1.5948953652989055,-1.7478457503173472,-0.3605465391142449,-1.845707295066779,-0.26909556483486363,-1.9898638709890766,0.5918855148997055,3.7064996750497534,1.5564562495806873,-2.2476660173330476,0.492531268254772,-4.658716417414651,-2.3157220033322856,-2.0186499221025866,-2.894609888764757,-2.7755714363619655,2.0273567894368982,-4.578749253272063,0.6210259724542019,2.064223715674629,-3.372201227035947,-0.6349199069680032,-3.7434907756137448,-0.07488229344078216,-0.2486341098258576,1.257457869112229,0.5850226066896634,0.24167589251719124,3.6548453013278683,5.677404828888354,0.8837008473362389,-1.8538668590964147,-1.1070344525927833,0.08876050036564798,0.9718713441472507,-6.918430728258501,2.007424548601936,2.7400027227554578,0.014263880874782003,-1.7864034316036612,1.8041498635928375,-3.9187724109388498,0.26515540470963705,-0.31115343015108565,1.6579928528651133,1.1437069088790845,3.0473436642353455,-0.2856257047916717,0.4530009451787548,1.2397341696763478,1.8983568721465034,1.24976729799271,-2.6975801793647367,-1.2234089180885646,0.436215085155329,-2.1125309601084954,2.249864569390085,-2.665458197190003,-1.022207054086408,2.490959406688874,-1.6310289525649497,2.12398046954416,-0.8446111483531058,1.1273110935404653,0.17741941215624268,0.4961990903382187,0.22754613424340875,4.79770779852892,-3.003324822806506,2.579105191253294,2.443778166483707,-1.7672562804413727;5.781612989661769,-2.0760056560181432,4.318378760620741,2.2748046978764616,1.343762679777232,1.0191942317922682,-0.06217375789960505,3.870291811233557,2.2079605137032705,-6.432033358220792"
12,1.244676924934644,"-4.136755757578351,0.006864762956088677,-3.044065471149254,1.8059415754614903,2.8530187292811937,5.061444175011818,0.7017283197494344,-0.382651424531363,-6.658040972657196,-3.2921640224199216,-2.164833108113582,5.448488306658947,-0.11689632284352447,-1.6543715158124284,-1.9214315929244032,0.33154126686733076,1.217006350544657,1.7457923733668994,-1.8981140261688756,-0.5553682622407972,-2.59377266438705,1.7451065745758843,-3.8763232626958883,-4.361235347455868,-1.598609041599309,-3.488344241081667,-1.5268457211749862,0.09895895901101198,-1.9955315300671872,0.2512423322024239,-0.11083835444928611,-1.0743048373776873,-1.0262240304503318,-0.23058861557331456,-4.13595599138387,1.4268978022600374,-2.643432874182399,0.6900167835595196,0.8000533089527389,4.315923002289613,0.8552749198026826,0.9077783526542779,3.9720323958213983,-0.11008948372009139,0.5992325586221999,-1.778801315796656,-5.389138679339732,0.7203880508428377,-0.05909682166131497,3.6009247129842046,2.7212039668501697,2.686108962926596,-1.1311911460299964,1.2351215254605847,-1.6309350082774792,2.155602470768331,-4.160445593764404,1.2007557712083776,-6.774599676740882,1.1537211137132357,2.4479160903254775,-2.218322884817022,-5.556482758089541,2.563927485343526,0.03771893858752623,-3.2512113827160434,0.3668717856519413,4.324039798536606,2.5020118475455613,4.4021143948480725,1.4887670455044628,0.8870067875500239,-3.8823892328475336,-0.7217038910971274,-1.369580552285608,-2.5946284102218464,-3.241800494968074,-4.207226532966362,-2.3068591383041896,2.58279835546197,5.2491963616724675,2.2509144745484857,-1.4533651221737314,-4.148738142401281,-3.005473390962415,-4.099814572210517,-5.057964161661046,-0.8141068022259568,-1.7278686813701718,-0.3070032495792991,1.047144601650018,0.8478965921119613,4.229146379294739,-3.5606933185545664,2.924694141702008,1.0883105645214621,-2.1313271992254617,2.170175456052574,4.955396765453907,0.4881411556165213,-1.2996704915107038,0.7175238733333226,1.3741793200140062,0.12279800446645034,-1.128147376213097,2.1467669170656647,-4.3099883292080765,0.25947716125659237,-1.4923980620314872,-0.24001034957494094,-3.8708417153620482,2.406607672857493,-1.2972199075959194,0.566108816460418,-4.564945226701392,0.6502174339710526,5.235290020517237,-1.667019991271749,2.343965463295627,4.185135820614715,0.24389983560565232,-0.1017734735585184,0.31396235395657335,-3.3201551969467182,-2.6400942013535325,-6.282528179887569,1.4560196919937463,0.7936082093950587,0.22333222778611145,-2.19262237854772,-0.14668537552855584,-0.5199551914353441,3.610875128719421,3.766731796719297,2.3648089454073435,1.1401724456738487,-5.868966819488505,7.333894923991393,2.863070921847187,1.2355742902348066,-1.7444359675480214,-0.007009626795859758,-1.1158492918114147,2.9989484948199907,3.2053330643340234,-2.0583583714333678,-0.9554494259097399,5.676285822897133,0.7456062099444483,-1.3282673256332316,-1.016893842502271,-1.030346815154738,-9.005380518903808,1.1965856270690165,1.094610580172611,-0.45370210684216605,1.0873516770257272,-0.5576345956136426,1.9535447131227204,2.193589073626035,2.6795636731293233,1.4244886382964432,-0.3607311690741311,-2.8702338979186783,-2.5521378959692864,-0.14515644061686675,-1.5852773746567226,1.9003056279128248,2.4996406824303117,7.533874873834253,5.964550806219621,1.5353417692115332,-9.398267398959725,5.085763150171138,-1.9317039457612142,-2.2630568454602247,1.158604333723076,-1.7181439009100778,0.18256232204422518,-2.7198770512790884,-3.4035218034377444,3.3922159760079023,3.7169983480671296,1.1123665157700326,0.5246381952212555,-2.868923261336305,-0.22993716593557037,-0.3507043937103932,4.0910161160243295,-3.632143815818602,-0.4473485828243251,-2.701683884449922,-3.319499209576091,3.0092802224707658,-2.6480924933999184,0.4983517363892993,0.8135934652144695,-0.590335520460618,-0.7977047222155522,3.3989495542691293,-1.7178459600705935,-0.6071683277954959,0.09777174296572,-2.5169103593273814,-1.7693617322538124,-0.758037179318224,2.106212418797214,2.4669467526549376,2.0817859687368725,-1.2094056297719789,5.427936464789054,-2.622505341002495,-0.42732895774949514,0.6624130016617723,-1.755477551422047,1.2420063026620074,-2.96918226595053,-3.554235777213818,1.1549282653010444,-3.7932901128909946,10.392665692439504,0.5843994310564893,0.6058894309104784,-3.368021091052599,-5.993257422263919,-0.8763896780761946,1.7731562483794099,1.4039797101920524,4.675606291526403,0.7620079376674702,-2.672750133969998,1.6938432323736756,-1.9280360539526253,2.496855131083239,-1.2544679236463039,-1.4497422600220558,-5.131554469207421,0.30479834365234676,-1.0484297639670468,-1.0621647703045418,-2.219696297758898,-0.3619700949589763,-4.491028918318567,2.463707781551493,-2.0145044250867157,-0.7544964948982036,-2.148029866165462,1.6791921280969713,5.730946948243954,-0.16515093910242604,-3.713645983433396,0.985253206527337,-2.87193531719188,-0.743048652630661,1.3039952804832418,-5.8344810529427225,-5.005843524607722,1.1479228551079868,0.9110576449475614,-1.2717256201181013,-0.5390099332391561,-5.779098396857926,2.375068353937812,7.924869643841099,1.6359285099187342,0.8371961051579468,2.6506790603531343,1.2349093402599451,2.5912512161346775,1.77689436720084,-0.35651288689258587,4.205415318543069,1.6357713144446362,-2.2140088454589657,-2.5143909357640952,-0.5738000580161385,-0.09434950001021847,4.510212880883135,-3.8825418997224004,-0.07244264228899921,-0.6330263415990747,0.5516235792473622,-3.565039534209494,5.740143057742518,2.1309728194084254,-1.0807534109990793,4.116679332024076,3.943518134847566,-2.5475220188352172,3.266481767402877,-1.6098384410902997,0.24482856708754508,-2.300283924997289,-4.442612089231474,3.0051881229951474,2.364866345653247,-0.20404821897385272,0.34828349683530857,-1.2885654877468147,-0.004575703491325883,2.7428762979435337,-1.2827878144060088,-0.5442265703140583,3.1710381790479105,-1.8839618527036897,1.8274424911867746,0.5234599646423699,2.049613009699923,-1.0016873511162778,-2.310522398808533,2.9222455704160226,0.9935478530901023,0.7181182299134432,0.4163562807170216,5.586239925975706,-5.373741159056089,-3.174236939128046,-0.44109094726705833,-1.101038257206166,2.263258052219259,2.1686111551441054,5.319195910304147,-2.8092168090074896,0.9553531072219148,1.5838741480746228,2.0845550705224,5.575606262771284,0.7782894064463124,-0.8626490567308904,-2.7391163505279272,-1.9494857733827273,0.40360925005381143,1.2071726960029072,-0.3943915041424354,-2.6379663853504653,-0.4520531098133994,4.258283469292893,1.8704938411597465,3.2186477043045083,2.6368380994467873,2.8190508252292235,3.3660207856732143,-1.086650568403605,-2.71074499580784,-0.9933461073884449,-3.803523475761172,-0.7748891388715001,-0.18510019843373238,-3.629964694451946,-3.9065811861857593,0.9808513338786314,1.1714808766337859,2.63863214724861,0.5471925306336357,0.4120361452102103,0.28492911009135513,1.2081776046462402,-1.1237625593929,4.3958025261583105,-1.1646079366417559,0.4813233749875372,-2.5694590154933983,2.9818624412655055,0.5136068131155803,3.519153579838806,0.8871153230809161,1.6511361869009407,3.0714642743821785,2.903466073989316,3.004305887816227,1.0849598878144615,0.6567394620754816,0.7307570250206853,2.0365984128600227,-0.2341546310487823,1.2955926317537125,1.152757651118686,-5.528698088944246,3.871657356596655,-3.102499832463362,-0.7884499184237608,-0.3309532423777046,-0.46766589279007387,4.3492979075409846,-3.5815430628259906,3.5859797694993056,-2.0788593884440996,0.8997674142049439,-0.20316638928197417,-0.7078754133526468,-1.5328810660308512,1.0450084331219238,-0.9609628293721384,1.7531371063644006,-0.10280290594326069,-1.5322606938761516,2.9235952461140564,-2.209830162646843,1.711748081740755,-2.956584301986357,-3.0322036551313216,-1.730559884979697,-0.40128806617431834,-0.7150288559058314,-1.7684922863904076,2.679042215092018,0.48833169393374876,1.99276035925439,0.41994880192379413,-0.7590379436770568,0.27533009846890383,2.5002511067981663,-2.7045593558415657,5.156327717201793,1.0083517335924,-4.862781210820362,2.0441078124310055,-2.6056509580829825,2.679080961152433,3.7526756172599187,0.09283285937040331,0.6429057267126334,-3.469070229032577,3.073332002723769,-0.5190292483601873,-3.693719048302939,-3.7385271973966487,1.3958739277975805,4.236562095184579,-0.631578895457995,-3.6036942245855004,4.032881953792947,-2.3573914488376797,-2.3836469365198028,3.136955103476759,-2.1458631499264422,2.0141380223523146,-0.13204806125779778,1.0386553096300162,2.0521035842217956,-1.2943469732839445,-2.7533355320337716,-0.05731831962960737,3.3465913587077263,0.11985042435905846,-3.2592276860163656,-0.27016447566180585,-2.4805907769377775,1.0395900050360254,-3.3523912287771997,6.354989945480202,-0.028005740239148598,-2.05207101894134,-1.545525517695701,4.799456926123147,-3.951883872017603,3.3572068446139536,0.43104140134558255,0.30462491873085784,-2.827529967138256,2.1634387559055144,-1.5827716505543477,4.572248210324668,-0.10937153279100409,-1.299609424251122,0.929996789062879,-2.348356334519436,0.19417679448159117,-0.09308447921393787,1.2184616806505975,-5.275146548867126,2.7139135415579196,6.392914658878571,1.896937811311202,5.034963682347646,-1.3949270642524816,-1.9084257080286275,0.36498164345902884,0.28216795589777155,-1.2862296271910247,-2.601699832227254,-0.5274488116584247,-1.8840303117161885,-0.5484286832546946,2.4450919191447844,-0.96191816800926,-1.5965308473014754,0.11404859431298403,-3.49393710286133,5.36007100308939,-4.1096103755508375,1.578613133046368,-0.320030295552889,2.5356257786466676,-0.6418177817653612,-3.899207919891254,-3.4769592561796037,-3.6668549028848134,0.28637278683337064,2.1913097430608044,3.9343478741091857,-2.0736736225657872,-2.38441470227488,-6.951003650611727,0.8458815809490946,4.317836053934922,3.0003254811242455,0.19642963647955797,1.6856236642318296,3.5657536299644494,1.6079410390416853,1.210026707645473,-1.172713349685681,-0.9508801248373728,-2.1313493315179803,0.8197763635913837,-0.18272610778863746,4.953786272006183,-0.6557571089061527,3.9735911249360347,-0.8656011105641437,-1.085376016461417,-2.183651829627075,-0.8754338210373679,1.19497346109869,-1.3641714043141895,3.463173933989336,0.2009495745805135,0.5662800391666408,6.144877562638021,-0.7313120919938996,2.6561281741349374,-3.1656537057103282,2.683669557600104,-0.8097052923146117,2.082726006239482,-2.6223731099385907,1.1115079630421585,0.3811465177809875,-1.4660417115520803,1.7274156905789178,-4.495805444230807,0.5711690656872498,-0.04887065218428899,-2.0050551625923845,2.660114593199803,-0.05195725056752723,-0.9185986562176884,-0.17344044908187906,-3.8045513615145516,-6.189941664925751,0.2312709780083284,-0.07477611482522435,-1.4228327382546215,-3.0956944972280604,1.058999899799601,-0.6812300222371139,2.817243190912154,5.670434809301877,-2.089519685403305,-1.6538155655460263,0.9886534415842938,3.8507535085427245,-4.1683857924803815,4.63027826624422,-2.0920733238526554,2.605310204980497,0.36503694588076063,-2.7971283945315295,-2.450307098319761,-4.896241848623241,-0.5222340643877547,1.2688286046705177,-0.39560481151141497,5.928717232979424,1.5435463259626516,2.1466321292881334,0.7251478737294693,-3.3603758678725275,3.1711447526751617,-1.5513038648720447,-2.2672704677117244,0.042064729977837445,-0.09960472686683816,-0.8011523843298275,0.4225416124621595,1.370780846435924,-2.3649825344116566,-6.242611181423407,0.1951634360460878,6.745477880256911,6.167726569024099,-2.889478942176935,1.2512088407689728,-2.5530986479404585,4.353806771115538,4.130231489379507,0.33423128635216537,-0.10130766249973067,2.3247535708571583,1.7653322285156126,-1.8146672447491348,-4.355440489470222,-2.109250746017943,0.20233049890699795,2.187623977425744,0.6555825845520716,-3.6865969115748563,3.8712485044069576,-0.48169011239691106,1.569526931663464,-1.96568126404958,3.062928139866919,-0.23667044982687668,-1.7390599369818014,1.8750725423905454,1.1229080954190755,-2.7828080069461927,-4.398727692421402,2.2051864510599977,1.1839334773558312,-1.4473620200066386,-3.524263110123978,1.8124520455889832,0.013572523725070049,-0.5441941357577108,1.875825206949599,-1.8832162813327888,-0.1582295706817458,1.0014197597249987,1.5837895190507785,2.506081895232594,6.599208219933477,-4.52635435288095,3.1439403145095532,3.8035586843025135,-3.428217429248768,2.24717387940448,-0.4680399797371735,-0.25694872618856046,0.6422101495995374,4.895318684535027,4.032120092796395,0.19806040022720775,2.278881670056315,1.870576828843053,2.1680740495583697,3.4418397234800384,-1.7265943471046263,1.7368958449868481,1.0634497551341813,-2.2947692100087127,0.3604808480768721,-1.1424508663175983,-4.791320623402378,3.439907008884341,3.606119687433047,1.0710100822307358,-5.05731300736224,1.3974483857069724,5.742053879731902,1.8232313771127766,-0.8277579629239182,-1.3928781642439358,1.9277957711992568,1.046828734492709,-4.00723488640456,0.7254293724731667,8.26915034724117,-5.789253418905213,0.2271275316608335,-3.9896609016076336,2.717835204655688,-2.9174201436585525,-4.573098963714798,1.7515265993230518,2.3873197696744413,2.404491496414847,-0.6652211753213781,-0.10721660289979726,4.770888757747317,-1.2794905978344435,-0.18480298716690324,-1.763598453176209,0.19749995518187674,-2.996391364225662,0.5674429404276636,2.016590732563572,4.342081509014086,0.15693477988180943,3.1740953357139676,-3.703639574727886,0.1621877937580588,-1.0420230057790127,2.1587589113169385,2.5368819138761856,-0.9495149426275177,-1.8888569541519664,10.88899967018569,1.0971042318622635,1.3342662426367227,-1.37457324164103,-2.715837087083938,0.19251609883245202,-3.5503538407793407,-2.7624590650175844,-5.221961976656451,0.09812714932295458,0.37148024096683996,-1.266228690213199,4.0910295191033486,-4.697183240316164,0.3229200943182273,2.8623422136062797,0.6846507154639492,2.2105962692743804,3.534862672475497,-2.3526059663078214,-1.8136878026488148,-1.8444825225384998,-3.4303246967464123,-2.6441871157404178,0.8313149283544151,1.3415259594825852,0.5586212123835914,-2.3028688059045703,-0.3806790718703258,2.1320839827823495,-4.417447847240229,3.8787830277604654,-0.2857154429071466,3.0988913472591344,1.3392570623813682,-3.8045204123678165,-0.6749823286907582,-0.035007814692541966,-0.8353991532306713,-2.126584117803297,3.1581863144306874,2.7783407358106333,0.20034155354274918,1.0660864747555396,1.6464955520028197,2.6743145963266466,-3.1139753142120705,0.18162750873146302,3.074047622679235,-6.402020605655089,-1.2482218040656936,1.60722198184614,2.3397516929347955,1.3998646354417625,-3.6353961006336286,2.6858223353033805,2.2822685823519393,-4.975937787726437,0.06558929584924,-0.2560881370835389,0.24892163367406467,-2.6136509518210707,-1.7528160337962275,2.3508375056371076,-3.9148058413977354,-0.22407593841405443,0.7318137623622822,1.575097867174871,-4.30402254936358,-4.3903887758454045,-1.1367448819087476,0.5880593455278689,2.001276395373795,3.7372902017233542,-1.277800222658183,-2.1763433139762216,2.1717662814239787,3.2443055235819216,3.1110702231668808,-6.737036900483827,-3.5072852309692157,-1.8068749455078543,-2.828029797894578,1.4299313821755653,2.889494407406358,-0.06713907425255258,-3.0467829418621903,0.2652086634789536,0.7989998265495295,0.7697144795997461,-2.2769246670655985,1.9505101772938649,1.982943059757386,-0.7519438211012655,-0.018163847150438284,1.8052865279076546,3.3743440610605986,1.116610077131327,0.697656976343699,-4.951317632613622,-0.21028351654684252,3.1041606500906207,-1.4944795259280643,-3.259221851437804,-2.6264349478897717,-0.7336912525021938,0.5338573279876269,5.740338448317659,2.8240885668917706,0.4053303984275936,-2.2529951015615213,-3.516805082478233,4.236214514711703,-0.982780248420875,-1.8035956114040606,3.2839017023600467,-0.9341551725376729,0.7907541505420582,-0.8589132886501535,-2.471017092730057,-4.300664461535113,0.5124689619750791,-0.7403557634023802,2.21908746690538,5.231473805759981,0.6754841851835448,-5.036671370059156,-2.732887156110862,1.3864782681432413,-1.3499205699167058,0.42603458945047257,0.46369362068090547,-4.010850578961307,-4.150199374009831,3.190645986375837,1.380718706602204,2.17751823245263,-3.0749538521424826,-1.8783349990431923,5.924890830357092,-1.5883844203158124,-2.1606055436374882,6.149591951748493,-2.968410733541043,4.288013127416906,1.821561319753178,-4.209371714781418,3.7117492468721736,-2.812974760643602,-0.23322733746799382,-1.1539477783752474,-3.085933026810199,3.530533707027721,-0.12500521206843798,-2.3551703422469004,-1.2894215588048485,2.108536854262508,-4.099697124853406,4.187279886257549,0.02806782700392381,-0.0024916044584833916,-1.6383322743133264,-2.060253869035215,0.655022156709817,2.176276524651305,2.152612236445192,-1.6575881255954192,-1.8762875402606234,-2.901371476274911,5.145299442805778,1.9998876295110848,0.35517469060115137,-4.0387747972264085,0.26440139253192363,0.5368465488676017,0.999802795357198,-1.1407412189069066,0.11119483569136179,-1.8821591847179446,-3.9817447815032976,2.013015930977384,-1.7905392737169752,2.0684723776423635,5.254010749645128,-3.0926707321460163,-1.286462840410869,-3.094897856242037,-0.7886861528492735,1.4314878074527724,2.7541322582496846,5.178419636951628,-1.7284244558746196,-6.626661204515626,2.806397074607994,3.4481494954910636,2.4576023649143437,-5.701933815476018,-1.3932164498204576,-2.035455555372191,1.5359389474640808,-2.0001906625245023,-2.6570902640226404,-3.0009828393920746,0.616990432744078,-1.203995346181802,2.1214748068274445,-0.313761486376822,-2.9795032248255464,-0.22436915298067106,-2.300857258254535,-3.1529112889368567,4.365676580208099,2.262482964178983,1.7281754504440252,0.6700147820614232,7.006518311083859,0.3560260568800084,-0.15571364527107354,-5.058207189448764,0.6411669815346988,-4.061623207131732,-1.3005594417141193,0.9490036699959349,1.3153210736643772,0.8424121579068321,-1.9104302358469958,-0.2163969424655726,-1.6283585728330667,-2.3948834218733004,2.9038217720678317,-3.64318056677606,-0.0518594508217738,5.038369205315444,-1.4368721878208675,1.4964275481140041,-1.6186553992374755,-0.7937757085702672,0.33599793026765606,-0.3330922644235572,-4.157663502018137,1.1106013945680826,-0.2746163659000729,3.5138047523558957,5.156364449551151,-4.525872657950432,4.257470477995426,1.150004668215198,2.9592503635138807,2.6242087278734045,-2.266314044366302,-0.8986737839400414,2.170491306222684,-0.5664784313192344,0.36089270177731825,1.360183063227167,4.907005494558515,0.5416196725150215,3.4442303586465988,-1.2916404034042512,5.160128777870209,-0.7556929345620564,0.46923491844155985,5.05868370840798,-2.106208333554023,5.366572021977279,0.8356163914250432,0.1290746621451021,-5.919500135245327,0.8538056165959038,3.583802452927828,3.1142796956617556,4.7153285801909615,-1.2282188066674142,1.4111573229427035,0.4272967958721191,6.470442222847797,2.6259201337341893,-5.752886756903196,0.476461010467391,-2.1114297658278987,0.5234685679681396,2.127540792843951,-0.9568059782896515,2.113071501240838,0.3653147367317463,-3.933133834906874,-4.494623194981271,1.9312915337654828,0.6370608006969447,-3.2947030237365427,-5.255215139652289,-0.5896658160041142,1.2066082077683067,2.700760888999404,-2.915578191801962,1.9873440448513868,-5.881074310343305,1.665549621187627,1.2103739288537891,1.0208743103806857,-0.5846778656264676,4.073231947941433,0.6837575866755644,-2.2992426622474786,-0.5613074746678715,-2.2707285775756927,2.4892776857147867,-2.574171287047588,-2.0654138548481593,2.0719504480299413,-2.7409212041850677,4.838836025838316,1.9132312251089407,-1.5706227051904231,3.924640599374017,2.1085847141644676,0.8800197280891467,-5.0763592887318225,-1.8367126930336715,-5.417464188419199,1.2733008587871821,-1.2285231868068993,-1.5478083130123794,4.915425194386096,0.4657503533830788,-4.7049577144779136,-3.2237635982308515,-1.5873110935040289,-2.9357991065034748,0.42172458258687173,-2.5159660163818955,-3.070353496198273,-5.522363433200102,2.557066160558095,-0.9913765869652335,-0.9112404947545505,0.46452008873603734,-1.6901466600604844,1.933195712516491,1.5127066845995407,-3.6184527910836186,-1.1604749507191565,2.2730953199779664,0.5677621868044086,0.7142837986902549,-1.293127459411783,-5.73481857251425,2.5010543659044195,4.09822992456451,3.420253881830315,0.3301586436363628,-3.7004446028204976,-1.9327873493747796,-2.616859005468036,-0.6462089142174327,3.1428533647082713,-2.474435737416958,-0.8810462237335495,2.6455729352805957,-0.9766440957446215,1.7880193953627903,4.846106387896782,0.40313191763080347,-0.990180921375353,1.2118447951664428,1.394071831182138,-1.1382707330493622,2.7376110375685996,3.5422462110491475,2.6855218554072384,-3.6298288727992842,-2.9694050385693647,3.102003088308291,-0.928476889359314,-3.830648273752737,4.8449782366131675,2.4281188527685877,2.977087792164526,-0.9597686061156423,-0.7293408164217006,2.5528779838360087,3.0747038322752798,5.595101650662807,-2.8626679208063077,6.393830197256512,3.9202844855470698,0.6410221906289051,1.503556536479289,0.2009866519215456,1.0205533937016809,5.365465656494637,1.7348746137245525,0.1763687576518992,1.8315446955650416,-2.5511297878963104,-5.600293600459139,1.8505375911802757,1.646189005174907,0.7032089052038434,0.8172283279605743,0.7796510037146855,-0.6031557748292223,1.3432971305304118,0.885549267885716,6.061569692218,4.57740699734872,-1.2272322579844932,3.174143353870157,-4.651967887155237,0.8069940537095239,0.2587564358723902,3.2115881623410014,-4.0693674632009795,0.7719042011844055,1.0097478980172663,-3.814934114885331,0.5989571875499924,-0.23888126795417597,0.6134953175116521,-5.73036445716812,-1.594135903745004,-2.021613414020755,-1.9394959343161964,0.4980424300882953,2.919421893831825,2.7909023410787173,2.9675155401747197,-2.368639841846048,0.2666231886699908,-2.698024304963311,2.5112736536565636,-1.1623463138674652,3.359945995612657,1.2540960904877847,-3.3695630961619427,2.5722807685550277,2.765912569189352,0.8046429996834874,4.008072325263096,-0.2025244290838593,-2.7131184162564708,-1.8480592529058502,-1.6906292815327415,2.063258244383131,-4.35172071978215,-0.9888134890991183,4.1068338235131625,-2.469964572886919,1.430237294734248,0.3720208478193273,2.339721041843469,-1.4948132500313402,-0.6480987150407931,-2.1834396739001245;-0.5871774876408267,-1.1463309873712086,0.952309316440496,1.7358094217081872,-1.3358300472611315,1.952660562261218,0.7834222865529676,-0.000629257212871881,-0.5930104461289016,0.962678041645654,0.05986010485838062,-0.20408003825888066,0.39857701467671214,0.9478645891899623,-0.5009603450514035,0.10524239699729498;3.5320574998923204,-2.024649529137032,-1.3519753165986896,-2.5365172051852607,0.010334967107835769,-3.307467853660965,1.7587482440344506,-3.2406658361900287,5.6737649999435265,-1.6447048305961325,-1.2022097418683106,1.4087521579701028,0.7953329569841796,0.5728732318605154,-3.5210935173831195,1.9524701622972476,1.3474164208516237,-5.368517473712247,1.5569074385546189,4.381687964529803,-3.4028410921034866,-0.9253959870096098,-2.190960890398708,2.1473271381150965,-0.488785046546328,1.3736665959046603,-1.1508880171507059,1.429256867606761,-0.9207010130583825,-4.515395977652596,-5.195752543699129,-2.493721815011927,0.1451793907427395,5.814826386645983,-2.3483194083176206,-5.031617892344464,-0.1771996012080953,0.8959701285255517,-2.522739864990008,-3.4635293918674237,0.3236066490522821,-2.6458459474127776,-7.906369867536907,3.488355894480371,2.213319211898112,0.37006826416856486,3.3696552312149404,-3.025368273551064,-1.670993967695606,-3.276304762308153,0.9776721025770239,-1.8889012870043926,2.019439772581271,-0.7518835032122972,5.608412131752412,-0.7245884568769918,-2.688888470324056,-3.0444277812864824,0.8189941662805276,5.023392787421161,-1.5379353571769356,-2.140468740061812,1.3935917279925936,0.51971039573581,3.646999499424389,-3.720234407042542,-4.5135987166027025,0.3952388718246994,3.6716342118355083,1.4246120519634904,0.06714767932964166,0.7087140285318758,4.966346527898331,3.765486492742428,4.694789851444366,-1.4976757193817685,4.864973007290097,-2.145783892726963,1.1724039561943975,-5.357846227621844,-3.0936294038442678,-5.917048761982064,-2.384244146201178,-1.0618404321390376,2.228352691274315,1.1644706358915469,-0.4408765441019094,4.10779086793188,-2.450321519727844,-3.8523475365908064,-0.9742935147663068,-2.4087829439248725,0.7395690632942158,-3.2904624933835755,-0.5740235505254887,6.264237078487929,2.0185649641234997,-3.427763007113167,0.6000761671287549,-7.224162491214541,-4.041566052547122,-3.7544850159909755,-3.416468105178421,-2.8774634209653276,1.9752145095988585,-7.761414335047793,0.5698896021459677,2.455425422483432,-4.395466665999328,-0.6618814370199458,-4.289579746979908,0.027275274799255136,-1.1064936689461176,3.1878250544735116,0.7290476655713493,-0.38114856896645566,4.77945768265095,7.687431983354402,2.177566172628463,-2.8256662697710784,-0.6286589821486861,1.1173626602618132,1.3572334531196864,-10.605560392739875,2.763590706050846,3.9809268640097644,0.8405194665593931,-2.340217497491195,2.7612431616641184,-4.474694229686435,-0.3278502438950418,0.7675770630757817,3.1545787547639876,2.1561718253972937,4.827954078457677,0.0506277282680041,0.9108058400075953,1.2930855865845212,2.369877488846811,0.9878058221015587,-4.4050425245102645,-2.668953250860154,0.8485959320743712,-2.9810728999256817,3.3135205537229138,-1.9318111112276273,-1.3510397368707863,3.7335982794660816,-2.591919485184926,2.9554474365285386,-0.9702024774061727,1.4733020352495165,-0.39532260386302875,1.4569645018054638,-0.1639735391351938,5.795857610672531,-5.199315349276485,4.2239824973101365,3.0644902274056665,-2.598966608468693;4.729451714063133,-1.9411394417193641,4.371955851998228,2.5879698769094848,0.7763580802859731,0.3169332019092095,-1.1482799287179752,3.740499548053875,1.7346807582745856,-5.194022876055737"
