Individual,Fitness,Controller
0,1.6638911031917007,"-1.9094184198954534,0.4190262538117201,-0.7633769860479381,0.6723966315828752,1.3514547450831975,0.16116862830101264,-0.22699990828281574,3.1474853054278995,0.30315413595210594,0.21868812030481238,-0.9623670885775829,0.6632100071547452,-1.0558943908802079,-0.5775379062467321,-0.57627131796208,-0.6676549248137733,-1.3766393971852777,1.0939037781633696,-1.7770442571907354,-1.382434083914587,0.19560626047624016,0.2130353000004489,-0.5996291928649398,-0.9066310553177842,-2.4455391484309557,-0.19111256708589214,-0.0684791375372708,1.1958537064827335,-1.2546297781471525,1.502050603927568,-1.6470442291037584,-0.8612380628213497,-2.423175677564994,-0.6545561139754776,1.2543687985758005,-0.18142795062489014,-0.4613506325528175,0.237030475207379,1.5573728200443644,0.5018936716906142,-0.051082808323988926,0.49900750768133345,-0.9317239018822133,1.7825508634166016,1.5808057142516854,-0.5390140044625436,0.1017199051819391,-0.021087568840697568,0.5565162158963007,-0.08497760247477634,-1.5870318626404152,1.2002240687561243,-0.1562894900751438,-0.43324090918104197,1.2059710837122932,-1.0506566648110522,0.7235482729766607,1.6811798276497611,-1.2608771758053325,0.6834615409635388,-0.4944496508874495,-0.4834779905466722,0.5090058868330125,1.6154838309078892,0.7897140555395274,-1.5800898878239427,-0.09556749999008625,-0.4603024270889718,0.9030704470782417,-0.7556625224079008,0.9000821732019024,0.7152141369567295,1.9574808869807974,-0.23469156212668033,0.4334032630039367,-0.832232112232316,-0.03279982839611256,1.0118051743734016,0.2411688027962438,-0.6065042213981883,-0.043658819128446845,-1.217509962964257,0.0014886362271789716,-0.4475919326668275,-0.34009497813595346,0.2796655009346445,0.5753493353182693,-0.9596585924020806,0.9214446718628493,0.7355798582480926,1.1926187518375513,0.8120372335326118,0.8371782177627531,-0.07779079594240251,-0.4304534031709401,-0.471872575752342,-0.32109503778317855,0.7046088588064847,-1.0040777546748445,1.214150861631115,1.327829801655438,-0.684991757138694,1.2869276129832212,-0.7727628582698607,-0.020424642992625468,-0.4174794764376866,0.6113703472920434,-0.7183505755780434,1.4040729139418924,1.3425809097673334,1.587874988061188,1.458633406947549,-0.8246920357031893,-1.583890769627715,-0.5227567428537093,0.7198860299837879,-0.35272420733659876,-0.5037346675890746,0.6546362890164859,-0.657888585336532,-0.42662246750141486,0.013371160777156115,0.32314021146710437,1.6139363592029397,0.5761126330369825,0.9074087936265796,0.11306957273140784,-1.2655535538533829,2.0922093853851695,0.005750646867988873,-1.2490528354434902,-0.06084328244300474,1.1720971752993676,-0.4024439971439036,0.27613601039333363,0.3011542298381419,0.8874509741357811,-0.3159853668123161,1.7769384853828705,0.5246996975823635,-1.5598900727170362,0.1364541809566066,-0.4561256272738616,0.19376753894212975,-0.4792501640401424,1.7682182160540576,-1.4866686778626454,-1.7236322763970207,-0.4667581244804553,1.2942139528155716,-1.108867929262846,0.170982449722765,0.41750051065047944,0.14822461664877035,-0.30495010237443315,-1.0362498011478731,0.7965756331607405,-0.8957824003319161,0.5502886832556318,0.1335248222904017,-0.8038991035810575,-0.7036989787386689,-1.3547650592572138,1.5393361117833313,0.5049081690807673,-1.014452277040184,-0.49742824312437706,1.9593083690504538,2.2067781778967075,-0.32404884721151006,2.253958891943763,1.7380162911072552,-1.2662328904778024,0.04476752156133332,0.5176469707589643,1.396890823899618,0.015016784099474557,-0.0008726889388815258,0.932151944120474,1.1247475598477594,-2.792708472786483,-0.04861578501076484,0.3115089113938163,-0.37010320973419353,0.5360552350940818,1.1742275572260594,0.23019925044813175,0.561550194613914,0.014922312222792083,-0.1091271694430436,0.9655898427192053,1.1324241557416457,0.42930268848253483,-0.06209785956952921,-0.09343496294551759,0.256307492514025,1.5850738107043394,0.3604822719342958,0.059677418204534025,1.7010888343915247,-0.6251882028023471,0.17538868634431554,0.36185631776787286,-0.14432389597020442,0.12389574763113784,-1.330579864091833,-0.883221348814967,-1.3702074588285598,1.1168166910501993,1.3843082637811042,0.033015054147309764,0.26424490914765275,-0.48770466467558016,-1.6044274473802929,-0.9632538840569506,0.3825084277394497,-1.0699892636554214,-0.13611217142330925,-0.3486248683388714,0.8428299495005487,-1.4612097573031435,1.932722000416816,-0.537204035296032,-0.03530838373789062,-0.30032800381550917,0.27292257969229217,-2.0486093371785934,1.8120936094774172,0.9208534323087154,-1.158938719103416,-0.6797863062679903,0.13262894924030172,-0.9101556349341966,-0.9338126423994794,-0.08407197500218075,0.6148492889664585,-0.6453409672815634,1.0651872841397616,-0.4612323391678003,0.1369648300194976,-1.1966404146638785,-0.7351355253404185,0.9397433203595678,-1.2098537929193571,-0.7585339729805066,0.750375379966694,0.40059938015643004,0.8502517265223084,-0.8301297728874166,0.16905304766931828,0.8624750034533544,-0.03628822544936097,2.37363832860855,-0.16669078586947592,0.2492404007971133,-1.2919585781494143,0.8883173663582974,0.05349684387061023,-0.9629725248856377,1.1565759747734614,-0.5119081948618859,2.0000140173376195,0.10144752756108177,-0.6796953610860494,0.09594027720216075,0.3217784403365388,0.15629641906614286,-0.6729128349864486,-2.0898550065871593,-0.3694217449466675,0.25607606998150106,0.44612183480641643,-1.2167220393434333,1.520517795511332,-0.6235132354206071,-0.12515764122091114,-0.9877090535565143,0.5249601239627518,-0.11219249016145194,-1.4041220193848254,0.7603678052666846,-0.307161999777707,1.8323107460777355,-0.37789791731823336,0.5701918314347043,1.2795556080453292,0.11228906658495627,-0.4832510330651131,1.6432572145096667,3.09308412090499,0.09906613317734547,-0.15493628806131177,0.9246906550701475,-0.7826998195788455,-0.32792588898121355,2.0162642105281736,0.6881538191567316,-0.36158118653189525,-2.009970403605048,0.21789706795001185,0.7497015655297764,-0.7265009492891463,-1.8724326477967608,0.965197711964762,0.5080344310391511,0.9976514740948232,0.0017042922075452271,-1.5118696812938717,-1.5363386208150753,0.5290030838574249,0.5360488811391171,-0.3491548295562705,0.5643414885870776,-0.1642380654438393,-1.1035832008201862,0.4354951466070739,-0.4606657362007782,-0.6769560101622758,0.7174725201949853,1.1281384219094728,-0.9366340608739465,1.5442449084521195,1.0909748533400179,0.23902115349298905,0.6368748725025959,1.0780961803877256,0.08229808077703027,-1.573661593920746,0.5742994667633691,-1.3731936303688872,0.29729837674339754,0.07164224635586541,1.218179743497815,-0.22687901980577146,-0.670317752983863,0.023240826141215323,1.998465567132675,0.3527945017607606,0.47624667414918104,1.884088066915883,-0.3278195100604089,-0.31466694042615967,-0.6686379713619157,1.9753823089009812,-2.2983163468658816,0.3730711530366263,-0.4030396994564902,0.41940778147514995,0.20488489920520556,-0.043116712797688486,1.2241858817482938,-1.1699921969371232,0.0007382892618546244,0.7204045485803064,-0.3584842607103253,-0.04765576631303658,-1.0999815842631302,0.7354025126742336,0.8690587253829719,2.2490479909252756,-1.8163263346834368,0.4877847977008317,0.9444477182321978,0.08474981701345288,-2.2807904346790395,0.26052175110315157,1.0845027936498157,0.3517092928361424,-0.6423076300887836,-0.1295988702877992,0.13112196418660205,-0.12371778357790346,1.2864273967168893,-0.07108139791746651,-1.079207858935908,-1.144753822128384,-0.4918420027558855,-1.6842540480955908,0.8789509001494699,-0.9699094459031691,0.6788077852755025,1.3443397118380482,-0.3818134474415579,-1.6597654690107906,-0.6654048979278084,0.7883398994749268,-0.01550721103845655,1.7009022947658283,0.006362199960362469,0.5394487960349248,1.3386462019454892,-0.28821644940745716,0.5695969579598142,-0.8311020012459408,-0.9457565368190197,-0.5321100603413559,-0.32032681241631783,0.23348598294947034,0.4443650782537428,-0.8949249095150252,0.7491211215866512,2.117174784155999,-1.543958884921414,0.5013262639705265,0.3099124200540684,0.1347179247923756,0.10259074726661345,0.37054395695052134,-0.07595679027751126,-2.192562974237917,1.7119573770003103,-1.7665237130053306,3.516539102918585,0.3173792141832897,1.5990150235291738,0.1054253426176732,-1.6125871502883284,-0.7897547225748796,-0.5684159612679043,-0.647367978967207,2.537514094544778,-1.15019065907607,0.5848006024041903,-1.552154099584421,-0.4530127760274247,0.2645071840390604,-2.835833300043711,-0.062463700398581484,-0.5835238362985283,-0.9174121272785817,0.8724086394612716,-0.7259822099955482,2.123660067418318,0.6089491279278967,-0.13246695643694,-3.113846271749487,1.5218908198135155,0.7445505049874022,1.9929482452693361,-0.6133827431998841,-0.24233749217103032,-2.499506294960268,-0.9820375362983246,-0.4416443093488761,0.10653351821419842,0.1680559218833763,-0.421946347446442,0.41999696033044764,-1.499872601184183,1.3205635320960836,1.0625422027966471,-1.3685400710862081,-0.23327930046687084,-1.7628121199806086,1.479811799651567,-0.4429954604623621,-0.9350452915379219,-0.16601863608319783,-0.5650962879229584,0.40481501438869333,0.8843723771172128,-1.6950997509570243,0.17539059674747254,0.17211858671584038,-0.9024725158543988,1.289265229368325,-0.5299104476572096,0.3126601712147152,-0.8851017719246297,2.174912651667248,-0.08741739724066247,-0.25694578585089467,-1.4705002311279038,-0.3172957374722593,0.18113236930357304,1.4288465236091628,0.8254620325204475,-0.10377077120352822,-0.7905840891146303,-1.3612823909148934,-2.1970727477492433,0.02637626591924383,1.2894862283480213,-1.002052266044344,0.1346337088842971,-1.8319110513352002,-0.9618659961979658,-0.24841704353331062,-2.3915522675138967,0.26098223513590235,0.4268863155917052,0.5975154098577375,1.002911011300517,-0.8162647294341698,-1.3715864039815178,0.5647631429511086,1.0859006534822397,-1.4559843692525094,0.9785586380634563,-2.4220754002142195,-0.27383040285489685,0.9723628551748744,-0.986920797866352,0.4298041889622283,-2.2192290911180406,1.4040585859880017,-1.2679343918601438,-0.06914510717534122,0.7718960826273034,0.8812626678354603,0.3249960210631787,0.4035865508264935,-0.49732973837955124,-0.6400184185094446,-0.8641189714992958,-0.2068391856455281,-2.103925591235127,-1.2015139675292328,0.2514329864906282,0.8825254790543686,0.6520905712499806,-0.18883390265367284,0.7801120707380284,-0.6189563102615125,0.24439386884509548,-0.5043039982225436,-0.08850672525100778,-0.8718533483119326,-0.11205731552923884,-0.984456318458527,-1.3617947298950444,-0.32997547593718324,-0.03272455321243295,0.5734983531856311,0.45982481439754497,0.6776293341282001,0.580597601400317,-1.0822843584739497,-2.225540746271164,0.39796254780259327,0.14377722808679466,-2.4413167014431814,1.916681428658352,-1.1732971791022948,1.9981849358737962,-0.5527926888628037,1.2120209854024198,0.40976622763772813,-1.712048642261428,-2.9180111652263614,-0.10363921737834636,-1.0215269424297133,-0.06806441447893262,0.6439494482712557,0.9416925313853146,-0.1739359539222079,-1.2463994028650243,1.2025651889831308,-0.029222942683851755,-1.5615054763118605,-1.2063713225115462,-0.5940855105656426,1.909541135859831,-0.6077598267450133,0.267788204100161,-0.2840224714017593,-0.7681930696626977,1.505001954203517,-2.2831473886087577,2.3372155890845674,0.22795544903181686,1.1830234707989926,-1.5066391616082255,0.21056941025650894,-0.03739924797699648,1.8370593074548587,-0.2063723882960967,0.06261092875409899,-0.630887120939464,-0.5572440204761133,-0.26375805775102057,-0.24468251466592272,0.1579333291065262,0.22598463414937286,0.37449937876154143,0.9087480066284876,-0.8631197701733514,-0.19626405491915438,-0.05279232109646359,-2.1247621442109956,-1.4216403304573975,0.30940280161281414,-1.2360618220013906,2.3502898631654547,-0.7116797221697693,0.9719748258921777,0.3699746581802683,1.5494451690595055,-0.3996772718957019,1.1564963804225874,-0.02807688772075667,0.31238565693327947,-0.5148128695985503,0.8349056243159956,1.0432497280601238,-1.181224198336543,-0.0559177546077915,0.9339907651044818,-0.5605661470008001,0.05354321322045029,0.7193972067646242,0.28938297879911584,-0.7298284036801126,1.4098442470264414,2.0350091536092427,-1.8646313989559544,-0.7166087500406957,2.8054850499352004,0.2318621896864935,-0.46794018515263247,-0.22412445074391604,1.1166857195761923,0.03313227390944426,1.2141431234982334,-0.7432013726875427,0.21657746561942526,0.34640882501865633,0.7695271450311704,0.010429042194100843,-0.5238035153248308,-2.0231599745212954,1.365932236189397,0.7186296217274606,0.3797280169157808,-1.3749543799884962,-0.001081325719849091,-0.06169773684097752,-2.1443980917096637,1.3759776225135434,0.1198178611654079,0.4176910917192412,-0.17834485670637001,0.5286997544948372,0.8682284926221692,-0.07057899949750485,0.8307650132129867,-0.961006182589672,-0.5519697894116135,1.50040403638137,0.7931299792366883,-0.7841474674942762,0.5399850525063363,0.13318464904600819,-2.6907459394202404,-0.1358670181620751,0.9009091990803023,-1.9013677782331893,0.36230225571807523,-0.8507380370410828,0.6754940155346663,-0.552607894535201,0.9863954224872704,0.7496290425647356,-0.2742548619257669,-1.5504745261541493,0.3726987422266279,0.26928256420451646,-0.38037891632335036,-1.5485711784021459,-1.7380022090301506,1.1789314550700682,0.4616103294018217,0.6401896387179645,-0.6324070012542455,-0.10982641602025348,-0.01574369565707221,-1.0757623022315284,0.7353858070313823,0.035920562092537744,1.3667750833608674,1.2888152923889664,-0.23706943323371155,1.730626406092633,0.08419280142576374,-1.3774018309316602,1.0799792168224538,2.3899786993159347,-0.07950857257575342,0.05165410158823412,0.848470561577543,-0.8482384199102693,-0.11194397502931529,-0.4712140389738711,-1.3218960657069734,-0.0997553992357976,-0.23117516791176487,2.7472658486240067,0.8647177083104645,-2.6284379003634637,1.655958945855433,-0.12496161689691669,2.298555318291402,-2.514705572664149,0.7340469259060923,0.33065796743267506,-2.435641774278309,1.1162877398885145,-0.9049742194146548,0.4792708941179139,1.266003716510391,-0.9266208189396603,1.7430143692825735,-0.29263071208918795,0.6689055491431036,1.2097432215662656,-0.6848688873473207,0.20420780447226675,-0.4972412817244641,-2.365683386450184,0.3778825073023306,2.217502758571395,-0.007420290865720963,1.6574211313079816,1.325211762977214,-1.2749548071821684,-0.46718008488660423,-0.14831519061210852,-1.1492573937600874,2.3115118883695867,2.7181502927070387,-0.5566486072100417,-0.549762849535956,1.8188977387141776,0.08412771964061136,2.2329725646561065,0.7677989980760159,2.5161675170019677,0.6449241593223742,0.8232565907280692,1.0323029398722499,-1.449612220226637,1.0870914616659515,1.324018619016333,-1.7569825498045877,-0.008724483780459757,0.6607010149750511,-1.4043593285634541,-2.77072760645067,1.5234417072772564,1.4572746259833056,-1.4470014735932937,1.86954660920426,-1.67346520753327,-2.0193767088903685,-0.4161814204501614,1.0050190021036562,0.2298942628805713,1.3639868353432656,0.981528679180721,0.09180638878075836,0.3174467748698789,0.12147554556780503,-0.1827593369248804,0.730340937084286,1.250621636492052,-0.47207863144437373,-1.8018690599075426,-1.540014364160886,2.4916403231653717,-1.247475467241559,-0.636857560607717,-2.5762858574567695,1.0238532285972264,-0.4954664753071593,-0.7628571982829041,-0.19961283487796855,0.4024765677558217,2.0222063637265153,-1.0645906508176162,0.005292740096976251,-0.35470561054749034,-1.4398738139613159,-0.6051064870597336,-0.44300469638491896,0.34182279839047186,1.332065779460477,3.5941489655696506,1.3427603138905535,-1.706178673640009,1.4998333588289994,-0.798511181198893,0.21520576882162204,-1.5841964413963987,0.90120835561539,-0.2042729069810174,1.6834534669684431,-0.45778923957256523,0.16094736411221314,-0.6520668838554633,-0.5592093802348176,0.06349634192754663,1.8397465014980352,-0.8001644242285748,0.663293291202813,-0.3224687515311263,-1.695291705909059,-0.6241803271366703,-0.14250090972442533,-0.905713218151774,0.03363748837356818,1.674474874233253,0.815785766571854,0.6278050261423705,0.99638830242576,1.6557617374782718,-1.3282877974470546,0.9560702957434493,0.3094518812796927,-0.27029184483178303,-0.5656914473945948,-0.3720606896621227,-0.7732109945002972,-0.13793733163750804,1.1663127935319946,-1.0302572644875296,0.3630090678665754,1.5819169570551699,-0.48443800014992483,0.03383460420463179,-1.4533598771080445,0.3701900782593869,-1.356891204473639,-0.8793063296608076,0.4939049988354964,0.6367668394553556,-0.05366678235493348,-0.9845362351218568,0.01965051946666055,-0.7937165233458241,-1.2298921226261101,-0.2261445757097612,-0.0708360363815963,-1.3088093665894418,-2.8938147916476584,0.6721830299294429,-1.0739237151609167,-0.21377759316276196,-1.8890943825528932,-0.0781567659076948,-0.6354256224396756,-0.10853797228072416,-1.8333364320063081,1.5548256661577724,0.818258880628137,-2.441328678487722,0.806381807819096,-0.19136989868923981,0.3567615466604245,0.8540992617958062,-2.0347968798708806,0.42208864480713704,1.908985740238647,-0.04848174145153697,0.8524420407308217,-3.1504804351245683,1.4560102740931062,2.138578724820789,0.022807204716159546,-0.4042449018316754,0.7579872581609295,0.63476834099716,-0.7661525487736163,-0.9753505409763185,-0.20857661870283234,-1.2571353562581213,-2.104596169926517,-1.030476834415229,0.05428881021749993,-1.2362011020607262,0.6888321002770096,0.7014274440627349,0.3246759558909233,-1.4489792504868717,0.5484165992078023,-0.710822352427482,-0.6000275311756199,-0.7580389686098631,-0.6256340103702651,0.7791534912272032,0.8548687923149775,0.4402810014129237,-0.16890865990818255,0.47386802168048137,-1.857883188973433,0.3107884055294209,1.177361084165822,1.4079515947880687,-1.8834436626664703,-0.7432418099341859,0.30134910751844324,1.0479702591788203,2.888293538524801,-0.3285938381749333,1.0560022568079546,1.9851968246257328,-0.018512376218278476,-0.2669126932458217,0.63126561459894,1.894937442301059,-1.5486257200184932,2.1478747738884696,-0.2789092115880814,-1.3796466346836664,-1.0095124520029057,-2.0608438081200586,1.307380054576306,1.3777300165830293,-1.0462837555146955,0.6163730687416384,1.1251412316000855,-1.0269231462622364,-1.9910018162027878,-1.1644932639207606,0.5971793082810877,0.9206326105683517,1.4123089627162766,0.519498111679658,-1.3034384936073244,1.177523323245655,0.7505932008522903,1.552607561019295,0.5284188134550292,0.4378739863318212,-0.7882555049099425,-0.28932687507154364,-0.21534554491379718,-0.7705820013687904,1.719433636576154,-0.8635000241958968,0.4467624560400243,0.3328701395511352,0.46166835352292757,1.4401225901791184,-1.4905459657356959,1.7893831674536016,1.0846755859899722,-1.3819374968880234,-0.11242777128057094,0.10860295231318891,0.9967128127406604,1.6447534887872737,0.010944783788861226,0.5820923437391974,-0.843735413314581,-1.1486178688653266,-0.2260561766278626,-0.5951103387403525,0.888323422518052,0.43929864574723065,0.3279076980194402,0.5350146550662414,-1.5985299488127165,-0.7286789502017785,-0.5894134276217057,0.03477618962296158,0.36273494127018924,-0.15659473219670322,0.12765615053434834,-1.8366208095481766,0.7035889811549393,0.1127436747776835,0.20323085786378886,-0.5932995000683863,0.19791564559955993,2.5874142341475825,0.7541455204777856,1.1698098760351128,-0.047131418145060625,0.2563224192301212,-0.8553823624291234,0.19032235261205327,0.5016739768747056,-1.1006580693677412,-2.479812346975877,-0.5369609633165726,0.2341536203470258,0.138881806470169,-0.744671511018397,1.5425528009649376,0.027174558573209065,-0.7681487114268368,0.09927252063079534,-0.649496828252876,0.3407473072664813,-1.3005353554717227,-0.013747437279460921,0.9335472179538764,-0.1184248937311819,2.1866034054664927,1.0233463428476044,-0.3433886435320663,0.39565544870046904,0.87957032389421,-2.160046761219862,0.877362529850418,-2.1195086139335073,-1.9230027404876735,-0.8599667047023745,-1.956868216175069,0.29430529235315883,0.8551163231452711,1.6696578179254093,-1.1595979543222574,0.9598013489365803,0.7827627530169017,-1.3563574317721663,-3.0159449010831114,0.1797114664072421,-0.377031601638127,-0.17966094346670364,-0.7804733731250622,1.0656154931838393,-0.12957717013346778,2.3036051683825565,-1.031598133199176,-3.192466773965608,0.2935785838992342,1.110808302852885,0.23691675960029335,-0.31887010234521485,0.8951981048997861,-0.6862387323215522,0.11912279273098925,0.17095674530716878,-0.23242999106146178,-1.1138412276236174,-0.9261965235515937,-0.48228508829399097,-1.0882247481279923,-0.1142213573419638,-0.0427651775044989,-1.0107159071817065,1.1117477428493523,0.4695616116041943,0.5325891699125787,1.1152903876722469,-0.02608192738071133,0.45717047010763145,0.4442633281297688,1.013925257855154,0.38560061029162784,0.5822644988679704,-0.32002416538423056,-0.7297865108469944,0.06599906512982698,0.044682637068688,-0.6881414560187109,2.568533929052744,-0.0523647098786571,-0.08163219333716001,-0.7227432079733409,-0.2159509882866909,-0.3533707453998497,0.888082350355023,-0.922424986176871,-1.0842687516791967,-2.8566749926930455,0.08963877945647468,1.010510209539011,0.3501813130879739,-0.9160520987042925,-1.0043791429453586,0.8154763128386084,2.6034672943947657,0.40492990705789406,-0.2468248028059966,1.9636401581791356,0.9487261982646136,0.16973609240717208,0.029424761342541517,0.3531668759056077,0.9113564716904037,-1.8364398389567484,-0.8912651167809877,-0.48922999415328283,-0.9833054347587409,-1.7730920584844514,-2.8785824498063772,-0.14595840344415906,0.3172974598889006,0.8046746481142529,-0.37215408615091583,-0.1379256084539839,1.1104313095851766,0.3992069425492514,-1.5107587357524643,-1.4335097048180956,0.917251289458589,1.4179440261272998,-0.6139796219632343,1.4870576288581345,-0.32752979588704084,-0.11436911438161654,-1.1545235828597034,-0.25297846882582786,0.369614614567949,-3.032728652106135,0.7016301709764949,-0.3297732662435005,0.030530185789678435,1.7460127542770596,-1.788832809647038,-0.6830709339018693,-0.966964814389105,0.7038549410141565,-0.2782124539043243,-0.7242809099375324,0.7090557510025597,-1.389968175202747,-0.23865531364834336,0.8965031378712912,0.2574063910872663,1.1763862868919308,0.8054430187202104,-1.219834060915922,0.24768056793747534,-0.3942185669930242,-1.951814235871459,-0.3642820140560736,-2.437570979032984,-0.6927857577656115,-1.5380758204480782,0.7104792708416624,-1.9263521955092548,1.8458122217243367,-0.49317104407353435,-0.4031219177699,-0.22583505823078454,-0.8628347411254532,-1.099609713877478,0.9082711321223846,-1.0387583051273293,0.7346628772138113,-1.262482541147548,-3.189031392022992,0.6490334542715417,-0.09158732314442451,1.218432902215099,-0.9401239621320385,-0.5920448954152254,1.2145227307727782,0.6080889364258628;-0.2778857657093453,2.3261611336834243,0.672028673377613,-0.1481493616450413,0.45775082677661766,-1.5589933632668977,-0.9372585881021804,-0.20204574158755975,-3.6975439208206295,-1.540942965550705,1.6648137155306397,-0.5955283771745874,1.5560012084431765,2.0373275633320844,-1.5294150603156855,0.32228729692641117;0.4241570096374261,1.4594203785833275,0.29158217863766617,-0.5174103154203337,-1.6064802647253016,0.4560880510305208,0.307628905296918,1.351907452795417,-1.4524175985951695,0.8263054121270574,-0.5497095102594334,-2.225955327180298,-0.8357263646544826,0.8983497309651893,-0.43278556719065286,0.8502856128712359,-0.5390770312397781,0.6683325202530821,-1.2053511497995062,0.6270162706614942,-0.6256730761768258,1.0730443876750846,-1.6241685952494649,-0.3496424597943579,2.399981228130807,-0.24946438815597438,1.570223070395891,-0.5815737923351253,-1.6780178529023175,1.8313188016248914,-1.0554169771608943,-1.486527806230347,-0.24969719051034758,0.7452148427990812,1.6335503124630484,0.9821455302573942,0.9778927578818641,1.4335655283551219,-1.8978266978252152,0.2793762609607791,0.9965527787257009,0.3368352529144676,-0.32813280340220924,1.1328673302289642,-0.4040203302302725,2.3370452655705702,1.1558126963270559,0.7550945772036193,-0.6992917804250676,-0.7079220598253206,-1.2389071911141327,0.2647877062628528,0.5012327164883373,-0.9538189901845048,-0.0774606764983044,1.4341259026707904,-0.5974778111979432,0.26931067309005147,1.335129108692433,-1.2927726401043738,0.016085592797644627,1.4846264210628985,0.6166248854995792,-0.8464798297441493,1.8608496919684552,1.284022733737939,0.37020038052653415,-1.9667964355230052,0.14114659010053032,-0.4613865643075894,0.03045518956070005,1.837330916744607,-0.3503819045560209,0.6921622317239621,-1.8131229071176225,-0.34314914754974446,0.37617988445235095,0.07726099202950168,-0.24041730600172867,0.3239124732928491,2.1284572303046363,-1.0955313606036627,-1.5242858126219911,-0.9534543705091041,-1.0645215343503485,0.36983561573956314,-0.2260949834411568,-0.18807902386956432,-0.14503024898305436,0.6831172790893321,-0.45746630196951127,1.557620921937164,0.13750880635103319,-0.415008612367939,-0.20885998419837465,-0.33009606934429375,-0.42397384300346447,1.575449100971206,-0.5082540323952023,-0.9615742832247467,0.8852116091190146,0.2753987536843526,-0.9154938413933149,-2.4715726469489008,0.6400400818162206,-0.4043918822619381,-2.4043528253702213,0.12274970818583517,0.2517754236713951,0.8575230070809688,2.1038540928832954,-1.8869761311746278,-0.5010316355310351,-0.43229998484844273,-1.1790317220006854,-0.08782659280337819,-1.741955978332443,2.0956146902770776,0.2892553881924482,-1.6207411007883092,-0.29021384564212416,-1.175167784359242,2.377597032600666,-0.8549184488009341,-1.634087325664189,-0.9003156478215013,0.11033172693071332,-0.12078190094547801,-0.14278221926833323,-1.4787768746586876,0.5478760147356329,-1.0819390207465398,-0.8338798141862642,-0.7256921878640742,-0.7225788188213433,-0.9744683714574957,0.3963775070402471,1.7090322739918278,0.9106280814938658,-0.04865289386731667,-0.1448713415581527,1.2601051507894863,2.733364557008192,1.638272477598264,0.9980489709082994,-0.5394755202286294,0.44638369783574594,0.29189059008612805,-0.24816931489322597,-0.11560796236314536,1.0780363447657018,-0.026981161532492574,-0.26162171855387295,-0.2783628670856879,-0.2192294957815332,1.0691715501049244,0.5274034420918468,-0.7648846284266472,-1.4923047074249618,-0.8723471654666524;0.5103689585863955,1.1153816543626625,0.17585492359880792,0.20168302155544549,-0.16370079756007822,0.7254743237856952,-1.7511488767260348,1.457309200132744,0.8310607592419184,1.9477048292565373"
1,1.6446303847253103,"-1.679727211419849,0.46213682188964916,-0.9556251598461059,0.8339185604801799,1.08754186705703,-0.061594216307872464,-0.3780034236521997,3.1705874061959505,0.18782128485085536,0.0855275054198962,-0.7840507992441943,0.652447363266139,-0.9411225608059635,-0.2385344396468919,-0.5763731332089156,-0.5805822161943865,-1.1397451299775934,1.3955883079069065,-1.8938341482848973,-1.3748972215664514,-0.2057432569121781,0.11393445506414832,-0.6658772820902845,-1.0942234464227583,-2.218718000559033,-0.34525079310233003,0.009159469837456718,0.7522511596792952,-1.4683436004481438,1.4867459075737879,-1.581668967689153,-0.8627032674552858,-2.123485590965996,-0.5857714424249632,1.6356199048563624,-0.25377498105531776,-0.6992219275342935,-0.2132610454070617,1.5765738040081987,0.10341164804421737,0.08216686261380293,0.5859740253733247,-0.8045719690952834,1.8197606472827013,1.7621622063789721,-0.5550703291295078,0.2437555170950107,-0.4468659097671333,0.6074353456234525,-0.002478074143476318,-1.4500088453504305,1.4010341160599202,0.20258199185138764,-0.3851487779235358,1.2861791559829754,-1.1692091414745915,0.852554062840137,1.7886504019325922,-1.006435336569303,0.29175958309285976,-0.3324318072363641,-0.3757806410619083,0.28900880733020984,1.5439430886883032,0.6463404801407626,-1.5008142330982532,-0.4021322950869542,-0.24464099078520196,1.3016178562254543,-0.6659154289791926,0.7710093529844199,1.0987778644141568,1.9944300661796892,-0.22982548561788863,0.36844345145188107,-0.7997685585625117,0.3732855524007008,1.1289943799658189,0.15087495341181995,-0.552420545694954,-0.4665712059469845,-1.1876926086565534,0.38649004314077207,-0.8051977089504369,-0.7234616001342681,-0.02674860902813428,0.204429660121633,-0.851297272851927,0.6638217088805181,0.5081733301586564,1.5009954151668279,0.3594157096616816,0.7737863282974872,-0.3286656408073789,-0.293649971713981,-0.42649001257198044,-0.23734661367551213,0.5675575088728397,-0.578628069279357,1.412416010353868,1.0229626290008353,-0.4720876340479832,1.470129839477816,-0.6371961642606314,0.07675299076274827,-0.1679206101651452,0.4743806387345621,-1.0120941684788853,1.4006870296695806,1.0981925960022636,1.6543284270084595,1.343669682982737,-0.622076808402693,-1.074134071196836,-0.5758167726309203,0.8377331818257716,-0.4350923665521482,-0.5311191654048001,0.46493349002050893,-0.322134310993916,-0.15503472401166649,0.138188916792064,0.4136159391719487,1.6388214650162676,0.7069672126301675,0.9274777385495374,0.28270218651503576,-1.615516495350822,2.200636426622631,0.12746885376702663,-1.8160585667230211,-0.24275872231138867,1.2254828721156805,-0.18676460460031669,0.2601142395436386,0.1935443554604639,1.133616764509979,-0.25495332264399573,2.1488405819334657,0.39718962096754196,-1.1751973482749276,0.15149537477530306,-0.14397850287944147,0.05018633062640618,-0.6389428856647396,2.0107547033496704,-1.5663772903907427,-1.6408868249838204,-0.5140925176875748,1.721341956338377,-1.1729770949633407,0.30044764876327335,0.6235853468922986,0.13738663770912996,-0.08059817883372589,-1.2144222537329932,0.7954477645717992,-0.5663957951047277,0.8488224843913467,0.015994631805383727,-0.8826480856813737,-0.3293296080347512,-1.300805223995015,1.634448683169306,0.6065247029747182,-1.1794301378215257,-0.7472741840804542,2.1606464402049093,2.5564288024211548,-0.18937280626544145,2.290925225025249,1.8067501330981652,-1.3671862301643243,0.2920240484523174,0.79007826370398,1.4401408651621177,-0.16013646221888259,-0.15724770401316412,1.1553874991665816,0.9102785976145088,-2.975110217379279,-0.19342475570397125,0.2778525502115736,-0.48212387942367885,0.5818729400789537,1.1071286063470658,0.2994613702111931,0.6428625150474766,0.6738392298280013,-0.3201390240904443,1.1006538927534866,0.9113707907298387,0.39120651379115934,0.10219367622172836,-0.1313792379889271,0.1348933874244104,1.6881604894314517,0.23822313411821566,-0.31660219606455176,1.9174995863647857,-1.0037111977747137,-0.03919130548256571,0.2998991002411498,-0.056375757308772964,0.6293165544500954,-1.1441627294864916,-0.6267610985473574,-1.0542558335990586,0.863290666176653,1.5967587504486689,0.27653883091201825,0.23417962327784736,-0.09349883898816189,-1.6765708399272081,-1.012927399406422,0.09581389858337416,-1.2723230231395353,-0.09635921427835117,-0.29697902058756764,0.7824296774632182,-1.4197252974722068,1.8293949525341926,-0.45765204433178297,0.055873133633732724,-0.24399391696278971,0.11314913346161379,-1.868498700283331,1.532909200080603,1.331210761828679,-1.055601627787199,-0.4893809390147007,0.25413311750951567,-1.0358999841983567,-1.1871879809972772,-0.042351699856313096,0.8384252265460096,-0.14068062082109117,1.25833376425031,-0.42173409763402137,0.40810209888161986,-1.2244431351491043,-0.8152742814036036,1.1778718567472721,-1.2224644146326245,-0.4900436501205657,0.7921276206744909,0.5103876859978302,0.9928157637505448,-0.7666270962149725,-0.09671973153800421,1.1407773758394513,0.02865796339254463,2.483523116610388,-0.0878214758302572,0.5103824450885327,-1.3591755828327892,1.1212098274292166,-0.0378438571040291,-1.1412990696069563,1.179062859602581,-0.4514960483327166,2.093035052071531,0.14397989555794533,-0.6845260424679982,0.05402826271191656,0.4993888439891894,0.2795536262898587,-0.7406538315670638,-2.0080748184448476,-0.2981264891568445,0.0742217582104936,0.4878068983941421,-1.1282044637986732,1.5233409454523965,-0.914567748971373,-0.35902462034712956,-1.4142126172266603,0.630727682162164,-0.13451067344957293,-1.6546606868336542,1.1101164733417022,-0.2938962382229401,1.6938467048464008,-0.5753024450506113,0.6918888623907407,0.9682637426004522,0.10245445916629589,-0.7391773057630049,1.8643536240493837,3.3212751360902177,0.06885770521708492,-0.05661366894325655,0.999883356855155,-1.1306624696448209,-0.3837949173235349,2.049662692916648,0.772135702623061,-0.23225853192447898,-1.979855966270643,-0.10389166484201473,0.8275926353360639,-0.48588632810827204,-1.790788284928947,0.9855233071578307,0.2316306167442268,1.0795593697894137,-0.04576742428648892,-1.505479907824414,-1.4084276808736444,0.6915983109697604,0.7401754226342621,-0.60968078878659,0.7548939024626524,-0.11637801019380606,-1.3846147942270137,0.7048048009668192,-0.4517355515303627,-0.5172696019495682,0.5148390622856958,1.5316841476820504,-0.8470824088414158,1.2164747419898472,1.2441862391197291,0.21401836594672263,0.8145999331790174,0.9139633166802147,-0.0494656628654987,-1.678975922830974,0.2279325383076731,-1.4454865125905973,0.425456445489709,0.05427669017651935,1.2491561446168826,-0.22960430591987435,-0.946594795197888,-0.13361022455198387,2.089701808931895,0.42098226127536975,0.03151423764234501,1.6676520905530323,-0.1433734186150593,-0.3607998968653598,-0.1660703579215367,2.082722877944804,-2.2734462880674777,0.4217651326856383,-0.2621444672857284,0.3344493387981026,-0.12156544342906256,-0.13206277381984033,0.8492260699459919,-1.4424810726831436,0.0036562199735725998,0.5027064433398579,-0.5076433285931643,0.24787129152689824,-1.1471853070699374,0.8069703078037465,1.154515444805133,2.298339862814176,-1.5367088464993621,0.36910246660044055,0.8969554231347092,-0.028210481694445524,-2.115566572906359,0.36897740490921055,1.0157550514625404,0.26688872274314457,-0.630185579317804,0.12839918772022324,0.014945733324817662,-0.34093821223986337,1.195137591501201,0.1414029320634882,-1.0732597049002504,-1.269786882611636,-0.5290923974057753,-1.4961490392625159,0.9091898057437855,-0.6750538038032634,0.5394460757358338,1.2389940971539606,-0.18376393304108424,-2.0287100007699244,-0.7260568073843412,0.9032946604568864,0.04009448649560263,1.4410308644238206,-0.018189652653922042,0.8647167611777374,0.9884811046723795,-0.4497725588297665,0.13434732714578487,-1.1090177407352002,-0.947564911898485,-0.6608403636100684,-0.5572079519972508,0.35146631037586856,0.49218555422228133,-0.7973271829453289,0.4185754212301521,2.168685956374718,-1.690795868289231,0.43485332703296525,0.11273617341438501,0.2620253964932573,0.10817823540856644,0.22829472671542655,-0.23377317693181263,-2.0228089968568637,1.6708312796140434,-1.962568970748763,3.1854159239695243,0.47288763133144707,1.2689593072253418,0.14608639546330426,-1.4598617455321488,-1.0341782205281445,-0.5239927563263352,-0.5648536332650483,2.2267687965622156,-1.7423052846290843,0.3410294880027631,-1.7200439800726837,-0.7929326256876583,0.37143832488930023,-3.054864871212081,-0.17433557741586503,-0.5827778408632104,-0.5582941901962765,0.7512078467840628,-0.5446625721941476,1.906738580526852,0.8274864244379574,-0.23923708713857444,-2.9901212800910764,1.4754331813092671,0.7533801552323532,2.281807115341345,-0.6138027342778265,-0.6540998745209329,-2.5847523500634595,-0.9995163340879899,-0.36407864542380775,0.056061347200356285,0.3289707273058412,-0.39319954806807716,0.392893257918674,-1.4164418114030075,1.1894820658781418,0.914738969937263,-1.0399629225584857,-0.164128686870115,-1.8605960585669483,1.354641949083349,-0.26516761101314357,-1.0909152026560602,-0.4407533656661835,-0.14517474561255708,-0.07694110734598719,0.6619000705981489,-1.8971963094436342,0.2907802567627352,-0.10668917516047609,-0.9804629389847626,1.1903766486839518,-0.34404860574087687,0.5834760089703189,-0.8486428221789991,2.5516261249214818,-0.423737983740861,-0.24387438930021252,-1.3333161798488906,-0.6398302051717875,-0.07454218045098833,1.5579020766261893,0.8364360481794145,0.13231693295969704,-0.626610567304314,-1.2655815553221272,-1.9982587915522514,-0.1521992916373846,1.4693429455556033,-0.7812792670001618,-0.0028419497030569424,-1.4218044484672312,-0.8496501044727957,-0.2802384675531073,-2.185520709124151,0.6769834070848062,0.028608981802216632,0.367384239039963,1.046646220987656,-0.5422216080457168,-1.4593642648637088,0.8373093169626712,1.0636781861503872,-1.3440896592564524,1.315728378357719,-2.338345204121201,-0.24887485740529103,1.1449061727135614,-1.0734265449857754,0.2033257492968651,-2.3246654102765794,1.5549458428938843,-1.6558516578319022,-0.1504054534750736,0.8099610344604464,1.3042495629491773,0.054715043360048926,0.42155791787230795,-0.521586336593898,-0.6037855963042862,-1.2151663638549564,-0.17186583107209463,-1.9633894129496436,-1.2095403953285986,0.21273850717628662,0.7514635499230904,0.538781442299149,-0.11865339814019138,0.9798934198813475,-0.519846512538242,0.37450243193657395,-0.55487609460481,0.2756746819353064,-1.0939525968071224,-0.09061869168818365,-0.6421039346044614,-1.4970134370126813,-0.4538032573491308,0.023846313355479307,0.7966025524800039,0.37746476947702495,0.6637250629946584,0.3741742370702805,-1.123244047043513,-2.336131304626801,0.15570778045950584,0.3371129176097413,-2.4323841475260535,1.8113831790897816,-1.383599239266523,1.8714393115640504,-0.674203803160907,0.9806545073202222,0.48753469738669164,-1.6421389305708989,-2.8188461608039295,0.050512274815419214,-1.0244251868971392,0.21733265033939322,0.9932711251936315,0.5400990670495068,0.009296326774491603,-1.1978952277019215,1.6334922183828204,-0.36445956383614186,-1.5397919336055714,-1.2757032557451309,-0.31056170275116507,1.684076876994352,-0.7389142334198678,0.40541894938869877,-0.13375161842690794,-0.7149597882238946,1.4938194313841269,-2.364341727529449,2.36094375724323,0.39342160799325554,1.2772673107105477,-1.5274324868346192,0.13494396817954835,0.2321570934577309,1.6763574722793047,-0.4756056507702796,-0.04614909170229037,-0.9860225882888587,-0.9040973071510678,-0.260103584948283,-0.3392055353017398,0.3291966091302796,0.26912831574219587,-0.007027519895642292,0.858019694928758,-0.4792402637297112,-0.29439962179315704,-0.260574271899472,-2.0744311235549104,-1.6854118412942574,0.49980987165591734,-0.973651984366353,2.3896350755875537,-0.8049771910781105,1.0136270788857717,0.6054730736687006,1.386674761749716,-0.5545136735591973,1.131344279054259,-0.11970869529625525,0.7605838578011835,-0.6741210403384931,1.128091794869369,1.3463273742430428,-1.2523630788806308,-0.05857925660083501,0.9755747604120684,-0.49222058035847577,-0.0934004527401571,0.4870455983727231,0.14253130010933968,-0.7042734965408779,1.4153640172181423,2.0929799948140015,-1.9326215822478097,-0.7269774533610104,2.8069207149929363,0.06676022256042877,-0.35892922586536874,-0.28614299358981715,0.7287520725668263,-0.11744479454040452,1.3789043826027845,-0.8731055131590393,0.3024190757240691,0.465895213757071,0.6183765188437067,-0.1442548055906133,-0.640320261830343,-1.9690724269621613,1.2837405720379538,0.42017580016661304,0.2527966753106594,-1.3961576336748138,-0.4238333306240257,-0.07989490853731372,-2.038008532644671,1.286478465147463,-0.013577018556005151,0.2511220705071964,-0.2975393109928906,0.7496818908416498,0.8672385297966752,-0.038282794383681096,0.9209403156181546,-1.0075346244050336,-0.26517588313152973,2.01983280793913,0.7653639096094876,-0.7415326622684981,0.774505478238167,0.442007374705001,-2.7704911442673974,0.35031119680668416,0.94041428533012,-2.0117208831526754,0.49564463663252867,-1.2224251854376542,0.33232887571242303,-0.33122094005913594,0.810226128067471,0.5707440858798409,-0.43921596005269736,-1.5066596083147408,0.2970318199230554,0.1390478064250996,-0.3447372186074221,-1.5688847935141754,-1.6718252166038687,1.2099700833826157,0.5963649821180308,0.5451533857284562,-0.19959382879000317,0.17122721086561818,-0.12941388408413157,-1.0587890188794005,0.8436763677776074,-0.07965410786814399,1.1330430125290039,1.1897652821216607,-0.15837043221140337,1.3233211157736202,0.44043628705824245,-1.612794677518056,0.9686375274772189,2.6374186199453913,-0.07435003816125736,-0.016278361870217285,0.8493185510150203,-1.0359891847286598,-0.2412681665120046,-0.4439462596120317,-1.2219043089600845,-0.05638554166734684,-0.3896949743905419,2.8407952429000516,1.0881628843496274,-2.447043006991046,2.0367777478642672,0.07731479682043058,2.270545878905424,-2.551557668471156,0.5535137119802328,0.2305549457262659,-2.4805017303481134,1.3576270038960896,-0.9890560253973754,0.42923214795793585,1.4525046329693487,-0.5325324028050784,1.6833361804444342,-0.32695854486270154,0.6455485408519345,1.2545459013735583,-0.6478299970649178,0.4856237101821943,-0.7726204379052557,-1.9891060891614587,0.419274165178005,1.9757815647587835,0.006909044113264928,1.848216831036119,1.2349921219174258,-1.0538777536738722,-0.45938538095675824,-0.3538880263547466,-1.36869483755499,2.165579148385152,2.4392992659278243,-0.49969683196996273,-0.46866010060558205,1.7521286427680742,-0.0332934488974853,2.1054752854378913,0.4881466508063126,2.5514392481691393,0.3219652721836506,0.7450411064771296,0.7911692254295732,-1.3299820973931866,0.7619998775610468,1.4583792758817506,-1.8047437503146715,-0.0360408903107165,0.3482775039129915,-1.3157927528047624,-2.7418020116134763,1.5369607571428343,1.099209473707722,-1.489771957469948,1.6878940499618587,-1.5283830523373643,-1.7207394112374637,-0.5062766668964896,0.8863035766086897,0.3568599811761949,1.4742602449325735,1.2311920669719258,0.08771999987732984,0.15711908114263204,-0.12177170341772917,0.08155821156257106,0.8931275690690192,1.195787926803709,-0.10014538023123225,-2.018486779322807,-1.6484166483267815,2.7982483482591656,-1.4694860146118907,-0.9360965566518078,-2.9669649060661936,1.1328083938534994,-0.6869389716241858,-0.7370775797446503,-0.3926357141083674,0.22495526803869292,2.121453011748478,-0.8159466281565106,0.036209160758446324,-0.3961932516164541,-1.515549194298259,-0.45693089136415843,-0.36122185305167015,0.5449342555622549,1.3913156510550668,3.395855767673378,1.3346327080102882,-1.3724563955153983,1.4982687620950303,-0.6387128473072177,0.14322968807625977,-1.9135323974487244,1.0122366260686557,-0.0797210367696425,1.8320108239677766,-0.24159413919175693,0.36804737682664757,-0.4124851358242352,-0.684578378275067,-0.17133643972527315,2.08836841058696,-0.8700208677796182,0.6922330308461292,-0.47401048835846993,-1.6944535214310135,-0.887796517663253,-0.3609065579797817,-0.9658603898927185,-0.3191526450099022,1.2865872839373496,0.8181308617815422,0.31328724052378515,1.0590728439774333,1.7756644876149588,-1.701652740143094,1.0385239882616513,0.10784591958852771,-0.6445724728664578,-0.8078719903095347,-0.13761242049149183,-0.7686442887767347,-0.22312112753185745,0.9613385747249888,-0.7440838571879435,0.1414508199168919,1.5862473100677839,-0.8991746154952744,-0.10805895658418359,-1.5717417725162728,0.573292710495817,-1.0696398307554387,-0.9677708319312259,0.491373211296512,0.6158155791991744,0.3040034129765324,-0.9732104657107464,-0.024510386435207015,-0.8067749490070764,-0.7837978246702962,-0.22855149508892447,-0.3143567497408639,-1.0878531154817492,-3.0721409304298364,0.9404595563753027,-1.1746411686719271,-0.15322707836318983,-1.73833198515017,-0.15125319155391106,-0.5432092193672056,-0.2592641636819746,-1.599483925066573,1.4486683109837044,0.8092434044854802,-2.151813840122024,0.6117257596315189,-0.2264931419931026,0.33776991993752725,0.6298184364790606,-2.111682428996132,0.2745907710095472,2.235021956123074,-0.09418315084270498,0.48651252618543833,-3.171463222742267,1.3101935280689647,1.9892060742931965,-0.06519259675139819,-0.5909205091808737,0.8361841712572755,0.4144625257300042,-0.8742580796582913,-1.3210972567700845,-0.4437317962977113,-1.0994372775251986,-1.9932222205120975,-0.5679238959603912,0.2133867998902877,-1.2392814276715816,1.0449366235592177,0.548811824124648,-0.022626036469847732,-1.5123965397126082,0.8085044383545665,-0.7344903358444778,-0.6105502007043867,-0.8557771172563647,-0.8338994286374316,0.6101465290837813,0.8768744545780525,0.42647721808089245,0.5158488225931503,0.8033492539749783,-1.4912725744119226,0.23574236126345258,1.1407312265922087,1.1775129460531275,-2.0866711686745076,-0.6901549633037631,0.3982416855042047,0.9012343770622967,2.9708438204438914,-0.33859867910453717,0.8493933334279323,1.6677968851809208,0.004870770051642798,-0.07867033402051408,0.4671062249173267,2.002177218143017,-1.280349375703265,2.176831096546362,-0.031212498845353986,-1.2913179597266458,-1.2161387573969242,-2.0256154120477885,1.3301070036616514,0.9361665631673937,-0.9163555125057363,0.5982665963459237,1.066711185139525,-0.8491197375753562,-2.0916262461784356,-1.203745419226754,0.5682517708396484,0.8667398530101497,1.3320171283096998,0.7029190247535428,-1.6871093858211692,1.0291340990263107,0.829333858289619,1.6464060873988016,0.1305991629243109,0.07465341739803617,-0.6963563217480743,-0.02121555287434987,-0.4686314289353032,-0.7271987646494019,1.6742282888768159,-0.8078478497846997,0.2213831260213256,0.48065048405231603,0.25138510450301704,1.4717793061315052,-1.4828179745336616,1.7170140345403557,1.1856532311350503,-1.6404744992831284,-0.2887705679063247,0.2203835533862799,0.9774969977055226,1.8901160147999359,-0.14574921914995723,0.7552045241092827,-0.9079662715938084,-0.8371654566905329,-0.243226529001971,-0.8213354930616686,0.6771681213709929,0.4769433124860865,0.5511161564251784,-0.007218642644212986,-1.7364319189147637,-0.9797692836516527,-0.6971354298647814,0.17680553286711542,0.48007053215578355,0.12413280948178615,0.2885184420166106,-1.4830374047849093,0.7997644219697777,0.25108995140736334,-0.07556474744101448,-0.4765274104166811,0.12296960977877314,2.552086002612034,0.8222579563729506,0.7836900643569278,-0.07507838739800721,-0.14276599693702938,-1.0021971851132476,0.05939436894407779,0.3848895102435236,-0.723866522582272,-2.490767290849155,-0.5707254500330223,0.11172344428755993,-0.05463135674728059,-1.104226780341876,1.5407938223560405,0.09299419995524796,-0.9244525391919614,0.2690139009558665,-0.7969990087720403,0.21090337471557039,-1.2226924581620373,-0.08294104730356015,0.8430821580546235,-0.4124221067535504,1.8264314626962395,1.3312825981413943,0.15776990218141684,0.12642450504384536,0.7668066010783258,-1.7669640039531658,0.7519721951602654,-1.8790242391796825,-1.867173584319313,-1.1484305513567683,-1.7614214942194972,0.3468656280882715,0.8772240698926768,1.4793814399626317,-1.236642967160364,0.9387676715501149,0.6991697951481257,-1.4996965705840353,-3.2430026359633897,-0.1345845144417653,-0.11348085296761981,0.03684428010392713,-0.6276834333403756,0.9725696168079615,0.09386384086648701,2.0814375319629046,-1.259140408519866,-3.3599533145126483,0.22633818432918348,1.1668712478902297,0.0066428058494363215,-0.5684981247389351,0.804923997158936,-0.6576933350599639,0.14215570799702726,0.5949955809553983,-0.13036013733942658,-1.3177422201607552,-0.7569622099056964,-0.5123998746079829,-0.8643504531387133,0.138633726362119,-0.028896490296395932,-1.5684238188336597,1.1960389734685786,0.27093023357737994,0.29428567312273457,1.3007500603539488,-0.3198224697849804,0.726329541483814,0.5716820279229722,0.8367725263640312,0.22620279110806013,0.46823479380553407,-0.3925238094256661,-0.31987382318201724,0.33082363675032794,0.06523522281444497,-0.653394103186052,2.3957592601976514,-0.036977095017647996,-0.33152244975679157,-0.744185336412257,-0.04396366374105093,-0.472830297671441,1.0404143535313806,-0.7705564346670786,-1.1708222785743345,-2.9217454390713153,-0.1587394619303679,1.0559610678877847,0.5897973060480947,-0.9388464510226983,-1.1171842109907102,0.63022936436463,2.5588147051372285,0.5413832586405778,-0.2568917900408851,1.8174441037608975,0.9913180229864812,0.002900489119823643,-0.223018856654505,0.37931865051543445,0.5249282997092365,-1.9620743575958697,-0.5420386296077415,-0.6608650284080791,-0.7338281016083045,-1.9380773866972352,-2.8057527517215175,-0.06660414438160103,0.3664114753252189,1.031686880847844,-0.26306351063453426,-0.28838963291567116,1.1619238533768368,0.4465977834407223,-1.2023222224283403,-1.4602318183803367,0.9829075300214702,1.582225975450937,-0.8967468600952379,1.2740052221274916,-0.14419499110014283,0.27879024736517916,-1.468974796983472,-0.6672975954020709,0.4730500546032915,-3.091922501584578,0.2753559493815335,-0.40801592481997123,-0.12401352973477027,1.2878307952070673,-1.5939482916297898,-0.8803973206776954,-1.1412617113445898,0.45172859176243174,-0.24062691544836717,-0.8474319173496903,0.570124732329892,-1.2036823441690145,-0.5696213395313388,0.8665614681733982,0.8692011369805365,1.3751421098745809,0.6108792494437566,-1.1932591201729519,0.4046265370376592,-0.658742668817955,-1.9952768072421552,-0.10485798700601537,-2.0852431113523062,-0.49254818545783846,-1.529816328638736,0.6083320480400191,-1.9683044932220775,1.6833603778750672,-0.6307467820741373,-0.746934965293695,-0.03452824251612903,-0.6341700099284898,-1.0823540872098527,1.077328904040051,-0.6043061867961385,0.9364376700917004,-1.5417346091991888,-3.144471450329069,0.7647640535271198,0.0012393708648602841,1.2738354102150955,-0.9687875783449518,-0.6012111166163702,1.49228816734203,0.5186120147740547;-0.3848098194287498,2.5795386639074893,1.086168769718986,-0.3796576085874376,0.3402689872147596,-1.9030116587790196,-0.5742539530308974,-0.3175356964663139,-3.9439783502120322,-1.415539928843584,1.9028243105036773,-0.6637778578106983,1.7962618906685521,1.788242374567183,-1.3581853516338418,0.4279586656367251;0.702206241016543,1.6016984641143686,0.18177623158664394,-0.2056703791458797,-1.6774012124697575,0.4207146906256509,0.48727574935337287,1.2830949823588198,-1.3048851906979466,0.40360845337887097,-0.8330120505900236,-2.511967086425344,-0.4902521777568533,0.5769466540624318,-0.4231325417368682,1.0008608545763966,-0.6814487313679172,0.7399466550048532,-1.1398853111742302,0.7449936975498267,-0.7592363413716167,1.1015453288209258,-1.2678754736079314,0.10509945510087226,2.3365636665840417,-0.3131567274076126,1.5622899724592414,-0.586860002827438,-1.836990067986474,1.8444474052183346,-0.7213253936465703,-1.5271527848646647,-0.009362122350060034,0.7159018356656248,1.9681128088781412,1.4034215060883743,0.9862044788810044,1.638483706832177,-1.8525404680800464,0.4732347114100197,1.2756105170532313,0.3658359223318977,-0.3235400695379277,1.183285297642646,-0.2836190515296789,2.1773582286295157,1.1515549959379099,0.36456346271208095,-0.6061010928061897,-0.5823646495720629,-1.0636807004575073,0.03107685286447745,0.7002503232623334,-0.9038858999268773,-0.39894591573735494,1.5970644140390484,-0.8445228858996199,-0.15814047544592394,1.3120460719420821,-1.1434512707023197,0.07544935856117575,1.502467720048688,0.6243630638829406,-1.1028133509714289,1.9039123795717674,1.2205464875151515,0.7416819529231995,-2.1229312493488792,0.2796417151539736,-0.3628502977605615,0.06335912470737848,1.7573205884804919,-0.2370019013335504,0.8612524129453607,-1.8546278731526877,-0.42542929429599263,0.4747830486998599,0.07150619885723401,-0.4081564787158149,0.043318585932090786,2.3179482900251487,-1.2324978607056518,-1.577007295371972,-1.0198277380272405,-1.044016926703104,0.8598544277774656,-0.13167234322222907,-0.3112251725727234,-0.1441335133864759,1.1908257303141312,-0.5736073465324986,1.5151998348186944,-0.1734762127866245,-0.21567326534667317,-0.24031833165344316,-0.10843591304523403,-0.589872235154887,1.3117060890156274,-0.27160329147906526,-0.9812334921995031,0.8255168181155279,0.10171677880398876,-0.7451755122719705,-2.5500982964283754,0.5995578901031879,-0.05806865627445043,-2.1691969695303333,0.4114661872654808,0.3828138054826335,0.7507988493297606,2.094198489251413,-1.5704031977784025,-0.34677743067893635,-0.18785477867535796,-1.216462946627645,-0.08620873364589274,-2.0330286972129707,1.8901120109102685,0.21797771861968301,-1.128264425925883,-0.26623342181432036,-1.1835229434012366,2.303062908272308,-1.0089644582314354,-1.460086320900697,-1.1467542381411049,0.20731718153379305,-0.23869674377104885,0.04239383519145354,-1.654343260159869,0.5719710763054001,-1.1209421021516452,-0.5861301630482018,-0.5379974172399702,-1.0895570998291308,-0.6347830486202087,0.44589517647349525,1.9656167724322537,1.1664969539800785,0.17915924899178612,-0.08753077530505621,1.4934429089143944,3.140761194905564,1.8890104887598198,0.7328080384782618,-0.6482057165792601,0.5455622232148019,0.5811963950168753,-0.22057097462892158,-0.2670128773974483,0.8394904998332537,-0.20658092508434198,-0.314479723438831,-0.3882880567782294,0.011575815843116954,0.9213511049366604,0.5134346590414323,-0.8698690739367007,-1.5300388157222553,-0.7960672321104041;0.3704669860430099,1.0560644860694863,-0.23148908185806027,0.3327622694173039,-0.2791058172032055,0.9704392000868872,-1.7805795545719663,1.3716362414536332,0.6816695182586446,2.156742253537568"
2,1.59699443149776,"-1.8163744125653731,0.34726583710184183,-0.8002898194252479,0.9256603230860586,1.059825626555284,-0.09397494025711808,-0.3295521160018073,3.1367210322692323,0.2167696843866181,-0.05634570965011498,-0.9648341808653922,0.7803277000057478,-0.9744794753008205,-0.44275187425240375,-0.61075521009142,-0.6478241449473636,-1.2394911585480912,1.1115198357818017,-1.8340488416941028,-1.3110713489503156,-0.13852202809157116,0.033536568867820866,-0.791123805777013,-1.0824362089412218,-2.3279891861923225,-0.2579300647164077,-0.10429296310662137,0.8462940780771013,-1.3228494260035408,1.4419781533480898,-1.4539384841718073,-0.81662218438429,-2.317173006004095,-0.5551116378465369,1.4876502289955782,-0.26560683551081066,-0.7470187568402812,-0.16329044606745743,1.5968574805508606,0.07343761368988602,-0.009602798315285405,0.5767009328575893,-0.9093649368649789,1.9364038700620092,1.7124356013942532,-0.5739236684788166,0.1267475181323115,-0.3883330299316583,0.4741548916275571,-0.022015442639498145,-1.41299745102319,1.327713451585903,0.09360391841180749,-0.4846983743502542,1.2957794122765738,-1.0869046832258946,0.7821692377529456,1.8534812305490658,-1.0909947741130561,0.3358933094080758,-0.413659933250822,-0.3749043340971389,0.3983848822221585,1.5814959596302562,0.7335618331865703,-1.5792452370348584,-0.18503820692123832,-0.34243276423237057,1.2426255025704407,-0.6588760224819091,0.8155328427788117,0.9162863317830608,2.0289690505852684,-0.2649912625070533,0.530401609759388,-0.8946498552834258,0.24655450889015912,1.0443425815675738,0.2214666909399435,-0.5882180950867955,-0.38033324296781146,-1.170946681093855,0.16260556200121978,-0.7769001704720326,-0.5783405712555604,0.13030752588058203,0.5316974868812087,-0.832377670286602,0.7659339484168497,0.5528468160437009,1.4699458943330144,0.5473933797906214,0.8530110025315801,-0.2599019496890524,-0.41258181570259816,-0.36916068853225986,-0.33227854359782805,0.6804052230533015,-0.6705603633451956,1.4192120108549826,0.9291312914411799,-0.5113239505191539,1.4123197944954917,-0.44339058154341,-0.03744209846745084,-0.284744228904573,0.509083505890041,-0.865088245006028,1.473371659572874,1.0394797810005092,1.5839295985860145,1.3023977004924756,-0.5404075100699743,-1.2069894173491715,-0.47885772066021104,0.7209574356147646,-0.32933187307592005,-0.37667545641729966,0.5146669681003916,-0.384714927848837,-0.2799482604960365,0.19620609987176754,0.4822520471241797,1.6261740693274511,0.7270375035063117,0.9261540699787998,0.08687361594270998,-1.4907820128210107,2.2396118745505635,0.1471819437238166,-1.684079884342619,-0.26805850092364264,1.185900745385939,-0.28996108422336747,0.4371049108019364,0.24602474333861224,1.0216635496860462,-0.2249997887648607,1.9775160082191088,0.32536776462184236,-1.1629302258812393,0.04615939302741523,-0.042381968347631596,0.055672386751521113,-0.590203334411461,1.9849504575555081,-1.6140387154713085,-1.622211891258389,-0.5810334114339404,1.66359626783674,-1.200201276149781,0.23720478007980172,0.627147825196334,-0.024195890884069666,-0.20283670834918402,-1.0851201167494782,0.8785695571901869,-0.7103188021525568,0.7191609164425189,-0.046686993783712855,-0.8045116437810794,-0.48100267122058893,-1.3869718193584388,1.6545855182697724,0.6571236468016965,-1.1421418948097755,-0.6879303989946548,2.0977614078292635,2.3287588907814722,-0.22134051738347355,2.3060396990977092,1.8639677093979803,-1.485443559249978,0.26582554218543414,0.9210420276868742,1.266485734034716,0.0024914191873892724,-0.18057728246880395,1.1885486951586324,0.8822126747010681,-3.1046512252601453,-0.08563610775636317,0.5189229652599257,-0.3820281132526599,0.5455276719761813,1.1740043569303389,0.3585294971952875,0.7006870554445649,0.6548131253348586,-0.22048516806701882,1.0476175770519007,0.9490150306085696,0.47234582424754795,0.05390396619548844,-0.0007356724429953554,0.23634901028038885,1.6985743768906247,0.13289650506525205,-0.2271193653264896,1.8958273813487128,-0.964440613025758,-0.025542316444615576,0.28089636120425027,-0.1430475583970072,0.6961901432755252,-1.2706956098018456,-0.8720904437234719,-1.2043126012991516,1.0017581456607412,1.4892297345398673,0.2418760118838224,0.32869049220690716,-0.260777835617139,-1.6846517096353897,-1.0326243077824817,0.23709135624495398,-1.29184177331282,-0.01608601408320763,-0.195067114471104,0.706088624332944,-1.3691219286813219,1.6950360980671022,-0.2948451987857275,0.03974084013417281,-0.16708857641912933,0.28332596513276626,-1.9342394315997322,1.506859276712567,1.1223572719987662,-1.1005501820673804,-0.7222767797423163,0.19758112971579936,-1.0861513001280438,-1.1557157263795907,0.031135969230152546,0.8701331870239215,-0.18034436702267495,1.285930125096818,-0.4128504092394032,0.3649093959226788,-1.3054464473876533,-0.9869381561960606,1.2677752526583796,-1.2789209042558984,-0.6204815666121098,0.7088067689838947,0.48065014823729757,1.0202854828675745,-0.710149939820326,0.02482177994909672,1.1350411126833089,-0.04987304643813517,2.469723146495873,-0.14546452982599983,0.39804450697143345,-1.3824178865082632,1.048424877307121,0.12989834139715847,-1.0803543591081568,1.0385395136191256,-0.2924428655677507,2.045307254045569,0.060787150215283775,-0.8222480889806001,0.014830384203436815,0.38633574040596746,0.17314809884431084,-0.7313258039505246,-1.9732410302840335,-0.14997581870960544,0.15715162395264415,0.47235766453812733,-1.1139988963939143,1.5704450752761943,-0.8237476008371524,-0.35773187784919547,-1.344510174623308,0.6921953333382382,-0.14979232097897738,-1.6067322842677498,1.1099983091091412,-0.2219331290452867,1.6639928312314685,-0.4896644962187111,0.6825423167408182,1.0380049871618724,0.04774401556349616,-0.7385666142835077,1.8995603625177548,3.2781781359202236,-0.016393255210230794,-0.09371543534436214,0.9788883802613118,-0.9705666650571017,-0.30224036407297544,1.9638326400991961,0.7193268890337087,-0.13308823353985158,-1.8522893170672217,-0.09539490604656556,0.8757609570087389,-0.5673764695920194,-1.937043152704925,0.8607436048207555,0.2739560122908786,1.0127235847262581,0.12676917343425165,-1.386065127917362,-1.4653881184008726,0.7637597345917776,0.7622603803420465,-0.5195457713802387,0.700966331277257,-0.14126859592257948,-1.4150286917567976,0.6616483041051506,-0.46010148949120105,-0.5824155746155393,0.41466285093852057,1.5703362523766724,-0.8329583838829365,1.3580555029581907,1.1421893920291493,0.12429044683389005,0.8268398743631512,1.0134985913536376,-0.06356121475634088,-1.6515272866017567,0.3880361364174839,-1.3871691623889775,0.30811789700369285,0.0484322295108086,1.1293428906869973,-0.2913043329718998,-0.8713954386186611,-0.18367473021163655,2.1468329778841593,0.16730960933860214,0.29656015773560584,1.8113392905702772,-0.14470522779602613,-0.2434058248615784,-0.30927722172197947,2.1475238573470232,-2.3291460412486167,0.4988423835529382,-0.2982624944557487,0.29742158080838965,-0.18273355025044166,-0.12426269501800344,0.9317614361613078,-1.5768108672309031,-0.14908064100501003,0.8630818725535409,-0.7152230032387351,0.17447416956035428,-1.0581666786678596,0.8261735084877562,1.058880005221776,2.208439949719794,-1.6597094060317472,0.2162268689408563,0.8630308793709727,-0.08594949895077972,-2.2223220778396406,0.3264435261679177,1.043935937818201,0.2900939644466995,-0.5228415559017376,0.1657368942413005,0.0992078478773708,-0.36342385348647077,1.2439514742412943,0.10148998808408091,-1.0480208781790807,-1.2384842290680123,-0.5254226871320549,-1.717268617905723,1.024264073583407,-0.6634195542575414,0.4461446227580207,1.255600892251344,-0.2965633026842309,-1.8892703379840377,-0.646889262377151,0.9019470593410903,0.05467074789905779,1.465439735752555,0.01212975674633171,0.8234210303294508,1.031908182462787,-0.2980468805662816,0.23879286877009512,-1.1677248500942663,-1.0423158530466248,-0.5668779299318034,-0.5453649840422108,0.3837710069011954,0.6248077060699653,-0.8662187729604824,0.5889056134884123,2.254635763819373,-1.7280011573072334,0.42893832598446435,0.11442666671203777,0.22930794516792102,0.19339386267837827,0.14850541659732835,-0.16635659128258196,-2.099156896259641,1.7404845934547526,-1.9575909119234245,3.4399500846363362,0.3247836095612422,1.4208758175284677,0.11702963933607591,-1.430407097329813,-0.9428719110778655,-0.634122285414504,-0.5586165195428402,2.2668640061855623,-1.5740071126042487,0.4779003968700057,-1.7730630347326815,-0.7923768022229599,0.29897627069813165,-2.9346016382354576,-0.1899788490588723,-0.5055968128842061,-0.5690323082703861,0.8086131520922861,-0.6448199578698164,1.9982573012302995,0.7815428189302025,-0.2914759496852458,-3.018448767460067,1.4429599274650715,0.6666091902589093,2.1413292843791583,-0.6343630467239462,-0.6631016022249412,-2.3704917890102712,-0.9533204347110228,-0.40026229544834513,-0.03047267395767131,0.399784087000768,-0.4159999574663558,0.48183105375376034,-1.4233862008577958,1.1540843757665231,0.9727359648418821,-1.0460184422623349,-0.077901463796962,-1.7607050608801076,1.1611156001402974,-0.31290450073401144,-1.1082425530765159,-0.47267503546505085,-0.07180569346350063,0.12754774480938105,0.7214274363314539,-1.831698784770425,0.2215900714208706,0.06939192139563875,-0.914291930047386,1.0428533926784531,-0.3165956604149137,0.3298843493007423,-0.8425288493030243,2.321680329682867,-0.3185038506250503,-0.1916534532781162,-1.367703836657554,-0.5514270788616961,-0.13789670308516344,1.5992349288804617,0.9568592261697773,0.08868108640108222,-0.686775460131769,-1.3238832925891657,-2.0274023215797294,-0.06263714283658285,1.478498541671106,-0.8508725879045481,0.0487796324162688,-1.6063477055336284,-0.9664902491680954,-0.23319528314586724,-2.2787162630119546,0.6967499865121815,0.19488345454800798,0.38522013595172405,1.074425974302659,-0.5401309850795633,-1.5367271093554704,0.8657825151707844,0.9617184708011408,-1.465912277357243,1.3631261667834091,-2.403318746145566,-0.36093237995235533,1.2128002798654154,-1.2683626387157314,0.2511337544410844,-2.135549019348328,1.5064529752931615,-1.528783299384368,-0.10943425636822968,0.825594757397769,1.2417887040470057,0.18161518085602252,0.5554530739977719,-0.5255744025411124,-0.6738846070900951,-0.957135983209778,-0.09319044396537889,-2.128970080409075,-1.2801799821301192,0.18323660771540554,0.7222676954370567,0.6680529692679327,-0.17031677642168253,0.9783738510652189,-0.5705474333763848,0.35313200651002485,-0.509923004951368,0.09111293243362506,-1.1960132344063148,-0.11479684990656594,-0.7559016513784359,-1.4064598696523283,-0.4973145432507757,-0.05447814035175037,0.5875802799624958,0.38276457484194754,0.574496963749466,0.4830601164792393,-1.1694140974686205,-2.2394243207813145,0.30385455797973104,0.39850521283565243,-2.377530791041593,1.7550625782850569,-1.4077618560511709,2.102234741469122,-0.5262629777146236,0.9907706286146493,0.6312177112767628,-1.6401421089799533,-2.722387748529408,0.10113422655732839,-0.9489630677118261,0.0915184625076817,0.971244756527242,0.6642357345176387,-0.13644847150239184,-1.030001343320653,1.4863520440242053,-0.26812443898424776,-1.3496112999937802,-1.1889390009992933,-0.31094840694463327,1.8719025365144075,-0.5878507608284804,0.3277120640201451,-0.24731480336645337,-0.6586525558284486,1.453461485936986,-2.2588432955204465,2.3710614592084647,0.47280531931009395,1.192550610723331,-1.447640955641089,0.21537990645215835,0.08149024129376839,1.7934660739048247,-0.3988620020801129,0.032995819682344496,-0.8396135089286092,-0.7693437451738635,-0.46285844215316707,-0.2625222567876949,0.2011408811897429,0.19223115837832605,0.03224900581790602,0.8421745625880406,-0.5780589922206761,-0.3027128670262902,-0.3064918815851796,-2.125018291362065,-1.4449373560393788,0.525513432047039,-1.112845489513517,2.5951130591205858,-0.7284371589672544,1.079465205285571,0.5446566134669143,1.464846645664379,-0.5598317535510621,1.1811503078186503,-0.13606540256696115,0.738833483916124,-0.7007095360293479,1.1329529959391587,1.1681813940107895,-1.3079429609151971,-0.02679132733247709,0.9559357907359181,-0.5379000856286237,0.022281145304728057,0.44924682922897197,0.20227293693470477,-0.6143917156198737,1.5024777923392918,2.0041928891306564,-2.0576547141658765,-0.8310447392835413,2.733229146622831,0.11493916721239014,-0.42153385958775236,-0.19059568935337726,0.7612490126957088,-0.13074789244631504,1.5311290951021703,-0.9210710196684777,0.33262307150751447,0.20032752380586188,0.6350718961121199,-0.07564364871259083,-0.5921045162767961,-1.9210822603149837,1.4508747413231444,0.3274282145614892,0.33752130746042486,-1.3732199082730374,-0.2540538557482704,0.01060732444372591,-2.1068580653684568,1.3354633785653698,0.01484034608073953,0.3190419006707169,-0.35839411958633177,0.756617330504664,0.9138853872882122,-0.06048136977354561,0.8039947693869921,-0.953657547867475,-0.41815042479729236,1.9580768631855674,0.713491172186302,-0.8824791519056945,0.6034615151240784,0.34330916693734265,-2.7492175731861095,0.345035668683488,0.9329346140755979,-1.9433262274248575,0.38075202634881516,-1.0768811912256355,0.49710914991639427,-0.43278855203632793,0.7934317901796817,0.6167774217132721,-0.37660996798542207,-1.4306651368598302,0.23725245845864534,0.20903566405364352,-0.3684136766382759,-1.4868237142856986,-1.6567837910094005,1.260604875457407,0.7263209563543689,0.5883695284852416,-0.3450059807571066,0.08177679888925161,-0.05210767337616093,-1.0816793039882993,0.8234250158252684,-0.041926695086301716,1.179961643343916,1.3017840818026807,-0.16481980321888828,1.5032652301283784,0.25981036693284537,-1.5527444709574114,1.0009682151582868,2.6703690107014615,0.025762967971097325,-0.0483090908222447,0.9545775937607577,-1.0002966197081566,-0.14325881830728243,-0.5905176590536713,-1.2049278620820307,-0.07506840033971308,-0.3876863793436244,2.8368644774671776,1.0391335167596598,-2.421166501720049,2.0037527772741637,-0.09877534250085446,2.183562671311666,-2.5612364565171126,0.5509255317899525,0.30242100815269135,-2.3507899641174137,1.2948622018308231,-0.9251792468403963,0.43950978704512256,1.2543184359558073,-0.5964932550664269,1.8026933559679454,-0.3924878654310369,0.5728552516152373,1.123287531504365,-0.5270897389048858,0.3977550652982903,-0.6305593608927713,-2.0192647087487123,0.40543313943075576,2.045495014750714,0.0673551349542544,1.9374573653952893,1.3869212563909816,-1.1876110913239146,-0.4067321147028618,-0.30928125761728753,-1.3119279597503346,2.1155495047224484,2.4817265906192385,-0.5371743375656511,-0.38701939873091057,1.7988610124216289,-0.01609060581261404,2.122712916305396,0.5156414188635263,2.461268122200873,0.3889360398108688,0.659163760344055,0.7952903265207996,-1.2947493912410986,0.7527092943649342,1.6040357216830339,-1.8547479950362584,-0.0999646250436162,0.3972773213494765,-1.1614733258913847,-2.6085417564907005,1.4517728750149324,1.2961263182994833,-1.432814871848054,1.5880019425652887,-1.5198998903251455,-1.8677662263475354,-0.5256958212701806,0.9162752576701892,0.3868636058336343,1.4204200673287115,1.3953889516496034,0.11207185945635999,0.29177048625102425,-0.07397166266214894,0.02119900160289702,0.8136615947911211,1.359409264095882,-0.05404745232307123,-2.070040787112525,-1.444086357098579,2.6714594034851276,-1.473532086729208,-0.809642205369408,-2.686543166526482,1.0592726869012137,-0.5099950382576413,-0.4866136999850926,-0.22575489800547194,0.34659444190325195,2.0896160561980066,-1.0078892589822341,0.17602201030801243,-0.32407494120590674,-1.4653495492223947,-0.48287679293857455,-0.3709076634884517,0.4604211631036157,1.3447289610307662,3.5020307718559645,1.2892900809070735,-1.595583802995247,1.5444255827255216,-0.7954146781568444,0.14152407346855214,-1.7780174418387904,0.9041847547115316,0.004020871811827021,1.7598013254126208,-0.38709082645700515,0.4135663127463045,-0.6674045334016576,-0.5684627582229796,-0.21489937201188697,1.9936779341113429,-0.6539183790720068,0.686659652601869,-0.32367770889952063,-1.7674913628154516,-0.9164359657602615,-0.38793928135167693,-0.9205302280008241,-0.451498480112785,1.3492152531660206,0.7857255996415367,0.2967123641356637,1.1884798650748258,1.74167959340107,-1.7147112096856605,0.9108744111946373,0.03800924218730699,-0.5390268522919087,-0.6111812519838722,-0.3150624449037406,-0.8413618650257355,-0.08515598888998613,0.934959970877358,-0.8239059703159981,0.30667485178802434,1.6491402655914245,-0.7892827301401943,-0.10555325178762184,-1.5778186866553767,0.48119723492307365,-1.1673013479847065,-1.0408044780689008,0.5361672736831874,0.6378479432380734,0.34767022383259305,-0.9979598529388276,-0.052473383813068014,-0.7645350883770191,-0.8484918310963847,-0.18090322225103528,-0.16961233544354926,-1.1251930269053918,-3.012549854849135,0.712293176301946,-1.15125095021627,-0.2986660422155508,-1.7499386063977513,-0.15903337919392524,-0.6193002812621563,-0.289791364992224,-1.6567133798411202,1.3286333381038322,0.6606138464148306,-2.205368096946424,0.4979050092610468,-0.30259943967773045,0.43789480947682313,0.8081669113273022,-2.083577398088243,0.19513161922943156,2.178855516533188,-0.22966016027679031,0.5396514498291889,-3.224698394577014,1.3395479530479266,2.0340653104101705,-0.04345313428175811,-0.6511100925581248,0.9000347176757992,0.547938895417967,-0.8799695518353083,-1.3015705446885688,-0.3654921575786242,-1.08340070427606,-2.1204489040502636,-0.7526415065702295,0.32262637416786494,-1.262458109456439,0.9979925945869665,0.5200175290897994,0.06426706323144846,-1.6266863981013255,0.7625745028390745,-0.724960698089623,-0.6430433600036956,-0.7550182075028112,-0.7849902829289589,0.7581111581245541,0.8161893634491578,0.436565995009015,0.3097237062717533,0.7608073826600776,-1.3718220591588828,0.1999898014396801,1.1061151341006472,1.236018181638774,-1.9312740557189176,-0.5596871916974286,0.4603358716703377,1.1255781060299468,2.92475525496665,-0.310286063342666,0.9061933995375564,1.7227580251628942,-0.1400841567550664,-0.14539632634622007,0.5105890600941152,1.9057232213020021,-1.321190218324158,2.246503691325501,0.0011803412544795916,-1.2846514444016754,-1.2097871535663574,-1.857786976636609,1.267453249841462,1.0475185383771595,-0.7662216044698991,0.4835469819833319,0.9051594733700282,-0.9206933128770959,-1.9626214812372047,-1.1546606844290461,0.5367273583015114,0.697508552234006,1.3296826777786068,0.6959498255869792,-1.3269346030647975,0.9118621121634005,0.9857895776390474,1.8184749406545901,0.1730022952771062,0.1372382692786518,-0.6475490759746895,0.14496293109786293,-0.3965871020500791,-0.7552415464899191,1.5719202406781796,-0.6422266857396474,0.19658544471854122,0.5326676307129118,0.28383082105797763,1.3181925988697756,-1.6479799946855405,1.899231209874413,1.1965964014094668,-1.4896218086013706,-0.25146204580139425,0.3691407391342359,0.9350685315321617,1.7271718144387385,-0.14325863309151385,0.7273064587651701,-0.9325913553000766,-0.8972524620075449,-0.31579397933019066,-0.8341080670556165,0.7410474157027911,0.4916661021015962,0.33872459653363646,0.12929001599408663,-1.7314462147317349,-0.820932410891737,-0.5462202363786848,0.08629228452750262,0.35382790927938107,0.061391806998481284,0.2501472229940683,-1.572335492582489,0.8153811612692671,0.1895089727148267,0.011023154439440217,-0.5260664634808304,0.0838150783007145,2.551678457266176,0.7301987700647019,0.8401128384723148,-0.03483060084823295,0.041430971157222274,-0.925647647006061,0.13058748143096396,0.32428767649547346,-0.8491667335667502,-2.505843834963295,-0.49987863296576057,0.01830150638130934,0.07535752070263527,-0.9402092069136297,1.456326485915139,0.05637035248687135,-0.8365960253972268,0.12312760562082325,-0.8131604936123887,0.2673959980784812,-1.1905630666332379,0.05346176603468657,1.1664629678983833,-0.4004329300698437,1.806750626145048,1.2010891033237467,0.003798020575783309,0.3202853411554774,0.7984342332282945,-1.7757429241077778,0.880328377127454,-1.96529862154056,-1.9036104300456662,-0.9325205246302225,-1.8048779480745456,0.2653632353928339,0.9066313536659816,1.4919116018138336,-1.110878509031892,0.9175732092234009,0.6138074671703174,-1.6022720344657726,-3.267198434812027,-0.0016869906475756626,-0.13316063147234566,0.009897099638609408,-0.6314091263442516,1.115764676824838,0.004004767519506777,2.0443642520471283,-1.206025087964204,-3.364704553884794,0.27508754642319394,1.1260111972776403,0.053875682073834384,-0.5053151191596287,0.7169522541516073,-0.6302543607157869,0.300842258799652,0.4127716658745365,-0.1874917633515385,-1.326051662837242,-0.8294740101012174,-0.4593045735330811,-0.8748112549122207,0.21737538710137416,-0.13321955429641455,-1.569823024694506,1.287449396230725,0.5080743833548089,0.39685928544995613,1.2108033973274837,-0.26609187035584264,0.8083356720789974,0.3690561248442406,0.8847332635230933,0.3366559228323307,0.47750014448816325,-0.5150526884694039,-0.5874564983596462,0.3295290777056986,-0.0048818864485505875,-0.7376909508925048,2.506799914259087,-0.04541450815797532,-0.29211315761010437,-0.7462252283334883,-0.03283114489016949,-0.3863776172141091,1.0614192787730108,-0.7847775078532793,-1.249488677665857,-2.8982119352400484,-0.058694253291426246,1.200916287014202,0.5404658365156352,-0.8095115900413107,-1.2034763997769633,0.5560396961724087,2.496079622302268,0.29007826240682755,-0.23708710902235178,1.916506347675359,0.9136198295081361,0.0926902950615244,-0.14165227497233895,0.26552290396550465,0.6506316856418872,-1.996500982380558,-0.6602242919832854,-0.564837165431825,-0.7931976535794275,-1.8529306204213212,-2.8196880685131993,-0.13528841326091903,0.5292528103903521,0.8704557968693343,-0.4204057905744287,-0.24006752012779378,1.1592343360077635,0.48496603368989677,-1.2146759716392959,-1.3699080132797739,0.9520527770909625,1.653848299184468,-0.8246094484276181,1.2320798730514813,-0.2238244697862437,0.27396878589508944,-1.3224529360185078,-0.6450970022764276,0.47197324066214597,-3.109108442051737,0.3469193303389817,-0.30374355254162977,-0.133640507872094,1.4071856143877972,-1.7111310623988312,-0.9044780552082439,-1.1358482379622505,0.5112906037447374,-0.2519888641567499,-0.6745806510047608,0.556578504379334,-1.1499864956246775,-0.6000731618398368,0.9527663337136667,0.814288638395519,1.325338369389374,0.7023592991150468,-1.1094829447689918,0.395654781084387,-0.4271596199239442,-2.0685001613012157,-0.07521518635726308,-2.055938933122488,-0.5779497751935703,-1.5253193251158474,0.7420535143164178,-2.016113847002637,1.7543565011435756,-0.5813638037010337,-0.5117791614013577,-0.00881178448705415,-0.674044483843122,-1.0267467719083432,0.8795631171539899,-0.6937508173453512,0.8160771368072025,-1.5105801778254953,-3.195475183833841,0.7881960068133131,-0.10413916987219438,1.2896958343149416,-1.0013164307542572,-0.7180462310307199,1.3882773736105953,0.42572835478270005;-0.4084720367583541,2.6033305410327596,0.9251243328309747,-0.28573510917885325,0.5054171076749627,-1.8552824244559039,-0.8150907105189876,-0.2539356167630024,-3.8498349481932754,-1.511211270584411,1.8871815782146397,-0.5362227669654027,1.7101519665861986,1.735379876086577,-1.3886073267332426,0.3112017862495164;0.7754210434334291,1.7113788719939875,0.16470042361437695,-0.29126452612238113,-1.6568525673706758,0.39509909728787806,0.2567887343070851,1.1923666344450468,-1.3609278474685798,0.4705589928847825,-0.6913497991052675,-2.4890651802093973,-0.5453111453254799,0.6880375288676169,-0.38434908191117845,0.8746805269614542,-0.7430067353947977,0.8041216766756648,-1.0056919122860386,0.6517618675742424,-0.5653444967933023,0.8845221730438045,-1.389475463561422,-0.19367382373569325,2.388779966045564,-0.4353960458969452,1.5564676919252736,-0.6310739407143124,-1.6771973230310289,1.7604035313606567,-0.7551942603124413,-1.417824244251646,-0.02231543258820788,0.7358495186856667,1.7724902180873856,1.214607416831438,0.7991868545551942,1.6286569030043632,-1.7467700082954194,0.42592974717296606,1.2933710125138833,0.25862915638601763,-0.32984552885093804,1.2509457999416191,-0.38995910859520555,2.1928844174377757,1.2150168168883768,0.40373544217583834,-0.5759008214643172,-0.57473089207712,-1.083874577934686,-0.08280204587257481,0.6566322299803617,-0.9547061446317338,-0.25769346717920183,1.654632972690022,-0.7835352049871642,0.11503169349509071,1.3219696195627884,-1.2724301297363438,0.029988475226025078,1.6435404162151759,0.5874226507045739,-1.0666071948108802,1.8048174588999026,1.0967537083485672,0.6347641210611854,-2.0473386631232904,0.3395828147589201,-0.30389511449213114,0.1584910790535527,1.9785526701912433,-0.23742018440250312,0.6425586368903143,-1.7366088659965404,-0.28813863197789624,0.3953541963449695,0.03635047218512428,-0.40642800224371234,0.23631296480965064,2.270772875338186,-1.2459968769554228,-1.50628708489046,-1.1048234943660795,-1.0059168931110503,0.7912839152287776,-0.04613478682518349,-0.3130814702073674,-0.10292700787351497,0.98198609843558,-0.6265842764814847,1.7082672960170486,-0.13899118884290124,-0.3414477567943487,-0.1138025384846677,-0.13387498593195454,-0.6222049725008862,1.546768846549531,-0.28608177659297407,-0.984495205881524,0.7611842960164967,0.048379005905921466,-0.7567258886011121,-2.6049296307202807,0.5912387178416882,-0.18682108716152462,-2.2193667758834352,0.38148681473936286,0.39052773361930765,0.8820138224578508,2.2028287989033672,-1.6336369097257268,-0.319833116768691,-0.32291389091577705,-1.4070162850466894,-0.11320666430603016,-2.0417790242872518,1.8636151839461177,0.11003551069565992,-1.1225592540339078,-0.23545138528440662,-1.2337418322420313,2.2245225412905816,-1.150231012043519,-1.49243517637056,-1.1603318988461555,0.16713666062910848,-0.13170875354638859,-0.12531411016573288,-1.5754192401356735,0.7704838137265907,-1.1188072972511454,-0.6697480275303378,-0.4383738569459655,-1.099273005496679,-0.7915705813464662,0.4092020577642972,1.8808068047173352,1.0780855257623707,0.19307970701963334,0.052738872133473,1.370263340293388,2.846947024005468,1.734219584300039,0.8171188890963134,-0.55682272290325,0.48002162829822825,0.44620605942876485,-0.061559205135158473,-0.3212391190274071,0.9670287105134908,-0.11134002129016493,-0.4151589596199544,-0.5291389565866285,-0.18129995115305178,0.9358846696542126,0.5383218857306,-0.8360127053373234,-1.2896217883596166,-0.8726170927456488;0.36655762720504015,0.982893979930472,-0.12352755781002156,0.29677965976227655,-0.19622682599529562,0.7902999148301842,-1.8445404334652407,1.434383649403949,0.6902922826142182,2.133448926295732"
3,1.5969173363288294,"-1.993182490357431,0.3797208132198998,-0.8008322464587821,0.6684495882452124,1.0867640451544314,0.22864093730180485,-0.10949441533758869,2.9352113679512777,0.2899518803661677,0.3560898339164952,-1.0598427046514278,0.882827809123955,-0.9645862898113633,-0.6875179175757112,-0.6968786625101795,-0.6121912653716776,-1.3460331091020252,1.1045592005448788,-1.6309610537423351,-1.2927516086202073,0.21997576397289878,0.09220132184913526,-0.627013082713755,-1.055292620855196,-2.4082086781557033,-0.21157322551790073,-0.008796889858007445,1.2088598533653692,-1.280629444087159,1.368809663612064,-1.558040305141439,-0.9262710114408467,-2.336685802409809,-0.7218211013140541,1.2413928527237987,-0.17153317896475223,-0.30730679146736206,0.21289440509472407,1.4957581877261221,0.48250642271107874,-0.07175286865482289,0.4475296161139124,-1.0539091321094354,1.6465837020461205,1.6735793244092423,-0.513783816220274,-0.022583307793247492,-0.189347330290646,0.4789486855054784,0.018211334924052233,-1.5926452523751422,1.2622110512506275,-0.07145521018709214,-0.4457612287505493,1.288386056196073,-0.9974927869766483,0.6382976783191776,1.5691151995063242,-1.3629856531948765,0.6314201425532084,-0.4688314213235929,-0.48491210685770386,0.43534785836772205,1.5034183637429395,0.9325980426384824,-1.607647657606198,-0.14239168753932024,-0.45664217134139573,0.9560947953290542,-0.8737046824681455,0.864794238727478,0.5918593014786457,2.0133395771250444,-0.22377939040817352,0.41511269117171906,-0.9256152184554407,-0.016606938775657477,1.101421597169551,0.18378421880433016,-0.7505422114119944,-0.12489279779393384,-1.2292147976708268,-0.13072393058325849,-0.38398918498211493,-0.4344561810718442,0.3640004627287916,0.5238236307308445,-0.9898223669994383,0.8782815586562585,0.7366515507320155,1.3142259272286028,0.8255144509580492,0.6800541095238395,-0.12788998589249895,-0.40750842309424756,-0.5772559214359159,-0.48216833155589356,0.8121679648065696,-0.909285783353264,1.2225442899861982,1.2154343706815334,-0.6981314523144236,1.2936803759101594,-0.7069563359485612,-0.1575297757834118,-0.4481003530095732,0.7497794919839158,-0.8098773472957427,1.4699842121393611,1.5343167740608352,1.6538111051319928,1.516786777554174,-0.8476096492581447,-1.7216638329378908,-0.563276252045365,0.8203145498750065,-0.544539456726366,-0.6628094859406768,0.773912318524346,-0.5521255822706483,-0.35291267137895166,0.060846617285867315,0.48338905724758446,1.7555051558523251,0.5048332342394796,0.703596535711867,0.011450469779971509,-1.334447758986203,2.0307062331735306,0.027428772081381756,-1.099545670894045,-0.0546875042524622,1.0855069453675774,-0.3779071190059514,0.2603746028796302,0.2458991923375808,0.8822244962132142,-0.3330730239361762,1.6287116588303097,0.4485902307336371,-1.4753997794445248,0.2024259549139182,-0.4210149004748808,0.2702029055672038,-0.4846750666738727,1.9429290448559333,-1.3660903858172393,-1.5892520918927548,-0.6526501421143138,1.3586265850409165,-0.9655074117036341,0.19546945580779732,0.4800128302126899,0.15224050317648868,-0.11655133518290023,-1.0650214312249755,0.8054954674818817,-0.9107529489631808,0.7644865269789056,-0.060635520520422675,-0.7513368376266608,-0.7584532728631243,-1.4127468197691586,1.6100302991791344,0.5130881968716297,-0.9633303880008821,-0.4249201288160074,1.9965396754183797,2.147591448902165,-0.40450415865368833,2.30799647101206,1.6135561322434602,-1.3342173284252934,-0.019099669393558547,0.39143502300417443,1.6054584266516136,0.17241592327558344,-0.022954754801331,0.9841667144997642,1.2813903506323214,-2.795189216894601,-0.2161168720946408,0.506181574829747,-0.42554208363267443,0.5288753151975278,1.2537866959839177,0.16971083344069843,0.6613644413641897,-0.017744585165338375,-0.13916141050087247,1.0364554355212328,1.2241605646713976,0.3373600690568951,0.048134669371321784,-0.0911462739696625,0.20152610828951967,1.7722583458985115,0.3793634445631213,0.10333176490182727,1.5379872630294797,-0.6185367999252732,0.1508704308483132,0.3829361939739267,-0.29651714262086015,0.22035874932316826,-1.3370487214044255,-0.9188823372373519,-1.5365987827715368,1.2865989746983564,1.5982260534998562,0.00082149212209226,0.2076384771109167,-0.4355954261446078,-1.5193663687981998,-0.8013571778907053,0.37327560210441185,-1.106052682531027,-0.06515387924217561,-0.43999570460331106,0.7798189282158283,-1.2615839560726427,1.8038607771892279,-0.5920258357304626,0.009168718077985742,-0.31537500470420415,0.20733946816609333,-1.968941603198004,1.7723298115777517,1.0211007355814856,-1.0731058143686258,-0.6393886613834188,0.19268605391125482,-0.8977214059442129,-0.9817980913796396,0.07383263131576512,0.757621469342144,-0.598321340763281,1.1719198770074246,-0.49220547764305406,0.14216396433645787,-1.3362585400802676,-0.7302148920607426,0.9238854968429246,-1.424555169534298,-0.7572301955736024,0.7246380028696466,0.45437104010433627,0.7838446899636965,-0.721205827117963,0.2135556821000653,0.9703756139040063,-0.08976417146924726,2.354611138990875,-0.08758269733922047,0.19401430135653888,-1.2568473279996113,0.8612199768900406,-0.02358767242650143,-0.9452239549653036,1.1472816725241777,-0.5582669059867836,2.1021684226598265,0.20421115131029827,-0.5451921671236108,0.09775018803826845,0.2981034750510527,0.3599858966478741,-0.5537050229037808,-2.1168571130558793,-0.30854053146928045,0.3232474085974444,0.5480034535752447,-1.1575822893730119,1.4235937138955705,-0.6903994195276643,-0.12025964790686558,-1.1091520093189813,0.5557218170706966,-0.032766241405119634,-1.6043710599487055,0.6408969808271305,-0.4280858326999071,1.844442012428485,-0.451440359311434,0.5672806356859968,1.275059898524584,0.054287025255078815,-0.676394167599585,1.6508541593547865,2.9700822307300645,-0.005427016368884943,-0.23493545771454857,0.9350152848775584,-0.8107355056348433,-0.27312298453047507,2.084095196184487,0.8680623210431824,-0.42890432219662217,-2.1188831769186898,0.1704141312382658,0.7736620619663152,-0.816582334822146,-1.7971228526516065,0.9513652139909164,0.4829584478253628,1.153227274474655,0.06253706737420203,-1.4447892698018177,-1.4747573380390018,0.5370571411182999,0.7409169062690626,-0.4303823603173546,0.5149516902908011,-0.14284769308160095,-1.086071908121111,0.46151429399397254,-0.5908355528295978,-0.5664131884486118,0.654379225261287,1.1525149393388967,-0.7394196042246688,1.4693754922748963,1.0652802087371587,0.2557825777875943,0.45604489725674124,1.2883282878405353,0.10455067791743387,-1.6577549053834786,0.6498623927059953,-1.3270050085981548,0.17363098724229897,-0.051408045546222775,1.2950416849173152,-0.1353086388862619,-0.5072831675718974,0.027341014741441245,1.9689510762821503,0.3412901819650711,0.49463604043930387,1.9261221718237511,-0.4694800512758113,-0.22514194650737246,-0.7221470101672003,1.9161752007790145,-2.2463279470231368,0.3647800264603317,-0.46943692778731044,0.35406588638638004,0.3029462623272358,-0.007882501720942875,1.3194082851721571,-1.1878690283180504,0.042152637944400884,0.8112397420404275,-0.3773039629249317,-0.22758714321817733,-1.0369735008264864,0.6469278469640823,0.7442715106291433,2.3019211861871245,-2.028519682495331,0.28744201134529584,0.8576365990806143,0.0263037947862428,-2.230855338579324,0.26162693324567526,1.1530679268721373,0.37520870119093147,-0.718156247537767,-0.2837045996026777,0.21691895352888213,-0.21512271384739182,1.201168185733154,0.011017671007629432,-1.1607766500066368,-1.1397908047751864,-0.41971328339764,-1.5561080878836242,0.9044532599679509,-1.1122354911766574,0.721729324021019,1.2544511896225519,-0.3230282754347992,-1.8800337357234465,-0.6056225579758674,0.855410219698577,-0.057504850894971864,1.721184161551783,0.035185110189958915,0.3799081340368743,1.2250437819867577,-0.18065935055035948,0.593227442082524,-1.036747786330198,-0.9218979785927358,-0.5902227614359796,-0.19173410468578028,0.309887085505628,0.37616166833032727,-0.8519327790037865,0.6935301659973225,2.203620455584021,-1.4948190550848584,0.4699547367505386,0.24312488992379072,-0.005551814844895142,0.05701627287060919,0.3135792907355861,0.09877636081754379,-2.338209573675762,1.6964743918298422,-1.8494346911120045,3.4703937129191904,0.2718644996940675,1.569153511138872,0.1818116746962553,-1.5479949852975894,-0.6884850109588936,-0.6704328149167679,-0.756481478187304,2.631994250349403,-1.210555096966815,0.6466922832062257,-1.2353932558287162,-0.5597876734642597,0.057587108729929115,-2.7275743017378455,-0.12698014156727025,-0.6974567190430085,-1.059896406573121,0.9130175484096977,-0.7330572174386348,2.1526791463654633,0.4251177921615885,-0.010687018851920027,-3.228375125036285,1.620796311393131,0.7690781180199019,2.107035120440452,-0.615167777990168,-0.10096538706321839,-2.503275008206038,-1.0925288553030021,-0.38598484156702706,0.0019706169685793223,0.20208770791947991,-0.36005987476194984,0.44521514378331334,-1.6620136554775162,1.2928564791194996,1.0678307794447521,-1.333267794617156,-0.2381262517217918,-1.6732851979572074,1.503257042381973,-0.32506049379168556,-0.9779302878739378,-0.1543552050786372,-0.475664292764135,0.47542490654104774,0.7740749854273486,-1.6236114063731022,0.12764448582573315,0.18591811851011444,-0.9781142147925659,1.2811523247132734,-0.2847727527437679,0.2186971057135042,-0.8867139148976441,2.2062531376683765,-0.012059378327098885,-0.21611920746429356,-1.604674401232223,-0.27088061266367736,0.21899498463854525,1.3892988089271248,0.9153899223296305,-0.17539932703681954,-0.6970112458670766,-1.303438249100779,-2.2799285417967954,-0.03660652648399179,1.1197103785390867,-0.9595023890438248,0.19585331154207078,-1.8636955905895907,-1.0607306589858352,-0.17021697642273587,-2.3197549860312803,0.26340393070719476,0.5352217382628512,0.5215408494825031,1.002530347927907,-0.7372289903061362,-1.5449382035822625,0.5689646462033684,1.1286770157759909,-1.4803630607083742,0.9950872606197353,-2.5373837800179406,-0.2668763413030943,0.9580364142870619,-1.1118588388562378,0.39292777749806157,-2.214785080711935,1.4300553182058862,-1.1101297218132375,-0.310595419861871,0.9328840023514977,0.827718987356916,0.5442737802227124,0.2797911623120594,-0.6811693623842663,-0.5675499501402823,-0.8056969224254351,-0.12646590943373534,-2.028638467375618,-1.2450602189644933,0.3290364596636908,0.7971178716272762,0.5916766901791347,-0.23995946041228716,0.9214224134502168,-0.4791006294941036,0.2921286776680136,-0.6325344085880469,-0.1455512475460915,-0.7720829379265828,-0.12062483518339516,-0.8500463691427507,-1.2538041027316655,-0.27290155241007974,-0.13005328632462715,0.3526505334402508,0.45470600656666194,0.6077166087093038,0.5206826862622276,-1.0745765163691823,-2.1686188701362945,0.4965610067677223,0.2476502697431417,-2.4718868837306713,2.058139119104677,-1.0278913066263509,2.018616540818714,-0.6153573565829603,1.2854227780969243,0.10425082835850541,-1.813368352647199,-2.8438012243924775,-0.21326502099286432,-0.9737431237988613,0.10800842369666715,0.6697410502171302,0.9478539691461658,-0.13753699601536082,-1.1853534030390642,1.1317712826224529,0.014646572143617961,-1.4566098729538466,-1.24788834193644,-0.7239012805176369,1.985051566023184,-0.7064221926847998,0.2595307588424306,-0.39184267621303026,-0.8460121932628442,1.5778975654253067,-2.2549814341770955,2.3795638042683427,0.3267858241992563,1.1855118797790885,-1.4891620683323303,0.19320684157688348,0.06220027073656639,1.89223975358052,-0.24100738838380026,-0.03519140447696559,-0.7491927887077572,-0.5942726630401928,-0.21270988437777472,-0.17479611991432129,0.19808989922903236,0.26238783176052716,0.3186552539692762,0.7942122126377893,-1.0401924431139509,-0.3054032075145034,0.06378244117735919,-2.2504071792580174,-1.321150213999571,0.35985546749568165,-1.3010552566930498,2.462570280215652,-0.658295074229365,1.1322787732249995,0.3610992886810729,1.5806379292871866,-0.37050441805779116,1.1580048804876941,-0.0826605709406402,0.4672133019158524,-0.49374340403894496,0.9124781102259527,0.9956401348811644,-1.0886510195117585,-0.12081934570713175,0.8858562191991852,-0.637161640111128,-0.01694972730549893,0.7081916252000572,0.2476750349538078,-0.8233217754040756,1.435112472884232,1.98247686915532,-1.8382443623738705,-0.6450132813969538,2.8288599140505206,0.0988852955133172,-0.639748477333742,-0.17793726992774092,0.8265474504241968,0.06601714711890644,1.0853375640089222,-0.6227816987661166,0.08435828106037943,0.33094153452069086,0.6892141553768594,-0.07807069525867037,-0.5798698164724662,-1.9700859276184075,1.3590704931923987,0.6155962820208554,0.4294618254386613,-1.3581349979869901,-0.02209603481004388,-0.14398111348563225,-2.0469693866608183,1.4223709030811913,0.15782018817049068,0.49698582354358045,-0.19540265234332668,0.5537924771290649,0.8663865508699745,-0.1491476686370093,0.9032565488032245,-0.8420647582546491,-0.6614695674646823,1.7163703218885802,0.9301023900508871,-0.7420191195175665,0.3367035682924713,0.19803901048689992,-2.7015826829487195,-0.13229863537094771,1.0166282929844608,-1.9389995559268844,0.4790385325155364,-0.7768013689639202,0.5761968935521639,-0.5529162735852204,0.9350317736365823,0.6517506046583363,-0.21195390135825964,-1.6963126507289032,0.3074640936441049,0.2799914816349617,-0.46544483693481575,-1.7202781313435467,-1.6776653207522587,1.1246136189317113,0.5227373518239236,0.701644109795519,-0.7674158231512871,-0.09381075643487255,-0.03246740716639511,-1.1014831545510568,0.817579268607454,-0.24384684441309878,1.2817391670523839,1.3719940139718996,-0.31885949238401107,1.7368353211186567,0.11016431128813939,-1.2890832408212198,1.0215890082076566,2.2767008343506405,-0.11003935520510168,0.08027604121765908,0.901029051292697,-0.9328228925164633,0.0848813219400996,-0.67767775649561,-1.2309015331092266,-0.04147659563907169,-0.22904188120790075,2.693843388154704,0.7747652510854215,-2.6299976241729026,1.776189500147613,-0.11023688876208781,2.13539279896213,-2.6313535582640553,0.7066117690018942,0.32528253304704347,-2.212101239885045,0.9584091526038585,-0.7077410774582387,0.43598247484277963,1.2916260321784363,-1.0732812824429983,1.8255331918556825,-0.24323989549784425,0.7507706318521433,1.27450220434029,-0.5941007282471864,0.3280886310597788,-0.5237193838613599,-2.294798477769228,0.24576660147351045,2.190139514228452,-0.18749883495291034,1.7666450386200332,1.322395778855159,-1.1515918721862268,-0.4459836295736407,-0.19575128316260254,-1.2741221923263182,2.319819414267518,2.722993322915837,-0.5852382936473131,-0.4475669255859913,1.7998265403515752,0.008020361228438924,2.089056150330431,0.6549190273360703,2.6164493370588366,0.48386100009724997,0.6712775761151027,1.0979249730587888,-1.4965839895908952,1.0577867801136518,1.2408059805013414,-1.81027295014602,0.09318864867662846,0.41595954851441885,-1.2657588762686998,-2.6388496168439755,1.453088636097121,1.4763736742245155,-1.6878742430365508,1.9141858335978246,-1.7467747618588565,-2.1261807417006877,-0.32834993466247103,1.0102056690466945,-0.033550291995670056,1.64223581253054,0.9060794775833081,0.13297359021182265,0.2744504616570683,0.17763156979993128,-0.034904739131496415,0.8679997833606408,1.1533465205313376,-0.3752590218945378,-1.7880334635756696,-1.5450491638105546,2.4377691841254325,-1.2152425705233123,-0.7399270251857006,-2.6618574148284,1.1154522450863067,-0.46156875745972425,-0.5256935176899069,0.0245523747792582,0.3796275562453677,1.948388605926699,-0.9643469897862259,0.19598839295622897,-0.3292320944732727,-1.3760442881706463,-0.7715174237859547,-0.4941208359905882,0.3817334753611983,1.2882135630226135,3.6590921506038483,1.389377521732396,-1.8994008633373831,1.5056557396346264,-0.82332048810207,0.321106670956195,-1.6754946889949665,0.8664871448216275,-0.2113577575488597,1.5224531820770901,-0.5480077069493938,-0.01606962557337202,-0.6995895129534269,-0.47771832570770073,0.1236444579568946,1.9531611594818943,-0.7516126934958334,0.7545432719487464,-0.33321224579226394,-1.7795904764478296,-0.4883868679321217,-0.21159009853752386,-0.6393160731607429,0.0020263460120475904,1.6614115761087485,0.6857820477394401,0.48231001800977746,1.071844035925947,1.568514764268225,-1.3089957615948897,0.8887165077185133,0.24154591829767502,-0.18951806981906577,-0.44803295045916547,-0.37923869115579817,-0.7813957595490326,-0.15166920760809202,1.1429872765668208,-1.0638847035787788,0.23843374132759226,1.5835172402505797,-0.6897770095729443,-0.08691974051015625,-1.4750290017068766,0.5360399147704155,-1.3601230917421188,-0.7536853514351524,0.3138939065636601,0.5362634631575055,-0.031316135999881534,-1.0390852057107398,-0.05524522460285172,-0.8780966022152901,-1.2135874207351447,-0.26289997596458087,-0.06228051427588514,-1.2140672087855522,-2.983222039551322,0.638416425241625,-1.039535870427012,-0.19765383821592278,-1.831874234300567,-0.12051432043486474,-0.7472329408315793,-0.21295339134497815,-1.7925767969885587,1.7038826240023723,0.9119145421191835,-2.3726867249330623,0.7177472480875082,-0.18236006235512367,0.39432544613674814,0.9601456549068071,-2.2053623476263717,0.43169830010913035,2.0255261727548977,-0.08528012922974434,0.9528404267181682,-3.0275027182432157,1.4794592140870506,2.040519103999896,0.11298748573444843,-0.6137858731994573,0.771798270172654,0.6532136839929488,-0.675712178963175,-1.0557045989726541,-0.1135576476752572,-1.3833940060822818,-2.110000556315552,-0.8574838129973764,0.07915819334026723,-1.1452284166518552,0.5831226683007059,0.7497340322547483,0.41506445506271084,-1.4972631279641564,0.5885897517874676,-0.5674535185654856,-0.6631338652365839,-0.77035620641602,-0.5272493793943054,0.6097532190944257,0.9138123604194711,0.4422487760424991,-0.15260143461320475,0.5254664413991126,-1.8693066587600544,0.25874902766629954,1.1233677632640982,1.3664511932861827,-1.7846009440465616,-0.65956746374042,0.4792666737870772,0.9825702808828141,2.8609193617092123,-0.30768117475463247,1.1594365448947561,2.134262764062285,-0.009981362639401728,-0.11734183266948259,0.6230895518739812,1.8898930743563211,-1.670004337799117,2.163856415596447,-0.2039998910887899,-1.3924815430689388,-0.8708881111039094,-2.0938645725159986,1.2956563335342082,1.4669525033536266,-1.2596922658316918,0.5808435352003449,1.1539247601717753,-0.8236694653543121,-2.0778033088694285,-1.1896735813466495,0.5871117487429075,0.7460620554832242,1.4493690151753937,0.5896313396733892,-1.2976920212786964,1.1906148606850357,0.7614809065532839,1.5131333772436315,0.4026372714132329,0.3721792070569011,-0.6912994022639829,-0.30905510258757235,-0.25335197009033106,-0.7489574506203555,1.741212726594408,-0.8540221117671158,0.4294772187898386,0.4266550366904592,0.5182891269103422,1.516807505767823,-1.3014004792300518,1.8804978570142732,1.1513145013188841,-1.4697612963722246,-0.12462518240227625,0.19478704512084902,1.048532468993725,1.523274851442083,-0.08575505810518873,0.5234920894824062,-0.882093668583698,-1.1191361222967076,-0.28685243439922653,-0.5490990975539872,1.0412167327595887,0.5878220221691045,0.28093919494286645,0.46100177649014334,-1.7083208034919148,-0.6724860717616027,-0.4619177027045336,-0.09582351433002725,0.34197284001095407,-0.1827388723815067,0.061021842737366425,-1.7865392185237237,0.7027936177639064,0.16109185454151362,0.1377383367503894,-0.6427981208378609,0.14580138699944115,2.5676539943104717,0.7413698715848465,0.8799388471148262,0.021094934858277653,0.3639609846808486,-0.8075721608863282,0.13425862851030182,0.47723772699585254,-1.1137862305698683,-2.4396433280484366,-0.4709386689307754,0.4457549050166717,-0.013439446758917784,-0.8059108337523438,1.6455567026021027,0.13533288998287538,-0.8246661522743542,0.15121249283816565,-0.6337931774794694,0.32848204498939787,-1.2782251144489347,-0.14640929862164828,0.9989563177727733,-0.07140449477257296,2.1641712939310698,0.9310684509787063,-0.27180226160454424,0.35936885075087366,0.9135518902456367,-2.1347930149491314,0.9355568890868943,-2.13796250436006,-1.9018357045189278,-0.864492911474652,-1.9159133205600989,0.511769824069808,0.9171706312699652,1.5583969730828837,-1.2753656403427536,0.8985080063246743,0.8000490570414261,-1.5847490263523667,-3.1943011433481656,0.3385536060597218,-0.4328189363651783,-0.07987635552865593,-0.7006815096855263,1.044471687205346,0.04521934626061805,2.2868670791967167,-1.1500825426388355,-3.1019888662075754,0.2979864098924895,1.0592306957009254,0.3442162543408692,-0.23832065677348724,0.816746089549135,-0.652699754953293,0.23985775950981136,0.3317025843608882,-0.11964817200876511,-1.088645318944658,-1.0217676931795734,-0.5045394950865993,-1.221844694368611,-0.29411802486352756,-0.15462271818973516,-0.9026481796926784,1.1566429033628867,0.47737598416566973,0.5217919006736602,0.9927618673949432,0.07209506810848973,0.4343616286388698,0.5872394209480875,1.049121702351808,0.49255217948659413,0.48196982903289626,-0.31006588692006565,-0.9069330942043181,0.06012135664070968,-0.02055176656719883,-0.8306125823015132,2.5413066660265047,-0.11340884967887051,-0.13739826427076396,-0.5521155343106675,-0.2808053594592572,-0.3649589928065553,0.926358016423746,-0.9583205302499437,-1.0368922626220427,-2.896984436211142,0.03532546888971482,1.1943734968209108,0.297775721130058,-0.9841184609163899,-1.0377016433528192,0.8368652378637053,2.5054441670666465,0.4523950373197284,-0.2668457045053737,2.0141936169627126,0.8204979739426511,0.17738932385649508,0.06069055892178742,0.19346158078506248,0.924606875285591,-1.7636261101059243,-0.8649269093695954,-0.40818294705561076,-0.9461955378558505,-1.7450793823052733,-3.0443146375982773,0.06592351136098965,0.418698945826828,0.8741790373892446,-0.428358549606858,-0.052771260304319195,0.9769602801911941,0.3665484092204846,-1.5688990051339093,-1.427610669152054,0.6689054489966179,1.5503196529433112,-0.6473066985467406,1.5594744160029532,-0.3403431539428336,-0.08665161213049151,-1.0612981514521975,-0.3140363846998673,0.4467696411344734,-3.136737605948006,0.6034656482355243,-0.17676169769320096,-0.08110297259464505,1.7201590595617613,-1.6708017776363675,-0.7969558206647883,-1.050712251488087,0.7306436023316656,-0.2536272300863168,-0.8580180047681374,0.6277465669121582,-1.4566193351527068,-0.214937516226304,0.9638009358859722,0.28398541394808907,1.0816955394432888,0.6962428201991036,-1.1487512845366727,0.29338356042918146,-0.27501894702201896,-2.122247066839323,-0.30816041991130116,-2.5434786067455137,-0.7164996225654116,-1.4496568199558908,0.7506468906189274,-1.971353270954037,1.7880546412926472,-0.3208424731936507,-0.4377877332387465,-0.1852955263089498,-0.9352309360150411,-1.1934543824476422,0.8792241802548281,-1.083148949843593,0.7930975675629182,-1.2133889645480154,-3.116357302138594,0.6405455206186313,-0.024067482404857884,1.2277354511961238,-0.871666601645073,-0.5430915701667017,1.1842235504036018,0.6061315946888934;-0.16425342512541818,2.2106897516830553,0.6827096996521038,-0.06904381778159431,0.5753656036591757,-1.3543121934884805,-1.1363015963318257,-0.2394500176960524,-3.864026944650659,-1.4658711272064955,1.7831704777065502,-0.6656543221057932,1.5134019722359775,1.919751246941764,-1.535507941728803,0.4303692414343895;0.4932382277918512,1.4301885647267136,0.4218795398791064,-0.5062038701937028,-1.692207322200382,0.5629932155667933,0.23781150678817695,1.302610265522496,-1.7040696981642052,0.9634673442381417,-0.4994174474168052,-2.190272573106727,-1.0054155228473054,0.9607318335851497,-0.42809581210812364,0.8074588334306207,-0.45960282912400546,0.7736717317437609,-1.2301129225919916,0.5406870335408899,-0.6140554499462925,1.0028493201333697,-1.6053394551328,-0.2894228916177503,2.4365206786043565,-0.1369845742489011,1.7986957642948709,-0.692040045669772,-1.66258821194975,1.7934834853360333,-0.9898852666816877,-1.5916038529390502,-0.19916214063405765,0.7038144385448285,1.7692832105692164,0.9653905573863716,0.9172027851925962,1.3898852476575625,-1.785919524386842,0.29102958391346284,1.0967050327470202,0.38865035592256947,-0.2892995726444695,1.0665349141520224,-0.2371174723589328,2.318245757977232,1.2430585242117376,0.8141752718609312,-0.6635283694866125,-0.6266460933870279,-1.247395406846916,0.2188523157570675,0.5055211666498842,-0.9532882875700134,-0.216423285600246,1.318759348135646,-0.4378023394136373,0.32485003629320075,1.216125243873866,-1.1357143864246761,0.11673224981730468,1.4525495756172098,0.7670722363017765,-0.8768058435048822,1.8410782557473186,1.253121886036807,0.41627522945357975,-2.0397970540143877,0.13683484530741308,-0.5158696046113146,0.04291758116379963,1.7596622334498075,-0.3872292692921018,0.6697069873206287,-1.8332199255024186,-0.1400922769090155,0.24835184261463675,0.24807918016223166,-0.27982108414833495,0.17044203146143466,2.0921318238368403,-1.091211521061014,-1.60561245038034,-1.0391042091288087,-1.10016034829926,0.42748782766820126,-0.19174998085986866,-0.29024559304025754,-0.3425864796720992,0.5557024246010381,-0.24529345096558808,1.4389380729475305,0.1193746506841517,-0.4115332536874363,-0.367073780894706,-0.27719413323878234,-0.29796383750038924,1.4663268623359424,-0.6342567010599114,-1.144729219927939,0.9111268846927112,0.2223564122413083,-0.92306498850172,-2.667142581916989,0.5004199351015022,-0.2620071502119127,-2.4087087768277735,0.270734796977614,0.24500918724208903,0.9844551484145463,2.0401762326471484,-1.7378700668560603,-0.5091432351743025,-0.4181244649260543,-1.2600331932901043,-0.14217375132578097,-1.7211555124111364,2.0998612372611154,0.3479473811415516,-1.645589604265424,-0.18402773349800644,-1.2134838728985387,2.208454491569098,-1.047909871658172,-1.4848977493856876,-0.8866547576918985,0.04476906381465506,-0.097223887377105,-0.07442537855032001,-1.5426023338747958,0.5218263343150921,-1.046512712506793,-0.9545547087791544,-0.742391699833015,-0.71605429542999,-0.8956084600485348,0.2892526688998816,1.8882370136478952,0.9322661628346341,-0.12046281731558614,-0.08019641229643507,1.3444875840133066,2.743466084907779,1.8462466933440747,1.0763212897475853,-0.630633801209008,0.5123015243255504,0.39391981945951177,-0.14159241722779195,-0.19588050842755841,1.1061884652415448,0.08781480987496729,-0.28263547853011683,-0.10146340286619918,-0.4149190108445476,1.1714452142958272,0.5735130727823534,-0.8336374238474957,-1.5068660643392142,-0.926073467915745;0.4339200814737799,1.225013971678987,0.16326348334720314,0.15402824928383138,-0.2436552752906182,0.7764114117490254,-1.8941899636198867,1.3606421415380747,0.822753173690081,1.8004131815961386"
4,1.5779065121667604,"-1.7332867336214903,0.13319961117556417,-0.5507792437436057,0.8429802701221656,1.3132613973469152,0.03627955976910209,-0.27478630192329156,2.985917575363483,0.18935125211365383,0.17503512594597653,-1.1635298420957123,0.6021701197317797,-1.2241091841941507,-0.47404492420231936,-0.23513003977483465,-0.8091673121261695,-0.9729112885087675,0.9230437353653909,-1.7964767377955715,-1.3407241642472427,-0.19081772490748664,0.1060506071213087,-0.4794256859921842,-1.0335191489976243,-2.503213836923005,-0.1284027150519786,-0.3004274128558485,0.8688723180750959,-1.3831638533776787,1.4642800381164032,-1.2569594577911947,-0.6490417248473782,-2.0882378217392374,-0.4948771500652116,1.4057093570575832,-0.21650529967691454,-0.46268924589686244,-0.07078027620530974,1.8542546798889175,0.011691087255944373,-0.20972401217944858,0.5930388331913438,-0.7940603867811066,1.9210375922299427,1.5515918120769678,-0.45507465308699097,0.22119390984071013,-0.16459121828831802,0.48860981926837305,-0.16204153783477826,-1.3769736158628025,1.0571145830891953,-0.4839846083282876,-0.42835432080751007,1.0187178161569852,-1.0962557388131275,0.678336995021601,1.7601020511700296,-1.2659494911409261,0.3679564405861595,-0.5030678587617134,-0.6647078253610669,0.26905555984096224,1.8652187954943371,0.7787423036425946,-1.4597307975072227,0.027881812589965672,-0.1803452158637991,1.2887326058226631,-0.955354177437476,0.8102004065036308,0.9989580642115877,2.095364405313182,-0.2419369300903289,0.39031300960266824,-0.9655876554978099,0.39721102586998214,1.0772839970576278,0.4420886215352303,-0.6767902804970964,-0.08889444458464332,-1.2422754906867413,0.20347519668339184,-0.6234867575208912,-0.4819219315429103,0.44947277130260543,0.6694808029076242,-0.6582977048870243,0.8927158924747921,0.5400722346655911,1.7017741484931972,0.7424898073092462,0.7775224068326902,-0.28148680161715595,-0.437484743910802,-0.3852142872789046,-0.2658230506566206,0.6123830779353873,-0.637999261642988,1.2481406437075406,1.0085147271640829,-0.5666788728990965,1.0859129134369283,-0.5704742580148581,-0.046166330930346514,-0.47175797927386165,0.4976898959720344,-0.7925907552090534,1.358693869631941,1.1641362647176818,1.6408271195101347,1.5843589797064401,-0.4426044484496562,-1.6059679611315734,-0.2717065137274114,0.5388532946997603,-0.26200044154008406,-0.43685134252506663,0.6348012129414068,-0.4065317538264232,-0.4016684627387488,-0.035128282352952615,0.19811973598161914,1.648850166152484,0.9469864423586988,1.0624523020686896,0.28820330166454755,-1.2194160843268835,1.9867626030228478,0.1039004187286432,-1.749940721446499,-0.4105300619301638,1.349176524758597,-0.5268458401560062,0.4065366085730998,0.47979450236038135,0.8411880826626135,-0.22329856797680922,2.098453646411152,0.17065345276888325,-1.1821314295178917,0.07038094873367612,-0.021896518219009613,0.1035636331195608,-0.5087920881229943,1.754760598007529,-1.2328657969581789,-1.5319228257475663,-0.6962647800994204,1.6675917440463153,-1.0055240190840349,0.2530355867550793,0.40474120188668516,0.07577773776618842,-0.15100571645278,-0.9952606328141315,0.544375688343949,-0.8138617188426915,0.5884337363151362,-0.17253778627049435,-0.6416196915521012,-0.5005901776993414,-0.9427845050328176,1.9118788412093843,0.40042100662417196,-1.0466765025251694,-0.7247148355111311,2.2682372164076954,2.11182834254528,-0.26852968288046053,2.4111114900761477,1.7181517951063643,-1.563877735423615,0.19760965774058295,1.0078628394377138,1.3427703872946821,-0.044756899185062676,0.08260660503353807,1.1890800158631054,0.857338996040957,-2.9930435503881148,-0.24527182180719245,0.45536884206196143,-0.34331342601293163,0.6457703745279887,1.3447936889578347,0.26275978982107023,0.8969115061340293,0.2313603014196227,0.28010078873689365,0.8963241785187782,0.8411319033650841,0.3468764719195596,0.0491187450114767,-0.1454715854214674,0.5805744231853319,1.7715747342488593,0.228233467009909,-0.3250291930402449,1.6492112747365402,-0.9013239665065554,-0.36654403216311254,0.32705095602790524,-0.2995678213245694,0.36011453608295607,-1.4138440662358438,-0.7660716880605097,-1.3790345992311837,1.136978384389561,1.5500128788034289,0.22935449869214974,0.2769431156257105,-0.2512015522914982,-1.423471630906646,-0.8489245822515485,0.4098004825083747,-1.107113832403079,-0.04585651798425057,-0.26473907874846214,0.6735864064908395,-1.1857534879107918,1.5246644073580458,-0.11794363264223426,-0.08572122771434329,-0.08794602052692063,0.41699061730671055,-2.0497328686672973,1.3919119634526025,1.0843972025867528,-0.9741764879501327,-0.8462066971221504,0.07435228792162202,-0.96076006297181,-0.9383305497481558,-0.04337753403420254,0.9979256675774902,-0.4602831008236148,1.116441644074117,-0.4576201217171216,0.5658396875357833,-1.3000985089959127,-0.8208778180241109,1.3383410997856222,-1.1067184617926429,-0.7668829349516096,0.6090640898106009,0.5014634431414393,0.8018363096985328,-0.6164954388728111,0.01723120731621081,1.1929470227010863,0.11881359733514087,2.4613699601704258,-0.03283260026918311,0.2971366688332288,-1.2139800158252152,1.0067373832543514,0.399853248015601,-0.973203634055459,1.1480474149350453,-0.26442080672868407,2.1247131433329356,-0.049041136170242874,-0.5668452932892081,0.17913337008577154,0.17471773896053777,0.12127033614098842,-0.6244617330819568,-1.9735567110931354,-0.18094952290607136,0.18605688467327572,0.5509875288149033,-1.0745116915301884,1.576420045862122,-0.827058163467022,0.19717638251898992,-1.231202171853524,0.4473660563750391,-0.3246675069655,-1.4865035816245538,1.0890669597969,-0.21613807766901716,1.651327667842351,-0.7003298017012896,0.6458436487335545,1.0327411995926763,0.02864652747034195,-0.38661913284869986,1.6401769620846278,3.170152433068729,-0.14685332623204458,-0.16325845122470212,1.23141159035277,-0.9113059845260587,-0.29480403411178707,2.0579643605332825,0.6655403861422267,-0.3906015026824793,-1.7533879984983607,-0.17184415494617428,0.9362147226837628,-0.6848667957484116,-1.8347223452591337,0.847508801064941,0.34732084629494486,0.8977383748459593,-0.08463325563729307,-1.316490081878301,-1.3940984899255462,0.7146943943206654,0.7189820287719504,-0.32317152410417277,0.5366996102369492,-0.16881954118833445,-1.143454219793642,0.736843218582665,-0.4729157654096912,-0.6730571868522293,0.5168019893402285,1.6420108310598556,-0.6822395344103774,1.3444328776596994,1.296405932171568,-0.14483962564539068,0.6685070339338385,1.1014353050894474,0.17993803999601707,-1.5059034926488841,0.4912917385394654,-1.374965780479077,0.11322364875059218,0.24599555315437596,1.054903103850505,-0.22684891350663702,-0.7768318191402366,-0.22718237625870957,2.2139843178179888,-0.15824238070669833,0.10575241116328615,1.717879766142752,0.08798488750401548,-0.5444630142181627,-0.5789863826355693,2.177767972709834,-2.3593547726290773,0.2963243948408709,-0.4207418537315236,0.5760583353171652,-0.09635884174542213,-0.22736947860015566,1.428610196188107,-1.5108366526889134,0.005430982827256275,0.9308926457459564,-0.29804144801963706,0.05163895732754674,-0.8916718507909948,0.8308529171728545,1.1046769474753417,2.259010959537607,-1.8488171700189395,0.1751774201705892,1.036557470827404,-0.18514930697293638,-2.0352321594789564,0.2799476514400752,1.1895694506442607,0.51698297294381,-0.7250625347675264,0.18825725626336437,0.18006485829990634,-0.3451926264059246,1.4472091692519102,0.004197808707212819,-0.8785149526276861,-1.2013242519697847,-0.5342749904506217,-1.618949592443487,0.6811253484156775,-0.740381246033758,0.6533811069111582,1.3888271848054377,-0.43033369903705343,-1.4898372951253005,-0.7455414237719774,0.6728597365289009,0.20465006188584267,1.3430249922916697,-0.017774290001524057,0.8553575311415141,0.8592578100686482,-0.4357610010485247,0.20562421274048182,-0.9840092432791117,-0.9739806951457546,-0.9793665016336037,-0.548385093019869,0.3651185912317384,0.5721269796004786,-0.8920764315951536,0.4113674036182797,2.301213480757069,-1.4153441278544117,0.43677524719010685,0.34496006683046354,0.07229992179243519,0.302534385919013,0.34695449540141077,-0.2995991333136294,-1.9503156506164132,1.8804174163214824,-1.92684394979614,3.2503399710097507,0.13223996975003194,1.4559828233877277,-0.052818299034049526,-1.3265324875441002,-0.42834743483335813,-0.7559059930745067,-0.3794348550246388,2.4175916761651832,-1.2077049391220995,0.2975306710714323,-1.7918076793778002,-0.9711153896783421,0.33649745702746575,-2.925736792306354,-0.44058063171098183,-0.43027383450574064,-0.7125955215482948,0.9629635159902726,-1.0709101429798737,1.920454304358702,0.5273269948155327,-0.12228029995987283,-2.918074078483099,1.4283891467112166,0.48292808992803926,2.0574372206124534,-0.4610671294585475,-0.5135022558596027,-2.2587340138278016,-0.9532295977808513,-0.1500581653118554,0.06391214663416728,0.23839895326829197,-0.14613213026281108,0.40785609845526705,-1.4553449239026426,0.890089210025438,0.8113060182003377,-1.2415314604151653,-0.19711056378477276,-2.0126556718198954,0.8842033439995433,-0.5895087343407304,-0.8153978013609465,-0.3586449366044042,-0.14171642775168672,0.25081133278690493,0.8227055845069012,-1.5606653896426042,0.43527418774023985,0.3722895526372656,-1.2106658747918895,1.0826393927626188,-0.4933173501970315,0.38938236060368736,-0.7526651637525524,2.245372012035454,-0.3887433083750488,-0.22282456862654182,-1.309643811055776,-0.43592218127995624,-0.023967022238803024,1.6881177054884928,0.8301389101699583,-0.22667673122369683,-0.6750482414653801,-1.777996084815873,-2.2948803574217767,-0.2012574979136312,1.445752961022157,-0.7149858920370591,-0.0893181098799993,-1.874635331864833,-1.1472776674375145,0.05465820362019259,-2.0955855506526726,0.8197323202426464,0.17429197267252422,0.40916204208823154,0.8104457329997443,-0.5962079686685309,-1.4238358518933318,0.5663581093522474,1.1076224987599255,-1.4063569397422293,1.266344356188149,-2.39647934263172,-0.23075809803456102,1.1642905065710878,-1.3228434283945385,0.2862915367380349,-2.2192147613538205,1.235276549139787,-1.3109651008422334,-0.15022493870244202,0.8259369153706991,1.287692921464795,0.4314057613123259,0.5285435733958208,-0.46694872213371325,-0.5040759865996299,-1.0169342204402076,-0.17940711932423312,-2.0902693170760163,-0.9542954772910781,0.28021257028914537,0.7979207500523237,0.5180851669956351,-0.284230001200105,0.8818663844727263,-0.4974022634585937,0.4006262637701431,-0.9716912687822049,0.029616987810705014,-1.4041995056792407,-0.19269389055050973,-0.6931422305321501,-1.2070450966023838,-0.5394659307872081,0.13426028946530386,0.6616039428611552,0.4717428395107437,0.40003857347003385,0.6981523143183378,-1.0407742903009065,-2.35756761408627,0.2086933331281317,0.1546844899361206,-2.3350525767748804,1.790167746055866,-1.173665770941302,2.218058207478638,-0.3676971564634922,0.9256720795655865,0.5030240975417729,-1.3914685368528645,-2.6937076243951124,0.07496841926624712,-0.8967954971857309,0.3365738221907413,0.7616249408280543,0.7922622633548859,-0.1449585352325744,-1.5142767948579106,1.2542675651697197,-0.11085692042688118,-1.407882552971774,-1.1698942787543596,-0.3978734290030994,1.886033181065143,-0.3201098447968608,0.2568202297021066,-0.03460978657408944,-0.5709631016902895,1.3866998513825264,-2.1816308920598777,2.432620239979231,0.28454768784205897,1.4233193979753995,-1.5107293630419671,0.05814956269814915,0.01810905126344135,1.901359568610125,-0.26814307700092765,-0.1778566390130446,-0.8954009493009698,-0.3451843726687718,-0.20940321615217072,-0.124311352642237,-0.028365307737886446,0.10537193123932884,0.20056469288715026,0.9761280120451438,-0.5655403464819606,0.025398821756848336,-0.12639780608650286,-2.197710227151292,-1.8713154906867226,0.5780988853217431,-1.063401601814287,2.4964471206756027,-0.774205656778561,1.0423274747252615,0.3692253669353495,1.665136634225026,-0.550724686061573,1.1645298064460177,-0.1638466889923444,0.3431013783962278,-0.41964757860819873,1.0067631524732064,1.0672657281231968,-1.3675394452046028,-0.18620982241600334,0.9351272040576388,-0.4218494018568988,-0.02876210109923269,0.8395565866432294,0.13747496239424664,-0.5874081566443085,1.4639892073399292,1.9371593286757065,-1.7816855076273617,-0.8010492019387214,2.7726022070018552,0.5048773481763118,-0.26529122877913036,-0.09545652720850627,1.0546861541195736,0.10533840373291917,1.4231016507073175,-0.8195931901228933,0.28972149812097425,0.13099600329986913,0.7704272909965156,-0.19598234650329321,-0.6915479038654153,-1.6454290635843376,1.344191973002123,0.45092425321521645,0.21075153154388082,-1.3125863302156684,-0.31215734085862734,-0.03300534344682848,-2.1827241896740057,1.3024701693716243,0.02709687146090306,0.11670596943602549,-0.14592947368300413,0.798300257038728,0.8580920030093893,0.01866534078966351,0.9776655011884842,-1.0425727857186555,-0.6335966222350522,1.902017255889063,0.5388317466496477,-0.8718362075197253,0.5371877826250796,0.10143404322160847,-2.8419870862086745,0.37183588536004425,1.0962339201132767,-1.7751934524903492,0.4800499555876372,-1.021038305140232,0.498533900793692,-0.7568029982795493,1.1934565697745776,0.6959553402420544,-0.1684472399270137,-1.7902829163174183,0.08347184396326658,0.25805482466364693,-0.34639148789913377,-1.7398044277395452,-1.826672229227826,1.320630443452372,0.35460400503696227,0.856041024315726,-0.5857832603806412,0.20358499559418528,0.14109323934619541,-1.3297162343288484,0.6912951976950958,0.08322250422609159,1.1970885975851993,1.0382008420622286,0.18792116224916466,1.618875477995275,0.47754344095082685,-1.7757154302919662,1.0958468162663895,2.613350584952013,-0.10851792996475251,-0.4719135630658879,0.8186392348876561,-1.025603294099672,-0.2511653531925994,-0.7348304778413718,-1.5548102830697068,0.028553439506094014,-0.7377240133025372,2.967776454525054,0.9531615601503034,-2.4417486238072987,1.9399801253803168,-0.6208985266734921,2.239594280153445,-2.4898131095452505,0.4368443050308656,0.5501702090126167,-2.46896044582193,1.2760104313340632,-1.1496482697349422,0.13557127531369878,1.3885825585825884,-0.7195117883747004,1.7784723432266238,-0.8383908670184658,0.910207820997158,1.11347644214937,-0.4772896597331052,0.2645206512682617,-0.5222489868795036,-1.8989658198856385,0.3080119201237227,2.223269972776186,-0.21823822015212183,1.8373346530453796,1.6643122980715535,-1.1294481282574436,-0.5993919514725097,-0.07786469527433751,-1.3421858915462161,2.3125642591888242,2.7168597807688846,-0.3962881986242221,-0.3224062234921992,1.832651948833224,0.26765750787732295,1.9107888590432223,0.6091511268412716,2.2446102431569366,0.52985806890259,0.673623384628849,0.842521268817392,-1.1859261786153328,0.8280110771346653,1.2154435745953136,-1.7665663363180157,-0.12577301074794828,0.411245652849833,-1.3869284449814476,-2.624375308977904,1.5621124447952097,1.2053079813066228,-1.512943130514648,1.7173911489093643,-1.6479432930494589,-1.7768242509010022,-0.5686538460709678,1.2000743016747264,0.3350897583858227,1.3703411061671074,1.1993402370668944,0.1484362130193022,0.3730057076766715,-0.03755927077923238,0.1272987550327995,0.7091821165274945,1.1083315266292169,-0.34682253425881016,-1.787402270580225,-1.4594040725363735,2.7462370930777036,-1.3765482471783295,-0.3981579939334057,-2.3942701784976257,1.0595334457975838,-0.6739562636196454,-1.0344029387172822,-0.35738415535218504,0.5669066159452548,2.0929783290371238,-1.231443191285878,0.0018887043729768072,-0.39551162230244225,-1.6131456444907255,-0.44277590338485134,-0.2572019871360578,0.4082045610382109,1.1167492289246999,3.4798242987246764,1.273342419122445,-1.8141722691749274,1.644554604366011,-0.45532931369773544,0.0858721322431384,-1.648615516692029,0.7571925136462236,-0.04580527591953293,1.7624270834123907,-0.29451687499012913,0.2143856342245234,-0.577222651233603,-0.36798359650263784,-0.2291057824558272,2.0643751619443007,-0.9985664130388884,0.6566722735333693,-0.28975681244709944,-1.430550539710299,-0.9871498407323805,-0.33656415794648115,-0.611936782272992,-0.1964828527907062,1.3707002298922832,0.8749216806405619,0.4030497269296817,1.11541097729798,1.6114156983797179,-1.6198967668996471,0.8874663477930229,0.1362857125901333,-0.3886754023760863,-0.49465938801480214,-0.08537785580637886,-0.8267429178312508,-0.03231249655873883,1.0236419239443282,-0.9825652950542264,0.4819913243409944,1.3236256957358496,-0.7678922449439194,-0.27031694246557314,-1.547453252147683,0.4027246408199834,-1.1789665527230064,-0.9792626360104143,0.7681676501974188,0.5259311968456392,0.267531097570891,-0.8175505695411356,-0.09333416930495524,-0.7984614213792395,-0.8268422479137629,-0.1314646218620666,0.1801853537710661,-1.2277484720940546,-2.908589785198079,1.0487653163460515,-1.1632249805061035,-0.1306912194166737,-1.7108072296676202,-0.17063765494780686,-0.4279496694953385,-0.009572052042323073,-1.7076414536923754,1.6557878893303746,0.6584026042729367,-2.421876554008721,0.8634840531949363,-0.2383627145676563,0.5210699969220873,1.0509588475637641,-2.05676847875812,0.10739268204084206,2.10024652814165,0.05524536437296759,0.825602089846515,-2.8587706076892294,1.2758771751244193,1.753815779101576,-0.15579019632781,-0.6631669429292794,0.4399884734774514,0.5215369324665374,-0.5786592741260773,-1.1063550666693225,-0.41852296988054305,-1.2835294094760084,-2.471503983492014,-0.8802471748619969,0.47745436595923374,-1.1457608599733646,0.7904303358024485,0.2435042804145317,0.08624266105662312,-1.5343829088764895,0.9747694634818624,-0.9078509937799131,-0.7769694995502421,-0.44893515742476753,-0.8631914476476209,0.7800064884259322,1.1847002163192335,0.33296237185224603,0.36380815334946315,0.6443324514564902,-1.4149734737002273,0.6621526601906452,0.8420689147052971,1.4921495285201956,-1.9258340568775763,-0.7360829043755425,0.5459545868094575,1.0384711697400884,2.8970613719281557,-0.28371569885820425,0.9838992969633257,1.922935956401175,-0.07727045438610497,-0.442695460256643,0.5200397313680152,1.8656747003005607,-1.585248453226544,2.32617553710177,-0.4677292511495143,-1.0454989037731999,-1.0606549249697412,-1.9788906099946013,1.2563171646342755,1.0047008454798318,-0.7231796828397383,0.3593142668309677,0.8964670722125542,-0.668711346652769,-1.9875932992368195,-1.2378647504110432,0.42590276766589147,0.8930703719054353,1.3365919486948008,0.794528940324265,-1.3728906727936563,0.6010218336499138,0.8941457172376959,1.6743398838815349,0.25504064493247774,0.25462537686945863,-0.4237045356717959,0.008395846907111796,0.060723678811814105,-0.720624685737602,1.531256126340878,-0.6815695453429282,0.08257447186339445,0.6769633117890697,0.16358661023915155,1.3806138094707054,-1.218641005621589,1.7078609825407962,1.0784796935075378,-1.648192226020832,-0.1370357127061002,0.36277207769644143,0.9396623353254786,1.8033330573510464,-0.15944975480052878,0.5964131708916222,-0.9369048868224896,-1.1141612106586234,-0.1192767034366222,-0.8646113216989605,0.8623337099870483,0.4603523584388053,0.38464434907560346,0.49720179977146683,-1.6078409356454264,-0.939556878576465,-0.7398457000336907,0.16103929680211726,0.3623864047488011,0.0811603480885935,0.3899066998438803,-1.7786114523746446,0.6201861793520517,0.1050675440823863,-0.19269200094587693,-0.661810954570478,-0.10247423126922733,2.6520253392653026,0.9265730806528424,0.7315753009679791,0.026867467006863585,0.0733158963852917,-0.7192478061006778,0.24266596822119135,-0.07513040318879058,-0.8313467583698267,-2.5239870727424765,-0.5753898854918225,-0.008216619427305422,0.3160401724974992,-1.133337684663781,1.3442397807454283,-0.05088428080891962,-0.6202630758135075,0.11709187658140938,-0.7695608384832759,0.5320166737531862,-1.1732617161738033,-0.17927176427299227,1.1878857257481212,-0.43533787514363476,1.881816952732035,1.0764898495046205,-0.11506793549628802,0.35596453328834243,0.7028871887116999,-1.8780065911935084,0.7490359788716463,-1.9036130912114853,-1.7167692830458579,-1.0437343145330586,-1.9602049223526767,0.43049462747589484,0.748305514935691,1.7894363770639488,-0.9520554353931192,0.9713196994522315,0.7052751583372617,-1.4800708437090264,-3.2693704608634397,0.07316411431646976,-0.5074420305358331,-0.2295442392748875,-0.6199663981121988,1.3822462234338515,-0.07839775301483934,2.2294879505274343,-1.2778131499514878,-3.1241683874608497,0.3342552992007348,0.8590533368840887,0.24003320010800733,-0.4772658656143423,0.6996572563503207,-0.5644690805057246,0.20952408117138294,0.48705763805143576,-0.5514430092834784,-1.2716023057246406,-0.7260022667358292,-0.49092450413352107,-0.9049766963076435,-0.3832835758071061,-0.16072381749823378,-1.260344766743823,1.1342768270450492,0.4634369242548817,0.37175085973068417,1.1559663563530216,0.03796661676524768,0.9692702752693457,0.07457021113729506,0.7065513895263288,0.39557457970336013,0.760355442413583,-0.5898598937230236,-1.0903072909446163,0.30007378543703667,0.08754571356921075,-0.49891363163478925,2.9154370362612028,-0.09654407420863835,-0.2927299061720435,-0.5525226909710911,0.05673327286726314,-0.13830657061787108,1.2172277280670827,-0.8018492496023291,-0.9872478853531318,-2.9655313444544564,-0.10384041048229611,1.1404839091525354,0.35750998541444107,-0.8722745237716626,-0.9063952061502338,0.740399357100567,2.7110247279781126,0.0856779415997071,-0.5069738236722168,1.923447547971291,1.0445069452420523,0.2984519351834914,-0.1998328704774218,0.042520304702427694,1.0839435137141396,-1.854065570963471,-0.6802768750164487,-0.5050522285551022,-0.6938941661301804,-1.8665781719089114,-2.723122632434054,-0.31473894806386526,0.47017829403866496,1.063041477206246,-0.38405378789024475,-0.4968465926527267,1.0719190509844057,0.609019510359704,-1.3416186879886236,-1.4960524266543245,1.0039704196703887,1.9686396737347536,-0.45126969150246177,1.1656025985383107,-0.10692334253807553,0.16439509554010728,-1.2651922935552458,-0.7757003599944012,0.7028247331894709,-3.094044841883181,0.16890366766468923,-0.172961073732185,-0.0007269081541085715,1.471517602462448,-1.5869885851682948,-0.8203049830749249,-0.9121497553530813,0.3431395503049896,-0.4907088449303384,-0.7905898103289712,0.6314412093743947,-1.1533574234003363,-0.6097133057510037,1.000840274187113,0.8373079825035197,1.4368104740026753,0.7531519975656998,-1.218897563921917,0.3592011692586091,-0.6785726457856456,-2.1548559557518563,-0.15068444327589095,-2.1822783201663314,-0.6475655778777627,-1.3503382214327395,0.7156634204512895,-1.8866431103363255,1.9227777715928762,-0.6818101540565147,-0.3678129254234884,0.07347076473933614,-0.6005011989805984,-0.9289460136797214,0.7594341008211788,-0.6503428795931556,0.9114531994212873,-1.5426931257412115,-3.180938410128567,0.733183779284112,-0.10730421136591764,0.8656019992854025,-1.0075951331661468,-0.9329510946971415,1.3176608256763964,0.721614132390701;-0.4105719434211894,2.687897615263565,0.44732854085550144,-0.10917652998306634,0.6355637402647545,-1.5455034818182753,-0.7942313850215448,-0.15593428645158924,-3.8155751175787,-1.723868345636235,2.1078662409036566,-0.4566910942067454,1.724202275672757,1.9226748381316365,-1.318814534665492,0.2962863875677881;0.7197419899713979,1.892116747104859,0.19005282589018685,-0.40807307747700466,-1.526808129422313,0.44215708476395793,0.16248442116185502,1.2327232422694039,-1.3746992863657144,0.4816719295421324,-0.760478794325207,-2.653436249392885,-0.22410593687054198,0.770689006407421,-0.18098836714611533,0.8895689574878936,-0.5773328047131983,0.8534346270741722,-1.213223554410425,0.7085179968741507,-0.3615995807262382,0.7774421614387321,-1.5661048281897811,-0.25142278763918924,2.4848065693398698,-0.5349365522108082,1.5687095629852408,-0.5474901257233761,-1.6160031869662304,1.7302146202821518,-0.7236648671975566,-1.5962498545970472,0.04594611762040345,0.7049358319351418,1.767002534972524,1.1127109137833244,0.9729225742039179,1.7370532817343554,-1.6728476415839448,0.09357426664359987,1.2677912723514817,0.1152193523890891,-0.34101378904939167,1.0933065062072833,-0.31808761494341403,2.005642910958547,1.1549252502278056,0.6755927642093484,-0.2666203089251462,-0.5896007119184603,-1.0726619931982886,-0.027261090899406204,0.3887766374955367,-1.1468458285465113,-0.27958874142255036,1.4229883189612342,-0.6735674738617219,0.1763792903684329,1.4537126425065312,-1.3031058512834854,0.11359449649715257,1.701487915096267,0.4459105861413013,-1.032048252444679,1.7474232213656287,1.159029619880619,0.7573975037631151,-1.863766290083821,0.43124925792399155,-0.512343343585193,0.36483021313778136,2.1939165646744785,-0.5247206495598074,0.6376397952618629,-1.6659252402745728,-0.20129777629931445,0.13545226652841877,0.42072925830373786,-0.10042194307631305,0.36326951300817373,2.2500691133879718,-0.973709803734983,-1.381691637643205,-1.3426776844758104,-1.1167347754869588,0.5444632268512902,-0.22988835967284516,-0.5822100227219916,0.02631610381343556,0.8800620333209401,-0.749272745875183,1.6039838850086963,-0.29761472127030225,-0.5433033494267461,-0.15842341094678236,-0.13106754831348505,-0.7088691588301353,1.3907918418972276,-0.2780936308076008,-1.1291553521769733,0.6114690049336522,0.026116788829550097,-0.8239552869910773,-2.530750799839787,0.5475476204058491,-0.2350273776619794,-2.31478165166294,0.24096949461877773,0.48565168788344215,0.9473835836384054,2.192569714747194,-1.3213630056256718,-0.6341588156336423,-0.1516589742279922,-1.747671789397443,0.2635588381813696,-1.6601559761763724,2.149970135013356,0.04258559684486497,-1.102320124525217,-0.2209123074596935,-0.8822023053675154,2.0475602914794515,-1.2429296119692186,-1.646786478326258,-1.174429314468886,0.2597460535734434,-0.2035496785630672,-0.4437500600260307,-1.5781486852407491,0.5363938527331987,-0.9166862591419485,-0.975201569922307,-0.47503442297484777,-0.9587266302980828,-0.6480318134681048,0.4545681132620885,1.6004593485576155,0.9429415085852979,0.2593330014498312,-0.06277602672429007,1.1922478803825993,2.82834923934689,1.4893632846280829,0.9428620556125891,-0.6103414577184536,0.2571639130129824,0.47822076257897933,-0.2599598480688371,-0.26839597644383206,0.9304742087528132,0.011204660883053247,-0.4259586381302911,-0.5846970070274221,-0.284054078031182,0.8406701609232343,0.44525642378123315,-0.8456534264859474,-1.3717060603814144,-0.7419827741448355;0.4203948312245088,1.0633008738599712,0.06702472331500875,0.3283191543606892,-0.0638360262784792,1.0459799346136898,-1.8002639958145403,1.470242457267761,0.7958218329788869,1.9219808254780693"
5,1.5749428503358185,"-1.7689869360274966,0.6411658173171332,-0.6512120179975259,0.7709080732459636,1.1605266850533533,-0.1396435643245493,-0.3805895945011106,3.2675475078460097,0.17940217308550868,-0.1539261054550859,-1.0606598113326209,1.0094807874213887,-1.3662509636289966,-0.5945114296620749,-0.36772016842591215,-0.9281773625953393,-1.57205609646926,1.0885997155715468,-1.762284645493416,-1.4126452014439643,-0.11680194778334486,0.09614720763356804,-0.6909679923443967,-1.145509182171459,-2.365447596918481,-0.4271373165855792,-0.10837694202022259,0.9339923302905088,-1.3250119291392843,1.4964458396368265,-1.463525286643165,-0.6886340397461594,-2.536617239856796,-0.37284464689604746,1.225425673263958,-0.313943447170389,-0.658841770150266,-0.058189766166396144,1.5391950725836345,0.3085250419532049,-0.15517193936992627,0.755867274138439,-0.804100453251605,1.6474220803635486,1.6580046517572649,-0.5517976164658523,0.03784631731364037,-0.44377219302668025,0.40414706290958435,-0.04616383780044425,-1.2954088029842585,1.1785481387189787,-0.2127895284439972,-0.4154245787526995,1.2071469045000778,-1.0893250825190084,0.6192002357444957,1.8599315753698114,-1.0070288163393533,0.34138510271823574,-0.20075243475867088,-0.2669586755169272,0.30994524423805214,1.5041577571315874,0.4132628010156666,-1.2523833150322572,-0.20497931922598245,-0.5303448026785856,1.109835861677373,-0.7399989571684157,0.8957029720511593,1.010873151089021,1.858671610326628,-0.22617429942835854,0.18771330293980668,-1.0458663722496973,0.15160272123381402,1.049389593955539,0.2535637259442814,-0.5291494341355647,-0.24351186438096656,-1.085385768804593,-0.05838037919665828,-0.7939509915111878,-0.6631264582861611,0.29832799879675687,0.4862071466293503,-1.0126976422125182,1.1253270170945806,0.4124204418295268,1.7409518161291233,0.5272430541105719,0.6717482168933464,-0.15699090816718264,-0.3693647144232195,-0.5194086620831826,-0.08311640633440631,0.7010359653500375,-0.7482272372894081,1.4058712771920052,1.183633772557953,-0.6562011134594039,0.9703092061515639,-0.5720724797822906,-0.01194125719402311,-0.14316291647495832,0.5262395201194741,-0.9167382371449548,1.7236368600338006,0.7926035781077363,1.3085841918896355,1.2729137574381284,-0.7092702160895084,-1.6626835147205432,-0.30023371552668254,0.7341607472631044,-0.3573227406144644,-0.4505721448450977,0.4137829243292035,-0.2984335732510756,-0.5670386908692173,0.038360887407382444,0.29101204770651934,1.7208456946630568,1.0698661123008695,1.3054451830924574,-0.17775852811249135,-1.2780365944534922,1.8368816210382268,0.28111459101894654,-1.7627816619300865,-0.5621320449614139,1.4563043326570975,-0.6388953970814982,0.2229007577141537,0.19512920072659637,1.2074481545614824,-0.3185736692903982,1.712625256941646,0.5360414388824262,-1.4308515213052853,0.46493102476420056,-0.23019654188659044,0.14430439446029547,-0.37054680081091096,2.0800555367163023,-1.552604004470713,-1.4344033200297157,-0.7446301456498713,1.6866091571582387,-1.0541437428412377,-0.06964926719839912,0.267895897756832,-0.12455889986131138,-0.18214508203413865,-0.8656098138121588,0.8138199196481795,-0.5854729000320834,0.523507827708785,0.08285714818320365,-0.6728306184764143,-0.49782254114647045,-1.1396689623198117,1.4751305994803279,0.603549359125396,-1.0950175823123889,-0.5922528414038328,2.0425592601389946,2.5050119293232447,-0.20260646673132895,2.4258998645884247,1.669172202511742,-1.4801821825014074,0.5984176055574866,0.907311089020101,1.2945292419935706,-0.15216098430702996,0.007438894398426514,1.308518757973469,0.9066688658167832,-2.7505401665103237,-0.1860792205718799,0.3351689858907726,-0.4816477211936469,0.6161946029662557,1.0174278062548276,0.18723150238162747,0.6596413203099218,0.15548402751992893,-0.1952736067749085,1.1133304323271302,1.0321369526737534,0.38358602034894645,0.08787472461351287,-0.016833058319868935,0.3132250091698767,1.7448754083886584,0.38152333649389963,-0.3182017245972209,1.554902913226282,-0.9723431329151913,-0.011982279243688294,0.26497232069655957,-0.3892762115981537,0.3833764049894206,-1.6057764784093627,-0.7932701135839657,-0.9178804460328517,0.9546300829192356,1.5160491146760584,0.38526055298201467,0.15792036497832657,-0.6541048072685266,-1.3823406948973318,-0.9957284208664058,0.4523989983896034,-1.4237071711772677,-0.07707822222029105,-0.24421119798727656,0.4997940273610697,-1.4109206517107766,1.995443571626446,-0.2553249050751929,0.27289995627936814,-0.14271367751149117,0.2859248441524625,-1.8800869054601888,1.1512709842869486,1.0184773811151073,-1.1879088040939745,-0.6328042478262647,0.07836602432520356,-1.0646387416773355,-0.973824653314421,0.10930714404994304,1.0279646433380867,-0.10405051776006274,1.1336946752011694,-0.3918846894957752,0.32280959933145026,-1.3188346658594379,-1.1129756215945488,1.3718372940908445,-1.3369588489511868,-0.6026738465034346,0.7279343391583808,0.4400266554929263,0.49713893197912146,-0.4973408965249145,0.08780994812400682,1.1647898393928218,0.17627663685256606,2.4566891534315154,-0.2524062229931148,0.3775127663206851,-1.258676989547572,1.1542578199650577,-0.01512813940368489,-1.0231342942981811,1.1084743245439375,-0.5131160124628136,2.1455790709807534,0.0534273754292789,-0.6982576469254681,0.1422764806508934,0.46503854316069637,0.21451864469360882,-0.5232857582067926,-1.8903605717694463,-0.30901604480095757,0.3223347410568027,0.44760642426597586,-1.0084639690953638,1.7361744356659983,-0.55332422016725,-0.13275067877832789,-1.2160608997717584,0.6969227970201195,-0.1378856011561151,-1.3529748998523017,1.0122924556014101,0.033304930377687114,1.7405238572178559,-0.4117109976307098,0.8423388641606909,1.2746571006471878,0.09172779096606595,-0.4820903674732794,1.7255032380097557,3.0866748111237485,0.020548205330610567,-0.22267584170413665,0.7380884661311127,-0.5565748145863378,-0.18744951775818441,2.179428054919575,0.714011099359114,-0.42402368560047743,-2.0001210121274124,-0.18398717207624907,0.6316331397549412,-0.4759500793096551,-1.7613204809130787,0.7493437599847725,0.3242355071977504,1.0856995872873096,0.3191623966616421,-1.109337580235136,-1.4278157933241955,0.6305136496935245,0.648340266391811,-0.565580723209905,0.7043135446123578,-0.1414099045109442,-1.4277019438893885,0.22578659051454958,-0.4920823505679751,-0.45333935126413605,0.3649593863004017,1.432325172967324,-0.7064646771595109,1.375108412626051,1.0007460638478913,0.03474615524271032,0.5215092409103506,1.1811042643473588,0.2866565094888025,-1.9920522430312628,0.36630581410077384,-1.521503535951493,0.47907610466366335,0.14925370148631015,1.2479040588450416,0.005866935895202523,-0.7650655533556366,-0.1855644988372699,2.147706846488894,0.18890422163329912,0.2654725746193128,1.5486818623636234,-0.38926878165911566,-0.46466716524621265,-0.4575313648417526,2.30238410647397,-2.4606521903995313,0.44376852427121893,-0.2197031886876081,0.46134268431932673,-0.07431208192288997,0.17012401810410815,1.3930743973187762,-1.4260176669469506,-0.18266373228697122,0.7758708619710606,-0.6245110056467437,0.10737789929735704,-0.7306131961495389,0.5032518206676451,1.1347353736754242,2.2006663957519437,-1.8383470277912104,0.4735956644132934,1.129890664684032,-0.07020308046627438,-2.234946642311177,0.631346930748388,1.1192251023579094,0.3655648286681876,-0.6421332027997917,0.04940913955978243,0.10368460280170438,0.002726216705019352,1.1532726160917708,-0.20330075874487422,-0.9427532361469368,-1.0588117264154235,-0.5438049697979459,-1.5885270472301916,1.0751840015694298,-1.064972473434829,0.5097553767349884,1.3343755929354808,0.04239461537554606,-1.8976838964799012,-0.6255041382000152,0.8457960366309096,0.05465500890758586,1.525691785241197,0.08784954578403067,0.7657654005198296,1.0353226672665856,-0.2317236253226485,0.11020083869852994,-1.0093599195653278,-1.1886662526935778,-0.6948024497920987,-0.4653392066638119,0.24947186137533434,0.6052451127816499,-1.1289175591051348,0.5187050461947776,2.1857886703212346,-1.6894536661101227,0.6191702161435542,0.20445563289149946,0.22282866811692636,0.30675245589578953,-0.06373300709468745,0.006353907319995855,-1.9961060698689725,1.6217931776804853,-1.843900669935311,3.6958669165973803,0.4111974993297736,1.4329103117164788,0.07760865256612426,-1.5577783976086366,-0.7610214488660038,-0.5198361920660315,-0.6804023634225993,2.187787087274899,-1.1948512897563128,0.46206737107975826,-1.6994002192812485,-0.9559441130824923,0.43793320116824863,-2.8649800828676355,-0.2840470427737035,-0.6777072616133413,-0.9323136428668349,0.6387587734347434,-0.516083456506996,2.0043173406664994,0.66074306615549,-0.19079799589330873,-3.0164147843796476,1.6844377990076258,0.6029310710030318,1.9830633998626144,-0.5005006491426189,-0.4217527790403598,-2.3856943578976337,-1.0757633258502848,-0.43401805198019755,0.07244907603773723,0.45308418547236684,-0.5105014640279879,0.5859780351144088,-1.2902937736427498,1.372780120816382,1.056788193835727,-1.187804027388361,-0.11106271118782862,-1.9130337073466352,1.2745316377484215,-0.36280808709785406,-1.027078117055717,-0.3017583670619579,-0.26184999259871466,0.24665927559509318,1.1076972454946268,-1.7390492678163392,0.4094173380039044,0.0965032354532169,-0.9186856625892752,1.1284818718121157,-0.5910524100890733,0.22256579339819815,-0.7318569992119773,2.33372413328723,-0.2388488438010886,-0.3636514285349121,-1.4283232248093292,-0.08915170954978116,-0.062391723899304675,1.37578356953844,0.898096350612672,0.09149976505729539,-0.49436378085062954,-1.5377289783313302,-2.083560333969732,-0.0027312097638575797,1.2466652680878103,-0.8520286480182541,-0.049848072421932496,-1.9753974107495247,-0.936067466290206,0.13863301326985866,-2.3058417873585366,0.6946550220216838,0.11985099384004003,0.5210254510509615,0.9274587076524706,-0.66367215616716,-1.664256011352945,0.5572319634730846,0.8953509925124064,-1.4569437929717397,1.3564799781489438,-2.2184647401264215,-0.2885317980768408,1.1212364188754655,-1.1822476959933197,0.2356714199109445,-2.081682635878994,1.4572006531753936,-1.3524730926318635,0.22998233763084658,0.8784930870711092,1.2997438751330632,0.10679078007869805,0.3470144759285916,-0.31129022072475515,-0.31277520206396714,-0.7483214769275383,-0.043920724678984495,-2.034629774142514,-1.2244573318001153,0.31093230258324883,0.9373595495870712,0.8269791965152463,-0.16650783603803423,0.952838177659,-0.8785408660357172,0.40234948911106483,-0.788354292313113,0.027125988394028612,-1.1753360284374545,-0.10617872785475352,-0.6191986199160329,-1.049149875648641,-0.6470798221545031,-0.19587972774755266,0.5894906381465734,0.6057657811820213,0.3961053146555558,0.5092255629744004,-1.0539061216897097,-1.9920647362660815,0.3423562234472707,0.2619820814626449,-2.4467809621077534,1.7463750341161677,-0.9439630503836625,1.9251927880010231,-0.45737288489512895,0.9226817649019042,0.6705947939163177,-1.6839183827266466,-2.6833948391705116,0.3029151542689216,-0.894001635398905,0.29599884567291207,0.9069847775830098,0.7085799566223264,-0.13901229717270713,-1.2052097115370333,1.3447513516478986,-0.08789170142140423,-1.467356280425792,-1.3833424312071863,-0.19158145617817302,2.0067714049196184,-0.7945813759612985,0.2823137660006003,-0.17720810321232722,-0.8891179798891646,1.6275020705726884,-2.1510625576725184,2.3078115340531227,0.24403025369435843,1.4300904480372165,-1.6190195035934658,0.19961094204651625,0.20530460828631714,1.6773489679414169,-0.10912375618253327,0.08106263103383841,-0.8040913558257701,-0.47096766472477547,-0.12886854781725718,-0.3024521389280149,-0.039152202768615293,0.10556620545988343,0.22310253169279184,0.839345914745119,-0.9275960657842527,-0.23530745448809115,-0.235232752991137,-2.281354855944545,-1.5361961992072573,0.5726125212167927,-1.1820710048323737,2.611283675427974,-0.9288499151823865,0.9508628669197001,0.6004598716200833,1.545804998892033,-0.5769697330839316,1.251121650984588,-0.1334757865814873,0.6337968558535114,-0.5130051102095066,1.0548756278680411,1.2633420285602368,-1.082878086598999,0.17666883466570613,0.9571455496681981,-0.3602870890187916,-0.08682642848777906,0.9014168052089497,0.3983372456098964,-0.8941006455858691,1.3425233275945991,2.0361887320286014,-1.9342116683194144,-0.6926689576341176,2.9124756355137054,0.46244272928722924,-0.4572442944141203,-0.25421888385621827,1.0263098702722242,0.0034954381581160515,1.3327617961506215,-0.7697456556426504,0.2006960095039908,0.2001472390140313,0.40454215185317743,-0.07865944590635543,-0.6335150766786449,-1.8408438398834799,1.4659657995919055,0.5020319006838883,0.2970675071925912,-1.3285745239494664,-0.3079076035411401,0.14591751589886698,-2.0137016124347604,1.1961090733807098,-0.21618298610659625,0.28188420391452546,-0.20674738248554286,0.7553946111349807,1.0145505594089588,-0.018494820109056155,1.1299938551285582,-1.1053713389900657,-0.47406251784436915,1.70621026819649,0.6563717382904154,-0.6956281049218812,0.6892279631948309,0.2723953320283668,-2.722997912302229,0.4345219480700367,0.9949426900339877,-1.8375935269829398,0.4432689912387049,-0.8699189201760772,0.6833043339994873,-0.5988942715456725,0.9378075824188653,0.7118395859105412,-0.2652004217875799,-1.6093428084520658,0.018511428529543877,0.23487400523023294,-0.2493502057620237,-1.3116218670973865,-1.7462455696490324,1.1811164222226274,0.6455922625456714,0.7556497429796107,-0.46493980176512045,0.007121816838640119,-0.06135555820534916,-1.257499872644203,0.9635368513185463,0.14964674194585106,1.080272147553906,1.3059967357029743,0.03211984406018231,1.5159227638794355,0.3450751696402279,-1.5921348454507247,0.8357901020626257,2.6111345191205433,0.004436422443376942,-0.012414812152706442,0.8952414826503615,-1.1718137796006218,-0.32730303169205754,-0.7401591367691629,-1.5821664605097672,0.16409453452904194,-0.5282601371439132,2.737667839955036,1.2128415156133334,-2.4885844670156083,2.144470396163043,-0.3150061992476019,2.284099447724141,-2.5421397849216896,0.6378736768687753,0.34756542951538694,-2.605689203185676,1.363456448738266,-1.2865661005496483,0.14493226528408207,1.3419546098444237,-0.6723512670524722,1.6861368298289106,-0.5591000189817975,0.730231501584003,1.1069837782984289,-0.49923116561269765,0.21486998840185764,-0.5933868115338721,-2.2089285368365776,0.23038278565163978,2.2275373505190346,-0.03705708925279339,1.4732390998077747,1.5481971011294293,-1.1152285609989843,-0.2445781695651298,-0.6272488405039611,-1.429714583057605,2.217622565784494,2.7004543404861865,-0.3038745707806876,-0.47765294501424527,1.9821525985837811,-0.012832235876553647,2.1782146174326513,0.7713720189123995,2.4212421853564825,0.41573370742600974,0.867251273379749,0.9301675053701008,-1.077480229510702,0.850106392486568,1.1176044394771956,-1.9389003706523975,-0.0037127265880669506,0.3543098927917557,-1.202945829979709,-2.424326490852669,1.5388453404139786,1.4771698948318084,-1.1244555807997716,1.5233274646626707,-1.3144304606240382,-1.6838028597092491,-0.5929143580409101,1.027067271963194,0.42371900183292943,1.3594713420906113,1.2838437334961745,-0.01802434624544734,0.1224258438629504,0.08858329535011948,0.0534398988229734,0.8961607934087126,1.1947108404397924,-0.04995573847903059,-1.9567320755343363,-1.6251087556288717,2.473268783790522,-1.424740411900099,-0.7295631754846745,-2.69521783082475,0.934013338386414,-0.6542421840985249,-0.6244210549405571,-0.3513584178700105,0.2892286170407917,2.1439741367494314,-1.0043017697203156,-0.07944073496046589,-0.5431418771772194,-1.5164519256264837,-0.5866171446898051,-0.4079340970173563,0.11315156245934022,1.2558030435187006,3.751279146507238,1.3067072997012592,-1.5997938769984448,1.4785485273181507,-0.6363637793029162,0.35201691161254145,-1.8155702375321836,0.8062001088707474,-0.11069181323355538,1.5857157581448444,-0.20917566301689952,0.3267906124274184,-0.8023454693676979,-0.4613446551889557,0.013627893559395296,1.6857166254261051,-0.6986298239641278,0.8315526721313561,-0.483846335766818,-1.7726681502914765,-1.0099449246494296,-0.40710519515433513,-1.0257355369725112,0.0384147858881136,1.4761713931479796,0.7974627296599566,0.5682357642520601,1.1729367997411542,1.84818490569518,-1.5045245690569842,0.6790651367205109,-0.09570111288734279,-0.44189245477285954,-0.6933820221174187,-0.1380809784674889,-0.5598168668891675,-0.26180384049656275,0.9611229181034723,-0.8741015804315198,0.7483276355792162,1.5624083865320668,-1.2324702845712436,0.09420965973019096,-1.6443884114243952,0.40684758369332635,-1.3525817894401109,-1.0168154533143392,0.4609293609966066,0.7003300258144317,0.28162421918036873,-1.050665176360912,0.3800364327972249,-0.6110107054893569,-0.8301886910460854,0.13972233107764326,-0.0023784232734905646,-1.079674920593742,-3.0924485287137915,0.644139580683127,-1.253609350643276,-0.7602294685443679,-1.7084977965313126,-0.08238361654831128,-0.8920811760370447,-0.1302222652343238,-1.9986807630077632,1.559312504121507,0.7796036027938802,-2.2723797008115874,1.0302298069182438,-0.014197236973901274,0.6785041625502696,0.6187980798045243,-2.2144327589290214,0.2514084171039632,2.0435110060306396,-0.18150250652037958,0.57646369931325,-2.8375231690999425,1.5956470202331148,1.9276786749166421,0.04048624090013168,-0.6082459513471439,0.7873202163468279,0.5900322230878008,-0.9797803594112724,-0.7747128835381987,-0.31638001001191346,-1.181974960561746,-2.1405070618744526,-1.0568207002388488,0.399286458961984,-1.0995406989944483,0.9476252565712291,0.4528182130973012,0.0971567078238047,-1.8945615480311013,0.8016094312282237,-0.7600494748185797,-0.5883230234097167,-0.664747737094505,-0.654055488305116,0.6797093313140191,0.7777968972274177,0.3736566871189605,0.10449585219654238,0.7561400612105135,-1.3347140720458186,0.28168725224342217,1.3750367400813368,0.9449592560092577,-1.8627484195294661,-0.6494750798431621,0.4960356584313703,0.835622795365983,2.8039392821756564,-0.33057458497683945,1.2794016563195576,1.9769011322680812,-0.25667421042692024,-0.23782360498484367,0.4048304466551878,1.8660328769751595,-1.4368422867984798,2.2005056773270835,-0.15351017910848716,-0.9515517923268582,-1.1203936339095946,-2.14089841180998,1.537751015520726,1.0167729244070947,-1.0169736851466378,0.5729495298695791,0.7532365040931539,-1.0572193106804202,-1.6819888367238338,-1.2163472575108474,0.28582469426327184,1.0821632979745988,1.3748234357666158,0.6686679869331175,-1.3670596046280235,0.7323326210654283,0.6533281175337522,1.5770144229065306,0.1731188849222403,0.4027227863581861,-0.4753547361843934,0.03948965106332185,-0.2482612077272646,-0.5984424787463675,1.4380305760324699,-0.5736939580621964,0.44940860794282905,0.2832577083524436,0.24255656941185802,1.6421620750289432,-1.7607347797206172,1.5642783156694953,1.2191625280757397,-1.4220207318765832,-0.16799038312842224,0.12557319210279183,1.0092084952488884,1.664066353026865,-0.20885084502623208,0.7031601499812765,-0.6560092093413789,-1.2377414384813383,-0.4821639102522227,-0.7582659352604193,0.7426621771038961,0.5465653765968257,0.49471133699997927,0.501401030363493,-1.5182480410797619,-0.8784309927654896,-0.9235266640190476,0.0355453163977913,0.32163652710092067,-0.1956930260828134,0.028266389228676858,-1.7262989406176943,0.7788757242514255,0.33597274763376506,0.042982310638506535,-0.3155519849691092,0.03551251797959184,2.863252551227628,0.6215310840521122,0.753681729936494,-0.15123699120949788,-0.009076010343576829,-0.8509109607757244,0.21412259075389148,0.3651679790380805,-0.9950755412187646,-2.577130262812999,-0.5538504701568845,0.440926055401673,0.08917586717803647,-0.6896908786335268,1.4130162079482866,-0.030390431314049927,-0.9134543447107245,-0.04752045639362782,-0.8771406134862051,0.2807278406519609,-1.3142082120149619,-0.11059876813014013,1.1893838100524545,-0.41942659218619993,1.9615837928512172,1.1771241449075471,0.05565670597880147,0.5194650819948089,0.9387546353975654,-1.9732438991278598,1.020354660702214,-1.7669933754220564,-1.9554836048453876,-0.8034631144558009,-1.9112816889893174,0.30107158006657375,0.6637504072525175,1.6316661754781323,-0.9674549684729665,0.9717428457082369,0.7183773647170368,-1.6535801886112524,-3.380317813444424,-0.17265638789258503,-0.419223374508412,-0.10171821456363851,-0.5482306971430662,1.0713714404505397,0.027392386780157665,2.3583213110863883,-1.2550515032133394,-3.252034342400263,0.5778341105363112,1.122659628600597,0.12291318440100697,-0.38110248112113865,0.7817917012314676,-0.5776134568265581,0.06148951197073835,0.3719815618749014,-0.2622896529047489,-1.263519054741464,-0.7593694973334172,-0.17373326023948882,-0.917336957777668,0.08497634997590302,-0.09953133054761477,-1.1849898888166988,1.172530095704179,0.6136074059895649,0.20628625956401858,1.298063380816637,0.01375774559823656,0.6554632953458099,0.10104459553313208,0.769206116331884,0.3596842811889697,0.5412670557505176,-0.4783305332042894,-0.7454966926739721,0.543107164075008,0.11527018079427849,-0.7561240635060641,2.785809290576946,0.16842313896222674,-0.11059380017362835,-0.778006442094983,-0.18301879855142775,-0.2058954978146238,1.026917944977783,-0.7365271013682594,-1.1971364086225529,-2.7486948199190735,0.18842714796637594,0.9245046017590286,0.34793958034954486,-0.8975280244834068,-0.9383838991754971,0.6791891767595266,2.659504041691996,0.02070270713290595,-0.11908962955400568,2.1250914595813817,0.8886449193463295,0.4823080625917617,0.01650145033416245,0.16354016854270792,1.0809742945001553,-1.8148325686955211,-0.6179209848492897,-0.33297077610116843,-0.9612805493929332,-1.8936035251050756,-2.8465933705622417,0.01629785496388239,0.4937975807937698,1.087990656353663,-0.4073297106671735,-0.3433584349642332,1.3407955246663834,0.3420876275315899,-1.177809222518117,-1.2826548257750632,1.1237560700807172,1.6487850377920839,-0.7591171217161311,1.4655946056589162,-0.42420119729094874,0.10780625444948638,-1.2219222004634176,-0.32911903355205896,0.47082281484265415,-3.196989122808626,0.3592592477593915,-0.3336913221197895,-0.053909782161072894,1.6080597562161107,-1.4559185788348146,-0.8170552389291962,-1.0404391747706239,0.4622927604776591,0.07972054568461205,-0.9846772756792191,0.8763031864301608,-0.9780644885564694,-0.2784631523577705,1.060602084912807,0.7744045410906845,1.3000829647369756,0.8238307509972631,-1.1578771740071048,0.23804414564029952,-0.4086976535268505,-2.0957728293151585,-0.08526829723032835,-2.303680359401575,-0.5691802092839988,-1.6282012748655958,0.8625421322834077,-1.8707662772727611,1.793962445988103,-0.7048065956355204,-0.3722650147026172,-0.007756972624380659,-0.5899592287624897,-0.7300992974685985,0.9428039115600307,-0.866706060230663,1.0157850259415133,-1.5395629519273202,-3.1588853143882085,0.8974794431875636,0.2008859332812786,1.2263183775133595,-0.8209607536909085,-0.6574149705754134,1.2551442152272851,0.7482044368575509;-0.41223831914152453,2.580638391242472,0.7563189385058998,-0.29749544565743824,0.41071451384099106,-1.6608923828592115,-1.0161273586957948,-0.30408289469683225,-3.876918650743719,-1.5957392267073167,2.135436163620398,-0.4265450274778588,1.555786537107315,1.8576703780805586,-1.3107270704062512,0.28568764824605025;0.5826353777905512,1.7661172379343322,0.32484215691672014,-0.40852427522081136,-1.6250937512824117,0.3804393368883708,0.013930490242114749,1.3990461397308716,-1.2554193856638447,0.679843551842419,-0.6714555543908074,-2.359501882374487,-0.5896998587228682,0.9522944005618221,-0.12272982102030389,0.7239237914801474,-0.43072913781271316,0.8596029573216434,-1.116413222135242,0.5173673314265087,-0.675973608662511,0.9201669553918634,-1.4495090962143637,0.02631893741334093,2.3774477877100098,-0.4675311078519713,1.6846037970148096,-0.5957447636426577,-1.5522133541551661,1.7568618378920071,-0.6879467398339242,-1.2877537243698485,0.3823547531223689,0.7392342888760952,1.8134824308454898,1.1592192395238554,0.7528202313643312,1.8043149380707233,-1.9352884738406588,0.276196628253719,0.8851682023218835,0.20652025406775965,-0.42707433681270546,1.1977087839262421,-0.5047487301338706,2.0772203283750357,1.0965522012141764,0.5696667825587655,-0.5095936415134807,-0.7764332422620269,-1.0694397769179282,0.10483244451866319,0.5003247187690884,-0.659858024603305,0.00966882277704749,1.5401621081205932,-0.881657202804414,0.20312029666703746,1.566999697424565,-1.2093097581984456,0.04565015816086839,1.4523922174205488,0.595298115413978,-1.1757818996407192,1.7354227729733074,1.0131071026767555,0.5771022274838153,-1.9363172952236303,0.3191581774468938,-0.3478330149368709,0.09695803623274757,2.0048592579816704,-0.46054653857648653,0.5478934674723217,-1.6692295151271155,-0.2673869474241599,0.42258698829347896,0.2355058616945817,-0.16412378585685972,0.3151591016473372,2.2591730506680543,-0.9810835976088248,-1.1232187668497202,-1.1169616344433697,-0.7047009531853758,0.5307161401593935,-0.254187929354467,-0.10935130699216677,-0.03763100185208105,1.0300864103571061,-0.5375665184744877,1.7073446912714296,-0.1878337500361241,-0.46264607624687193,-0.16982814748068412,-0.16664861288131458,-0.4512518153585294,1.5423308979254706,-0.5200638807828081,-1.0104298834302632,0.5525613620818516,0.018207937600181162,-0.8561575588068261,-2.847865130029253,0.9124244572788811,-0.01313602828727839,-2.2575241485986832,0.14790823323488045,0.37190484839981075,1.073782465341874,2.2948572972469004,-1.5757940427072,-0.40943805757751806,-0.07306896697634499,-1.4869501113735029,-0.0664776565320516,-1.8327973178969637,1.8680090893119703,0.2337381350339292,-1.0244391255919647,-0.034608716688928454,-1.1152942036500353,2.0898748972842904,-0.925254703603799,-1.3271899804344396,-0.9568564124172458,-0.029094746759344446,-0.11407396137800906,-0.12304561105019399,-1.749006011579362,0.8069019536970343,-1.1564269657335584,-0.7668883363176671,-0.5565790983060016,-0.7085022304722908,-0.7271507381046529,0.557218305399298,1.8389789913196488,0.6895513797031043,0.13809610857988422,-0.2095232645984955,1.09847543604001,2.858817287729673,1.4543921718090125,0.6742962250210262,-0.5491777818135974,0.30954490344561003,0.3065410807360707,-0.20853031043695103,-0.10644980094379815,1.1247978930041753,0.14130771061983766,-0.4375918357550651,-0.5524572909530565,-0.1983839085227698,1.054665137571506,0.2861498387600675,-0.7811135689194085,-1.446220212634663,-0.9129049274691624;0.265720826107258,0.9894352945318026,-0.23452797768880207,0.2222389161122629,-0.3001952483423775,0.8478426837690287,-1.4446719980420484,1.6458134434940492,0.7007785685954203,1.7987337780850936"
6,1.5649319547218576,"-1.7541845031199972,0.8667660591564978,-0.5836015955281442,0.836182296183983,1.3045937011718385,-0.08406343101634395,-0.43916602569601565,3.317244110892314,0.13138630514756272,-0.21549676217506075,-1.1245398906736648,1.0002819708768576,-1.282876274114438,-0.473161327287183,-0.26098710514876167,-0.700105100230166,-1.6970390137860807,1.0578554224616563,-1.7268111062822722,-1.512195286760119,-0.23926411683711812,-0.013688828362129118,-0.6997598307368982,-1.2686259953702335,-2.2145309940589786,-0.5205470886303802,0.07806128832000132,0.8027287213216805,-1.336704616904569,1.6326554351275593,-1.615566034710402,-0.8127863046542866,-2.3888226821705754,-0.37498873491605733,1.1657087735035476,-0.3331901120045383,-0.6477339339028136,-0.05950374440309334,1.379549781483895,0.17878043682671008,-0.15423840396935498,0.7520658623994257,-0.8960194808853301,1.4931156134876857,1.5252556971251074,-0.6732785523275663,-0.013694467969701016,-0.42549864278321087,0.4831603960761885,0.050020016389269145,-1.2389802486187491,1.2762198454269993,-0.27431500779914314,-0.28602590050106114,1.1051683744999925,-0.9644259554755955,0.796214223680665,1.8886508887542728,-0.8309741383602091,0.30877888924146435,-0.37323033016438756,-0.2037065477735246,0.41265942351531615,1.2700326373044104,0.4031145588258718,-1.2305779176467981,-0.2985252800588176,-0.5350569425199405,1.1184732416749492,-0.8160061342549925,1.027816110730091,1.1673742487587584,1.8772606803682996,-0.2821400963923133,0.2101870418533788,-0.9984293388653075,0.2991027697934183,0.9707038716872649,0.04465825463654283,-0.5454677620540331,-0.29945456901061657,-1.1139524667844614,-0.0058798751114863615,-0.7703084839670928,-0.5857440663278698,0.2221703370167873,0.4641372341988887,-1.0939808344718969,1.100944777530186,0.41368711022582466,1.9482614687021,0.5796093351171921,0.7606381120954123,-0.017298926938903364,-0.38617216972716956,-0.22120903139672826,0.009416410543100773,0.8152789971383461,-0.8632530427135305,1.2896819807846942,1.0322611756259295,-0.5429942681860536,1.0157962611201607,-0.5671871926210563,-0.1829204302211249,-0.10091226935622855,0.5933239640142143,-0.9731031348110789,1.792465490847046,0.7488177977086475,1.396404894831028,1.3355492402280358,-0.6206703153698309,-1.5322069285492408,-0.23736831281530946,0.7781563787978731,-0.42378966766644655,-0.47535975763037397,0.5013126769707403,-0.38491384670291207,-0.48214772213051005,-0.040724473969952144,0.39110638468054093,1.7739599193431603,1.0413418702189772,1.3977516891751447,-0.36411075871094045,-1.2356415724121095,1.9282455843945547,0.43930853546138954,-1.910803567312903,-0.46599935427188055,1.5029804726877745,-0.7001949053448261,0.097187874234378,0.3467851849710014,1.225249762544105,-0.20964077447331117,1.8139899384479259,0.43651047300673995,-1.3158546804231355,0.41630597966944344,-0.26583362333230864,0.2950363163448863,-0.25677581684972245,2.037684921729448,-1.445475031408685,-1.5214627509085596,-0.7917083011114012,1.778527079323803,-0.9707328167128648,-0.0467834094899743,0.1617291597259949,-0.05435497298810729,-0.28385202516771213,-0.8942827701975091,0.8750015760697881,-0.6831980881255654,0.4947744519063537,0.17170425484058088,-0.8485019162453822,-0.5037185197638128,-1.2397693927348012,1.654382536067933,0.6408114768185428,-1.1324043227414884,-0.5229028357873949,1.9862695728493742,2.6016282258977177,-0.33381716477950973,2.4656753905983892,1.5649424134576113,-1.4127866138566467,0.6459241561045791,0.919147949470833,1.457411827057542,-0.3340727285541969,-0.09229744743447768,1.2665897404298745,0.9768170643266358,-2.8183197572970324,-0.1278421489372665,0.471739472346564,-0.4238396873753821,0.5178755341387308,0.8613539466406532,0.15832802742237992,0.8300607815371296,0.0006193040710125997,-0.2906770105425057,1.168675989010215,1.0176980949576344,0.5096276092357397,0.2422893095371049,-0.22086853856613348,0.26384128306321347,1.561080532686837,0.1425686067294743,-0.06849762069841706,1.55378787637413,-1.11583880467404,-0.06609907955679604,0.26849596907989914,-0.3368820735663515,0.3852962459506743,-1.7028705779758877,-1.0329186788422524,-1.056555340167809,1.0359431769021874,1.4929437899000075,0.4269918237079988,0.06751033380735993,-0.7556523987150344,-1.4029872142252704,-1.0500445690337386,0.37533554798139396,-1.3604015766410846,-0.13627712386244029,-0.5056885690101832,0.4603392178831621,-1.291251265881383,2.0204770494835302,-0.32937782112352704,0.3838668617268608,0.02036221551917214,0.38942387532737055,-2.1406497637837836,1.1198647172076721,1.030502443053769,-1.130879147784859,-0.7668126420942507,0.06055653892180915,-1.0238107401406584,-0.8873645435485247,-0.028436731766510875,1.0523544370107447,-0.17989585690020654,1.1169061055703506,-0.6076901189825072,0.5328217608090738,-1.4448102554685123,-1.134793521394192,1.4833947420054199,-1.3185859582328496,-0.49484735706516936,0.9959549255527146,0.3375226182607119,0.4998139756739276,-0.33368912092438796,0.15626839525504432,1.1709412084682036,0.06571903836062476,2.549466492374101,-0.30182542850167193,0.42862187757727993,-1.0950468878683441,1.2920015503415785,0.04033538123363523,-1.0185338724022654,1.2013946538843023,-0.4789609564335871,2.197263713749137,0.05078921648752017,-0.7645033312224897,0.2286813692869606,0.3550784781880977,0.18743617201870072,-0.5008510474000034,-1.752910245723628,-0.2964140480879149,0.41503457985299297,0.5831815525085342,-1.0660988230073436,1.862696976168491,-0.49353633678062486,-0.14286004906300895,-1.1409233076566911,0.8046553424952378,-0.29644534885650936,-1.147163165097517,1.1157321757109244,0.02355432576444691,1.8360812541602085,-0.4682311274406453,0.8288971273524993,1.3474733269867178,-0.02278977530096861,-0.25075479724065664,1.860130390426481,3.323728462234747,0.16587744835626628,-0.19074528635717689,0.7848501113707606,-0.5377398510840239,-0.12327383543624947,2.2213755062771785,0.6268404593581091,-0.47059236763695955,-2.004503440368885,-0.04830859662880055,0.6907016788411802,-0.6511273443347515,-1.8331162738860822,0.7931352518190843,0.37631208188471243,1.0048831155880131,0.2523083261426091,-0.8697535497734709,-1.383865564522167,0.5838790921712717,0.7763994452007458,-0.6991130515556471,0.880740816803082,-0.025726678711638792,-1.4683643082126974,0.28166271961418565,-0.4841178870378742,-0.4686753480594056,0.3552842790477038,1.6050320728608374,-0.62966964348304,1.1493918449999403,0.9746976717880922,0.04266934995311158,0.5394405193855987,1.1619048276309083,0.2552284884454363,-2.0192554824669062,0.3282594642098402,-1.5593617179570962,0.5121092270004153,0.13297935168005834,1.3257591476853674,0.09152521622760439,-0.9237136398857537,-0.41446876215742623,2.245657042995824,0.2774249945550945,0.21827488241503262,1.6577490548932614,-0.19419892720951254,-0.4284330126193522,-0.4445682528310483,2.4026594830582093,-2.5272112311784345,0.5338994809643851,-0.20079741526303702,0.4058270871120204,-0.1314993989786758,0.09732960343280084,1.3434542374279352,-1.4225367391285322,-0.09978378951423017,0.8209974206764998,-0.6960258908588014,0.2548309217906379,-0.7402974709282145,0.48915900831649,1.000800348981979,2.1638987356579897,-1.841384941034778,0.6567155991928327,1.0998427360771357,-0.0731268986329783,-2.271362239442092,0.5160641091601978,1.2073157706421689,0.34549530129693173,-0.6341045872845128,0.16668179389523743,0.19854945790197906,-0.0339097051061239,1.1042356503906816,-0.09043144490947146,-1.0617200764265293,-1.0845342201499943,-0.523133476202248,-1.656078939245621,0.970326009171952,-1.0414788562710504,0.4693665543551937,1.3591247589627566,-0.028854287906764586,-1.9176232276022085,-0.7993674442447576,0.729057214072746,0.06683930236014371,1.4014758700128687,0.16211385882695467,0.539167865333142,1.029772913249759,-0.27247060010035423,0.03418363566796409,-1.0882649390938866,-1.0821691228149428,-0.6553631995281819,-0.387792103901669,0.27191094148773,0.5842084594095796,-1.2737212511647829,0.45235823950852444,2.110064191210009,-1.75660024060381,0.4926590783818583,0.09955875644542624,0.05356963373718582,0.422461185065405,-0.1895532454911903,0.018621370267233373,-2.164494797865686,1.671441974753668,-1.9057032343839495,3.8720040744246313,0.3254816147934717,1.425294675836718,0.10447361067002711,-1.4694282195663948,-0.8945800003383629,-0.4798565522819703,-0.6971651071436434,2.2796191661383114,-1.0540627166617342,0.4420316032851281,-1.667129730227557,-0.9633251542347891,0.6083847385902023,-2.9137307227471188,-0.3310758079315899,-0.5516120468453508,-0.9790704956559128,0.5191415477171752,-0.6656047674227925,2.0271747273221643,0.6223768898100912,-0.0956122274813554,-3.1330729708036356,1.5234600009126513,0.680240375663991,2.1051938219011608,-0.4486515075584349,-0.4385900170607693,-2.2991319891201103,-0.9413543386604336,-0.4668796165714804,0.1431088081856855,0.5535821932031028,-0.8493064584661669,0.5195925561592724,-1.291572555786939,1.48185315792969,1.041542291945694,-1.0460666636886176,-0.15429980641518282,-1.905503943557722,1.248095281605386,-0.5365003203326834,-1.0668825410616753,-0.22295703585250695,-0.1995050314094113,0.24941958191055277,1.07496610576247,-1.8293009530792268,0.3778977330710972,0.15257081380713094,-0.8450596024379254,1.180268338463014,-0.4535870682979348,0.04384043124306286,-0.7795436587460292,2.2452532181766536,-0.44119884023881484,-0.28841350195733867,-1.5738110018148281,0.01951017859797402,-0.031870979236778174,1.422466318068668,1.0438346464392783,0.0757364310415019,-0.4966995550229742,-1.6042662543332051,-1.9838264686175415,0.04435215323039,1.2286302925560242,-0.9226975347727476,-0.014987277060345132,-2.005189801176992,-0.8594219741652782,0.06739517231158343,-2.3455708062584915,0.6476991207693958,-0.016750242388456266,0.3382414775354421,1.0669942901099327,-0.7022236002518459,-1.752133392342432,0.5594784792570174,0.8932946901513287,-1.5030218227527794,1.459312608974562,-2.102086722867997,-0.3223404386326817,1.1169421900015832,-1.0969828416006975,0.28170395244901225,-2.134294761453129,1.393239665822553,-1.3560804084120235,0.26023573755793517,0.9726193518599412,1.1591171824505155,0.06923588566646821,0.19869831975395852,-0.3797638101031159,-0.2395539538261055,-0.6598546312367795,-0.12285083916107206,-1.9300626161953347,-1.1562811155842514,0.3504944297099318,0.9939592588789776,0.7567297936349168,-0.06786150327349322,0.9934613840494098,-0.9747659077145365,0.21757821964638824,-0.8668091128912722,-0.05037790190672022,-1.1453403200040655,0.00928285657549889,-0.5084575817337493,-1.0660417100868673,-0.852543555000308,-0.25514413327791013,0.5963105201261917,0.5165975300382628,0.3619508877386052,0.5856716624778479,-1.214634651858312,-1.886927133755161,0.2904889261968202,0.11967782931238605,-2.4649827725026774,1.913329430725651,-0.9548614509270092,1.901847197798563,-0.5829415771397335,1.0202288780132995,0.6153254891777372,-1.6008904628993805,-2.46140116288316,0.5149545613105786,-0.8830720540703113,0.10208914341434014,0.8499249599300779,0.7476369012892632,-0.08849931823152091,-1.0776573494561816,1.4314396286128286,0.06369417364339852,-1.4692142186174724,-1.315170324591082,-0.3529256257196315,2.1607899406453193,-0.7719300207056069,0.22844370328886743,-0.11977420798487365,-0.891020080278617,1.7039105442218578,-2.1673347346929956,2.2449219021233935,0.28593804913810883,1.6881305805651958,-1.6242011961627512,0.09183536979664607,0.3299405760386788,1.6854188635574208,-0.0694337271932958,0.11385962790358582,-0.6833879285396082,-0.5002376448076697,-0.07027903680345884,-0.2864753191370011,-0.14994637637133362,0.28691408738558843,0.16271372737812825,0.7682287030705806,-0.9014391301874809,-0.29052871096230826,-0.39668162670046503,-2.1565575213752206,-1.4183933542388778,0.6461072721163746,-1.1601921059952787,2.744334733669489,-0.8832362634871662,0.7976391932741821,0.7106000046706625,1.4715031525480453,-0.6709464626806045,1.2821566934093038,-0.18401742149041855,0.6394749246066993,-0.4753706864301821,0.8905130909965062,1.3325144572757457,-1.2512840084542067,0.018822158233027853,0.937761223113998,-0.5228772688590883,-0.19795479653664266,0.954605896401726,0.39923300358711533,-0.8704078637664227,1.3351390148051387,2.0325231700477513,-1.8205462812990751,-0.675233719462998,2.853449683065393,0.3238753210736535,-0.5105122729257776,-0.27908239025212656,1.1336350927249275,0.13022219404804924,1.349649261214064,-0.7850455199669026,0.044931743817125,-0.003565584777509706,0.35884976946560254,0.11242871819738887,-0.7141335494829902,-1.7826917619360603,1.264497241990969,0.5970442697333449,0.35780728953090024,-1.3704244875351543,-0.3371937167996766,-0.0087581588752223,-1.7006130384152214,1.2448768727538242,-0.059894470341021716,0.2599804805078527,-0.16238364097607508,0.9037001590544371,0.994206299132248,0.01369155260492004,1.2726216023599435,-1.1656329383911261,-0.3895590001644916,1.8517705803111215,0.5525081785505477,-0.8579551855094673,0.7103079367941154,0.43180178711484857,-2.7914990478847015,0.3710473887086655,0.9995965334963491,-1.774414274456942,0.3064934761069614,-0.8653192142202651,0.8297152288602795,-0.7617169736828977,0.8673375268889552,0.611989165105975,-0.284611891792635,-1.60855277347112,-0.00971073493705222,0.382114253853187,-0.3192572797773564,-1.1573434111450684,-1.8076058929080054,1.1092405214393113,0.7215055221686157,0.6740091569776323,-0.5224811462492308,0.15912416682089092,-0.011691780103144284,-1.290809963858016,1.0040045717548358,0.19302911430954084,1.0432544057072184,1.4517373946101675,-0.10306022631271536,1.632224320578099,0.2876352728991935,-1.5882823871242338,0.7944483678060293,2.6370030479499342,-0.04858284556319192,-0.049447563197711895,0.7392657209988868,-1.2090402015115962,-0.33333879060319205,-0.6434130247123264,-1.5578303274994585,0.2832858006463519,-0.48663959001983825,2.799829049177624,1.272309870285239,-2.511599800258943,2.2394333535385598,-0.224228471198146,2.147408167363622,-2.5083854208040104,0.6102855606582068,0.36789481979307626,-2.632408047027374,1.4973589368882618,-1.213109662617592,0.06335510798588032,1.3582291530176125,-0.7501952093570121,1.6527413273363474,-0.5040532404920346,0.6263220253631626,0.9849984472273875,-0.3810227959112554,0.28588995000381157,-0.5063469318291395,-2.392209795546642,0.3760007065596167,2.407780207342485,-0.08590993012843419,1.5710367450309501,1.4505638090301516,-1.0438942027079305,-0.23023428612389832,-0.4536517061747651,-1.5156782981995645,2.2301524807747053,2.5627666252684684,-0.3243199238373721,-0.35574093939681195,1.9802646975335714,-0.017711961680662948,1.9629058977601532,0.6557684547337224,2.2417093600741076,0.4142164393495849,0.6619689991824087,0.9471097655047236,-1.1613424934524508,0.8424736251578647,1.1121905685233398,-1.9574033359823804,0.15421703176051849,0.3545857897958935,-1.1046645673900153,-2.2260552888374847,1.4941650760467697,1.5111323506419663,-1.136922720854215,1.4192354387223123,-1.259175297681895,-1.5736533341859198,-0.7047995757033103,0.9239804232074728,0.5075381840841419,1.1433922749499577,1.2095159254961436,0.2121958593978142,0.1997662424110725,0.13347983516935463,0.017810980064347483,0.9178527893813226,1.0501030141381613,-0.10742860927961753,-1.852795112741229,-1.640593231988517,2.442542805843126,-1.5007396817524943,-0.7389184165493856,-2.618596092141232,0.9434840571770743,-0.5226417585944918,-0.517981555870489,-0.3383177623327084,0.17583825392728386,2.1395873065762268,-0.9176893658959926,-0.05395223359016943,-0.7502470677355286,-1.4288921963290901,-0.7332907827410583,-0.23972450700128944,0.14939998175526836,1.3748083973033105,3.792461193703653,1.2130812020461685,-1.6333504823338283,1.3051121993156813,-0.6565622823407882,0.3404022471773238,-1.7192401763057037,1.0670889176695197,-0.02725909204925532,1.7334730435295684,-0.0913164197784175,0.2661088849394856,-0.7635695173099023,-0.5711311095695177,-0.054790724167436564,1.5471676836346138,-0.6676765199676535,0.7288487869547817,-0.5125998244918947,-1.939394752770846,-1.0408687154059333,-0.32263406267598205,-1.1945369221700703,0.12188886397249517,1.4140326292611554,0.7340212044372906,0.43208143803428956,1.1962081812580403,1.9327277093345072,-1.7613192041771049,0.48847476007188356,-0.10981449955795251,-0.3933443154179665,-0.7109094022581229,-0.06796047561993786,-0.5189854394292649,-0.25125239225623885,1.0957891174368422,-0.8024089494090895,0.6477094825497868,1.7852987766510748,-1.2627059893978774,0.20692963950031673,-1.5868164732867702,0.17949576191762207,-1.1716021544398532,-1.1553146494416102,0.32462691058749193,0.7239188293244253,0.3921724050827111,-1.0037221457500565,0.26212318147388597,-0.5977986592395671,-0.8095854917887734,0.21146490582032096,0.056987198373982195,-1.0471040494075528,-3.082476711757,0.8769845923058366,-1.3624510585276062,-0.9144521241300111,-1.5779389396325514,-0.23846627524288833,-0.7947372695524226,-0.11770525575230034,-1.959030714780971,1.6740599080202208,0.8864032074942677,-2.294447473939576,0.9622355455148063,0.0933475972286475,0.6667106491144205,0.5263542223505566,-2.1906291690216557,0.32679121540015055,2.1470135728763107,-0.12621967496752262,0.7040633877479155,-2.92415807872793,1.7699604089924108,1.9491043546564608,0.006308240840426124,-0.6704275816389283,0.8168096386644128,0.7206190951739108,-0.9993907887825874,-0.7164288010535325,-0.28490718278747923,-1.1866792988563106,-2.09765030227472,-1.0916756005873518,0.27860743985614117,-0.9892220668726466,0.9997772663079677,0.3196496189163285,-0.009434083493242207,-1.8933976139628568,0.7191267207105927,-0.6929749566394445,-0.7866146934050008,-0.5835694921301782,-0.5209540408120599,0.7326670076647366,0.889400232589794,0.39835068774711807,0.08988773084435225,0.8786450492229724,-1.6275677448777428,0.23795971068477254,1.207827495693619,0.9886248989750693,-1.9699997890684924,-0.5751805351778033,0.5596699353901665,0.8734961672582134,2.72707034539174,-0.24639239703674254,1.2912733596638517,1.8500813990367935,-0.2652739099062037,-0.2021591939047934,0.39703809521311906,1.9232345705387588,-1.459777701621613,2.3072450368190793,-0.14080079647647137,-0.9526118034577216,-1.0690411546336411,-2.104715923644441,1.5430750646753706,0.8737249852590048,-0.9069091609407781,0.7507690044327245,0.767871883560084,-0.9732895848667229,-1.6085509675613512,-1.074510633909218,0.3172614066094701,1.094906967488363,1.244706019509527,0.5590635805170759,-1.5104691590184067,0.7877559691673226,0.597391996707418,1.6145619207037605,0.28373739536767073,0.35324288902141665,-0.6946377720871515,-0.0315752467254421,-0.20428676877104715,-0.8090022660081642,1.517998476430668,-0.5749224737939778,0.31095958843106597,0.30243896600322806,0.15240530244928685,1.5197974040300666,-1.9013562591935342,1.7466356687972049,1.2525800198965302,-1.3644656529109624,-0.20930876855797256,0.1990865660470199,0.9058724468463331,1.7382011912351958,-0.21956621232035303,0.850898507738259,-0.7309754348161726,-1.2668206312203212,-0.5928279951971871,-0.7244568494618208,0.6393207387656741,0.5174619827522233,0.3986917767379971,0.403716583251557,-1.6231067820832221,-0.8627770181810235,-1.1493878387792325,0.19867100322216882,0.37673597307049994,-0.24221566469507053,0.10767017865572755,-1.7111348130826816,0.6355590281327308,0.30285579182470507,0.0772000629255567,-0.17518161214353484,0.09621505131281662,2.681492723276883,0.7485622092291078,0.7884429536248946,-0.1931061303849102,0.053186256876022214,-0.7892427605728993,0.18213423030342052,0.35781168969526644,-1.132826265210811,-2.624411583330442,-0.6739701664685644,0.6615041377278414,0.17517229084694264,-0.6470239143948735,1.2095212808640081,-0.13103851420641574,-0.9056036704452384,0.04686291528136199,-0.9317930931017291,0.30401212129979194,-1.2893241583846697,-0.13472251141959118,1.1410734384826593,-0.5040793133685706,1.8243880412589724,1.007564981007823,0.2784255328477926,0.5563772213427157,0.7628152493853639,-2.0238832719777093,0.9998028041671603,-1.9066782861866107,-1.767929821404853,-0.7958887155508666,-1.9224494017088445,0.24255436633247585,0.8173633921486911,1.6889250970720437,-0.9793909457918242,0.9159832880112049,0.78312908726972,-1.6424316686124163,-3.5149450858001887,-0.23267635907312464,-0.502301134624462,-0.15945403334434943,-0.6616885902112175,1.1512800998983144,0.1581375820403561,2.401132440173106,-1.2780396462054995,-3.3956607478552603,0.5370285785389972,1.2225627150066738,0.13234266492972693,-0.5035486490003378,0.766638940737213,-0.5021020463425904,0.0992930957868963,0.40560251174356454,-0.19282421441054826,-1.3032913595468893,-0.5729643344195695,-0.19140660475652857,-0.8826680077908888,0.15207265001004835,-0.10309020734323923,-1.1987604059172903,1.0770535997829738,0.41752388175793964,0.15449377294488878,1.4789498437574,-0.20844192908039064,0.5406784852875183,0.07273624998558988,0.7220418916128789,0.4103285979772209,0.4116645921674033,-0.3303003883967054,-0.5915953355325337,0.5658369385989297,0.1467967406136105,-0.702086688881537,2.994194223996481,0.09652358431138747,-0.12619169344834888,-0.8402916110581646,-0.12898926473183375,-0.19164824008998058,0.9819823947583912,-0.668303002281498,-1.1101216567351866,-2.9690361090911654,0.2513141336578437,0.8981403843185808,0.3280759267268055,-0.81157488881234,-1.1370623624970824,0.5059949103981621,2.6573697301395445,0.12353917614867428,-0.2265219887479588,2.012640336552973,0.9906480747105314,0.3464610846738122,0.033247217905123624,0.00884145571839598,1.128276422580743,-1.6527034374207106,-0.4632329810602336,-0.3247875324086878,-0.7988823331589847,-1.7165183262305916,-2.8537040000762066,0.16948609609426493,0.46963567439272436,0.8863362418121299,-0.5134287943675631,-0.47254747357169424,1.3597519535155642,0.3152602943445329,-1.0207109259901275,-1.3535528715386027,1.1250892758412188,1.555424584485562,-0.9326317554407435,1.5926340040860738,-0.42510406515775195,0.12860091935955215,-1.1880340205230835,-0.4192653444185466,0.4897843229818206,-3.2167266869723727,0.34792503470321123,-0.4659948612225169,-0.06288006455998184,1.6614607687533292,-1.5965168048666318,-0.7780936769766716,-0.9895832040880161,0.5335555663927881,0.11370481327606177,-1.1670569813699312,0.8449665901279033,-0.8117359064791039,-0.2834507807681409,0.8173978133535853,0.9149320290894345,1.2400145716975,0.874382029769271,-1.022739706400037,0.23171907026269062,-0.3994222968908051,-1.93052385445991,-0.19696155213456323,-2.3032372549709357,-0.5737525281122587,-1.6976838265477647,0.8445513713742567,-1.855238519310123,1.783739429128761,-0.5502456857866834,-0.37145917895798725,-0.08476853331664475,-0.5120854443681658,-0.8120272760362486,0.8486381264709834,-1.0372059417714508,1.004103977266346,-1.4743180965379277,-2.9757086729871505,1.0876032664129256,0.1478676881201566,1.3431628171659413,-0.7334870210491076,-0.6165782437312947,1.2535084808164152,0.6804219127184186;-0.5655653238258745,2.567154700373117,0.839585064659508,-0.3623421431168305,0.2491432506012386,-1.6216783678021538,-0.9623859610740196,-0.2847963770006895,-3.794708824152906,-1.6620098299563184,2.026982467440285,-0.36842275675831077,1.5829587479490534,1.8631405937371985,-1.1185011265279383,0.1417101697102226;0.5954015053277725,1.7056705877972778,0.11427509104575811,-0.30787597118406707,-1.6345419593058235,0.09840153509235694,-0.0553414447219782,1.3667250950567145,-1.15254855599847,0.6026159101651491,-0.639963473456172,-2.444285750537595,-0.4937694899468511,1.0219948340919456,-0.233754858394854,0.6808880533123663,-0.39840002809716785,0.7276406329846595,-0.9115200480707599,0.5490914557773986,-0.7006156813092906,0.9756702904203003,-1.5406703252137763,-0.10818820242066743,2.2285474965554988,-0.40004644563047814,1.7767467512183501,-0.6283430127712426,-1.6076880365782764,1.76723957380551,-0.7506224819646725,-1.3287649531504762,0.3552516124907239,1.000018708835345,1.978725224307937,1.3001879065847877,0.7533698953566274,1.7517366199022795,-1.9620473827407914,0.17941113982616516,1.094767591593608,0.20100437043917183,-0.4258365662543648,1.1602583317433102,-0.4022126776715511,2.1081497775822826,1.108791429841477,0.47648533560340467,-0.4889905836722356,-0.9464193259218509,-1.0440316634629518,0.17740114939355206,0.4365791629702864,-0.5805728381901656,0.08304823132522893,1.5288263242129034,-0.9497936753560814,0.13758738493505965,1.6229017825937049,-1.2910752605117262,0.07616444073246452,1.3460826334014417,0.6298200572472991,-1.1194524065549687,1.6257448366482914,0.9728313887469465,0.6529530636814644,-1.8951911770127772,0.3747054244231466,-0.4612333734804631,0.22102159984077197,1.9963247560496258,-0.4305466552509134,0.45194122482050303,-1.5962307925523012,-0.1582331180076445,0.34118223648503493,0.17582563421627737,-0.2253910967585178,0.515447371897719,2.408332696295106,-0.7728329425432093,-1.0274575138693451,-1.0149908797560936,-0.7029555547451338,0.6384535367008328,-0.3974070323996869,-0.2613373099152805,-0.046548274599994714,0.9527240753822835,-0.47649073157994115,1.6163656116494933,-0.20975967277813898,-0.3919244963052149,-0.19887846182882313,-0.2978102142769533,-0.3389382247067416,1.6792892666415908,-0.45124561813665076,-0.9579924787832466,0.44945893347321375,0.023797976054932175,-1.0002208058500335,-2.88600150798485,0.9299782813977294,-0.048560604843914834,-2.1847137809524955,0.12861426050140834,0.43302538065601226,0.9797869047797201,2.3959597875442644,-1.5558673360807826,-0.33349394870995,0.005805268936928093,-1.5900748924888073,-0.003704671063913284,-1.745040812075706,1.8524652911614785,0.23247282912293574,-0.8818007393209151,0.05806935768479975,-1.2031370574751215,2.025640947270108,-0.9682376948948371,-1.3828360458740732,-0.8244181850841201,0.12761327608681808,-0.03554056401986452,-0.0049355032740424215,-1.6706791124448006,0.7687060956360489,-1.1877258000536555,-0.8185536266963401,-0.6697523510161899,-0.7262668653268199,-0.6061932620387328,0.5714738779491072,1.7969284590733314,0.9829431476017212,0.049717950745835834,-0.16717246015290382,1.149830511808767,2.8940485604572053,1.3611429488692148,0.7322067321008221,-0.5146975122524402,0.30577802251011277,0.36419000911556304,-0.1964812160081851,0.02239287022882082,1.0247249968408636,0.11958500856501483,-0.5352660114700273,-0.3797927131140318,-0.1446629977977213,1.0322007047303623,0.3303507747706639,-0.871654188715209,-1.483105758054601,-0.8494895893414522;0.08251930490431836,0.9072734800205382,-0.10044273214233054,0.1957507031440649,-0.2860236713248744,0.8412493210817122,-1.4482248686343355,1.557842126111745,0.7616546342863594,1.940522767236698"
7,1.5630877159555394,"-1.6543094921789696,0.23987296798635252,-0.41694579547127625,0.7260341855743744,1.3974223688297418,0.016544049381992443,-0.4323476294022417,2.939109707335367,0.019340318801308792,0.03636331060827766,-1.020468535561948,0.551176253561891,-1.188249085360365,-0.2650677630575211,-0.3411374389584234,-0.9612172231010748,-0.9582450203260834,0.6712863161242892,-1.5573082429777316,-1.5419514676737256,-0.16878356514868756,0.27730374151877996,-0.4433543171335896,-0.891985463789761,-2.2204015072626797,-0.20402709420032367,-0.32353953914096045,0.6080837737235747,-1.3004687652890423,1.5207472045709978,-1.3109704845161054,-0.49968171580866416,-2.139503262154367,-0.42514852387980595,1.166911821478425,-0.13478264842833207,-0.32751018518168334,0.0668966377593242,2.025245552946687,0.12304185202059599,-0.24129199170417198,0.5881011495702382,-0.8864780303499291,2.047430541997031,1.5358424570030715,-0.4066807182904825,0.2934836058207995,-0.12999660892357218,0.6511775373806075,-0.0013577061265493684,-1.2676058106347057,1.14765565374911,-0.608601068627632,-0.1623835306434866,0.8075672265060949,-1.017833465283446,0.6781612396375616,1.7064904515916288,-1.1440570077107417,0.4476478401376362,-0.2563900211883558,-0.5206370109932738,0.2830693267788836,1.7907079613374488,0.9583205721499894,-1.4355139602982172,-0.19552301472950123,-0.13111858786508024,1.3609424072173903,-0.9465263504085092,0.8602411851906412,1.1679278490464164,2.0432591031324154,-0.36266937688291434,0.35409998313160584,-0.9116297653725934,0.40955786297923596,1.2979844787002774,0.7118808083512094,-0.6706185628485735,-0.08003356371320994,-1.2332812624928613,0.2654809676068813,-0.3861819181366232,-0.6201209283467619,0.6113325557320824,0.7748016384550237,-0.7473614612230811,0.9148684149426474,0.3538074776215302,1.4583321232951585,0.5729961403043392,0.7749975534311485,-0.24886659465196628,-0.41596332516966944,-0.3554194299489115,-0.41316711045539006,0.7344444785089805,-0.6719027978552932,1.268026127228175,0.7703472118627784,-0.34640454793216024,1.077683684784517,-0.40374807264077317,0.20408635272838438,-0.3465830591712501,0.3824519000613952,-0.7908305375005534,1.3989233527369398,1.1018309475464554,1.656974435995751,1.4609093553353953,-0.5101904188141032,-1.6230495670422493,-0.18220035914025073,0.48698587590254894,-0.13006370143937174,-0.616700355095897,0.5658713360310774,-0.2215873088420797,-0.39421837579722346,-0.19566131139315765,0.3686391108884099,1.6688412405578747,0.6788866550942612,0.9812060763272638,0.3078424632911808,-1.115795858977192,2.127103941818674,0.061174017115467855,-1.6230386573502784,-0.49604604984776735,1.425380452146877,-0.7537771912165934,0.34777630079653316,0.42416123950436435,1.0250466520782509,-0.48280746517765843,2.2762577686714396,0.32655065779317866,-1.0203489055254744,0.24638066581441098,-0.01739303076714456,0.005160532342865953,-0.7240051365617819,1.6311145366764142,-1.4239234788985349,-1.4708635279923779,-0.617151871148514,1.6020104986524797,-0.9511483176372559,0.11674337429910342,0.01821291109587217,-0.09746545119366443,-0.38082462307802173,-1.1213624016163124,0.5258100776606061,-0.9486054401817171,0.43258782811910623,0.22342695133375837,-0.45932169474438095,-0.5870182589783854,-1.0570916491609363,2.109330468968313,0.46407138615813864,-0.9861064701345881,-0.7072076292731702,2.4027013443486602,1.7679471440337509,-0.35260767137663124,2.435861249460704,1.7859684856322533,-1.5650791976000056,0.15194242359905985,1.0234882461570627,1.4959277799122712,0.08823333059501018,0.18805171947995428,1.1780827657841713,0.7357468866371653,-2.8588616700474123,-0.7038164197378218,0.2893479631667762,-0.4205297425235928,0.5765798915121315,1.37384251736068,0.35860152136175755,1.0142786579127618,0.028825265460324268,0.12309275946402604,1.0023025235644076,0.7737882076846236,0.3770350541622053,0.018465734929423078,0.0327396620050867,0.6086023296012028,1.3651326565391104,0.23057779445987428,-0.0426158965214454,1.7871144057322466,-0.9008873664566748,-0.1747456177956449,0.2330427992462726,-0.27477136831188753,0.40881475532876776,-1.4996515118006808,-0.7125123467155083,-1.1759377921772691,1.1719211970789003,1.7206458156885869,0.2829619303334862,0.3411177048945413,-0.3120490190085017,-1.3597894488697901,-0.6955198169332495,0.27076442853046845,-1.0735086002488825,-0.05665884419368287,-0.31333239040987315,0.5201608706132175,-1.2023519579733595,1.450733572417959,-0.18290970250939884,-0.11341684708383636,-0.11902574401551735,0.3379094976464856,-2.1172547505646295,1.3051285579472294,0.9102702141064676,-0.940460408005057,-0.8772484751451607,0.2800830817563523,-0.9270501311933695,-0.9043247946675709,-0.2860876458446294,1.0358166287805328,-0.4399023665252907,0.8235456108154158,-0.41945295392014126,0.5296907489716447,-1.3997053877047112,-0.5709489397310589,1.2200809549641844,-1.1404488028870325,-0.9261744934811944,0.5877137387422825,0.44711631738556257,0.6667981104898895,-0.5514183752724626,0.012270760660733876,1.4162640765967502,0.20522698243643278,2.6318929438455867,0.20501208952749012,0.35127203038098087,-1.0050154314926532,0.9236011546996394,0.34146881877173646,-1.2085842900947048,0.9237128785488169,-0.16483510874322482,2.3239279788908065,-0.011377038608554754,-0.490455558824561,0.20397777493243616,0.008445102501040302,0.10574421829886282,-0.6325870283603892,-2.151390226026807,-0.2712939591514584,0.16830132919917418,0.6105462108351328,-1.184555101644815,1.6253659748827471,-1.0597655691435823,0.2859662176249783,-1.2856761238211192,0.5202994715298959,-0.4435806250965246,-1.5691976916975423,1.224443343124992,-0.48830728732676687,1.5372167168627373,-0.3642172007118717,0.6149803633619405,1.0780931509002794,-0.11151317610081618,-0.5755714905550428,1.707964279682491,3.4107476608304506,0.023714875466245747,0.04474840868835077,1.2400660048377834,-0.9862518714191878,-0.7704484043456208,2.1952200376876956,0.7964381511624641,-0.5216436737246661,-1.852644727176268,-0.1996776471727173,0.8160916583258387,-0.8730493806245632,-1.8191322219003316,0.7268223853613893,0.4874206643153094,0.717926104857573,-0.31941349355775367,-1.080852183082739,-1.3223656499145704,0.8526281475526055,0.834745107437615,-0.1160142874423675,0.5624925462654414,-0.27619204928596464,-1.166449811531124,0.5816791781359311,-0.5231758543614157,-0.8910510293374585,0.4056081685293391,1.4640024677865109,-0.7114853316475684,1.5908689385081967,1.2294430388518918,-0.192091660347107,0.6451680957051706,1.2107327893618915,0.3308245687259015,-1.2469517215610737,0.2890434291429904,-1.1947626959654571,0.021107727907267698,0.36358366931317754,0.9838047294236182,-0.24316753638621064,-0.8230297400792583,-0.35037777016246135,2.2200879708686316,-0.010372313800692451,-0.13904002278227934,1.518349301783566,0.11349290150373274,-0.5859860174654961,-0.5836679036239949,2.1396168039374444,-2.5305127746528293,0.3377709981283597,-0.266503843528692,0.6270493647401305,-0.3774531999737241,-0.239240417221235,1.363069287538842,-1.4742199638925095,0.18063350736964995,1.0781873392148034,-0.20843143212024443,-0.0793024658820214,-0.7283310464283916,0.8465867418926868,0.9074625960632003,2.0308978433540967,-1.9140455918991182,0.2673105963561024,1.161996273379012,-0.032218611664486294,-2.1740134192283387,0.4906989112300005,1.2226714195669357,0.43857185500511475,-0.7947697696507781,-0.028724117525031956,0.12562834749373952,-0.36521099525840606,1.3265664975442508,0.1701976480607159,-0.7136122865794996,-1.153712958783712,-0.47471793878354224,-1.909134282567305,0.7152499004032896,-0.8017678176221509,0.7859595015562778,1.3487689990859109,-0.4813041273541594,-1.5882131067986658,-0.7607410746162698,0.7905962140466145,0.1396840391357007,1.413307455940553,0.08249965003400492,1.000039731515034,0.9149794689742664,-0.2801643720555447,0.10698355223438945,-0.921653412776479,-1.0698773381794968,-1.0257289431602417,-0.35952887649409704,0.40776781396887996,0.6603895725266328,-0.6008050438714188,0.19570563949797692,1.9908010547760147,-1.697491594523015,0.22287868436143926,0.32790966958618684,0.010370501601415227,0.4770364058174815,0.3611960301645929,-0.33720103936099144,-1.9822892987172929,2.0814557525546418,-1.9946667157607163,3.3290366589412903,0.14472977758026906,1.4648725119906758,-0.0012271890001506053,-1.337416223942752,-0.419465241924476,-0.9254599521328807,-0.4815740937752371,2.570585701220081,-0.9818424769683527,0.08335844432387925,-2.0037074045976238,-0.8373228495774743,0.2856516657798459,-3.0010927952920796,-0.2839618118131886,-0.43359074151440946,-0.5513821867443516,0.9840497044076768,-0.9336190056049755,1.962281544191126,0.9631421179637027,0.10009963708003819,-2.842588067552122,1.4095544087687228,0.23294227914382515,1.9365665338603042,-0.4754822437246503,-0.04731501235813043,-2.156603617690793,-0.8489786101429843,-0.15239462346751545,0.2713139916482765,0.23115668643874915,-0.29756579792559484,0.4297756776499449,-1.4090270476572044,0.8066464032293574,0.9952690479659505,-1.2666952950185912,-0.44754534630929116,-2.3007958830919812,0.8416925017215955,-0.7036053804026732,-0.7351790693252098,-0.3096592682588484,-0.02568088767594101,0.3120927379843965,0.8810669473707077,-1.301885229545369,0.683877489883996,0.6416906522651542,-1.1857485129070313,1.0100248088699222,-0.44597808039096326,0.23986512616122466,-0.6323626783732512,2.3050132683695264,-0.4345366557764834,-0.343792074262174,-1.09635568530872,-0.6942268095342119,-0.02046492892929655,1.7081767804874577,0.8393106563686459,-0.2643556497977382,-0.6372625467910069,-1.7985589888880917,-2.276101636054074,-0.05557834298951975,1.4817378102853387,-0.5886542096711499,-0.26617395070982763,-1.8172975498761361,-1.2400293691252327,0.14816118110795784,-2.0294481250105445,0.6651571861378504,0.06942996459521025,0.032779872160507845,0.7489059205126937,-0.4446482461743667,-1.487160909015728,0.6323681029132766,0.9359285356273926,-1.3528289920845866,1.1154267267929932,-2.0878861899288306,-0.0879897716722936,1.4052855994727846,-1.2857213115621824,0.28673398455135046,-2.2513809074513684,1.172640352849049,-1.3838968076890032,0.10187829280834321,0.6328561295141162,1.2115826410577217,0.6851793764066423,0.41777414963245973,-0.5966606616311843,-0.24959068735393553,-1.3215313385797738,-0.16637687037692578,-1.954935197427475,-0.9386011818722442,0.3188654398178685,0.7737071148857203,0.689617077244886,-0.3183801139093097,0.8892990114603623,-0.5285578827218296,0.41252637882385873,-0.9518184470579462,-0.15033522145133527,-1.154150943046473,-0.2660133519013471,-0.8835205801726278,-1.1890033382122125,-0.7344168284244219,0.17005353440417398,0.4786234385579736,0.5468284382613573,0.6412570661116799,0.5283815454864307,-1.3848589164301348,-2.215886016632839,0.17773603624372175,0.4715623058532702,-2.244381876907897,1.5180334344835378,-1.0530297765212362,2.125317614453137,-0.4409363464239147,0.7056513529296291,0.3336120455256721,-1.3286083651861134,-2.6886547007286983,0.10487551609719653,-0.8918306913419967,0.1836287261713976,0.7765819241834536,0.6298631219470086,-0.1277088664076398,-1.7987017567026198,1.4449585358847583,0.0238934382854503,-1.4162054543723794,-1.1211546182669405,-0.15120496751687496,1.9458631502700388,-0.3765307682668234,0.26334876774781524,-0.12952116966199445,-0.549867369134905,1.3711075194181623,-2.0561002958222563,2.5905614678227322,0.3612157584713389,1.5900939849705558,-1.8542401758078244,-0.2444479518651395,-0.18211379804222871,1.790616807387458,-0.37846557714799994,-0.11315866204711861,-0.8789722091164144,-0.3591805975758929,-0.2668557965988768,-0.06142057407588032,-0.26615537483015683,0.2888275697735625,0.36482914707499436,0.9891225557374246,-0.6710528596975682,0.06240350632093543,-0.1427222264768785,-2.3614983408288293,-1.881632208160578,0.35348852898790006,-1.1675795218132714,2.4645487258862686,-0.6510123423321588,1.063667047493558,0.5095153322310048,1.551152453893021,-0.42708428543508337,1.1243427643275083,-0.11885455771569982,0.4679570745103371,-0.45756973964162373,1.013104669647299,0.9063622998933739,-1.068005072532241,0.006222679086262813,1.1714393476200273,-0.31268621785899187,0.15921216353165718,0.9888858357984371,0.12332675961915096,-0.6108990934662499,1.410495618801921,1.885639399314197,-1.6267067317090336,-0.9772499616073614,2.5971578561975104,0.5380144489662494,-0.27150241279523124,-0.004226445391875208,1.0044385789615329,0.10176198259431811,1.2944842103094094,-0.605467670582576,0.08143787769416033,0.2139798354520815,0.8020417424404364,-0.036535901791651226,-0.5111469813217704,-1.7492090461302539,1.3848144632138122,0.3334546773984368,0.0922492297842846,-1.3481979643527229,-0.2713843386790574,0.2100969507782693,-2.296494680375208,1.2304351267758462,0.04465841162281535,0.049402834693108966,0.13586146898647405,0.787990288383669,0.702311136814502,-0.05639068890967795,1.2256940607381612,-0.9044745283106088,-0.37229482824925253,1.7939282459170327,0.3630949709111413,-0.9746261612518594,0.43331455701633786,0.3998577952382286,-2.7494445610316602,0.4046502786145907,1.2306557326661633,-1.659351233417489,0.61779874508462,-1.2279978206631328,0.5654701703655381,-0.7787603099011201,1.1599223504142198,0.7980649921617544,-0.07156874887986081,-1.8553985208463455,-0.06885655808860436,0.24193758837462231,-0.11831714678553648,-1.556615366903248,-1.9184242095180384,1.3090107360075636,0.2711581634411082,0.9465947662246034,-0.5149967010998217,0.31735730441410925,-0.08358379778872703,-1.4313909314744608,0.7906451303107367,0.11276805128368908,1.3863314770949104,0.8903022748729275,-0.05491962280506828,1.5153443387131063,0.49122484806649863,-1.683161445678706,1.145303872165241,2.8629993677417467,-0.4535823822540933,-0.4633269101686405,0.8144856849725065,-0.9405350309306499,0.12178001587068595,-0.4622300691496719,-1.4832491067445144,-0.07190973125493502,-0.5859992605477964,3.2323666514834026,1.2143299032806578,-2.6407244456474337,1.9836688556336666,-0.5394696268314689,2.1813375868748857,-2.5693697211570874,0.2897647411506107,0.5957848942698455,-2.3521931091605426,1.0931487486957487,-0.981865316697208,0.10832228183409119,1.5295730670823189,-0.8824823291556778,2.0506519760012027,-1.1173513652650686,1.0306578286038584,0.9019673811017304,-0.3736121118112613,0.06774095373720992,-0.6242124842029207,-2.1606202902258724,0.3347511548741084,2.425122706838205,-0.04260861887992426,1.9126149984969307,1.4575066572748163,-1.366712147116912,-0.6631982217939073,-0.06735639225485471,-1.4964065620946672,2.244550947994025,2.711790297277984,-0.6533686966503788,0.013798684117032167,1.6817395134218232,0.17139289185106799,1.9828415630378218,0.4283918411249916,2.043182864620822,0.4238322000258552,0.774290634234703,0.7826184672798221,-1.2361015465890202,0.8747106199478175,1.24259918468847,-1.7305452388724973,-0.06274678676409148,0.1349269106276036,-1.308085848998809,-2.3312278831120006,1.3120918363089475,1.2680603614147432,-1.452130444071869,1.9821821395985266,-2.034072515998349,-1.7249303759547077,-0.5576089528835504,1.2563413265114747,0.2604482476205005,1.4076563187802345,1.1418520160213625,0.24089939476607491,0.5057132399959294,0.1757065740273539,0.018776048814940716,0.7207290020481852,1.031529777973177,-0.2475721707263918,-1.615165062904604,-1.4546524553011189,2.7497112167243896,-1.434163187444517,-0.3037447296002243,-2.2083196508054415,0.9401354320301789,-0.7042599900090332,-1.1169641434535191,-0.3484330622196269,0.3659628467054289,2.312416757005396,-1.2824389307973507,-0.1725390148147921,-0.33012987005441996,-1.530232286793649,-0.36446408265014485,-0.44490361539105644,0.4523472449026412,1.0257899055819804,3.3980310720828464,1.1033798558320762,-1.7656207399429569,1.6459593396490306,-0.6053698864320174,0.11201133173107891,-1.613574137219772,0.4797884113278012,-0.33505848585553893,1.6978985442301067,-0.3094436012909845,0.20111245782518197,-0.46129127185727686,-0.12376629265216599,-0.2916325123586566,2.199484356368731,-0.8014876146482268,0.6323193332967456,-0.29047150400266614,-1.4594662511475995,-0.8299490263814934,-0.3242985607788565,-0.42868371783141,0.09496793242619755,1.1117077355607465,1.0271591552039616,0.278775773144211,1.0686777888871557,1.705710638253645,-1.4354853005301182,0.8896844482665986,0.3956254585908426,-0.24954601316308403,-0.40253811866562894,-0.15567975459327604,-0.8931972466517262,-0.08766798885725963,1.4167227072835686,-1.0057963602277824,0.6336834923694615,1.5099947100894968,-0.7450118628864535,-0.5164420822174399,-1.538969376942011,0.27977910426169883,-1.2954231197265242,-0.9311312835753198,0.8621487087514326,0.5432204122369766,0.37978499697325374,-0.7790327843520324,0.060454264765544795,-0.7556189115209142,-0.9009669691593782,-0.06990381651960353,-0.039905101382982075,-1.2081764399031636,-3.006023866930574,1.1844019381296491,-1.1560918250690388,-0.08567407130302132,-1.7778108456878006,-0.5086237787256799,-0.5415767570989224,-0.25952436154561487,-1.6941753510627857,1.8907335674201171,0.68199146965681,-2.3220584890767166,0.9370693528015426,-0.22752428608017747,0.27472053872561547,1.0533341497966096,-1.9809639395240568,-0.2022533318375983,2.1209143311394407,-0.12185800253651724,0.8237877097373308,-3.151340786814276,1.3126041556900774,1.8086080269898428,0.23753342341301403,-0.9047597288698057,0.5237468265622716,0.5946485874239154,-0.5859272248829561,-0.8461841380422781,-0.382771834889269,-1.2577279867121813,-2.6651815578630744,-0.8199568586872068,0.375130575409184,-1.2138541215020648,0.988557583240718,0.2530483129499769,0.13821051376783924,-1.8545768447248248,0.9809004755156929,-0.7722806504328902,-0.6287165438321192,-0.41388547620972016,-0.8867056709847475,0.7340144632340571,1.3242209436789882,0.39358186983840654,0.3165060002556278,0.5753600950541073,-1.4633632680375106,0.4888340173442211,0.6440427023230018,1.2251520717676467,-1.8727440491904765,-0.6683378696782524,0.8262159305189977,1.366933648752489,3.0930899365758426,-0.2738607609876508,0.8888311416902477,1.9897755221202857,0.039855602587099734,-0.3240687175720461,0.5844180128666142,1.8376583381656606,-1.631773971607896,2.610832922129572,-0.19037022905817086,-1.3606078915790252,-0.993476051663716,-1.9882467891843028,1.0659766033422335,1.0552888186863618,-0.8034937010922295,0.44463533835656943,0.9391528893860509,-0.6126366239025267,-1.8574235873448228,-1.2261888585741016,0.2958476555394733,0.7978677434067755,1.1466752899149113,0.7595726282777515,-1.1654295792142348,0.672266197241513,0.9023507275933521,1.862680167544627,0.09479478836555943,0.17225826899117266,-0.49808345276252375,0.45822564397480536,0.15026788467690666,-0.4365446888831668,1.448359620384398,-0.581135466886993,-0.12649160589413144,0.6864759849544648,-0.043954904372283346,1.3517640580670687,-1.0908067304757527,1.6084442802868888,1.0715027912585193,-1.6974242299604252,-0.1709708359215605,0.4882663092094771,0.9996031032855299,1.96014030713733,-0.11104377917617825,0.5282358182873027,-0.9140765274832385,-1.2165934603984194,-0.15402478818416626,-0.8722933054765027,0.5435589721950947,0.5348727697492976,0.4749537137372775,0.7441140356684283,-1.7494918772463979,-0.9047167184651074,-0.7369093647334592,0.21237069446242124,0.5034039987883,-0.12575567593763212,0.27189196937900206,-1.8058328758066533,0.65651781339558,0.3288881034733103,-0.35156147015398237,-0.8394849555188058,-0.09170672921809135,2.7338506314611735,0.790978180759254,0.5289300909925015,-0.007351823922978985,-0.014307754323075891,-0.8037639843209069,0.21152049666069547,-0.09687677690298446,-1.1695304438512246,-2.337948507724852,-0.5620573038839707,-0.004133626145629909,0.36799596309283167,-1.0476983946311766,0.9935172671194864,-0.02153596004809901,-0.5396687690218855,0.08634012104680604,-0.6443827270164737,0.5281829522528408,-1.0231154401543472,-0.23227036175775134,1.2715420061104474,-0.4445980406589682,1.85829422541096,1.2086817841283939,-0.10940987355429249,0.5062415994135016,0.6415257889251632,-1.7744398759716284,0.9751299502386135,-1.6408056492030503,-1.7266749771189882,-1.2745374680927974,-1.9515639412166623,0.2031913223697471,0.6448953891921214,1.672917369896111,-1.1307011357894177,1.2644621768044284,0.8624151432080545,-1.7390873010814976,-3.1849652036746012,0.1692242161332615,-0.3602869580769718,-0.195105197780925,-0.4598250367408998,1.4124461775736987,-0.21754396524260927,2.2241433043628995,-1.4503792096045645,-2.930781995355918,0.22304582322803485,0.5557702764548362,0.15040912922732474,-0.3385661728343508,0.3854674402423576,-0.4341198583943581,0.3368099099130413,0.3386292467192447,-0.6120121673088755,-1.4457938378972295,-0.8631180429920438,-0.6177606985430318,-0.8905719305736846,-0.47364120889039596,-0.38851775784041326,-1.3259948748364536,0.9982698516419707,0.4586722558406175,0.5581910300030315,0.9440621564761089,-0.02814929730395667,1.1745818703968984,0.013288138039413012,0.8077261190271284,0.28432159779959487,0.639315886460222,-0.4505917534905204,-1.1834642734753764,0.4388274952651441,0.06638447360142057,-0.42514354536912485,2.7485787671388597,0.042110475916805806,-0.4345286169836588,-0.5207126226246086,0.15696293805864395,-0.043179798987826534,1.264434939255293,-0.8164639287541601,-1.1058915482838771,-3.090987650004053,-0.20835571679110226,1.3144971927933948,0.4469099715572376,-1.0034495741508231,-0.8520656450004537,0.8419893867491949,2.9572526568018347,0.004158019238527391,-0.7216475231148558,1.9114934708170281,1.0127958949228562,0.25619629689673074,-0.06479605551645742,0.05115077025372805,1.153847805139638,-1.8461606291569153,-0.7644057694772147,-0.30197612998787515,-0.6270002470684113,-1.8519163844416304,-2.739394036267899,-0.3363096885491874,0.356094839230083,1.0760737402596945,-0.31288837256332147,-0.4627746466359772,1.0288856118262655,0.3502503411362584,-1.1461923180278546,-1.4983996416108936,1.1576746255370833,1.7529338210220666,-0.247064830420673,1.2142882408714062,0.017251277699222238,0.13821416167691636,-1.2633155823972584,-0.8470508258080014,0.6676562608558599,-3.0726078032972315,0.08958513259224501,-0.1977767687436039,-0.21111106839943,1.3528012563300214,-1.5101398217741122,-0.9805569431744843,-0.7955022083958687,0.09746229645506438,-0.44152981427865623,-0.6291915012957894,0.43972609815577124,-1.3085300688058634,-0.6543074523378904,1.0532998851446644,1.0304016881411764,1.5200784110529957,0.8040739276742208,-1.1481067681900732,0.23272641673316566,-0.6470302965261308,-2.1024294880241774,-0.15267799632539125,-2.2781157986316214,-0.6148977880712867,-1.4405059656522121,0.6551461684342517,-1.8681916986207732,1.6285686704849556,-0.6696041802270998,-0.39736372561312444,-0.03077123416491684,-0.5353808177630504,-1.0271613678333025,0.7443197757933646,-0.5571714308477013,1.1646599249488647,-1.5639482251959858,-2.958457750053501,0.5996615676572198,-0.38644978604789737,1.0418024686876808,-0.8683442402383406,-1.0804072507158715,1.3700312901812044,0.5554944007560383;-0.3201828910930004,3.1193623679919376,0.34568642885421047,-0.0018902620092727668,0.2946880940501513,-1.4151266804764266,-0.9871299463615741,0.06606675444745759,-3.8822184557759765,-1.6625954720890517,1.91196683400473,-0.26962347546369625,1.73972381971098,1.8126514097836752,-1.4487234926955037,0.4516277886559955;0.97324945657984,1.8802737029495131,0.27970565976350653,-0.3440313868976447,-1.6290223604547047,0.37404756764103897,0.10922545311845527,1.1834956662097451,-1.2895923154480724,0.3611625509041535,-0.9449527316289441,-2.8275856179183885,-0.06379498274287099,0.8612473096863031,-0.17601461726602435,0.9334332871185876,-0.7565937663478286,0.7162084456037798,-1.2045325641927878,0.6594173025560299,-0.12885010342102016,1.0083945285001032,-1.383036881769816,-0.3663578184352354,2.588954097402796,-0.39210987293610633,1.6826673861042964,-0.7179140581226356,-1.7339603882817791,1.760340881311711,-0.6746384201571861,-1.5993086640826981,0.02454410263329669,0.7022665209041097,1.6037287935349616,1.1034198523743097,1.0762569532638118,1.694480088914124,-1.6648518400606556,0.06601989315626779,1.3347471246254157,0.09750740534018118,-0.4391769548659734,1.294191826630198,-0.3065775744651695,1.9244092308972025,0.9131396906416381,0.7634761848490448,-0.12925356440749022,-0.7019758583339658,-1.0893211746104587,-0.05826526598610668,0.5095863604948447,-1.198760720255464,-0.0365820865485046,1.0741768604248685,-0.7068367133597699,0.3767216456060053,1.4227192036520695,-1.2902490963387052,0.1170057095155703,1.8682518368421637,0.6151966411530013,-0.8919749796468117,1.786154321786548,1.2525183048888737,0.6234779611881256,-1.8218867464653241,0.37224521714558956,-0.6177985965487703,0.33856108939130414,2.0894456041368326,-0.6389812058873013,0.6329189599978506,-1.7944560942789034,-0.1597640303295344,-0.024617089694950023,0.48584158533810506,-0.05730710016736423,0.47427292986234976,2.2108161928856864,-1.0565874743250583,-1.2478372631979473,-1.2640600382539136,-1.04083375091872,0.8663299064921091,-0.023188693203325745,-0.430441635354699,-0.007397469111158093,0.9267419527723938,-0.685486925094839,1.714962635347472,-0.21990755488268043,-0.709923426852578,-0.00911588988943654,-0.05220917049103325,-0.8452976729771381,1.3468930553748222,-0.0884399747522044,-1.147253688622448,0.5361296136963152,0.03978206665395764,-1.030127398257089,-2.465770055956904,0.44772025571261614,0.00972662926528961,-2.315341025639937,0.4133696681360868,0.42315766199666416,0.6522070816359968,2.0601555083704124,-1.0939441231497884,-0.7506284030018509,-0.1935839116391354,-1.5821853883271613,0.31951819296845957,-1.672412179220812,1.970841487310411,-0.0746647365747593,-0.9977273476217701,-0.19423828587636105,-0.807890018204224,2.2149112033978713,-1.5413990498356576,-1.9163566596852417,-1.0042016244745435,0.2087728661087162,-0.27276616618657495,-0.6264856078999789,-1.5402544657091917,0.6301776286918246,-1.1081992419874378,-0.7985714040077996,-0.49104997931041316,-0.8893560462868201,-0.5161461884052551,0.7058128899741217,1.6213661953292007,0.879959967194604,0.0720380893254173,-0.19706791551337483,1.4390445150200837,2.6540696210642123,1.58869781626083,0.7858047809452785,-0.8046070549979867,0.1855519957949547,0.663529671086221,-0.12519854717679732,-0.1743048897594982,0.9319777199332279,0.039985156774251344,-0.383681760373549,-0.5388483725749349,-0.14717932005783768,0.7121655734593069,0.07015345611515722,-0.8716070870699304,-1.2917023304805348,-0.7289946950444433;0.2997827066696968,1.1373588596226227,-0.09515557217775078,0.09431361175152334,-0.06823548069063311,0.6706686483356907,-1.7276225818270767,1.5498627404626812,0.6586392185340962,1.8230879811130567"
8,1.5516400947898978,"-1.7390467748966412,0.531974483107462,-0.8158427546570964,0.7387061771913318,1.4033925613592313,-0.17685888493927618,-0.4233871333455854,3.108549075466373,0.2141676721945053,0.1422441467752748,-0.8261139681315769,0.5251850274444906,-1.2061608494815805,-0.44325764860252215,-0.39997786763079,-0.8866587425417155,-1.3842604756451955,0.9915248223440276,-1.9320726853951238,-1.146836251991775,-0.15944018302521862,0.22952038080113807,-0.5956854256533818,-0.8892728044864381,-2.193517060561169,-0.3963701554621546,-0.1616202288869931,0.7191046910331664,-1.0476515401499555,1.2361970035260013,-1.8508731999068315,-1.1894161494288997,-2.468026869222435,-0.5855250939607525,1.173024584676765,-0.22433511511451568,-0.7400220861295981,0.0636425967273733,1.5293393502631825,0.39593352811544524,-0.16965061488206207,0.6995530809715267,-0.8109701223601558,1.6832099685839568,1.3573939873356031,-0.853882341049339,0.17003764698273804,-0.5801298282669356,0.25871071058690837,-0.0756679830347144,-1.4547117164558239,1.2932037935172453,-0.07908159910785868,-0.2918480081588371,1.172307819294078,-1.1592537788678172,0.6958217117497761,1.5317494568260053,-1.165877567806372,0.6358625544552101,-0.309012782125143,-0.6925964504086537,0.333462845052454,1.72939432891593,0.8319601105766719,-1.3580142537036282,0.07580509371075923,-0.6311341526226474,1.1818405470570745,-0.6247907354118839,0.7561860477661096,1.0006014031236683,2.019277085131579,-0.07832560593339208,0.5878733082968505,-0.7085644755643582,0.2916840815774806,0.747895338350561,0.3261266290227342,-0.4256306531730305,-0.1360598558281792,-1.3737532616519763,-0.06789731696989063,-0.5463012154392033,-0.2789905433822175,0.4076431171357271,0.44700843784655936,-1.1091569502474825,1.1228770701604247,0.7150637256200185,1.6194861526346525,0.7128152901763087,0.5497708771705591,-0.25132994248267704,-0.6101597527036758,-0.49012257771655987,-0.3712722849424318,0.7415169895661577,-0.791285346344396,1.0293628508626032,1.1956253789444538,-0.409083518894298,1.6593387219138809,-0.5784282190740043,-0.18667789116396227,-0.2909301070359183,0.49008395376382974,-0.7495296497083936,1.2415752546135719,1.0042827006038142,1.7403872927779052,1.1609897622724332,-1.045734664624229,-1.6210340697854533,-0.3159893007863728,0.7648831821475747,-0.21724342197111696,-0.46216351026481994,0.2665120696990426,-0.18772501956629825,-0.450183947242758,-0.1171451600375299,0.3064491134584487,1.4502405805725522,0.716628816298712,0.7655601134660411,-0.006696489345114017,-1.4141203736116976,2.2983904556040144,0.19337218116340807,-1.2660386403118968,-0.1301147347686401,1.2027991152834074,-0.4674649346817451,0.17827598107983209,0.5211238119847661,1.1216822139018319,-0.49755562799230635,1.7206810650758166,0.41718249930635337,-1.5876456213777717,0.040830729438696686,-0.2637556667490718,0.34124270826078973,-0.34045435380348865,1.9405370559995003,-1.8622914332230496,-1.56810239835335,-0.21495429363832852,1.4878521696726277,-1.1702537953182741,0.015498497081033395,0.3357839565921486,0.05603225001247008,-0.05934757117423283,-0.9749660753819378,1.0029442327927331,-0.7910333744377749,0.39338079140487753,-0.011574775422602275,-0.9637013651959891,-0.6230534586959227,-1.2270228656014572,1.3151513243179116,0.645891843088694,-0.8348831464605146,-0.5696014674452374,2.0208677477704,2.306766734309087,-0.1482106599931538,2.1038337511324348,1.7329175736340567,-1.6502998566044593,0.16579014943642334,0.6876471985129271,1.5531077962209483,0.027680057609642122,-0.2755111888205388,0.9231018428026811,1.0405595337349127,-3.002168685112119,-0.012303480166939204,0.4064689362650014,-0.3424967155775591,0.7175878776342776,1.1876895685451923,0.34351284267656695,0.7077601305588478,0.21206730214618816,-0.20283944562101147,0.7617696510666326,1.1247140496617916,0.46569951058053194,-0.2342439034302637,-0.07780654209107701,0.20715732775897178,1.5457936642401924,0.3217678737328549,-0.10056455029188119,1.8145273244187474,-0.8351950675288586,0.1618760302293056,0.3619886555195747,-0.3472291212165163,-0.03750400340476813,-1.4471106213151175,-0.9649007260116598,-1.1463902768743066,0.9885793853014176,1.2174632810077082,0.3644957206118463,0.39086638923074524,-0.675367109934139,-1.491097172529271,-1.0568570794093446,0.6105317210947272,-1.2203555432410556,-0.22688040263837653,-0.09608439700330931,0.8818022370690157,-1.3416364032595514,1.782786929081664,-0.48134204487599797,-0.061135992460669544,-0.11212762773805277,0.2928967591952693,-2.3962338148591478,1.3476173884893143,1.0052319667206415,-0.742503008698196,-0.7909041055268917,0.0662037113640732,-0.9226161584857726,-0.8067856402625657,0.24330927699540056,0.8543415488143773,-0.3538302347356237,1.155619530822055,-0.34468054421288175,0.10993158135889176,-1.1117111755266234,-0.7462911911245426,1.1759606410030152,-1.3180314838444138,-0.9580521745435415,0.5480196149673324,0.7010068939662799,1.1788180781884605,-1.1313812513752575,-0.008932075407073473,0.9866349786168366,0.26519546994677123,2.5797139981391473,-0.7603077488192463,0.23379949944040979,-1.1875649249314304,1.1088475058541607,-0.054932302474819054,-0.9749885894990976,1.2455990701015316,-0.0508220251493377,2.258180959396742,0.16864978622225388,-0.7055853305254015,0.16195416155721154,0.4538394260906651,0.33664675327316607,-0.7240137721213386,-2.0046910448557003,-0.700978537276699,0.4729887924121564,0.36179753369932555,-1.1436424835610373,1.748382369829872,-0.8571078486943273,-0.30308108179461823,-0.8172585265285213,0.41706124637096315,-0.3802535471650467,-1.7480656056224586,0.8967991565182946,-0.32617530943980705,1.5615223417153246,-0.3351005556797372,0.6744956726845335,1.3470626633883995,-0.1217310090159189,-0.49643587244368065,2.016073348995423,2.898582646606567,0.054111185160868436,-0.2799541099040952,0.968598060437548,-0.9446840728389929,-0.6832454400577157,1.838177199839094,0.26443473087581154,-0.41447885106611504,-1.8623795721124383,0.3760359446233985,0.8920506835818155,-0.7995839896100561,-1.8551383467754514,1.0924601233658522,0.42735456838138036,0.9063826546831067,-0.2662222437510936,-1.4113314834135506,-1.2458837240283216,0.7603889887451069,0.5777280396617964,-0.17416087223282345,0.461371965341887,0.1565996586177754,-0.9729055893493377,0.19620965071326624,-0.8332389480558325,-0.8560326044437171,0.38040013521823474,1.2020393185412523,-1.1453355618548127,1.2800196597674596,0.8196873084308264,0.23309103230251843,0.8283996979151793,0.997020594413972,0.25889068999097625,-1.597699802704996,1.0202757880739597,-1.1529321780021875,0.2378375166850348,-0.023555267270614022,0.9674655942636506,-0.5031820005265277,-0.5075548194567018,0.025470109645816627,2.3457894151502,0.6269440143073679,0.5686559050831708,2.0223414249829226,-0.056775821960358776,-0.22654076783534807,-0.5995175887442443,2.196498107013049,-2.1913975737284943,0.5956020845443672,-0.5170259039881784,0.4680565554603811,0.022586906670982898,-0.00044470978557939467,1.2236084860775978,-1.4796732787278024,-0.27898314467716295,0.8224647991960006,-0.5498652193098746,-0.1447174058844362,-1.0170453104637445,0.4539578913617024,1.0518584642001396,2.154478856540436,-1.69465803356825,0.5745497715839964,0.8757107526003277,0.2077425964818192,-2.4140090502651255,0.22564509843652703,0.8781028737052058,0.2783161695896865,-0.5349193600142282,-0.15736577917112865,0.06346634240414575,-0.3365557742210636,1.1845294856528803,-0.07996341612178115,-1.325762743008785,-1.050928900805232,-0.5334180834610316,-1.642201064489312,0.932836742804324,-1.0606750689143423,0.6453880422909263,1.462831801828177,-0.5362568447878832,-1.3778431567226617,-0.4304628128266139,0.9922271502279061,0.25630562812500834,1.4395811210067089,0.3649515431603409,0.684284455795226,1.3174841546582832,-0.29031015090333595,0.6251078010807793,-1.0508019817502077,-0.8984734610588228,-0.6284652943721332,-0.3236241917667924,0.20918829814113676,0.6272650981880284,-0.952164491520681,0.6206378523244127,2.312489784665693,-1.3534741871124782,0.2866608772061907,0.18671672147356713,0.04414983413403677,0.24717293032582976,0.263027301072915,0.21801534868719413,-1.9646597630951395,1.990322758727472,-1.8192777805516451,3.450610768561009,0.10793101333397825,1.563886470147096,-0.06900223009154711,-1.6820124203247746,-0.6388772522047224,-0.7006081071688544,-0.4181073069516617,2.126425604446723,-1.0430525613454926,0.8998008301349569,-1.72009743472964,-0.5428809383544666,0.4726084127427379,-2.5295637036702328,0.2766828509855348,-0.4115512482081179,-0.8965122421253537,0.8751277776815071,-0.512818425668421,2.119435849806576,0.6508858176299435,-0.16187717439966146,-3.255265718049518,1.3422958463691177,0.5637809262937182,1.9816188640356558,-0.5239392672095429,-0.32283237034927065,-2.2420822738390864,-0.9774933489165887,-0.9620423021861401,0.055592589460163794,0.3524608478213871,-0.4635735254959751,0.08942196135942579,-1.3848517744667297,1.0127637091034434,1.0771564457137424,-1.3405109465503466,-0.1719540453620843,-1.6537852907268287,1.5023769937709042,-0.5442898576929263,-0.9562746213548318,-0.26579130275716095,-0.5634153133099392,0.5843481642378494,1.0787046208528723,-1.4237410024918924,-0.10156969571696103,0.0717592856271042,-1.2043357388334117,1.4159496879911948,-0.15701473512841976,0.13463171760165205,-0.7981922825670964,2.339060070056957,-0.12195755810878803,-0.41972488234984684,-1.452495165497371,-0.415592547470115,0.13253107987016824,1.3319678914734736,1.005179895357709,-0.2926798314239723,-0.93992138891548,-1.1584649746212268,-1.9746309816540042,0.38599131845028695,1.2630282368429024,-0.837668954162614,-0.4115359852349807,-1.499511508634881,-1.369536832973758,-0.25768606539759364,-2.1569463765695773,0.475525960858592,0.1993279923939663,0.6746849085780093,1.0007043178130934,-0.8251735809893571,-1.1570270974619807,0.5685356458798672,1.1156098062458422,-1.2921272311789376,1.3490551522604801,-2.240376286657354,0.010485652362552889,0.9900999785094572,-1.2313157490850053,0.8331067073095836,-2.360524418424289,1.0458337259768014,-1.038199560037968,-0.0743369697086573,1.0148357779103052,1.272048590924821,0.1770319249039622,0.3459191533349486,-0.8242538623902822,-0.3904139035940034,-0.7364381060941646,-0.22999625673323623,-1.8813171956342924,-1.3167384429863196,0.2998615656540159,0.8215105311343209,0.4182798748896738,-0.18196528642178586,0.5794101757933819,-0.6872110864722167,0.3894214662028542,-0.7151104836591045,0.11339730488411376,-0.6984313728054065,0.0909576617656859,-0.9184201117071433,-1.3362408400327654,-0.38872732805906846,-0.3895376592326759,0.7094948198470344,0.5326880737063685,0.6650233051159172,0.5924314624953901,-1.1071368735511542,-2.1981311590204884,0.35813320621245925,0.1549936870879974,-2.325429380667802,2.0685248561257303,-1.156254161854985,1.9565136849267628,-0.3300254643950789,1.1634661888871776,0.2714825417976554,-1.256591706331612,-2.7810658925858642,-0.17063378594846473,-1.1916726246409695,0.10002796114531791,0.7678631937058351,0.7869252555193955,-0.022583585680000323,-1.6575635431381726,1.1907164602454505,-0.18228460407217978,-1.6268142236659353,-1.259484527073395,-0.3255606423052855,1.741313140818374,-0.7209848480214174,0.2720465174197501,-0.19184389257031612,-0.4898731478655635,1.5990220227343002,-2.169490024238926,2.2762256709644895,0.6912925111894517,0.9956622970559098,-1.3284294014867373,0.29246529031399426,0.143582534729008,1.8859019865762006,-0.48715394803568207,-0.18502451346193582,-0.8525835489051536,-0.5111309517906765,-0.4858613436268795,-0.16491799748056687,-0.02394025431251663,0.18261671161531545,0.20854785739418247,0.5775979816073711,-0.6891753362532673,-0.2239497630112096,-0.13139734820300597,-2.176380353490066,-1.6399254382710602,0.3571304654826455,-0.9487587501777323,2.458998384489813,-1.0099876353158317,1.0336540128055376,0.5717505955942817,1.4937468002609997,-0.5354605124374369,1.160998349213526,-0.32098196072799506,0.2530664230442243,-1.1401898999296738,0.8929450519472724,1.412954395703807,-1.0107302939279574,-0.21344089510908226,0.8274444737393656,-0.5540727966546602,-0.19871891202046862,0.45771772151742296,-0.015220616980813714,-0.7778047844049496,1.5509283086968442,1.819614154439748,-1.8224711591689808,-0.7864127296156653,2.635610866508109,0.1488555056619642,-0.3172094936902293,-0.32107726327797803,1.2193620351950318,0.024916154823701825,0.9285532574682143,-0.6603508116704099,0.3039550861260284,0.5043649686302891,0.6790993324231838,-0.04796367521650179,-0.8893868400490188,-1.725543345505793,1.678071883623464,0.3979108769832698,0.23688721159274198,-1.4320522782488325,-0.23649729982663847,-0.014477450805334004,-2.3886003208044495,1.3914403238944517,-0.13316183984264177,0.17870305216477544,-0.27181946313154226,0.4757960644963046,0.7967415834006724,0.15853441713064012,0.9948611095423499,-0.8918899533752456,-0.48243785743165546,1.7338977825791075,0.6751059540849704,-1.119688883992529,0.43808924074920075,0.10265227313455563,-2.819277435707877,-0.047411298036526286,0.9652131256346818,-2.291826250269788,0.19991410042184246,-0.6548267312014986,0.6879786171161199,-0.4505737298636172,0.7412941812195023,1.144407263683596,-0.12602680659433796,-1.3512494813679905,0.23331439620584532,-0.03909794949067965,-0.2896319345993053,-1.4431267202880682,-2.0090728821517105,1.2233982599905366,0.2749551157014137,0.4833635988105197,-0.8092024570033726,-0.011951884124905741,-0.08683678978823502,-1.0708836392024887,0.7958857088878287,0.31946035344756746,1.2032889805982203,1.435191281335699,-0.08921503669828207,1.45257122645952,0.39761939018495096,-1.2367610661980182,0.860811784069567,2.020316854433496,0.015334880728592931,0.13482734537368907,0.8764922009814078,-0.8824498638302152,-0.15917559932950653,-0.598973683823346,-1.261574306840931,-0.303824751911409,-0.45353486844061536,3.0027540479436357,0.7902532496232839,-2.6533334939600577,1.7283094973168354,-0.0825382834545154,2.3403955025061864,-2.644410308947743,0.7641202714592604,0.6640392361913254,-2.198903626581541,1.244695509058876,-1.128901662890158,0.7702323723727438,1.2343979707735664,-0.7032059065178943,1.4074591054465677,-0.3607243008281501,0.6918602896200494,0.9446649839193774,-0.6383649808347049,0.6186818153056917,-0.4770190825838058,-2.1715071528505616,0.4193853921118933,2.4410344005737272,-0.059843794719128,1.970885351133242,1.6033273682734415,-0.7822590504340561,-0.6603629288557826,0.1598739640879131,-1.2146775072605964,2.5258547668653666,2.276829249873091,-0.6742123050384994,-0.23876207720808906,1.968478130365182,-0.018727869456064618,2.235012872855165,0.8532874976392103,2.5764701664948904,0.8934086050324979,0.8531233837489188,0.5875541364544213,-1.3706850855979633,1.1436938763385975,1.4847569809425951,-1.8740018718007625,-0.21203833667232289,0.496537665200526,-1.2373486474360496,-2.5397874996219754,1.5879738815841002,1.7082262516798015,-1.8165575187496832,1.9371226503452317,-1.791065434708615,-2.351614836630852,-0.576604918160959,0.6857464411484429,0.17362433705295952,1.4135426999563445,0.9169744853081023,0.2473103761415386,0.10484328269706816,0.1749431923877732,-0.10948944164027638,0.7080972906579607,1.4913464329854738,-0.47934126092956875,-1.8365028387343223,-1.4911219282167414,2.5974192836782293,-1.0512902144022647,-0.6847176950444654,-2.803359891983029,0.982481172739848,-0.6301437276984646,-0.671634624417586,-0.4806020463980804,0.6330259733330296,2.3314527820246504,-0.8568822087431468,0.25771165995688694,-0.091925917653429,-1.5190878267009662,-0.41039231190055603,-0.31978162062706506,0.19792115550642672,1.3286413446636154,3.393779755258382,1.176321018963365,-1.7674245021233699,1.194812867710715,-0.33648999914573485,-0.1837430214606027,-1.8266554648677822,0.9891224515798597,-0.11641753866491791,1.6156226022263591,-0.8160079830337491,0.10999523079992642,-0.6324691093591102,-0.6059728826961522,-0.39080882415052065,1.728216515746349,-0.8567378945854174,0.5346156834636038,-0.2839991198261558,-1.920614792774617,-0.9036364016872102,-0.12839007779141634,-0.7764185798533272,-0.01298786791519645,1.6958769645020864,0.7572147612491478,0.6639304393152056,0.7540943597698019,1.209986757750681,-1.5621955586168284,0.5856252846365156,0.11261563168370403,-0.08466278386877538,-0.8651742128185615,-0.38087914310354526,-0.7799176075967067,-0.14413149964502414,1.0170917993055582,-1.3424711452165272,0.2869441621651921,1.5874268323730791,-0.8181047985099417,0.23559824572001753,-1.554486563880526,0.6039784017996058,-1.344503978085796,-1.0653524942257067,0.5935909274121257,0.6505947503285902,0.24211521026854635,-1.2208677453180803,0.18707408606676063,-0.9864525195380982,-1.0567323001260145,0.1412618107749738,0.055726568321948416,-1.201106154743641,-3.019355028065963,0.6005691636197061,-1.0412697417702586,-0.22043836609548728,-1.544500589197984,-0.41670091008178406,-0.5402558496697364,-0.293392056743416,-1.5855597487550672,1.8254469042990602,0.774569637446365,-2.300415239019428,0.5806871683622535,-0.037515650831125014,0.4982028509743497,0.8362076251414173,-1.86622950291491,0.23643543176414597,1.9629443619147269,0.05916235756881049,0.8402334035782806,-2.799013046162674,1.0652618266276492,2.098858694427776,-0.18346867905748226,-0.6697245225091215,0.7259729499687695,0.7730874721158258,-0.5025676645051111,-0.8764906488991423,-0.2464848520497743,-1.0400713020607901,-2.097767811982179,-0.7351606347457825,0.13478754849515623,-1.4391999508621116,0.6554389538945631,0.6356227737999128,0.39281304461589445,-1.8542012523848657,0.6594390621235725,-0.6576939055945518,-0.9281901499653709,-0.9769504945704159,-0.9162044945210084,0.7952552990903743,1.0043194610264654,0.4129286710548544,-0.07728779201675705,0.3560600379384059,-1.714081471901451,0.3938524847881884,0.6942406225155945,1.529103178695225,-2.051105231439707,-0.5582920432498175,0.5436618423599839,0.9272702605438211,3.1880229482393005,0.0032559503910984493,0.9876431375900839,1.755399299823476,0.01886430260425398,-0.6426298391855366,0.3748069138874934,2.0176257203619037,-1.4916941320353232,2.057528560809167,-0.016364705899365103,-1.5674000565550372,-0.7398310787342463,-2.091087533486762,1.725053158685537,0.7932667207503721,-0.7927261325493326,0.7200452629683544,0.9714807351818717,-0.9136364672779118,-1.8489478171612663,-1.350669925530429,0.5803574080307584,0.9325475050493744,1.496733854346041,1.0055722363667536,-1.104901782331815,1.2317567087304868,1.053052881276247,1.6793796309962867,0.24396895082814804,0.3658689143020162,-0.6483369798807689,0.1296911797152603,-0.17650173884441764,-0.49512432962356306,1.3751665701381763,-0.9500711798614174,0.19332534387619021,0.40859530241136627,-0.024051231141245143,1.4380877727399572,-1.6002387287953204,1.9359211901481677,1.2157921317380422,-1.5675550796207711,0.08764888655489096,0.16891099707333646,1.0551677836037479,1.4626084671210433,-0.02324840363650732,0.632252601982931,-0.782353291347186,-1.06402448696946,-0.36357252604866286,-0.8098574840834998,0.812582481141801,0.3246552384503197,0.10387839277543984,0.4729027196550475,-1.5071659779227418,-0.8516689436331288,-0.7341929775204981,-0.1537975555958453,0.12400146000045455,-0.12008818510491183,0.16732903458823917,-1.6485286973751283,0.8267014777010431,0.14031847020490595,0.22825893578922832,-0.6177449817248641,0.12305255397691309,2.876567345164957,0.36225394410009704,0.9444149564239983,0.3523311616888392,0.06770704949774775,-0.7759030449360539,0.31955216672372944,0.2607023512765268,-0.9271723376477524,-2.204429748231883,-0.8261640975233142,0.3339200732808233,-0.016606992813760876,-0.6720052150286775,1.4582827026100946,-0.323088120188135,-0.9138216659899159,0.17153958955112247,-0.714211583134769,0.2900784089531382,-1.1219620482929376,-0.14273602233546936,0.8791686087225719,-0.10437451744592154,1.9416611072091876,1.2171961606036088,-0.18721246764582705,0.630837014155658,0.9243058499986831,-2.45217403809629,0.64485844455139,-1.480400063265059,-1.8632627535893458,-0.8069468826844208,-1.827678070715533,0.3437481684174714,0.8999517749171317,1.602849375359216,-0.8106750795000508,0.9164513662947872,0.7754146195993307,-1.4326523527998931,-2.816613486684463,-0.05312939533631415,-0.16403554142749047,0.0036729050561237764,-0.9447606916708097,1.179923423546364,-0.11694094133721758,2.398049103582875,-1.0941395798071047,-2.9274399440088428,0.35025682989525697,1.0760010588960132,-0.043818766967067393,-0.4940752922033626,0.615286832862171,-0.5637684664737486,0.578863190481659,0.32765329038402446,-0.26759605039406115,-1.079028306682382,-1.1416497046286966,-0.5999398584516434,-1.0854883066215457,0.07601419520189849,-0.009607393000336993,-1.3339898489490158,0.9641924992592554,0.5510442526561282,0.39064558552654205,0.9853601561201502,-0.029294838576906776,0.4606257068501476,0.26027453971379066,0.9489246986869557,0.5777966982097125,0.9010961290586924,-0.06464237487747701,-0.8124899673178624,0.47857887957239137,-0.02611097062729839,-0.7278736075201283,2.8157637209591675,0.13190243043254646,0.12400260652959536,-0.7176238559464927,-0.31833176884934095,-0.34024166159126545,1.0143932898930266,-0.949308141530772,-1.004392883803648,-2.7682680791617096,0.04102971374914021,0.8212808737873484,0.18583833283115522,-0.7125726726241889,-0.7445000872076454,0.687529816292043,2.5305544939643405,0.43722507440368236,-0.5630116572479433,1.9853443468913878,0.9937374589710379,0.49150832883933304,-0.3326829804031394,0.1927933913510258,1.033734306768977,-1.872525988028086,-1.1802268487517933,-0.5959920445573786,-0.481082407745681,-1.6922713785683088,-2.8535482443152604,-0.14163829233024788,0.551363598878869,1.1228626436059184,-0.46659556361695975,-0.17995241456612543,1.2607917673544868,0.39123444349755426,-1.6263080421178133,-1.3933717713406968,0.795229631272859,1.3506051078664285,-0.864561812788524,1.1345785076208925,-0.1759475707610752,0.1787409089378768,-1.552120809736145,-0.2558087672508619,0.5015769828056929,-2.9348839471268127,0.38866086257521093,-0.41064672970527805,0.10613290013303407,1.8209039099002726,-1.6741623721235555,-0.7061997390311585,-0.9998026293970309,0.38281773190791757,-0.2987880027733673,-0.8361090978008863,0.8584908717240161,-1.5687426806001443,-0.7558707224389354,0.6918277846104994,0.4302453327738377,1.316025320670501,0.8219228394380038,-1.3875860253040442,0.45354984156528927,-0.529444218768179,-1.9350417028061428,-0.35258188381455663,-2.2103015239935315,-0.32956714849128377,-1.619215548741119,0.6262691816793556,-1.680681054729563,2.182214849713904,-0.4573701713485026,-0.6228080366781763,-0.23925160100451365,-0.8876654180873306,-0.9081503721131703,0.7432673824670096,-1.0225978200918788,0.849675844396354,-1.3646088002367167,-3.3396139022117306,0.4667002892497485,-0.39800914270603194,1.1264673323106775,-1.1711433906499602,-0.4094533009940015,1.119042043790667,0.6125548720892706;-0.2829805361726858,2.9166694922325607,0.3926098955994287,-0.028466673472307552,0.5351233984270063,-1.9984855234183039,-0.9290270004740672,-0.12535765042252073,-3.7710858618024954,-1.4950525774565193,1.8551955943785177,-0.6387344858734947,1.628073387791463,2.086056145880142,-1.4922213871790388,0.23060244699540017;0.3557838505596056,1.7468269145267363,0.16549340128371304,-0.4054104618533637,-1.550996497218888,0.5865752840826879,0.1596951238215582,1.1114235865665125,-1.3973568845635393,0.6995994867621698,-0.5959254153940619,-2.0257236596065233,-0.6163672623958452,0.4528861489830401,-0.2583197477509296,1.1127287981431686,-0.46847966358399123,1.021577991846373,-0.9167195279384238,0.7039504369666731,-0.29921995982182115,0.94073740830221,-1.4762310050081913,-0.544598302163113,2.1356075428957126,-0.5103534099830231,1.4819046174674944,-0.3295645739504337,-1.8722759088881338,2.067652500997879,-0.9512283755996034,-1.4681033607714165,-0.24788046651481102,0.8005760220186495,1.5955960609146518,1.0146827258110567,0.9876590852527549,1.6129187944736927,-1.5964725457979896,0.37816926395290507,0.9250759469103126,0.3455549351154297,-0.4393757505567028,1.3885089389318255,-0.20354940579512212,2.3616894625899114,1.0508621453476568,0.8318704377841065,-0.29917992696722323,-0.7023718026680272,-1.0452067765162105,-0.2664269979369048,0.7809853866859602,-1.1388538709104825,-0.11780788831797692,1.5095551192490506,-0.5374663142637935,0.20941207494697067,1.218177142571803,-0.9924958442812193,-0.2648358452574019,1.4759603170616948,0.46383101982308084,-1.0534098524013569,1.5673617431233717,1.2299801342086112,0.8258103613896421,-1.952315639340084,0.37856180084358876,-0.36532781391429603,0.1610421736690501,1.8853612993266629,0.11409065609161223,0.557737819302261,-1.871778132149169,-0.3552245030185734,0.32656993879813256,0.24746853049691755,0.08081258724235318,0.5279098559851327,2.24057427709266,-1.1119963470266776,-1.54331261636439,-0.5900182672938699,-0.8321257818408997,0.560009405392184,-0.038205634105419245,-0.3959505540476817,-0.39939512899356183,0.7353271844792494,-0.542926843070453,1.8626575026950856,-0.389886524465172,-0.48018112677124514,-0.4373295875309438,-0.4604853347399417,-0.03980416208135559,1.1819100482902198,-0.5544898663418342,-0.7630927602968394,0.816878382552479,-0.09239776913915047,-1.0090518701670252,-2.2414996895675827,0.38166328614963,-0.24484828003970227,-2.4951747057748266,0.35542886159620873,0.44116559559275703,0.9796962125900043,2.193307492280246,-1.460688570125777,-0.6893924724921057,-0.19037964546066286,-1.1352009358000836,0.02436563187178467,-1.7650962673281463,1.969254000669946,0.3211870720945372,-1.414263098821418,-0.02892405137207285,-1.0468076025244506,2.211753037013634,-0.8668736793204033,-1.327047714336279,-1.0130909337377205,0.4039993911106999,-0.1819396977769027,-0.32879591336326386,-1.8170141546494285,0.5798817009252177,-1.2706233101316309,-0.7318567066007251,-0.46016937022128607,-0.725179804960853,-0.6093843393283815,0.20329887475286607,1.685630258955334,0.9922561255711643,0.048328639807142956,-0.09680291321231106,1.180485781614481,2.8635026677643047,1.890766783857964,1.2602304679185328,-0.8367099724712432,0.7131637569547971,0.6703057615560613,-0.10325111062620579,-0.326397529249199,1.0314919506250517,-0.0027484984512941638,-0.2534999026380562,-0.44323093817257864,-0.2583211260086673,0.9523112095139199,0.5989784395236738,-0.9419904345986574,-1.529623880895119,-0.9693129111276432;0.4545717863825468,1.4967030172064615,-0.07732835331556628,0.4134160706437636,-0.08028247602017768,0.749298738991737,-1.5795025128744016,1.6215997226930268,0.8494563798645757,1.904389323101213"
9,1.5499731062826523,"-1.6488691043893682,0.3283458040287141,-0.6662444421906035,0.923080759300303,1.0686258945832638,-0.12297414113591698,-0.21823629561268038,3.087518635061693,0.11420914216103506,-0.009019205829688397,-1.0064794319801815,0.9623780561856984,-0.9345767248579577,-0.34621898427395315,-0.6407823667947259,-0.6685536506198162,-1.222823410197426,1.1608122309356783,-1.7953728972503638,-1.1977045369265384,-0.053438514674074664,-0.00033219144066268247,-0.8314089735180455,-1.0362130680073902,-2.2447368268687042,-0.3043286473687775,-0.06248861233653698,0.9885709145341767,-1.336284330145997,1.5873057033516795,-1.5942308285045539,-0.8361697601759543,-2.3829404344095897,-0.4658739695700138,1.6415872998064363,-0.22802041899701408,-0.6991800702516751,-0.18263144030209805,1.5656643154052048,0.2885711355046931,0.24043624008710643,0.6230712600585306,-0.8905496634285605,2.049592222632811,1.8000092771499023,-0.5030988489152068,0.060070169569766935,-0.44365574462026397,0.34621967560293426,-0.0930280879137875,-1.5382858309082756,1.38673368111259,0.152639933740784,-0.34906779104820185,1.348284824100472,-0.8471784488960885,0.8486956292540428,1.986386243651054,-1.1621927447367277,0.3270597407201502,-0.5036772981798372,-0.5586585669003529,0.44635559400556274,1.3456417087251586,0.7561628053682947,-1.8223664428442587,-0.0812585991853507,-0.24103621489911098,1.2737603887112159,-0.7547958101883061,0.8582111822420315,0.9379896686032071,1.9855972092737686,-0.18375047627672914,0.5301183715717702,-0.8316401365004492,0.13381277351721654,1.0900425894036534,0.2060545977212282,-0.47855768261290543,-0.42450309252369167,-1.0635270207512266,0.1833179992558568,-0.8914217457792947,-0.6059934496230373,0.0857814964650938,0.5412371579378785,-0.7539573357142781,0.7481762337100306,0.7753397137075853,1.5776463997637151,0.5253621386789591,0.6265590650995725,-0.21675165061109525,-0.30941975191789284,-0.25270815061982793,-0.3015089268464955,0.8291379955692745,-0.6889323742927762,1.4916315323760647,0.8990997840691088,-0.5195803037925372,1.3946733521534533,-0.5486427622956261,0.0007559060109792737,-0.024894185440138827,0.5020909138679072,-1.0385253437364668,1.4566464092407854,0.9581465066948729,1.613853616909834,1.2319229700608665,-0.5804590689741906,-1.2766835669826369,-0.4901286257266611,0.7486097668803489,-0.1505323357015101,-0.16769546674129168,0.37955807389095614,-0.5121120318338381,-0.5498921722486592,0.2921002837491527,0.49890933242680696,1.517488747716936,0.7483954830894827,1.0333109079669958,-0.0014251111120283655,-1.483675882901819,2.231899653346174,0.13128615985713085,-1.6646310017357426,-0.30754714160991536,1.1078406218310395,-0.34699105403891284,0.5500272493725075,0.19863547309805,1.0420890944695456,-0.1468963948991543,1.982811549443885,0.3663472136584583,-1.2993106247359534,0.036614896701890755,-0.17906071989242484,-0.1533393836597907,-0.5342791567535038,1.9080925777933757,-1.8225074922001898,-1.5298330668118425,-0.5181562209546885,1.6797787739897152,-1.1345431396565413,0.19194557982008614,0.6174523661289847,0.04169217533270633,-0.15967284735460008,-1.0849936746612299,0.9721103578941386,-0.7275044843608568,0.6796907644863697,-0.056147308377718454,-0.826084008332478,-0.5640730255646037,-1.28047710824699,1.5667668119161648,0.6978042041118588,-1.2163184405154985,-0.6147780868665779,2.1711093098222745,2.4736835534747437,-0.3139530443275234,2.3155110335411346,1.8189086072179106,-1.53066661805289,0.28839849392451783,0.8975628416234486,1.2257493086975704,-0.15334018035862745,-0.29322960662963427,1.2592453119660174,0.8731378887115865,-3.1417160112052844,-0.14607262135287566,0.5399392388992076,-0.413901593561737,0.7612358961226431,1.3318356223691725,0.38257522864292837,0.9308873690358235,0.5660280329427821,-0.24399334088559013,1.1205892114945404,1.0111915053881653,0.6350422176303279,0.1723243397628665,-0.05455811037623626,0.0676159620024408,1.6026527559395791,0.1230861931932366,-0.3174484108571807,1.8035697670501372,-0.9949062031123479,-0.06728323093753305,0.23025041204867475,-0.12998396143433943,0.6569231913593246,-1.2996462234254864,-0.7964992590055884,-0.9768533117749888,0.9209590307382398,1.6118955146422793,0.1392714540670135,0.3543241019965939,-0.23876564207441825,-1.5146515241522367,-1.0826920628704664,0.17977207648324026,-1.2032516471046573,0.11086875158586869,-0.1785048481785708,0.6012294240791275,-1.3434841605957857,1.5667873520146058,-0.23083782329722066,0.0611231334614766,-0.031964774033591464,0.4668443004801732,-1.6275016275751037,1.5093407269316959,1.1574786736425877,-1.1983836419091438,-0.7348062575071076,0.21984678606184074,-1.0535044170280528,-1.1594859305622762,0.2531409760478917,0.9127552022991223,-0.11320227685375726,1.2240015281679442,-0.3776227912827429,0.2669947926115549,-1.3781953072686686,-1.0812532637258234,1.2768981222563842,-1.3470516473247083,-0.6184927196675121,0.6984272586870167,0.5400659920767321,0.9755384493863322,-0.7194373012189074,-0.09498476298869978,1.1022600455004319,-0.2373991763728383,2.3562648193068014,-0.09502375651073802,0.4615941488348143,-1.3674976624338226,0.901517071575245,0.06457120326360942,-0.9545428800062472,1.1137658037858769,-0.45201315225824856,2.087247449235966,0.11105081182893903,-0.7652279480323088,0.04024595327588596,0.3820933716198074,0.30401272484224606,-0.8521686749571735,-1.9349259587822822,-0.05879436797019995,0.17015490241622827,0.4588267385878706,-1.0226092232287296,1.4858110842401906,-0.7018360575474067,-0.29736857195054195,-1.485175072977194,0.648324457979011,-0.06642636404870522,-1.6080121577130546,1.157265595134858,-0.1242872491449748,1.4014246018416543,-0.5336426239710652,0.6002904781071008,0.9538580432510164,0.2208171118928094,-0.8405570998984012,1.9794582855019331,3.2566068241912003,-0.012400017657400505,-0.023393999636911397,1.1009515199348456,-0.9406304738450636,-0.44050204198744813,2.0113736607668287,0.8438046822638817,0.05350683656816044,-1.76331756308146,-0.052683498585627514,0.887766546284193,-0.5267569754105113,-1.6777747226463777,0.9663066501567996,0.34650720606359775,1.1054887443742056,0.22966908474783537,-1.3068526788471178,-1.3637278174466978,0.6935547242025769,0.6992476603201417,-0.58269123022585,0.8154742487979305,-0.11358171661721306,-1.4838654117656014,0.6692834833319807,-0.5310188201291745,-0.4766661507309064,0.5301917900010804,1.5536369516407706,-0.8501553149248521,1.3629725574000762,1.1081913912387518,0.17963378905882715,0.9870263305489009,0.9590266592532253,-0.06351360066369723,-1.8544929211215695,0.29674760837614855,-1.3864671268752393,0.3465016194664986,-0.13933927099212418,1.17118803646333,-0.3682137402741025,-0.9373822536942555,-0.2761118754229899,2.172892464558929,0.06832402457355782,0.21383244935144557,1.7289218574424183,-0.32061675856143784,-0.34371041723451473,-0.34244467805154405,2.2777446151930363,-2.3347172206860813,0.4684867923400918,-0.32351625951972757,0.2817786767774588,-0.1954741225963524,-0.05701201080820463,0.7924098197712606,-1.5167473037932035,-0.08992053606315384,0.9586378070308381,-0.5566522774573879,0.19880924082200363,-1.0975692919502182,0.8504149258183344,1.0009969539693777,2.2557595671224404,-1.6612837956364574,0.07293303036559892,0.8715050686682164,-0.25260766642343613,-2.1885607987239606,0.23144477246741232,0.8884751323379286,0.2933697713103288,-0.3556422325050076,0.27284098624897063,0.22641509552318123,-0.3134598760152321,1.2283571799618398,0.05672286047899926,-0.8769840709131903,-1.2278320102542388,-0.5805496020894951,-1.6951431847691887,0.9642591976615245,-0.6333093692879863,0.4041592570309992,1.1962464448332173,-0.26008985345124164,-1.685448152722383,-0.792821836310775,0.8189212122109756,0.05588716884268505,1.4961475083126228,0.025795241776831086,0.9678721680442413,0.9495753891864944,-0.3630291336027352,0.2508738459955239,-1.168594121597777,-1.2403875819454802,-0.5368108379053849,-0.4849896957296396,0.512758074501791,0.5867253233972003,-0.7532867511163841,0.7115118325836244,2.2963051674413983,-1.8499473186274837,0.27696642942560645,0.16632130545452958,0.20545515937515657,0.10490102328097677,0.11604328465330303,-0.25186177385134145,-2.2253147754194247,1.9490167048992932,-1.9843914637767788,3.5390632649642613,0.28016644731628937,1.515495690068419,0.09489922052246416,-1.3104282725261263,-0.8583754973438276,-0.784003991962418,-0.5875277073745261,2.4320530840997976,-1.5239541534416599,0.4963064460619379,-1.7393218956933358,-0.7479165163282662,0.29913942574318525,-2.9066160685302553,-0.11064450883974553,-0.4330744821409467,-0.4178237253508048,0.8574194533623838,-0.7105868877419864,2.0024640612015125,0.697267776899771,-0.17559196817953837,-2.9995369392345177,1.4389528787415877,0.6101280289549093,2.106740089268291,-0.6911208224162925,-0.5175871780170992,-2.348762014062446,-0.9555070583036483,-0.4213149035104303,0.032246083424053815,0.48919643398730295,-0.45341183632216686,0.41621412031241717,-1.3661867646794377,1.0789015581655075,0.8529138178865895,-0.930681256339023,0.07496925769486332,-1.7741510260062592,1.016670972831901,-0.2390158486388959,-1.1488316293635095,-0.5239677244783915,-0.10776596333415794,0.17485968744612357,0.7966554592203177,-1.8734622054750378,0.22590750540116109,-0.029832079361428704,-0.7291027756908639,0.8895443787909387,-0.3340415788501324,0.24678798079902942,-0.8536023057090948,2.3435181726958816,-0.2621269472915694,-0.11307489022359843,-1.4205261227197672,-0.4955418792174646,-0.21687312297857803,1.439488109915585,0.9224574834557164,0.08386097120398209,-0.6197855558966645,-1.3148670107951772,-2.132525636483471,-0.0687150911540362,1.5192162865717922,-0.9877569828783819,0.055239113382033626,-1.830727826108906,-0.9999636086480636,-0.16490839518723022,-2.1605586820693388,0.6839499747967365,0.27065678370528695,0.2873094673848371,1.1808899845209804,-0.6315458894716044,-1.453253822678091,0.7513408676295696,0.896828716179394,-1.5806734991710374,1.2730345018471478,-2.5303924405426734,-0.18961560333289754,1.1767001623272828,-1.1664156456006785,0.21502995476244346,-1.9043506059133806,1.4403126133821254,-1.4480066992231448,-0.08681877702833228,0.6383305767816037,1.3178175829355525,0.14937967092223348,0.37773187183659396,-0.7772629169169922,-0.6884694362520055,-1.0427791144026508,0.010752097150859785,-2.343394055277475,-1.2133004825998186,0.19637542793771892,0.6578195188267317,0.7425012239522495,-0.07295159503887377,1.1093707029538968,-0.6296539915783814,0.5324770777473269,-0.5006920260882428,0.1306052027939203,-1.373957332147831,-0.06646224606362111,-0.823236946674407,-1.45965835054701,-0.3109680901564507,-0.07148952021735674,0.5215478430585638,0.36981011856652257,0.7587084054215963,0.5843247769693736,-1.1869275224449407,-2.0350121827339165,0.24271091100900416,0.4803715196108969,-2.4106312418886766,1.7022066234208737,-1.4336173636519016,2.288430624774971,-0.4754403243270207,0.9031304773141494,0.5614971223357722,-1.6071296900565082,-2.840224790147192,0.11925289912910995,-0.957509689855925,0.16632508502058257,0.989810383912193,0.7860687304594558,-0.2078887553202358,-0.9418127704137224,1.4007426695984126,-0.2842605960282769,-1.4486101637387976,-1.0526075833539439,-0.2013404770026601,1.9040886350561372,-0.47687193588469623,0.2739178460233036,-0.08509293696107065,-0.4516675224357818,1.1938469653984265,-2.154306805090697,2.2895376227241333,0.42026338286434106,1.1489169276413815,-1.3390615646981106,0.21309753139192383,0.145964018690048,1.7706778861455401,-0.34615690454634895,-0.03265658955924744,-0.8330261523190973,-0.6708170576226139,-0.39376148936375804,-0.23062909613916444,0.3111787182645332,0.09806397435007622,0.24781550992647178,0.7174672454209754,-0.4698176571233872,-0.38844931636880625,-0.29464740615727664,-2.1908457730520112,-1.3606461640796261,0.25193480814071906,-1.027909104826674,2.513031739650354,-0.7944553144565192,0.9085401309976823,0.6169655902441188,1.5062097681125888,-0.4077603886304883,1.0522277886032332,-0.09120979512200408,0.7655073548575432,-0.7647979558793505,1.0224569463676108,1.1504097348517388,-1.1558422413327027,-0.06971386576926644,0.938993177788202,-0.5753745886450324,-0.06957832788707172,0.42996084085175024,0.15168605277290392,-0.47170264298839043,1.5953367441758846,1.9255339288509212,-2.1879929120645363,-0.7545150001420088,2.9559777777258303,-0.061794377278610424,-0.47062007558820235,-0.18300555105683705,0.6860459913800776,-0.3576503133528668,1.6701542494154853,-0.9616472663957973,0.2938399491190069,0.18786870857878749,0.6696151938176819,-0.04033417305315544,-0.6421450855748462,-1.8888517598328998,1.6043186602000048,0.3079028437580679,0.2812829235637707,-1.578358602237731,-0.28056427761567715,-0.14074037790473093,-2.1390330607140853,1.4894335958330551,-0.11394875521039141,0.44013212056643036,-0.3665050945291931,0.7358290371481506,0.9206114804873214,-0.036364401091010246,0.72273554924924,-1.067493752874021,-0.6152810407853321,1.9491202091430302,0.8725111853043478,-0.771382665527984,0.5347130970946693,0.4052261528681443,-2.6036257959323605,0.3431729318778709,0.9336037290696634,-2.023755740144711,0.24508788830169867,-1.0884005713832103,0.5444272722259262,-0.7228448549870108,0.6996535732230862,0.5515027538828992,-0.24287834760478996,-1.2359768361789523,0.3188707119384271,0.16394636703476445,-0.4479568313900446,-1.3963313948213558,-1.6882603683558797,1.2473643652284159,0.7623816811027351,0.510671832711336,-0.546668230519168,-0.04191528597817416,-0.078117059688883,-1.3225686375743597,0.8355765070393348,-0.03500309446258079,0.9845378706302584,1.209434456101368,-0.23973285290101842,1.5067997644588849,0.37566530584404995,-1.596622452351882,0.8711690810545663,2.708168530270842,0.04876057631902243,-0.02557427016928028,0.9965510001704807,-1.1147559395488513,0.004464812097407567,-0.5880698624373739,-1.0318898509698138,0.07998121257616682,-0.4033646574395478,2.8120928845162148,0.9582948216893216,-2.4381321790636497,2.031886427032233,-0.19075570514661017,2.071799621690691,-2.529525571982819,0.5818476724516873,0.24505709164719433,-2.361592986989166,1.4534501183809065,-0.7965637764134749,0.5183267647742639,1.1715500993131847,-0.634182187569351,1.7924807295287177,-0.489130676501894,0.5211182468495711,1.1019090144349037,-0.5054958762177538,0.3608290789412641,-0.636038160972573,-2.031659008912239,0.48527908841191,2.1385222956937104,0.1778863286041109,1.87104848692804,1.5584439928059366,-1.1542631856701668,-0.4931559748266043,-0.27190685019644334,-1.2487561298232768,2.0974548079136137,2.5187693952128867,-0.49506897140952216,-0.39796579838002016,1.914447121771229,0.051541539841320386,2.1687884975902896,0.7585556635207134,2.648060398349095,0.5315579546243733,0.7031911036344323,0.6467155558346225,-1.1162601223763358,0.8078428886535253,1.6357050686646226,-1.85078552417069,0.10308181715602599,0.23612613760349077,-1.3152178128229153,-2.5305978371760665,1.3874827748801264,1.29752678562958,-1.5064481810259072,1.3623095956513591,-1.6346655552806155,-1.9147942894983279,-0.6315203818434421,0.8427061358518397,0.4439462006650532,1.5350828240592862,1.4847098345446612,0.08656560844167134,0.24207647273878763,-0.2519746017083945,0.05821054608927778,0.758045847235985,1.3825223689484472,-0.10423182423386715,-1.9860695182836123,-1.3341086543607172,2.7220255402358307,-1.402608027326022,-0.6772929466903805,-2.7143729317838243,1.1038232321074681,-0.4487319352518609,-0.45616913353645255,-0.033925865034849234,0.2968454485233166,1.910193604051997,-0.9178368708658844,-0.04558199171515212,-0.010898375296621854,-1.4626096938161672,-0.587265315150688,-0.37041183408050177,0.25856420874210817,1.3250629671169523,3.512996169005788,1.3142939962716844,-1.4387085814078473,1.372063404301619,-0.8871800390040079,0.10476332954103576,-1.7817000875815894,0.9081441613541926,-0.06607057546002179,1.788517570349242,-0.542776710888693,0.3984762010566362,-0.7282397713381278,-0.3509126037847967,-0.3907112172447138,2.1639560614835913,-0.6327230214542684,0.6456928478117072,-0.3311746486751067,-1.639516973974496,-0.9061665694091546,-0.41116118989528505,-1.0430470293973726,-0.32078865800206213,1.2550200017437225,0.9002170665978881,0.33690598265939703,0.9739189995650611,1.9065158803607876,-1.8289923154799061,0.8896909406456812,-0.1428204500353748,-0.6106079930246315,-0.6441014625036942,-0.29319212982161713,-0.7633175388897842,-0.08846135552484306,1.0073084617978572,-0.9158768237569463,0.38814693847449766,1.8037052628867098,-0.9035763876458416,-0.15909226321579367,-1.5659493794780706,0.5108149000301249,-1.1006517390865282,-0.9588818978933832,0.3807564223245602,0.6413901535489296,0.26557471489074347,-1.0234867960601897,-0.08470824575441252,-0.8399219902735072,-0.8941959571122641,-0.3628961796442549,-0.1064315788629973,-1.1753519397237024,-3.0231431579975894,0.8457200183829711,-1.0787504448213423,-0.13117109508815664,-1.6553537345055622,-0.3222825293034327,-0.5384107069434187,-0.47460832173835854,-1.796941162122494,1.3615986663400121,0.7162338434564872,-2.1729861711703977,0.4197209730233907,-0.21612508079479653,0.263466963677886,0.7749285283907456,-1.9378316270004483,0.12302963108113277,2.2439619530676405,-0.25607538682166164,0.5643884437179755,-3.101122529862359,1.3334676568384871,2.009924219572953,-0.26171913105975897,-0.8272588099969524,0.8374133399646094,0.5242399362829735,-1.0497126592880366,-1.1254378159927698,-0.3322042119748214,-1.1609984874163428,-1.8963545178881824,-0.7209249003139219,0.17735470107455079,-1.384266922357411,1.0009886506274641,0.5533451089781427,-0.05427777921962576,-1.5399568480993198,0.7241898072167339,-0.7300771202851819,-0.5474423746838636,-0.6645090912129612,-0.6773981352012524,0.8152480453475466,0.8492033172922365,0.45340649510646874,0.3964748840947889,0.7188998883814901,-1.2092958756859777,0.05257722979625745,1.1661717532002194,1.299936145311153,-1.8945922726807283,-0.4343722502000199,0.5153815628740247,0.9245868027898277,2.8267124413519946,-0.2394820817975965,0.9361037695252905,1.6948076460108439,0.008166989365131938,-0.12249295079548762,0.605140775635899,1.8461645153454591,-1.4816473823420084,2.21181557176684,-0.05143652070016432,-1.3616311751065766,-1.345186772022368,-1.853918644797613,1.1762157536353754,1.0938875861390245,-0.7708069678897914,0.5107831043673051,0.7422425813165597,-0.8568599706379063,-1.9955086632515882,-1.0733465063210257,0.657215087932479,0.7580228694782927,1.103800705922491,0.7650288106863998,-1.3348887504020088,1.0866396004659524,0.7471442335633914,1.764672730353494,0.34715094172605754,-0.010460417444706882,-0.7050953601732208,0.19251901644396993,-0.4214853104168617,-0.7447093292745983,1.6905988369373062,-0.7081128400677437,0.26697694595317367,0.5302281677894788,0.24165862377125769,1.2616322860808034,-1.608394944386049,1.8963608576840587,1.2186702529269375,-1.3892139791828502,-0.2910175348579884,0.34129969104720165,0.9086349123452457,1.6591317765294091,-0.10689590311813088,0.7128512850596068,-0.9058945768965498,-0.9902553562111442,-0.4573516165891642,-0.8913832291069113,0.7872685469408024,0.4210158287084813,0.3316719061133775,-0.05250912876372185,-1.5423600698618056,-0.9331233544550416,-0.6168556437414819,-0.022640154607605156,0.43887155642077086,-0.05390861357831254,0.1447257733752,-1.4275914776850214,0.5908623465845873,0.3410961035875246,0.0891178345549542,-0.5095711398240538,0.004966264244352647,2.6021990771263233,0.6868650287892593,0.9088808142607884,0.03582763686234202,0.07453258840894336,-0.9267632716297218,0.08951623661216113,0.40372068419157836,-0.9498824313119998,-2.60953421179014,-0.5435135542424466,-0.06633879866270576,0.1712440544545944,-0.9762683898626346,1.4865362889259428,0.008248917152211585,-0.914833258997809,0.062357262918945874,-0.7482537992544136,0.46419066046409696,-1.1259453483322504,0.11070204047059265,1.0535775953842677,-0.5114291801669266,1.8707481061100584,1.3278929845445062,0.04693093251237489,0.2992598519630397,0.8370388343902626,-1.6734821942351754,1.0350711967518742,-1.9364383716296716,-1.7891265023723892,-0.8181537506367526,-2.007592377733885,0.31380557486690097,0.8908577126044693,1.55806052451764,-1.0416122232931573,0.9548773346823457,0.5055300713314863,-1.637814342707162,-3.4034735578921267,0.0550628427605092,-0.14962937690242195,-0.11267780725163201,-0.41563278827616335,1.0002235213443011,0.021198561840253136,2.029153124692257,-1.2078616973220484,-3.473113808491357,0.22297213808974664,1.1071424905605127,0.17775010066838612,-0.5254438650956946,0.8336106554723894,-0.5750121762700854,0.24268671056030328,0.5934959726100795,-0.2516645307414476,-1.3357191397828385,-0.8961418217391794,-0.5248242717775926,-0.6211477463034367,0.19439780684074387,0.0041957758497346564,-1.5308367951179742,1.075515807372386,0.5396765769079632,0.29602121369375817,1.1257150837336576,-0.260175572169514,0.8226821046753974,0.4281532592522475,0.8485639352267603,0.2259862942291027,0.41808032937111467,-0.5541397440582423,-0.4619102619835079,0.41136538588752347,0.12691483102794904,-0.704410816612455,2.539822348634627,-0.15806063052992395,-0.3082605048245807,-0.7455217064738645,0.13685615779185517,-0.45255623632408626,1.2073316772210694,-0.7455641588704528,-1.306190001662986,-2.8833983321904597,-0.1450208661491243,1.2266224020617662,0.5425072230321918,-0.7935439687957772,-1.2568761524188263,0.5460563573846265,2.6673198239822136,0.21843798195188224,-0.13521927261367067,2.106885595774678,0.8572259943091124,-0.0695373843769122,-0.10912224901742162,0.4770387164235524,0.5443190387450796,-1.8993580564675274,-0.6082248577122372,-0.5019775158129849,-0.8640417038631819,-1.897699853025917,-2.6904295961989293,-0.07675505937061917,0.5618868743930718,0.7823671659149023,-0.36440815157829676,-0.37328757097250626,1.0201397501882894,0.6274378866132995,-1.121457560978196,-1.1362465170131726,0.9258401776520149,1.6306676203065589,-0.9214785477978144,1.1472157724960927,-0.08679683222671344,0.2125922722776871,-1.2815254799717462,-0.7015180513454188,0.43238240433455793,-3.116906160115226,0.40291177824981217,-0.35125029071068903,-0.42395801381047715,1.4808331731139697,-1.616966928423719,-0.8742161075911359,-1.173957263686022,0.5301960946109779,-0.2779478769949829,-0.5180038768048517,0.5579184282631902,-1.2616950109919371,-0.5137390996508779,0.9952895031079751,0.7433633503155734,1.2608733070480058,0.8154870696329588,-1.3352440839903943,0.4092560118818956,-0.36907440656376084,-2.0096539668444966,-0.040796790087173455,-2.146072073853056,-0.4611702545860811,-1.61643353562233,0.8688396952049025,-2.176631164716324,1.677405977410539,-0.5160155224610818,-0.38883180209490836,0.10070530501960823,-0.6762567053213128,-0.9978072251970657,0.7686737465570099,-0.7033189075432089,0.9539297504980842,-1.6164153545841315,-3.22082022896399,0.7200441201744705,-0.04802328792907256,1.296495233478119,-1.1083083625011125,-0.7496353020347827,1.3044371789857974,0.36861037723532153;-0.5480433159542751,2.5707632310099653,0.9719144695345865,-0.34568304232711955,0.561822714014333,-1.8204975193404767,-0.7431955633853048,-0.41155587577068914,-4.012272889786653,-1.5273027752462405,2.031925441099024,-0.5479677896613785,1.6900737917287414,1.6624730614305885,-1.201977475412428,0.4027607639454207;0.6066432016605812,1.724265039684858,0.07424660822985835,-0.1899901312744262,-1.5783610530000451,0.38977096233071407,0.38432573521678265,1.2947508622852464,-1.3150353468016662,0.5942723255069525,-0.7319928997330756,-2.6523844664456684,-0.3009114500120822,0.5474815614258941,-0.38983729911774034,0.961365561419987,-0.6178948254627935,0.9254599852225361,-0.6893061072426435,0.5483404613720182,-0.6450189347005104,0.7364093148360207,-1.4130925306106228,-0.3363500273531802,2.250457201255022,-0.5763780612257297,1.457442981793703,-0.5205249463200219,-1.7417053272501528,1.8105969950769272,-0.48459236052154425,-1.539312499825491,-0.03966908485879174,0.6842180139801284,1.7149366368946595,1.287759041545601,0.6916779482776702,1.667387559766798,-1.687877224212679,0.5547727546190471,1.3932119229899809,0.21144706197370075,-0.3866574605378532,1.3468807738676591,-0.1763417323334474,2.2283418613350134,1.2285535097612006,0.5697251137085108,-0.6979325808304472,-0.5193745336220296,-1.0477129735250275,-0.05413306581410239,0.61147559238101,-1.1045720377400956,-0.21518626298590837,1.4879042241042582,-0.6714465478253472,0.1617624133005,1.243626978222624,-1.4044208558547495,0.025923986674567794,1.7028727238622372,0.7116751268652227,-1.0115693289766765,1.8332178291974282,1.0518942344577822,0.5578968982508241,-2.056784725915823,0.5045514336476018,-0.32632794151534117,0.08396534481562577,1.9938626981365195,-0.3745786010899801,0.6326554892740486,-1.9144766001008386,-0.300492497476868,0.3746601773873947,0.10596307336008429,-0.5734615671219461,0.21546800056025434,2.1738607446879845,-1.2609572329499674,-1.4765568397021291,-0.9921573364690135,-0.9492852311097424,0.7175890916692412,-0.10075796438774995,-0.3493678571995392,-0.00998065459126632,0.9530190192642191,-0.7140061501869801,1.6453540559093982,-0.16754847036186996,-0.46183292666981207,-0.26158254007219695,-0.14793003639233285,-0.4590421275891755,1.5834221907180823,-0.26656172717275134,-0.9973305799202045,0.7079886855699316,0.12991339991929968,-0.8907967886248702,-2.58660148971953,0.6897106290977223,-0.15113677944823994,-2.16270223783748,0.31586371353801984,0.4080755318569214,0.9326589600502733,2.3779306285424173,-1.849837587593099,-0.31741557380430807,-0.2808549222954861,-1.414191189845968,-0.10478378771313869,-1.8246669571510847,1.920515373783857,0.10220435660661158,-1.2207852763387312,-0.34318624499446554,-1.1708545697449713,2.297994152755866,-1.1093738036313654,-1.4916453184945344,-1.3014101680369032,0.2047449860750317,-0.31399579073397066,-0.1381177945003821,-1.7243225384034753,0.6902387914909047,-1.338595028536629,-0.5436938960034661,-0.569017332246504,-1.0008343661374788,-0.842818505444646,0.33044959697512566,1.8202854719415162,1.128166006204044,0.3418834333053056,-0.004285029727147227,1.4345583734715142,2.8471754318768987,1.4919382420578138,0.9198133601680972,-0.5408997429066229,0.35924222784713405,0.3581190479668224,0.03483433041226355,-0.29086278334746274,0.8987643690425728,-0.28757402831800316,-0.3752943706541542,-0.7075594938952007,-0.08453151364800411,0.8476417965434705,0.45693123700247185,-0.9024988006742194,-1.3745681571155774,-0.7521489885909491;0.4812582050698958,0.8061479419050481,-0.04896464665421556,0.31947087956931014,-0.23777623733266784,0.7348097206128936,-1.833426380050052,1.3607039940623449,0.6734888971723251,1.950696656834054"
10,1.5273871623174993,"-1.7200403735632845,0.20956068371439895,-0.9682927011016417,1.0944795650106567,1.031336286867358,-0.2983075832349864,-0.21340212814184462,3.082191624450832,0.17354283639611068,-0.18438199385608556,-1.0216413522300711,1.0877756746602933,-0.8734721294213843,-0.45377500437457674,-0.5538855423813716,-0.6991546952464739,-1.2739367203174337,1.3632626413018891,-1.8092766352224325,-1.1845229251516305,-0.04043400234698964,-0.018986328009290756,-0.5258463235791928,-1.1901385795695198,-2.200004578932672,-0.3727810878497968,-0.10773510188660805,0.840611536418005,-1.2750762752721412,1.4565807229558156,-1.5281307655533416,-0.7973427186581002,-2.233075485648817,-0.33465440869903845,1.5441787117518653,-0.1324661675893151,-0.8167060754209617,-0.223244597530043,1.5882184160374502,0.4447903520403371,0.3031233396021267,0.5130143932396891,-0.8868338308641944,1.9339071178219023,1.7783297615747056,-0.3078065202677499,-0.2488364454822479,-0.4092861759420953,0.3070216318743092,-0.03620155334001499,-1.6170487351957026,1.3639787225658608,0.23064335929719348,-0.4282684015510149,1.3511266611191848,-0.8040520117511828,0.9677251850444526,1.8987059262665593,-0.9891598221803668,0.33635429608188,-0.36205030452713394,-0.533105329766986,0.4818966999657624,1.4748500143940886,0.6496606675469225,-1.9422331734323202,-0.06749004263889131,-0.25104431151917606,1.4834043781970303,-0.8610292610579525,0.7060152117359902,0.9591489472368797,2.127098028925781,-0.15755472930067063,0.4723070974938385,-0.7353258744604761,0.0922321289144811,1.0183987361889197,0.1160640112234019,-0.43551347049482414,-0.4266036647090801,-1.0023050999603023,0.1707176865339759,-0.9064457299585389,-0.6167851036887574,0.07262157173111893,0.7225076397658715,-0.8339312860830277,0.8089962449460145,0.7608862336866835,1.4859268828505017,0.5583219630554547,0.5364275606082481,-0.2861498165193481,-0.435883990118739,-0.23924656336928082,-0.2584732881788723,0.6692760400363519,-0.82125501895467,1.4499405641128393,1.009524776144028,-0.4020949696603061,1.5993297286469579,-0.5942841403213587,0.08421734286189139,-0.06765599424724891,0.488475984312167,-0.9997336139831237,1.4270971132176329,0.9682875540266718,1.5737908367555007,1.1990594106234445,-0.570379298391789,-1.3387985939589082,-0.41262443520928066,0.8367632028852295,-0.042352000357619685,-0.11698597078758943,0.37231204593720724,-0.5910173504540255,-0.5628423155387153,0.38605827886989463,0.5015306961308202,1.542248411344631,0.780674950902927,1.1476185665272807,-0.07690542835395527,-1.5569370835269658,2.1599876520744283,0.18101111436902778,-1.4999864829031575,-0.434628407186187,1.1376677269185873,-0.39502259689891783,0.48526254504447774,0.218347611929528,0.8911301815729107,-0.07409019415746651,1.9011641798528283,0.14734380325524316,-1.2255782079471198,0.058098593649553706,-0.2349305980276813,-0.26303421421555473,-0.4967828034552205,1.8075173802331488,-1.959650871773827,-1.353766439567353,-0.32986932460787777,1.5802056940013014,-1.1532263983671835,0.15808756803939158,0.6707951490726853,-0.08794678837851416,-0.16943673387216834,-0.9702220132921615,1.0407141937784012,-0.8780195143833432,0.654694854022297,0.04810520442890057,-0.7255891131969003,-0.5632045868774557,-1.3697665246994737,1.6767020171639124,0.8140672426358038,-1.2270063073578303,-0.5798722359980436,2.1776781522766084,2.3996927194839164,-0.3619260913236022,2.2603815898619666,1.6255881571466047,-1.4300333690934945,0.3408689950836118,0.9544255212520883,1.1876506170780154,-0.17541189785284902,-0.27308083385527676,1.2666868286079294,0.8455780726648142,-3.2951506904188306,-0.19614837820307376,0.48001911464688907,-0.4908556139142155,0.7070871285030136,1.3809557314671346,0.4044783253236136,0.9617417904676987,0.5820901516775544,-0.2574241005419843,1.1570953182065855,0.9258252130816869,0.7986417472314519,0.15124500221363069,-0.05801608998367999,0.0349967169434113,1.6431735746114162,0.052187918596843186,-0.40328613468381036,1.845681331671255,-0.9438393795591331,-0.2319754094110464,0.2167971673536829,-0.034651635106846865,0.6865439822409561,-1.2157405259734573,-0.8378695292711207,-0.8105209250210009,1.0798434735355265,1.6563176959512138,0.24991236291613525,0.4826936204283155,-0.028950029343242534,-1.4171585541533203,-1.127079641566425,0.1843245021947772,-1.0569670129496411,0.18543767198791525,-0.3273753859238269,0.5881682142302193,-1.3736419142013088,1.6028308078841529,-0.14175882554010905,0.042921180397396425,0.07163239704088001,0.48901364207738063,-1.6614361764488261,1.6386534854047157,1.092082884648339,-1.1781845115291463,-0.7376610968531824,0.565348633687657,-1.0760391382122347,-0.9518366130819913,0.09959513539280748,0.9093084755125224,-0.21089862235387274,1.2366142175981496,-0.1665890108014673,0.45849346040049527,-1.380006785153363,-1.0864896171152019,1.1989385639708057,-1.43164320110817,-0.5654784759987829,0.6047261237388081,0.662930261053474,1.0038633985812786,-0.7095658770929538,-0.08827864325581189,0.9108908042988454,-0.10983782517941934,2.3396771245857875,0.10831155415872473,0.369926644705844,-1.3182857839369349,0.8646676757789633,-0.026483721806464633,-0.7999066554848765,1.236755938556021,-0.44819609895765067,2.148530756397471,0.1918466075324579,-0.6935117471925789,0.000709442871691536,0.22672093618670547,0.24440578846836175,-0.82183192249649,-2.089908559390044,-0.04982548694518087,0.29717227402272206,0.21961228085972015,-1.0024781576552253,1.3843503347456612,-0.6536844062017391,-0.2615088896441788,-1.4097189520124538,0.6567167430878904,-0.007965986004226253,-1.7651085083601643,1.0879165388397414,-0.05320615512449435,1.5189557390300348,-0.541263728038827,0.5333373507092338,1.0716348392479018,0.34704561965703157,-0.8753234142247667,2.0750671822132887,3.1600035757172513,-0.2426651088353703,0.1887200503227735,0.8851113912275398,-0.8591404902901504,-0.5816297259165127,1.957120611376899,0.8573931091758048,0.2370382557654471,-1.9941568342610154,-0.13887581445810154,0.8364358533047616,-0.40773224580957684,-1.5685572287062053,0.9431561141760522,0.3081390328092791,1.0048272587273936,0.20610503729419577,-1.3810032747620404,-1.3393614182404774,0.7882670229141366,0.6440715854640644,-0.5543672953467873,0.7831852037766831,-0.04790485811754021,-1.5396945644385123,0.7036795030539842,-0.4431546311489811,-0.4296027164162801,0.6707744639503526,1.4666037795712314,-1.0459535103207802,1.464235746723219,1.3171042466612772,0.09360381862473094,0.9978892402762923,1.013141174455738,-0.2530561765470006,-1.9788141492406006,0.3430245707226947,-1.289832415240224,0.2821867925964079,-0.2578275164762026,1.2635185249908811,-0.42005185856190835,-0.9016041088084511,-0.2657572883492982,2.229410266219311,0.055425556332249104,0.40835662068520917,1.731034799933111,-0.1564725662356982,-0.3641709697750577,-0.36239777971955606,2.457271323834833,-2.462212240151172,0.5168779027248961,-0.2616012748912178,0.4236643546464604,-0.21860095547772598,-0.019072824998442074,0.9096972886931041,-1.5412978719916188,-0.1511863648639178,0.9913571859780511,-0.6600582948059153,0.17248197929229533,-0.9648599630548403,0.892925425131569,1.0832179832137274,2.1683297170294944,-1.6858639154789994,-0.03867879707374164,0.669584447048033,-0.1221589199037684,-2.284669977121895,0.09307469476453689,0.9003488621306881,0.25552882675556976,-0.3699959822828784,0.12108312627242218,0.2848632298125361,-0.3165616114803052,1.0344591077309406,-0.0396184015160443,-0.9144124259921862,-1.0836576139461702,-0.6842466797851733,-1.5794252174361851,0.8345270480941623,-0.520077369327488,0.3971633535274104,1.216321862961993,-0.4310085707554021,-1.7469245134311522,-0.7752272726264571,1.0176266506441805,0.11182972597642829,1.476663928995261,0.04723377824768113,1.0059097599949816,0.9621074819395165,-0.3648324369521295,0.2559556873065463,-1.4259740999377934,-1.270400122593983,-0.600478781537232,-0.5592900729591264,0.4772872194302431,0.5457260929057979,-0.7322742251188704,0.6201930392989962,2.4150591381744744,-1.9727777479038218,0.26903046233167527,0.04669262046649389,0.12378356724725517,0.24825652224723027,0.1989740013735023,-0.23645556983535737,-2.324300873107452,2.006908688622262,-1.8294050471065253,3.471676929885027,0.24226924099788008,1.3536664190519758,0.14238411618261476,-1.3680087714016147,-0.8974775354208646,-0.6444140359131296,-0.6445018693240072,2.421835192104049,-1.4467702770651325,0.4280820066295799,-1.7004611735913562,-0.8052127886577237,0.3296704596011646,-2.781736752463136,-0.15762778044120132,-0.4381213327350605,-0.33925184670401026,0.8764694630949013,-0.7245701995412044,2.092452244084586,0.7280046822380632,-0.0369755808978042,-2.994118453429167,1.4929441318497525,0.5524157154007384,2.1184224012268524,-0.6677563823592289,-0.4577645260900417,-2.2209688442723667,-0.9667394627138491,-0.5226502958330024,-0.000899229087116829,0.44773944183844416,-0.3990794276709776,0.570260692236594,-1.501853926373013,0.9047565645662968,0.744606326326228,-0.9444259370405059,0.26768966671710576,-1.719547074125395,1.1309252167692165,-0.29690242233079434,-1.1532981008825576,-0.54421961964223,-0.15637498308958248,0.23423066927951022,0.80387582364527,-1.8046788629747768,0.3640750721356072,-0.08708606749347836,-0.6467776904569921,1.024377849266787,-0.38452749062990754,0.23204708274978647,-0.7939094213348988,2.2986726777426525,-0.28636250347747166,-0.14374629342470896,-1.4115782535740031,-0.5873228161009538,-0.18714480512618978,1.3742095826220222,0.9700489371245882,0.017924717423615774,-0.7107722919001374,-1.2745501622428121,-1.9715710247677618,0.04727308119773574,1.5576577090355335,-0.9216509696953256,0.05115910315854703,-1.9093688689767367,-0.9889155797970911,-0.2820978090440957,-2.144583598461431,0.6294796928312417,0.35309008790613394,0.23267583194151312,1.0138349106723066,-0.7040205760279088,-1.2983021581163077,0.9178278606876827,0.8903479670267413,-1.5478118465294575,1.3645732763878713,-2.52045534078571,-0.29503286819824115,1.3599112677843561,-1.2052728822999788,0.2988288361852912,-2.0740181591708216,1.558796041085175,-1.403747317730648,-0.14318286933361596,0.6638561381206513,1.3817862661826399,0.1279740361130698,0.5353145869177174,-1.0090782550826471,-0.823619249828039,-0.9705985949725793,0.0735163649898855,-2.363900628029275,-1.1347849310069662,0.13918800031173775,0.7898488548437321,0.8043159510601344,0.03093261063806446,1.1314448759053295,-0.5063435857996889,0.6199849435078912,-0.5266999828839432,0.17986614763668818,-1.5045991346766834,-0.12593412836557893,-0.8267774152234934,-1.4844710197864668,-0.30569007340052984,-0.04253412707103093,0.5666064574958461,0.33286774630463717,0.675238431672506,0.5267556090700389,-1.1696246776020365,-1.9961130427896148,0.2815730604032094,0.3987741384602899,-2.340425823652047,1.636852278011447,-1.2917587473631886,2.408397177742072,-0.401711288177931,0.8325630850095183,0.49079291971234185,-1.498340969224868,-2.8993125412351954,-0.015446384253321385,-0.782519805367889,0.10844870596493467,1.0653622539454937,0.817178954269848,-0.048452040901372895,-0.9786682465171955,1.3750762862569241,-0.12099665093906933,-1.468587254650917,-0.9969312036169367,-0.3663345436708378,1.7950995808245618,-0.6338731947966206,0.3665498070170059,-0.0797071010820947,-0.45627648904686946,1.1179275425991162,-2.1759798974226348,2.198012141616821,0.41618886361434376,1.0516264622955767,-1.1979169702757466,0.13294606128168218,0.1840391633350315,1.8685791010544537,-0.20682794310797065,0.06354666372208076,-0.7913764654859804,-0.6063416194004431,-0.4774262501574751,-0.1186410819366693,0.22309290910193041,0.09201042204241065,0.07650383634892785,0.903161930001948,-0.3750581927886407,-0.411423905646436,-0.2237096642192602,-2.293030627407664,-1.4331301834932748,0.13592247113078892,-0.9857688335718748,2.5111983366548154,-0.8675974141605696,0.913984180021622,0.4890761597205605,1.7349596930369615,-0.36440517653580967,0.9666023097427026,-0.17820650059104634,0.8755386553866051,-0.686319672003393,1.04482197214837,1.0276427489844282,-1.219861250117062,-0.1013689328187963,1.006516733538584,-0.5394037359634233,-0.06834440330219703,0.37989183066713383,0.09665740973077562,-0.5956431171590753,1.756028565123873,1.9670691747442448,-2.183060827485168,-0.7131150908362661,2.9020672378341246,-0.0960646641047514,-0.6855437339002997,-0.122478748720663,0.6167257656744685,-0.3013242602733206,1.7960350308837552,-1.0153323757503008,0.3708227170530195,-0.08108398808096975,0.686285305149557,-0.0025564365355950774,-0.7063095727011187,-1.9446552283691374,1.6431139613460297,0.32574766372275765,0.347358117173197,-1.6250497252014082,-0.2013149488684865,0.11960028695977981,-2.073054516697688,1.4036780843339558,-0.01195886597100275,0.32755085248404053,-0.2633500564767661,0.6332251809858551,0.8592517018909825,0.00725360708687451,0.9129435899085688,-0.9873111417720479,-0.5230231797054823,1.9742060983605678,0.6628226281531406,-0.8199906102416745,0.5105671425951602,0.38191771541069397,-2.658895512953025,0.2146405094288369,1.004535034170642,-2.172694559291635,0.24049184043464022,-1.0926212161091413,0.6817566289487492,-0.7405169665621373,0.5678490936542979,0.6701862112139407,-0.2872282089241724,-1.3888294473475598,0.42143435171999843,0.13081173367428298,-0.5343449334583333,-1.4290748374375095,-1.6877831017589704,1.209374434652486,0.7516584226849584,0.5140361782696377,-0.5401362269871112,-0.08588657642750978,-0.15413505763585422,-1.253087180277316,0.7953680459378568,0.014541697569829037,1.0356705431136148,1.0241658133579412,-0.32676581197614546,1.4716494577784374,0.44257836269852047,-1.6738071085113013,0.7758656465542603,2.7392239866967873,-0.019363119803122136,0.12073174213502767,0.9239925614382051,-1.255538259057678,0.04246199406985774,-0.7197773888984457,-1.0444820915271347,0.11441410426171791,-0.39537305107274695,2.8898456284081506,0.823703673889457,-2.328171931591243,2.2017326478112658,-0.1324523705548369,1.9070822609904938,-2.5320804347827446,0.5737870672569618,0.18431540842911137,-2.4093940007985757,1.448607393874917,-0.7495776509771601,0.3596988446650703,1.1710244600057846,-0.5719656281007541,1.6852738153808597,-0.5708859039136318,0.3955417321165463,1.0263673593790934,-0.530691715345248,0.3710630014213217,-0.6853394118609579,-1.9779988690176908,0.6113517788444808,2.1106565567135194,0.4020260092123976,1.730871312656546,1.4483624092408078,-1.1761417491023922,-0.5268872100371758,-0.13298959867006735,-1.1417103910485804,2.1882301531068733,2.598853659710955,-0.4071793489838299,-0.4683594521524691,1.8570361743156214,0.16116484115782148,2.2916217261876035,0.7992345915488283,2.7582226852461345,0.5735206839538766,0.667441833677335,0.5592762626155257,-1.0563461254218824,0.9337983932231178,1.774199516489384,-1.7765658542013996,0.13955712234140544,0.31631847286685744,-1.511506492184165,-2.67238465415456,1.4390020141848308,1.1472283833370842,-1.8498563630476816,1.4221811612490913,-1.4977856233160716,-1.787505729947463,-0.7400300585199405,0.8037681889644895,0.5769187719391861,1.5454789822187232,1.4640747546186603,0.24883580853898213,0.345042492124051,-0.3956081865484134,-0.03080435983643065,0.7930304514416717,1.3260104250446183,0.12573632618019723,-2.0780615658772184,-1.2469458571876273,2.675557530262056,-1.2969318313392402,-0.7529250155058714,-2.7577512914677236,0.9685401299495578,-0.4216929835705286,-0.5668141316019039,-0.04153187761139294,0.3696994695579394,1.8133000569080726,-0.9907145603659555,-0.15615069571646603,0.15913737721824786,-1.593882049654235,-0.6218027776651135,-0.39138629633937294,0.1154731258426773,1.245049296053449,3.4757815943221138,1.2991537366279968,-1.4712467026743465,1.3930070663350607,-0.9438635083159538,-0.057762011025640575,-1.8440565565701503,0.8468840068346529,-0.16575235985849365,1.7606587173654384,-0.47462835975019946,0.5129550639684026,-0.49450492095981163,-0.3358618792384023,-0.3018490785592409,2.2373734571688138,-0.5011539204736059,0.6807709585177318,-0.39034227879095595,-1.755604060616315,-0.8163134349189906,-0.3587128535610324,-0.8627637528949769,-0.3551905886855844,1.375904515941214,0.7144665782229299,0.33345052005487824,0.9951747624543422,1.9215054793622142,-1.7253224698697531,0.9677494195485865,-0.17840826233003684,-0.664182585155638,-0.6133514260838255,-0.20866456155213875,-0.5996458714690814,0.018263392015444704,1.0751642301838233,-0.9874379075899001,0.3968908335760541,1.852816403533188,-0.753211618997656,-0.23572879001491903,-1.5420351836522597,0.47240410860381843,-1.0412886205927674,-0.7957824517170292,0.39998048581958334,0.4469330423635429,0.27280681411499114,-1.0289178203559182,-0.10397085851278995,-0.8604359803730462,-0.8666593203720834,-0.4815014379175182,-0.1315992329244089,-1.0601949764886327,-2.991870752479954,0.7225718017212892,-1.080978975389407,0.007865200096426272,-1.7285927899256563,-0.5506707389199005,-0.420215074958153,-0.41443327615623127,-1.7900817875790314,1.4315747804880996,0.7739837569832739,-2.1363099175035543,0.43661528089560114,-0.20906652826568492,0.3487079228601272,0.5516756726657754,-1.85056067654818,0.22778006979609797,2.2563872964813534,-0.30383698080731875,0.5619049706789881,-3.2025569269998724,1.4365920384704765,2.051865253039985,-0.1716963520733794,-0.8776364698681561,0.9104119685688145,0.5662172922752526,-1.0395090116395673,-1.2054903410322022,-0.05046404857897574,-1.2579870777694373,-2.077715967013412,-0.8785112175752928,0.11080730067186431,-1.4451205917516132,0.9336538143400979,0.38342568023537954,-0.013395556978535693,-1.3470806491251965,0.6313599559449675,-0.9749114696147884,-0.7623939131899915,-0.6403642321595027,-0.7929620095223137,0.8096855065291899,0.8597377219639737,0.2830182370377674,0.10553313579139206,0.7643918884099423,-1.2216717026143067,-0.0848621450084773,1.0784525195261125,1.289213180432609,-1.9480918553247835,-0.4999800485710282,0.6155947704208706,0.9539559919733673,2.915339015784627,-0.2867359340231391,1.0705859590589197,1.77250871636399,-0.18273373056501446,-0.06713486029240462,0.7280445529836737,1.8982239239001424,-1.313375754055344,2.2663330396641497,-0.13912703977618737,-1.286126910812612,-1.412659618338369,-1.8813501205338048,1.2971874131217125,0.9193694439030698,-0.8502921691899409,0.41056077083444587,0.7531140013297786,-0.8149726514643653,-2.031026213010415,-1.2154757257725473,0.6810675687098359,0.7558597440066953,1.1446987439200829,0.8069925036889577,-1.3278228255092985,0.9161598223386129,0.6721822633220789,1.9048247408108998,0.35719609844592165,-0.1564256297631445,-0.6973885155196544,0.2595805877689847,-0.303571409919798,-0.8130715544779074,1.8674134589975584,-0.7921562485651069,0.37216684570334313,0.49576245241805444,0.19079494016310772,1.4327834023923365,-1.6468080777691607,1.8765673083771615,1.2697658707549433,-1.3473851010302325,-0.21174694067799243,0.3879339270794724,0.9141927400468011,1.7650703700993235,-0.27467974105139326,0.5556126086914985,-1.1266553027872739,-0.9906296208094255,-0.5369317352220926,-0.7682821095763811,0.8126392159294357,0.40633218250861497,0.35520839324359255,-0.12111999700523723,-1.6187456740503443,-0.858424149121177,-0.5342000077831488,-0.08266021552605804,0.2952136898887243,-0.2350523015817195,0.1176837421184741,-1.6344789936935515,0.7844138638839825,0.5197578760361685,-0.10983470626737496,-0.6399753235389606,-0.12905878460075038,2.6051604950409386,0.6254649371140635,1.031799530017405,0.1714487697034077,0.02292561660368478,-0.9507418336223571,0.29710457252441325,0.36192482591623854,-0.8416524751294419,-2.7678793937148694,-0.7492707159060408,-0.26250324884166976,0.16565403291918185,-1.0195783201444648,1.6564090627942876,0.09304290403741974,-0.8278080208154744,0.06855528256706582,-0.7771077210889293,0.3759418880606141,-1.1415013944293817,0.13899229164998317,1.0604609849968394,-0.5907240782075436,1.7108915216269915,1.277159304601665,-0.15035498837519884,0.2942380673341407,0.8254108345798892,-1.6314812902082438,0.9425080998581328,-1.9514560074597513,-1.9074305738971893,-0.6927485123230832,-1.9547946223530215,0.35921166331304066,0.9836941053319838,1.473584063059454,-0.930313173063639,0.9730911186277141,0.47505092554136924,-1.7129142658990775,-3.3539169918083274,0.00678571821528294,0.053854536935746794,-0.20634787225866608,-0.4693077751913047,0.7497035239261041,-0.04954413038837213,1.867415658526243,-1.4410506772408391,-3.4872653420734223,0.17987543866944491,1.1688068360266222,0.17671874580531757,-0.5547285408433661,0.8843078866113628,-0.7686698797873632,0.2728872432454655,0.43784951657863025,-0.3168461463339394,-1.3518754626166984,-0.9179463570943248,-0.4884032124606875,-0.5901548740225399,0.15629505728219958,0.05574911159839841,-1.597442513329185,0.9415700697784182,0.5590682104321841,0.3395292586222388,1.2594683796624926,-0.2392022491594625,0.800426837223154,0.5529078754159057,0.6135569949840597,0.28461563424785996,0.5721714791703868,-0.7000843464456219,-0.4151300153246245,0.3920451686337014,0.34650409804730353,-0.7450534122966745,2.5698927095981547,-0.1396489511259855,-0.4366457984024342,-0.6915451598695916,0.3788176996763618,-0.5300428645051122,1.3198085905109376,-0.6405967708306401,-1.2520234355943365,-2.885445897644041,-0.06662979401327,1.3703837954232696,0.5386826555055261,-0.8682297900788072,-1.3558797127139253,0.5452566615615982,2.543880145987904,0.099356321608752,-0.23803540786164956,2.3219156319780834,0.9188670274167675,-0.020101289935657407,-0.2646816944208302,0.41196042542756595,0.43354644824738975,-1.8786983925380838,-0.6406450173474447,-0.3570343078348994,-0.7633069433113353,-1.9625941943805172,-2.8092691964320697,0.029498394054199392,0.375580185385188,0.8816343337614745,-0.2884673103326165,-0.5956688088345723,0.9791449433499149,0.6080371417283786,-0.896236547273418,-1.148547653802125,0.9485496069743989,1.647509161795975,-0.8338154892241968,1.3161429814338494,0.05701305686513794,0.2756011329070584,-1.3529421273327635,-0.6985281210830283,0.412738683379257,-3.0098434204658413,0.21752914148322186,-0.24040111346823057,-0.47713069005332287,1.4829160220743633,-1.7107948486591167,-0.8337647443904996,-1.3484786675036333,0.41258280740588393,-0.09512560834963865,-0.5260137933325709,0.5722488918152763,-1.298668054300921,-0.5302379524823113,0.9880281315403543,0.9054350417371164,1.2629747424851208,0.7689087665100373,-1.451100069913026,0.20062849826081397,-0.28421337146632336,-1.942519275149253,-0.044297548054056377,-1.966297727541402,-0.528219692447067,-1.589216853804508,1.0913333361433473,-2.1966306266136253,1.6964449381819369,-0.5555748202488844,-0.49541096967172266,0.045950635814337615,-0.6399322810376031,-0.9932967257323909,0.7247347225716414,-0.6187542659693731,0.8031803875774595,-1.4567396007926052,-3.106498079759303,0.7391999077890906,-0.11607077839920638,1.4454344913068087,-1.1494001091616777,-0.6591489843057678,1.3079575939199184,0.4669183523578307;-0.5230407802097427,2.545009869796683,1.0234306468505014,-0.34040013384010054,0.45254703810957014,-1.7270023225576447,-0.7212723518031386,-0.30374711441851915,-3.9710830488459954,-1.6165236981648532,2.2316036773432835,-0.6928788896274857,1.648618649101874,1.5984252263297665,-1.4134957757039455,0.45004308343459837;0.7334492872470642,1.551869690722091,0.13335938276146975,-0.06620242975279471,-1.5335670726571515,0.6378502784401158,0.4040062310422591,1.1544124743035407,-1.2887999252267979,0.6354643439790233,-0.6843717927737377,-2.624812869207758,-0.31517803837176583,0.5881726892921991,-0.3441002686130391,1.0013600300146872,-0.5400574779646508,0.8526818190023827,-0.5518211153636419,0.5387060060380912,-0.64757517371933,0.8089901013890606,-1.4633380060617127,-0.26874784492262116,2.2174116838973963,-0.617434107125788,1.3985581242984706,-0.4989225301032587,-1.9431895717601904,1.8539889982448898,-0.601428855613921,-1.7463050660367632,0.011643909797486328,0.6123089962747468,1.64502323539806,1.1718812099635736,0.7788539859436664,1.6299948706272167,-1.6146047515988071,0.5366985432055745,1.433799164698388,0.1406879306323812,-0.26773906792879165,1.11321711216921,-0.18556767551196085,2.1756795398484443,1.2820293357545547,0.4248952510663708,-0.6718023699908655,-0.5783938495313756,-1.2388432700111827,-0.0678729800723879,0.5819811940166116,-1.1264867366189235,-0.1353175224912357,1.5487794286514325,-0.6883268776920177,0.1931888766640257,1.2024835867627903,-1.4816007404997542,0.13925649249887187,1.6841316612745507,0.8347799731675685,-1.1954214163737562,1.761359523200969,1.0332153802575288,0.69127966467325,-2.289139409745823,0.5811453400315487,-0.44962774567738334,0.051068402299735235,2.0543013776249226,-0.34328435252767536,0.5780756877173902,-1.9675495176918858,-0.19870044093983683,0.49610428796470907,0.02745986106427535,-0.42546440092292653,0.16434164178566196,2.214018860551931,-1.294791480487216,-1.3782041424792661,-1.1350384298054723,-1.0686130570982857,0.8707204330266552,-0.15771857915804824,-0.35213563806418635,0.044208997324372376,1.1935670237275378,-0.9527759386644074,1.6492010486736524,0.017955614580209334,-0.6229831727591766,-0.16476984825243413,0.06771779023579144,-0.5605035345318884,1.512900483349459,-0.11713161795618032,-1.0755568452597393,0.687640322901515,0.21259098940520238,-0.9240447686599725,-2.890297565251416,0.6535758817685368,-0.09181383019992512,-2.139277369795646,0.2675630196490747,0.3567243838054527,0.9785881975568798,2.383873270746704,-1.951717105334162,-0.4443329019047459,-0.21278074932800553,-1.3747573310298067,-0.15212634968416727,-2.0263282700712812,1.9505357673218777,0.16691733542126633,-1.0870232890401057,-0.41701913138179564,-1.2262749796668255,2.2795978155955505,-1.1507502895123882,-1.3426802249204612,-1.4584505441628939,0.34303752305307256,-0.49648945908324793,-0.022614361687552126,-1.7006301367094325,0.8407565442418836,-1.4628226805286833,-0.5938055040457683,-0.7840726823875976,-0.9371443512460933,-0.7945577826028203,0.15382701138542393,1.7637322330118328,1.1352881055016657,0.3759714317925099,0.0584471627513216,1.3182565675154603,2.9224070390052663,1.4428079344628422,0.9698631564470737,-0.4892018229649221,0.3576732628307266,0.53733738617393,0.04762710317550384,-0.11022492730448297,1.021117904612878,0.048371958760992706,-0.5872107756348267,-0.6881345194809632,-0.09948842804638913,1.0518942239963596,0.29246987107982236,-0.9214469020673678,-1.4487404851561174,-0.7995710505008259;0.6377306188028824,0.8108591118043009,-0.01556609792651964,0.287839703796145,-0.08947387704986379,0.6615657608503482,-1.6482305715886563,1.397963512371315,0.5986304774338393,1.899482276262937"
11,1.5157781421781815,"-1.6811549663662086,0.48613586658335517,-0.7587716226438872,0.7964527182032617,1.0256109376600067,-0.09256007001887603,-0.2704089865702232,2.93323496927146,0.22656905300810606,0.11232782959036741,-0.7752238574764333,0.7488405552306329,-0.9601311761116303,0.012335095700066162,-0.5002568547570745,-0.7358602300685427,-1.271708558851946,1.3481140124486783,-1.9359071687575016,-1.3806525493184358,-0.12718925107902454,0.26139276818741974,-0.5903655360734279,-1.1488322279359868,-2.1133363295118874,-0.43636529688348796,-0.15677510617835716,0.8539011209722213,-1.544084271363846,1.3810490503908832,-1.6007138741331834,-0.9075359177103377,-2.24564387441877,-0.47591412808065403,1.56648709649823,-0.21901198082749554,-0.6358352684860327,-0.012440905754721066,1.5190077366531376,0.19216186073528896,0.18670523241169318,0.49608680054293897,-0.986404814024295,1.6918852228148784,1.6928595972248361,-0.4806500716872729,0.3721915240286429,-0.5402080598799172,0.7716097458883646,-0.0843901555403245,-1.6502037332145558,1.5018299110394746,0.17937059310187886,-0.41122243203845865,1.2714046107962662,-1.2019560247094494,0.7961890634740315,1.6865876973242024,-0.9974141226695274,0.44722895600102375,-0.4077102756933099,-0.44223104980781497,0.29154255296406967,1.4335210637070739,0.5501081325619697,-1.5461155118739218,-0.28374076213029653,-0.2427365253166493,1.266493871058948,-0.7375504880199641,0.7671886874217748,1.1534258527431962,1.9741252756723537,-0.3990853500281984,0.37401794665647164,-0.7474282464188065,0.27870218531852253,0.9352692782987647,0.11061294534929358,-0.34183391537358354,-0.5441882571544772,-1.0415873809186833,0.4320234641144054,-0.7140735895767543,-0.589122274732409,-0.060220467119107446,0.20091645822396914,-0.9110204239892088,0.5851594314724333,0.43751204195072624,1.46004677919377,0.5483719816718011,1.119251994193258,-0.5173801499064107,-0.5474607773582744,-0.38557218481176403,-0.15050371473875182,0.5299290397489489,-0.5162294047763909,1.5255797923101175,0.9385605828819737,-0.6414722680773455,1.5311013470874781,-0.6120545351040716,0.12162451493471801,-0.20027376103459824,0.486882194573938,-0.9491442216796202,1.2001292670809798,1.17090596436431,1.7243055346718823,1.2605438470305508,-0.6610019996333364,-0.9306092131429733,-0.6693785130492411,0.847777661035467,-0.49538359112110564,-0.6245960990405685,0.48584614238306806,-0.23638155185076876,-0.19051671564285466,0.06366612409818007,0.40707138763359885,1.615600576643252,0.6236289188677173,0.912397989354682,0.29119922091864264,-1.6313256069549211,2.2121186511662017,0.265764926811318,-1.7905905990705753,-0.3107081849417315,1.3209531551036833,-0.2435562616835738,0.34392472567025034,0.13215616526135385,1.2563889736893281,-0.3025865719609079,2.1575636985663285,0.29538725905089336,-1.2347233223965817,0.21364611878665007,-0.1360331151972081,-0.04944024544111371,-0.6137564142413018,2.0739299646333254,-1.5043580748968524,-1.7749375031449954,-0.5835099097183531,1.6221606647397893,-1.2935024173443126,0.3037056443418562,0.4908410686503449,0.23571715042671113,-0.054593488516472444,-1.1411593519579357,0.7164861659028996,-0.3485607838263032,0.9316203461255502,-0.04284111880326126,-0.8571256464962733,-0.33397576642463933,-1.3264232338484034,1.694480389115158,0.5864913941311831,-1.099717291975856,-0.6810975201716186,2.083230730513795,2.530024598433299,-0.3582279523471694,2.4977881064981933,1.7728189668148735,-1.2212481855715196,0.2060850054089431,0.80034291361529,1.3454147714321476,-0.2605446805925832,-0.19509429791658506,1.2066743861305536,0.911482184215707,-2.959801863564933,-0.30017352793325025,0.3745558358435359,-0.5440536345233863,0.5234098512019566,1.0354092956801653,0.3164501995821236,0.5919047911909536,0.7293787111595676,-0.34719458423558447,1.1161282043669178,0.780041723705613,0.2695422593213881,0.09822102553249153,0.06878144947206122,-0.02974426758307258,1.5730641848446276,0.1813007971780804,-0.19804662247615112,1.7816334537105638,-0.9174393191607892,-0.10501916662407385,0.21815466334579625,-0.23049728730232966,0.605695945049998,-1.2176063062153917,-0.523269735812123,-1.1497885269205963,0.8886485205300816,1.5815244740606418,0.2464216498663347,0.15897396582777046,0.017668754263033146,-1.771447030594744,-1.0418255764818627,-0.032294920933284815,-1.3387697650821428,-0.06199999975871372,-0.32448347756146817,0.6371391010889663,-1.1532915241930943,1.7347939158505203,-0.40196012530681624,0.11697203531215797,-0.19307269865759608,0.06814871574358682,-2.084225566107871,1.4487561974713878,1.3976243332001432,-1.084545563006811,-0.42515413320987244,0.20748144975783211,-1.0990636607640027,-1.1374239316954584,-0.07958648361393107,0.8134612184670992,-0.20159208534434786,1.0119754746756027,-0.55362518291329,0.3040729092646336,-1.2633941425293223,-1.0141537067578261,1.1367196350392483,-1.138141324388093,-0.5451685988253477,0.661253080534906,0.5518342242525955,0.842990919477224,-0.551127068061133,-0.001474406837924394,1.021712223403031,0.18380480335671667,2.3688700067330837,-0.21847097416091016,0.40671439395284836,-1.4560019166445952,1.252491768527181,0.163769319723165,-1.2474834365704468,1.2270400945178719,-0.37909592287317523,2.146764107578178,0.24851480879683663,-0.9011388435197796,0.21038886739731122,0.6055332298824387,0.3395758950954947,-1.0156256226610008,-1.9047420720465058,-0.17268000548425758,-0.15278779345980392,0.6108030166248624,-1.1739697441727819,1.4762867146947727,-0.9929115696548697,-0.3064889378983693,-1.3242205811012433,0.5543714648854464,-0.13382296049802403,-1.8210522582033748,0.9660838616708091,-0.31827753419623345,1.5266584788126822,-0.6124385785988983,0.6809565224491096,0.9549869367922131,0.04459524331042952,-0.814806455184662,1.9106577616359246,3.1985985364405787,0.03330356172609464,-0.08033124018737411,1.129271635974574,-1.3378140938522627,-0.38484549074066077,2.1259606949497845,0.8032188618320335,-0.09090086609290954,-2.1079275870336915,-0.3764406411640535,0.9170294329491275,-0.651896670010313,-1.770637026023843,1.00133488799435,0.1947631885751936,1.0782886052068834,-0.1414690230127932,-1.6240834476598593,-1.4802639535160165,0.6908039557137661,0.8632268803063199,-0.7544285730368439,0.6005495453771093,-0.09363133693440469,-1.4031491090173331,0.6592839434481711,-0.577216427158788,-0.49745249750800125,0.4157550299509466,1.6839602944159628,-1.0400864880312817,1.1826410956030642,1.253985641425365,-0.024974949384026446,0.8337298149285547,0.834985735481908,-0.026876659953053654,-1.583435979703438,0.20497171619187096,-1.397186922947693,0.4641085647252682,0.15760430951440083,1.1510484370582474,-0.31069507721189926,-0.9960399380874273,-0.2689496911661348,2.2553325202539063,0.42289697078991456,0.26438106298803576,1.6588184312729024,-0.11438803609441606,-0.5383422135961401,0.002841151109563761,2.153703356671146,-2.2187073284457917,0.242175574015764,-0.2981938002200958,0.39935116339322096,-0.3421661601254439,0.03041027687864939,0.8568170688898475,-1.410639255517074,-0.0184026685671486,0.6677565741371647,-0.6278884417170221,0.3277982544843187,-1.2044771166447608,0.8403688820132803,1.1783469414901062,2.3545049460717977,-1.5319063555754788,0.3690397196691193,0.8638355356518151,0.020070808550062158,-2.0160116476981846,0.3411219363537349,0.9937345916793382,0.4906760327171863,-0.7714402893562124,0.05429001615408989,0.0778667378189309,-0.29729589936440587,1.237954222722603,0.2460665349912589,-0.9809298726362247,-1.1073902449697188,-0.48370637703627944,-1.7742708386192956,0.9796758680806142,-0.4806133483586362,0.6390863292345674,1.4705778371157177,-0.3058808009158512,-1.9801430368063004,-0.550102777484865,0.8323527167409498,0.08370208940587859,1.4496545150542584,-0.03287677693103024,0.9312294569533313,0.9722075333340713,-0.5149406403338943,0.17875808563650514,-1.4086885490165615,-0.8966028411405181,-0.7686659197372224,-0.6981665828817953,0.25831289973590005,0.5034463231923895,-0.7330288152905482,0.39438477234945163,2.142781762907517,-1.638636632484068,0.543425253263817,0.15881536423174936,0.1678672854032714,-0.03898427489380102,0.11517497149855203,-0.2601127023116878,-1.9382827032154988,1.6634654223997383,-2.011415522820153,3.04733661016345,0.5105129431491768,1.272095417336913,0.04348686570274675,-1.499154336466489,-1.1055962391954899,-0.46350813597617113,-0.6084722661545657,2.2663872942503236,-1.710274089433892,0.2073966561756587,-1.7262795953160495,-0.6516141619676752,0.32484762152813856,-2.994976401071326,-0.3583980745128849,-0.5467732766704614,-0.649380869037776,0.5569702615625147,-0.4490334252216125,1.822451924220299,0.7956155293703513,-0.30074687138045664,-3.0994248692652584,1.5564664067651761,0.8206642540368969,2.1809182746571154,-0.6713008446174054,-0.5305513875366816,-2.5902936449905236,-1.0421024215232415,-0.29784053100102276,0.07462605598564771,0.24485701114253727,-0.5172549239336502,0.27222017602146137,-1.3213262456145836,1.375742610495938,1.0419309793909988,-0.9954744497536444,-0.27734725635609664,-1.9711028670210697,1.4032883523298847,-0.26023532839655567,-1.1384812241134943,-0.5054906529512551,-0.06231670783454066,0.0048456434495730005,0.6969695745931632,-1.913427678919701,0.3023187730787473,-0.14177665189896618,-0.9705915069524413,1.258027515686379,-0.3725816427677655,0.4544327604132132,-1.0451594670392672,2.4724337313321874,-0.4593668020763052,-0.2514376316521024,-1.4666070689448707,-0.618888877970835,-0.19576442079680106,1.667303767570868,0.8321110948954884,0.1710128983268483,-0.6795031535485561,-1.349878712849843,-2.0026266989192085,-0.12219365217356502,1.5685938307259017,-0.8650956091939643,0.041035628059768875,-1.4371954831278868,-0.7888138231647868,-0.30475496091317356,-2.362250059011455,0.7276425614959572,-0.10659328040904087,0.3310766843838944,1.245757145172777,-0.5223503236449212,-1.4088231047832107,0.9661565786172217,1.1273795109571172,-1.3413740681808843,1.227537284902771,-2.4367421263271063,-0.3199580775940506,1.0923541562271573,-0.947340012412598,0.3152408741106009,-2.1808273745615443,1.6999279341057747,-1.7259974759615462,-0.10780120417336872,0.7352805663449099,1.3347917886708702,0.030011745175793067,0.46744132683749123,-0.5488388024735491,-0.588798780245975,-1.0760370549124978,0.028328041772707535,-1.7123797861171113,-1.2867915764594473,0.23064383138895803,0.8382913355107258,0.595538790166482,-0.1902642387169394,0.9684889908015765,-0.6485539469661846,0.3552502824327784,-0.6174820196099605,0.266075041619856,-0.9932839730198111,-0.05467674562667373,-0.6959060285292856,-1.5125750412012067,-0.3414279366292749,-0.011350282648758224,0.7935439053017185,0.3796770106633964,0.5874664389423564,0.1867063233900707,-1.073152303757595,-2.3886355208740846,0.03197694892159683,0.5256589149999671,-2.4448338634581086,1.7479883944794636,-1.3269403287272041,1.7901176374356753,-0.5416625831905173,1.133211440318261,0.7149013280759129,-1.6310469095256188,-2.9078460841021294,0.28665758334791924,-0.9986472797479279,0.12688156244808987,1.0620267755309878,0.6630582365067539,-0.03030927614129296,-1.037411855011663,1.5649104259279372,-0.29995280352900267,-1.6124665761426855,-1.4364230117578995,-0.5678680935185807,1.6695537472492874,-0.7328438082168134,0.5146954026722792,-0.30430902972091445,-0.5774193812517913,1.348450961725884,-2.423252169658796,2.4081078937590568,0.4461691089552779,1.2394420850819492,-1.4261784768497905,0.07437464700185281,0.39399350502406005,1.7327258174268036,-0.5412003570253989,-0.09120900179702948,-0.9785287735943969,-0.8646075209159729,-0.3587176144912243,-0.2950882685122143,0.2579667641558689,0.06774734500360036,0.21966619208877278,0.8268531944590054,-0.40571677893965824,-0.4815110063689067,-0.3303532465794277,-2.049205273208453,-1.8058022105288127,0.542915122770398,-0.9896625478470509,2.289774573335622,-0.7735387935760547,1.0524177099035201,0.5603829372410912,1.2343971780520262,-0.5778034021605937,1.107451533146641,-0.16723273830595992,0.7857572252449245,-0.68202672024058,1.0397401079831476,1.3405826506857286,-1.341321924259812,-0.00790125882532857,0.9516657041780404,-0.5245137234219023,0.04723525498004755,0.6165951463943443,0.09703200228473305,-0.7123030057119205,1.3681358638852,2.1901977945743685,-1.9024291609156514,-0.8642159662623734,2.825117846238846,-0.04456518700782999,-0.3130717430393286,-0.34856455071875125,0.749263239881204,-0.1513198247543911,1.4261031016899746,-0.7110816572989629,0.13651575485975886,0.3572550021684062,0.4903001353222765,-0.06887183853416093,-0.5933084126717745,-2.0435385792757517,1.2489327052490604,0.4641203030841819,0.29224958315375493,-1.299606691815615,-0.42007586510178757,-0.011808957216130636,-2.0263060561863426,1.1218820059311656,-0.05566566085633953,0.12994364368043526,-0.27354827130625403,0.8636380067133334,0.8770204348979531,-0.10099276413824645,0.9788181223499823,-1.1232743617668441,-0.4044392387156459,1.9801011142244125,0.8217305874395744,-0.8244723545167442,0.7575514657480087,0.40773335630293106,-2.839053289037161,0.4726642629150663,0.7827386098592126,-2.0496912841463004,0.4432235016795168,-1.3460930970146863,0.3113174608770988,-0.40060544792976105,0.7943920685422052,0.7395791940033765,-0.4914671830966363,-1.4407683218678373,0.30640141918823577,0.1565897037815251,-0.13723660826523038,-1.716535172971102,-1.5423052685249965,1.345922668062991,0.8207279106540655,0.50854866379961,-0.3963692831699796,0.2869544409335414,-0.08348338953334347,-1.0390038797372425,0.902006194205694,-0.1468072764612141,1.2337850318578665,1.1069764281235914,-0.15265203965015905,1.3044304296349392,0.452951989687418,-1.5188695766693774,0.8564368089725135,2.5964255200934714,-0.1256959522883636,-0.0511980850074443,0.9832404181219211,-0.9795518558653166,-0.3229787236545736,-0.46610129321456056,-1.2413951848326972,-0.09425300390619053,-0.3161993088301467,2.7683499988798768,0.8049015065944908,-2.3632643484517892,2.1617386401152143,0.11808412232666568,2.352122403228839,-2.3676645016470177,0.5427430656971419,0.2764597899536157,-2.4917691998717473,1.4034410708293883,-1.107061388555063,0.3589869066266996,1.3730479449959063,-0.47409737921328776,1.926288883319134,-0.2721874355567123,0.6534223601054949,1.1239557631830615,-0.7393164806722395,0.5526513772022674,-0.7256979964751756,-1.8312561047931026,0.421029828940832,2.011812273740769,0.1094805938308101,1.7972446032555964,1.268072652113669,-1.1222508769677142,-0.4916199357266237,-0.3577253480941147,-1.300897129601064,2.1714612387643246,2.441897225531416,-0.42697862061100067,-0.2929552644203737,1.8814039225726455,0.02099716694556772,2.2467855746417458,0.3369059508720925,2.545792708841772,0.10518193493061162,0.960484205049102,1.0847599999952497,-1.2389538052661928,0.8106676949616631,1.6309603229810665,-1.8424646513053056,0.12262392517422294,0.14867242687262433,-1.3256110551385247,-2.9334155398565653,1.4418134056325074,1.032328268328449,-1.3664224327590384,1.465354804019373,-1.5298067603821686,-1.578962375671707,-0.41990516266545164,0.9192345546019316,0.6005229215514126,1.4578647697430371,1.4523047527184874,0.13911626271726624,0.06201404782420093,-0.10435766877709565,0.15823189515822836,1.0191002492755483,1.2621188209020633,-0.29842533532685495,-1.9550725193443477,-1.437248452454,2.7199327912562983,-1.5364840782286713,-1.1724110716527685,-3.0002442187433633,1.03422411175205,-0.8031367709560321,-0.7359106875880203,-0.4326858859213657,0.1331467711731672,2.217859849028552,-0.7317970363007306,0.06896037258316559,-0.43722990871171485,-1.4826357862194381,-0.49405776560716563,-0.2674350535295739,0.5247068393485884,1.3041623996806768,3.3531141173807595,1.3359888561669382,-1.258705484044245,1.3564517975799142,-0.5794247015144502,0.13809226905718347,-1.9243492207341297,0.9936400219398388,0.1462648711402174,1.9774064149482145,-0.2870555532813059,0.4861519923258927,-0.5177066825363592,-0.6722532763435393,-0.2636716140189267,2.124845011155379,-0.8424076991423285,0.6593387256650142,-0.42175334351097704,-1.7782339696864644,-1.033027902227809,-0.3287314836507997,-1.0475514398477799,-0.2784372876214601,1.3201911007382718,0.7563368179422262,0.5155676340552753,0.9049100628281583,1.6900360937506118,-1.7809998588390432,1.0955547413268039,0.12953686429810485,-0.7649770873146465,-0.8710809816148707,-0.0808213806342796,-0.5643851393067704,-0.27718737488240747,1.0529039944903265,-0.8120599897597722,0.14664650925728176,1.7076419050317169,-0.8136503052718157,-0.1285362214931424,-1.5629631281538945,0.4003894483356392,-1.166017367858833,-1.1077199714433088,0.5271305014430067,0.4966770440393289,0.36407748603843554,-0.9653706390732223,0.270704607728113,-0.9802189865324271,-0.5914869895514274,-0.23143705445442736,-0.16616336334528262,-1.1114645886814893,-3.072974469227942,0.8596607026606448,-1.257227651593463,-0.11295943162945535,-1.6135147024869434,-0.22103941750273548,-0.5386317866639996,-0.16780639161721178,-1.6595739865396872,1.3515935253153162,0.6708580928168464,-2.160930766132093,0.4866705927885215,-0.4159788936443338,0.3231824360011154,0.5566988591579083,-2.146744252068838,0.18614497796693075,2.1941551745626873,-0.008267839768961838,0.39245911776498166,-3.278257920453604,1.5407517970846452,2.0644589671103217,0.02827169662583015,-0.7211063718070302,0.628034288064903,0.5938255039348036,-0.7734477402817008,-1.407155544714334,-0.24455040981338136,-1.1456570930836651,-1.9206172069475596,-0.4082557540834011,0.07430345133894123,-1.275953355905378,1.0752924032826905,0.6669956692191825,-0.005176987530794288,-1.6674608861152702,0.6847731553592956,-0.5539200516850337,-0.38354283631294295,-0.8902568206301901,-0.9040153023424969,0.6222743640249664,0.878593406444171,0.3941019629856566,0.4959520289294169,0.6449616850837584,-1.4031406044724133,0.2127235215708646,1.1034295985890297,1.2149317518541218,-2.050188453000433,-0.8303173064426437,0.5087256952567731,0.8501431355671489,2.9088169034203077,-0.37877460306380445,0.9364654332343998,1.7171149696766264,0.09387465465679119,-0.06696967722806813,0.5897278637897094,2.040820679612229,-1.3855393811719572,2.123907709233352,-0.11881687347756642,-1.358132048924529,-1.2616044419235846,-1.997726138995822,1.2417176298817665,0.8434839793907216,-0.8063327633355306,0.6416808486825862,1.1683586938763124,-0.8764621843333956,-2.1445886914698193,-1.172798205077656,0.640662855276416,1.0766794762654792,1.45073229621105,0.7082463289861516,-1.9036109213043453,0.9964297277576395,0.8956558982858269,1.6063828312885133,0.1544412239047345,0.1447825634515475,-0.6600782546490284,-0.05246263892990408,-0.5033903355755208,-0.6893921467771379,1.692179708826236,-0.667145572966504,0.2007345137875424,0.5382860479243274,0.2953783269952944,1.5693021702989343,-1.5666487511164529,1.6686888015926986,1.2604557557659009,-1.8570529588685634,-0.23411524773410794,0.08341916870551147,0.8492840851025825,1.8369486485715576,-0.11048771058559734,0.6929167063711208,-0.8568884128717376,-1.0221528532661674,-0.26155930981897335,-0.7403344240844675,0.5830944572541855,0.3913486071442015,0.6087743683851625,-0.17612133449442802,-1.8943843200025867,-1.0211200208336162,-0.6120074372467679,0.01546826027796347,0.5603892394687627,0.12466206108254066,0.32415450004612273,-1.3883371453340771,0.6354175849637523,0.2590773541513996,0.027597309488608182,-0.5178117007515484,0.05281378657693711,2.425192202619367,0.9092830956833383,0.9401845518739098,-0.1416676445039412,-0.2491108954341809,-0.8857371175860281,-0.06590783024789856,0.40874554759835807,-0.742709880903396,-2.4858164884917424,-0.6337291793414355,0.08648334245926609,-0.1550076653214299,-1.2226553516997634,1.5620608127491151,0.028679370096378262,-0.8979650545640541,0.30036995634440944,-0.7574549887016747,0.16547873837247162,-1.3975902691013715,-0.12495499774991516,0.8176842222416246,-0.5420946055427579,1.9311790174672,1.351029277702498,0.22441245756230488,0.12462114083637355,0.7678363295569757,-1.7861600534128639,0.7520618504437501,-1.8219237807149142,-1.8016487019171823,-1.0624198452226792,-1.9073609144694428,0.26999227103569545,0.8384666701922661,1.3466224220742256,-1.3079051059070352,1.0906051590171277,0.5808264133107358,-1.677615585084252,-3.418470118351604,-0.19521255601870202,-0.03617710452723563,0.012573311354476834,-0.40900788912115704,1.0259441434260124,0.03881892206330951,1.9581520584347978,-1.2238629819764408,-3.330817389513831,0.3457955441661025,1.3405029044797017,-0.010946121390105236,-0.6252900669602698,0.7832053136465885,-0.6315224563457039,0.16746892325186394,0.5539744219308409,-0.06480141334323299,-1.2249659560354464,-0.9911746139722262,-0.37623728019601144,-0.9073407586491337,0.08277794483499229,0.09923039384728333,-1.638967754288294,1.1203709179346795,0.3328612166718453,0.18870934627600486,1.281583323088346,-0.472358265257226,0.8658008776775805,0.6938047768485321,0.6595040460981036,0.1303751526657652,0.5201180948511723,-0.526077941458903,-0.17620646108991012,0.46158422732702675,0.04090599972873171,-0.7821810488180722,2.337923027490728,0.1237705940806028,-0.2870986869176928,-0.7231035692594544,-0.027451203397917116,-0.39187881973033156,1.1873634707263703,-0.6501864246528256,-1.1955840512566345,-2.848818265119541,-0.054446215995423,1.0470671624843995,0.6860798204447268,-0.8168191676609909,-1.2067490517352066,0.5684941735665516,2.5717600054976146,0.4750398901230799,-0.18178297248937153,1.6963584829489289,1.0531021722709617,0.18423702088135852,-0.15742343033413664,0.393845541236215,0.35833727961619277,-2.0277625653497906,-0.7037613370913217,-0.5664683242132205,-0.7174098570451554,-1.8467618217798958,-2.859485299058013,-0.00853514739372805,0.452729862355027,1.198766825910857,-0.18452428261791504,-0.13766189768153347,1.2568950233427394,0.4532745627923026,-1.1496482107891166,-1.4750799209967196,1.0985611394995132,1.5961070649246893,-0.686701506547067,1.3026157680526527,0.028533181071117575,0.1131319686858584,-1.5417954622104797,-0.856005677477493,0.5815157590848827,-3.0080751655712605,0.21050735766540082,-0.3039123257602303,-0.09430215723294014,1.1869096964518833,-1.6391887842649036,-0.8557132916915722,-1.0962588424640418,0.4446170469655186,-0.38380400512905755,-0.6846592245626764,0.7198689494511216,-1.0431496196435646,-0.6841895359319359,0.9360137477549058,0.8493408516941183,1.3564021186434323,0.49600079989081103,-1.197392178867251,0.2838385241259579,-0.5704458131214892,-2.1235319341971928,0.019773043873114043,-2.1151111723547453,-0.3131012154121275,-1.5104501888094188,0.42439059105913796,-1.813597497794946,1.612027527261566,-0.6104780398613725,-0.827482942854113,-0.046630808702776624,-0.7277736702639722,-1.1601378594505185,0.9887816202597707,-0.589495870317883,1.0488327178540262,-1.484557518469271,-3.1575005400484053,0.7563577910663265,0.053338474746775666,1.1177381971117488,-1.0189479364456735,-0.6514362192269324,1.6101401905116237,0.3750765370846434;-0.2546366352455883,2.71049667477503,1.3098055857263116,-0.5875507658415785,0.2635522825767012,-1.931152730520366,-0.6382055628841953,-0.23262354049775685,-3.8518055235804907,-1.3531301117961638,1.90010607078003,-0.8460129205159583,1.842380940991118,1.7756732325319249,-1.1676713206195661,0.5354960264064083;0.5370926933698701,1.7449029433346501,0.1454294744826378,-0.08690054637325761,-1.6365024968499096,0.3348710125759496,0.31619935211180306,1.2629014440837103,-1.292063699970878,0.45569261775017184,-0.8948787807850993,-2.3991805903549603,-0.5894351483237128,0.6181774213714771,-0.38986035758676774,0.9231249095498979,-0.5854163567543043,0.6732312701328065,-1.23389224019619,0.832740776982064,-0.7407911455938294,1.116105858007779,-1.3035832698982455,0.07430836242067179,2.274838884945954,-0.31220074857408286,1.555436230329007,-0.5666963248598569,-1.7809821662124758,2.089656703634385,-0.6410377500948867,-1.3247090605796648,-0.029988746155709522,0.6882769908429047,1.8605200258134198,1.2447936321356137,1.0609382016193043,1.6354300420050965,-1.9579219990251246,0.4631334431230062,1.2111654226190443,0.4489925074878362,-0.3450226096867406,1.0973463438523645,-0.2453916510610093,2.0486348440149955,1.0502395992871594,0.23029583011249502,-0.5529257020095938,-0.5141527405522307,-1.0709657397317414,-0.03222855549860999,0.84154500052647,-0.8771647345614934,-0.2544723384165294,1.407713353431643,-0.7022845517657715,-0.17899717746067703,1.2771428788678043,-1.1780925297893716,0.05306317389886488,1.5251975552642711,0.40651794607925695,-1.3310200196550541,1.8382688690717455,1.2271976086827856,0.7979775094132938,-2.213267746185737,0.35182509981324617,-0.3924486087192706,0.1111732250582231,1.8246067103145769,-0.2244476482897805,0.8366444829350389,-1.927116909285789,-0.4286369703768056,0.49244008774537534,0.005383516562443055,-0.28309413912154197,0.1587325838771649,2.3615604485238935,-1.24384929251015,-1.7529327439584752,-1.0085369393706245,-1.2121998340763334,0.9604622553507962,-0.013577589156255301,-0.4312133977364542,-0.03618466771220363,1.344889375799862,-0.46639563277200097,1.5015473300779467,-0.024774895142006814,-0.09658053368120222,-0.2367031689336683,-0.13200047313883817,-0.486956323945693,1.2370123704618055,-0.2936363019873047,-1.0663071181790804,0.7617058412412481,0.14627234832679742,-0.793794115818985,-2.5698276330922365,0.5393203015540445,-0.1520638827936142,-2.2986993848633364,0.3993234972803054,0.3520110828912684,0.6822129637927241,2.119829897650804,-1.8258446089202969,-0.348414948322045,-0.12510078664743954,-1.3338423148546612,0.04420241588589585,-2.052483156029781,1.816939083362833,0.22532777859771885,-1.250539656565059,-0.22128387178779596,-1.0162762339140186,2.3232748699476287,-1.1174264754732137,-1.6393003612628327,-1.3051204810105057,0.2214692046325917,-0.261449818389395,0.006962500802801148,-1.5459513796366093,0.6308377736258654,-1.2403017690791933,-0.4818416305113026,-0.5929896640064648,-1.1145960240196862,-0.6443660633582219,0.4568816332979385,2.016746125425638,0.9672735348684094,0.1381352742038232,-0.16108404399042808,1.538818447698884,2.9699301068699016,1.7920542681767053,0.7503083576729211,-0.607072805152909,0.7753805709089476,0.6627856941231028,-0.21382193865145202,-0.3561840181505772,0.8485270311935106,-0.3042672560608232,-0.3470986448426345,-0.33470199224039704,0.1117009841409975,0.800281002442481,0.5551270786377709,-0.9632640620222289,-1.6226572293132808,-0.8651383729699128;0.4937717526572583,1.014386241624983,-0.25679743310405145,0.47696584042820256,-0.16682965004513123,1.0567080139796774,-1.7596473616441999,1.4151099210430573,0.6150040974709448,2.1054107999052536"
12,1.5120727323779486,"-1.8971614829731656,0.1997701871473078,-0.5886924841231538,0.7353480160306516,1.1516687098608471,-0.11047539709457012,-0.3214879138041409,2.9800723291079425,0.3470434137980136,0.1978154076600055,-1.1759959846062928,0.42236801524166945,-1.2575034462498766,-0.28473193865520185,-0.2363369871981248,-0.7506422693512088,-1.0522737350775606,1.075431923441946,-1.7827838949285477,-1.2603264799375342,-0.2431789194587965,-0.008214381178729163,-0.564173499439258,-0.9195071900746352,-2.502826323812752,-0.05097376456957532,-0.13751873522136515,0.8358555489875134,-1.2994656713077508,1.3584788537545285,-1.2918762783846172,-0.5625245187751261,-2.043153864181956,-0.6554019139260909,1.3008215795686928,-0.2801484545823651,-0.5564345521155987,-0.15639757277087404,1.915863971449271,-0.10223572147436183,-0.2564192662994256,0.5505600366787471,-0.7216764493888831,1.8748540649402416,1.5032260096780863,-0.3546072617299073,0.15120880052613822,-0.08691774382711774,0.49196617195340314,-0.2180207315198357,-1.3204672898774619,0.9774989644210164,-0.5917992171301119,-0.3546099259100593,0.9077673216134039,-0.9836394470348587,0.7296459912913614,1.6459991085524748,-1.1962803680357983,0.281462274391614,-0.4689115165176647,-0.7955372512259469,0.2293155336633705,1.8839874232552016,0.8122879456954928,-1.5194627181671903,0.06239439539589305,-0.31739383878200766,1.293873125816569,-0.8322011802032339,0.9084500380863872,0.9830033411774979,2.1685395774259177,-0.2909416628121718,0.2990200662508964,-1.1061221341337666,0.3412035364579395,1.1741793538781153,0.32354132539506597,-0.7094100925733555,-0.15093934383809732,-1.2497878415976569,0.24124340479696965,-0.6674904862680479,-0.43699400928411064,0.38723281413118876,0.6574489680001854,-0.5309939294373428,0.8203181166744059,0.4860261777618343,1.5064618258544997,0.8482311947690022,0.6347606599427101,-0.25517858877310223,-0.5006226027651642,-0.35693437511742665,-0.20698053064781696,0.7567845625816085,-0.7521276318292089,1.2765773957627151,0.9832984228038352,-0.717712298951122,1.0275413378747997,-0.6638541635637829,-0.14016201807664164,-0.4839123186979379,0.4644649602604086,-0.7783097019064132,1.5267588871120454,0.9737538165333124,1.6981131387603587,1.6366476363761355,-0.4655505051158044,-1.54424017612241,-0.23334959620078805,0.4035118971151843,-0.15867567976337832,-0.43049212759376004,0.5389948316479024,-0.37197323252547776,-0.43754472539922407,-0.15891987735295604,0.08178016617150165,1.829607849745694,1.0272701402150852,1.0342427000650647,0.18627872448768842,-1.259167101238531,1.9856184284673735,-0.009871978648661725,-1.77861087429109,-0.31598597890514224,1.5096262932093847,-0.5628278609213384,0.32329480273484784,0.3966423961356406,0.6418141916278776,-0.33359116341317196,2.188343238928292,0.18580691867891308,-1.1231457066166297,0.08743242984980672,-0.014413515843199649,0.19889207575972706,-0.5084080903362833,1.8141824695635018,-1.2063553523603678,-1.6847480667599815,-0.7973194433283237,1.6491145294778224,-1.030281186828093,0.3088635449984233,0.28894836911419597,-0.052027507165422385,-0.14314141845497455,-0.972955687011933,0.5918202111907906,-0.7036177998265337,0.608965910759225,-0.15787469448085373,-0.5927660345288467,-0.32310438938430575,-0.8773865207341237,2.1126309544255877,0.2814470816984136,-0.9006196597485977,-0.7651896001386502,2.1167461023282694,2.0800483565952343,-0.3286630059189916,2.4499848553437715,1.7936049278401862,-1.4685961040905315,0.11371116250336633,0.8321113421758215,1.194894042297868,-0.03328270308762678,0.154259476415882,1.263814761369825,0.8639898562466819,-3.1125788941209467,-0.2528624811263833,0.44033936774800986,-0.4174270554122186,0.5609453262872952,1.3796056330165771,0.1542637965785083,0.9390369487020789,0.0827044072682118,0.3653897353791463,0.9752935008070854,1.0445237660512627,0.37655682202019636,0.03311943035145071,-0.04849392804451559,0.641974453074109,1.8284382509862902,0.2066221564304333,-0.4624707239453695,1.5895229960264192,-0.9902470444667125,-0.5156037752394707,0.30327012529138364,-0.3510906408410981,0.42794032223694783,-1.2973501706415826,-0.7297315213579495,-1.3512460694714918,1.1773631959474926,1.52040118782228,0.1426485899260954,0.3577695178781478,-0.14530848683659203,-1.297185643338367,-0.9152499363822985,0.46451580563367934,-0.9336495072237523,-0.11997088381721872,-0.29343407415608513,0.730455505586057,-1.1880717813229806,1.6258572532610938,-0.07671720435477007,-0.09405807480270145,-0.005229478887437508,0.2848769746031199,-2.1377746669072204,1.36885042018381,1.0648233262924185,-0.8387017926540522,-0.7961011227440269,0.01359990285063073,-0.96988960801158,-1.029556443240044,-0.02990065803997894,0.8836046068716414,-0.46586849748778203,1.1649449387040907,-0.5336235909927495,0.5966217150424746,-1.372205674557291,-0.6263075783230416,1.3304281558227293,-1.2020751819013433,-0.7985278350048081,0.7261907711203361,0.5785992736092871,0.7555518638526854,-0.726738278920106,-0.0139490653110215,1.1483945206883477,0.14332153639360734,2.35541168448739,0.17597921904044642,0.13270653798254264,-1.1553311737745697,0.9984861799443419,0.4692654658363805,-0.8110117799786505,1.040902982275505,-0.27834305289675226,2.1326654669978846,0.014838993282386359,-0.6308928098923348,-0.017895749655898546,0.25661330937707993,-0.045063779912323576,-0.6919972217339182,-2.050806256892111,-0.14778336674548945,0.19882588495757655,0.5537343947302521,-1.0047382292136111,1.620712402621653,-0.8171477896248817,0.23062021326392274,-1.3103712202280036,0.5095735257079723,-0.4487033617159188,-1.5840990753453155,0.9667505643853005,-0.2605374408513171,1.641834911888749,-0.637236968450232,0.5959687078918788,1.1136297238634856,-0.09457547521024721,-0.3064756800914327,1.655840331598433,3.1121903094321715,-0.03873780641022276,-0.11316456633271153,1.0835121166609125,-0.8725086398877386,-0.17339706258559134,2.055555481483947,0.7218975200591135,-0.30281075369339105,-1.732558024890701,-0.16108107892807408,0.8754766844193111,-0.5453719648246671,-1.8426892985667833,0.8774063522234182,0.5386470323585869,0.7886599724567214,-0.05829587680089464,-1.2557341003358395,-1.5205730666829682,0.6854093132026132,0.7755366191374848,-0.29482898021712134,0.5514189830698523,-0.19822791760511538,-0.9917072538336795,0.6410377573960777,-0.5439655032816978,-0.5258448960035951,0.47303849515619534,1.643259744742988,-0.7331825697675465,1.281449015860382,1.3900367293664024,-0.08299576650601445,0.5541599293379144,1.025042990176926,0.2676689511081416,-1.5500979977381615,0.4757454968022725,-1.4478149083153575,0.25587067539009933,0.22571999783113836,1.1829232525498166,-0.31432489650983064,-0.7301077550105911,-0.3264456539111936,2.2121106992396125,-0.23786246030514252,0.14993734054058497,1.7858029650887415,0.10989943639356677,-0.5498204742787458,-0.6552899398789079,2.2248851706358588,-2.334992972690826,0.31087311748749713,-0.2886642251836098,0.5563258579990528,-0.05005895148128548,-0.14492150088836103,1.477445166163533,-1.434382584946564,0.09023186089534922,1.0226418767945042,-0.18676354982750681,-0.09229264676699901,-0.8523576519033337,0.7517068744456858,1.1741998714330277,2.138412724931936,-1.9642890505280428,0.16526743684306722,1.0508035357966707,-0.1264262573824372,-2.104675555121768,0.1104468097708356,1.2453561044909436,0.32540967239180707,-0.796533119207767,0.33648872966408705,0.17050730218048152,-0.34874317736091853,1.4709362890384,-0.022167028156129448,-0.8609629574031492,-1.1978775611012242,-0.5573049954849774,-1.5545946158141273,0.7645132909302255,-0.6394014773116818,0.6233238146499755,1.2994840739533455,-0.4638585081813722,-1.6428608456506677,-0.6046448135867508,0.6320327220546644,0.17710573649203282,1.2400338034666165,-0.09669508804788976,0.9483168089493038,0.8257069830111995,-0.4509095150324601,0.30701625923651155,-1.0358738813417916,-0.9094473242642305,-1.1084427224606763,-0.48635515145603336,0.357333002819457,0.5150988132559544,-0.7861288942342146,0.5012937530299759,2.1799825379597912,-1.3889952156440222,0.33782310623111234,0.36629856776472725,0.07459111788921213,0.28164998571079924,0.2961013447888689,-0.2763745761280685,-1.7952276154503446,1.903493394593506,-1.7531988163267214,3.1485134286473264,0.24627984253980761,1.4310125381381633,0.04390765257077266,-1.3604128748137543,-0.5171333731433292,-0.8957332951198432,-0.3538820131582376,2.6716248844335446,-1.4396193409327076,0.3137530616198143,-2.072424924766747,-0.970570613305243,0.37704897501447987,-2.8181059419236467,-0.46213922056965767,-0.38970399678226963,-0.7780291808591607,0.8773592884148647,-1.1810309432797295,2.0137093951965226,0.4865147836469833,-0.18902357687390586,-3.0621446284904095,1.548578396971565,0.3118312421956835,2.030981136827859,-0.28994435769598215,-0.4302654877696844,-2.4738407899355273,-0.9760021672843497,-0.00045757934153406454,0.2985034676601938,0.18085805739243033,-0.27152522431568793,0.4420654127104339,-1.4512529102260865,0.9709525423019686,0.6139886036551645,-1.2168954365266114,-0.28740733572786886,-1.948285267753041,0.8972001889674709,-0.5786950132388884,-0.844975156040182,-0.32754911198445774,-0.08668822396302686,0.14201222241967604,0.7944597701237386,-1.5327187719068933,0.4687451370728007,0.33309266274939336,-1.379117302685387,1.0671398006583883,-0.44159572855073265,0.38236878330693286,-0.8131528491074991,2.3235157455367834,-0.4605859616710424,-0.14509742296117706,-1.0702380293100369,-0.3187020612795051,-0.03981178188324533,1.7238930031649313,0.7559809529861786,-0.011747066962562697,-0.67199306999352,-1.7101533272364713,-2.4185603749950086,-0.24838167779197354,1.361390136665794,-0.8079057879792229,-0.03640581587640904,-2.055516799057964,-1.0725201439567151,0.00902271953739419,-2.318537065053992,1.009984877773408,0.26154052465221367,0.3783720091832236,0.9204575259374144,-0.5645674112924358,-1.548521764277214,0.4499038407043975,1.0142288813877456,-1.4397290430345862,1.2978149198458666,-2.2469511683406878,-0.2991480939185517,1.118370083468425,-1.3225151768608605,0.42735749900042863,-2.209756829949862,1.2382894502509636,-1.3427403636966577,-0.060981877853678534,0.8076177492753677,1.1804213215476769,0.35576647884820956,0.49534728644731657,-0.45834950621673304,-0.6378023065267872,-1.0152817791098183,-0.11045186065307269,-2.0502373813663013,-0.9897896627741204,0.21490750782375084,0.9276946937426805,0.5058756589271248,-0.09543085724794936,0.9058543071565619,-0.680340233448131,0.11580828797741144,-0.8875304350408352,-0.05405764998809667,-1.2113695759042689,-0.2742256803516497,-0.8121707609250901,-1.0294783232675813,-0.48091078452550645,0.30763318966549125,0.6404935369580808,0.3410206423176546,0.38270978584630705,0.43866408169781973,-1.0854588849404887,-2.3796301061285665,0.39470502720726597,0.26264196682957563,-2.3445397359823463,1.7665635128738064,-1.0927593784036256,2.1654763378171524,-0.1829579145427873,1.041818521873248,0.5389736947209918,-1.2232807673593311,-2.668352285056311,-0.04354457002941217,-0.9781362276558149,0.45653264445011055,0.7264996005444623,0.7355613716576761,-0.3029246293748825,-1.5812054691532147,1.571926564525615,-0.09401822619830319,-1.4495427851327687,-1.2439833091284969,-0.4071413006021126,1.8552647158457227,-0.18175416121341278,0.2262702092673773,0.07885923483182494,-0.5864172681170501,1.5669337395031686,-2.465815110053493,2.275067869552174,0.24833124123734657,1.5675752618324061,-1.4291128032223233,0.13968820951985314,0.013979584288248043,1.8845330217428993,-0.2929474929799182,-0.05333897424567273,-0.8110567714138802,-0.3888543389258043,-0.00710472685217034,-0.1412167389325975,-0.1020965047532584,0.15115068967901008,0.17380024049628945,0.8746589849094797,-0.3329959051165091,0.05065182075591444,-0.1590787917767257,-2.15330102395903,-1.6541607935475093,0.6866502685064537,-1.1369679835249034,2.3924226697505016,-0.7239315399964362,1.112016072476375,0.46351939686816673,1.6823143647370171,-0.6507092671554169,1.358527951852019,0.16478514188796056,0.3092294257980348,-0.5273740517879715,0.8995734468618236,0.998421537648504,-1.2306956756425245,-0.3989577634144381,1.092150831294914,-0.3631456716499589,-0.20884296209398798,0.6530230188237454,0.2746635415842339,-0.42592088732750577,1.5240907079694936,2.126935380503176,-1.804859720812434,-0.8342032854192732,2.8767080306421073,0.274352697209605,-0.28725942438904195,-0.21033560519854427,0.9585350414036666,0.029041650492813195,1.315955746447156,-0.80848656128286,0.4806272317724093,0.04663846833818831,0.9109426027320359,-0.14974935766491168,-0.638260436485228,-1.7057232158771436,1.3920271202486374,0.40919824447906117,0.4247526882735411,-1.2788072472805974,-0.3580039899427562,-0.06375844834707833,-2.217196949153715,1.1846301821745773,0.06473032715301899,0.19142329824527565,-0.32415944421396037,0.7863939196457486,0.8340801416231224,0.00027802684403834335,1.0003582440682157,-0.7963463226047771,-0.627115606658865,1.9121529769133532,0.5837936403016604,-0.8024395961196934,0.4850622210031104,0.1219172711992717,-2.7872119473587786,0.29919380126557066,1.2080213438319587,-1.800168810187499,0.4129509811424007,-1.0947965594735065,0.5221892700001224,-0.7468776019785373,1.404859634003797,0.7483345929918729,-0.11498924817307238,-1.6706381913622281,0.12918956368816942,0.5500291022557866,-0.3382845185267989,-1.6553092128648719,-2.1108460153241593,1.1540699659869627,0.07412845317205796,0.823501258757763,-0.6701409275931263,0.1356275542359661,0.31646431162456956,-1.2590432657314332,0.6961895985031761,0.09328757509737948,1.2256804682927847,1.3517368470085145,0.3614199130568709,1.6700079142635538,0.5492022824925495,-1.772778858149856,0.9706238770860284,2.6762913589568,-0.31808947336770077,-0.5275643505552107,0.8387137452857221,-1.0685930224823934,-0.22063666416803304,-0.652162411356548,-1.8513787759453373,0.11142386310990028,-0.8084382405281457,2.941682263505534,1.0489163810659843,-2.4105090729835843,1.9258882980704723,-0.6075475980580922,2.087483774444806,-2.4117370512502436,0.5319063096327592,0.37589023471584504,-2.301891118303167,1.2173349728209246,-1.177162809035609,0.1879036951209573,1.4480762772321332,-0.6264752954219476,1.915611979421471,-0.661381693787086,0.8957892146669938,1.0495848762098616,-0.45175055989406265,0.4841870573857976,-0.5887204893310503,-1.82532418892919,0.2983210739020078,2.268303742026196,-0.15959804934453417,1.7838196620444566,1.5279838420160248,-1.099555935059181,-0.711770862748562,-0.05071927322765249,-1.2118712535175076,2.355906740521711,2.577960741187484,-0.38374403491140113,-0.39070654372915326,1.756705924579121,0.29935739321353777,1.8780175099271814,0.608966901838595,2.2054091331321257,0.6459444349274512,0.773848569877465,0.8514981859560528,-1.176812989979726,0.8236108722275446,1.1591882559135516,-1.9884110710970666,-0.3516271151875551,0.44673055123516087,-1.3347145817246688,-2.5057090674900193,1.4947233613829487,1.2765628750618934,-1.5226773976028392,1.721262353390741,-1.6514528569732583,-1.5688344970206742,-0.4413497861566365,1.2473213957726714,0.39688757923690576,1.290677299292188,1.2014162035234606,0.10880302266316111,0.2872686179292273,-0.011683932370133859,0.08433542443009057,0.6097007712491718,1.1499988091036932,-0.2386859350944946,-1.7093010810174531,-1.4391214993196686,2.6553865694452616,-1.6042437758466712,-0.20317388997335448,-2.4930045077828944,1.169267611618214,-0.476616630579661,-0.8031071544312162,-0.5536048845879114,0.7303980875244385,1.9990948952238117,-1.254980870541539,-0.08982669307064109,-0.3905553789233108,-1.632871019758507,-0.6097444527106767,-0.292444022950438,0.396917155983772,1.0479028948776201,3.478988889708391,1.3732321545371593,-1.901929254315372,1.762104734167532,-0.4545938793994949,0.05964518100564699,-1.4050180956302007,0.8251743101545881,0.12030866898914441,1.876894385200629,-0.2950981650422627,0.078573790736498,-0.7104489997186016,-0.19618124817703822,-0.21407393135837666,2.0281694632111193,-0.8143615847564587,0.6445510634261024,-0.42803091771801527,-1.3860922897103982,-1.0691780585751853,-0.4194123125396344,-0.4790341861667785,-0.16784326283010892,1.175913500231938,0.9249189298652342,0.5348617689813073,1.0551499994271774,1.5526275237606677,-1.6628700224118795,0.8146755085875725,0.20402520122934575,-0.4478737040803592,-0.5073410539661858,-0.0533491416867927,-0.749229755024291,0.009241873935096553,0.9853518580034394,-0.9440748270716653,0.4595001151620219,1.2996698916541598,-0.7206642936989571,-0.14671163470262077,-1.8254602163192606,0.34466256496195974,-1.1686980002065033,-0.9223735709842044,0.8118728914009898,0.5926978158856863,0.2973126399010822,-0.6875053178667148,-0.19082846465377468,-0.8982457750557004,-0.7969485110301254,-0.19422707096991604,0.20947227071937669,-1.1466007825011586,-2.933285571999745,1.135144780384422,-1.2304820217709806,-0.13258209496294765,-1.6072541703102674,-0.07175082989511822,-0.3830332512621109,0.12108229243934958,-1.749352901366636,1.7155740042005596,0.7381360570771823,-2.418331494657109,0.8474441047773694,-0.13989272691661597,0.7244292450557143,0.8687577094481388,-2.0021120874760845,0.2786683084092507,2.032754612008086,0.162136362736571,0.866109864059276,-2.9059102807490307,1.3019054441939921,1.7424139303514155,-0.09143758512078307,-0.7797756884144007,0.4490484765891208,0.5946102327390508,-0.5273274304413308,-0.9669921917229617,-0.2667933464381551,-1.2333737700628291,-2.5929777820032265,-0.8721920798438813,0.40304399986689426,-1.3129786948317863,0.6771766007028602,0.3817067692061552,0.30167868227794514,-1.553763312520348,1.076231694598617,-0.9125407813478831,-0.7774946268986008,-0.5561826073190344,-0.8542394773926995,0.7016188269081071,1.08893300546958,0.41380505747338736,0.34797487659727055,0.5500342549198363,-1.3032063267830765,0.7748710122650375,0.9967644038189094,1.2879800213406356,-1.7558679990155908,-0.7969035474977235,0.5491019270426274,1.0895103299460505,2.825331332454567,-0.13425162629451504,1.006193727970687,1.8706358312971618,-0.042511499682403954,-0.4682652108064743,0.46306033055652185,1.7579528755834302,-1.5868429352537068,2.3049421541565693,-0.35985907863006045,-0.9958672610279757,-1.1179800372153286,-1.8110135123780022,1.364189727665859,1.1030803379216942,-0.7518626011853226,0.4130178292108933,0.8625159361785101,-0.7131095168440806,-1.9833615351057399,-1.3141361531819078,0.4533868694782618,0.8978170184104237,1.3264842193208568,0.7165664904763765,-1.2699061500974407,0.5757954544109928,0.8967003028605369,1.61058655190204,0.19918193392577338,0.47041237894530885,-0.47110717982461575,0.011811520330181452,-0.09235603237664107,-0.5039890910312733,1.6555932489033034,-0.7335632126469929,0.06545492634910444,0.8855052417397429,0.2538009641418527,1.2502331459316223,-1.2614198893387192,1.849968668746143,0.9731418263000295,-1.689356163965056,-0.02761748755601337,0.41128100841551296,0.9341375451855856,1.860763699482632,-0.28326464400469953,0.513469717569417,-0.9273706996206973,-1.0597548379689337,-0.24892278717381136,-0.9374074010292601,0.9418742076643576,0.4982962516315893,0.3664671340961608,0.5104009378155804,-1.5694281269608865,-0.9906638580534038,-0.7711864040352924,0.10067828161079914,0.4489021354344603,0.07375986278527713,0.4574287494743943,-1.7240281731648333,0.5738957512221121,0.21146558068711138,-0.3809669927112137,-0.5401667497801783,-0.18120615578105922,2.6272935551205214,0.9202637128750759,0.7508549656598856,0.025426203605270318,0.08596764725378445,-0.7689453989333562,0.3832660768552754,-0.12297166778768825,-0.7165842294677375,-2.5968217954135078,-0.6152437138892494,-0.02045065103785096,0.43000882262126394,-1.147149264102593,1.2010485990943482,0.14762370078393613,-0.7071300441216638,0.1241887856252782,-0.5303888787274114,0.47179982531476117,-1.0990976097430387,-0.14845892918714113,1.1606871639740826,-0.5220582298764225,1.8325827320361892,1.2135707783109209,-0.1916413918610228,0.15796557212817297,1.0710765427314666,-2.0800201271943592,0.5699899584973773,-1.8911041253972931,-1.6351662471006798,-1.242057887103516,-1.847085983915323,0.4335298656584745,0.6666844504287455,1.734376302178125,-0.7497444466010996,1.0232184975067413,0.6275012967773449,-1.5750906425042086,-3.2748824096700675,0.1017037430133229,-0.4928418279449286,-0.24821043320087063,-0.6641773129245836,1.424902292645161,-0.23811700807780242,2.064402948977665,-1.315324991047109,-3.0905017202700527,0.2738433160805681,0.7810794733273859,0.21939698297818883,-0.6481055679820078,0.8224979711743965,-0.575296624178208,0.2814756389292865,0.32686791553858774,-0.6188832321866193,-1.2771401112386702,-0.6067264695391021,-0.40720556226274174,-0.8360044029275879,-0.3427497529183203,-0.1444138493790587,-1.2490351242895008,1.3046516828830979,0.7231016453858221,0.4823129850204431,1.1872749865295966,0.022222327920409433,1.0342995959958214,0.255632834956825,0.6222882727031724,0.2946920819567385,0.814560491070872,-0.6031507071902692,-1.1203141327545434,0.40319638492511234,0.06402654276063072,-0.5983308904211951,2.909097776246836,-0.20061559816222735,-0.5475058372328128,-0.5669231827158251,0.055630859028450816,-0.1208300502742856,1.3996422089663207,-0.5863103693354879,-1.0355161386203318,-2.917625227324607,-0.2505203770650398,1.202351955652738,0.29930362789845955,-0.9747482071491823,-1.0261921185294427,0.8117533365094531,2.5434227914030383,0.09543325804687963,-0.48041152373676166,2.0370781484842446,1.0581062184911365,0.24489155138448288,-0.07862212368567936,0.12311419243024807,0.9764973955373888,-1.7971021926461648,-0.677720757735799,-0.40484822845644103,-0.9371853789281981,-1.8305384683135197,-2.7072151600367396,-0.22233108194353712,0.5468421214219639,1.0368832699009831,-0.43866769482437235,-0.5255443877616159,1.107631492663682,0.478321707793801,-1.4265181136982414,-1.5157831521183829,1.075935192815143,2.0290449429230364,-0.626894353141673,1.1031871809829656,-0.20439067609518993,0.10737254502773119,-1.180671808178156,-0.7265260729542427,0.49502266242485093,-3.225000743243012,0.16911632514813424,-0.07977987516772268,0.16814350656959992,1.4305036176404902,-1.7461341632805762,-0.8019782919581313,-0.9714246532102102,0.3269234522240318,-0.31092521184784405,-0.8478993658414807,0.5249745156316403,-1.1378552494807455,-0.6606211959656101,1.0340582299597483,0.8568610785540343,1.3807334415996324,0.7624358199937208,-1.1986427866223022,0.39865989726711887,-0.6599420796396129,-2.180453629528671,-0.3528025278526661,-2.1401060612516636,-0.5537532708134404,-1.3120366706277067,0.635857527729411,-1.9829310709567198,1.8270528423101706,-0.6005306884574727,-0.42163424167588537,0.005466169016546216,-0.5469128253169334,-0.9447021764059089,0.6196291778692413,-0.480080728904892,0.9814383963162283,-1.4941695727780173,-3.320664662661758,0.6279766794693475,0.011134554806078459,0.8450345755332581,-0.9721658806267115,-0.9462266900375383,1.3027053340366177,0.6841485371701715;-0.3853243969497563,2.6499468343601302,0.3971650205360563,-0.19715673324813554,0.5419315095685072,-1.5813064429915038,-0.8335292123132869,-0.1377537239098705,-3.7338700536946963,-1.7962400199526798,2.048798195565264,-0.44421633686420997,1.825347775382751,2.1076351542402394,-1.357466947254144,0.235128933007347;0.6890412270358892,1.9789789281831907,0.23816655077979432,-0.4221334776766868,-1.7000507609812543,0.38449852171305615,-0.05737216799280778,1.4474080655474673,-1.3666807369176872,0.4362417075243057,-0.8001847529595829,-2.647244408465114,-0.20109900563745747,0.7868908189450162,-0.2276656765928492,1.0750877318526884,-0.4601467256071099,0.9647286509735974,-1.1968554733548407,0.581130097649901,-0.44469346152599604,0.6725865739624584,-1.3966876257371237,-0.3134925068106649,2.649711304246868,-0.47176958412787784,1.6790897704662415,-0.5376789158621366,-1.5862029994540845,1.7685651744965971,-0.7624440248556794,-1.6644850069845494,-0.09483870170958911,0.6359537687100579,1.6031351088533428,1.2444106235198076,0.91873337967801,1.6248270754225191,-1.6477116230470499,0.06723734118094678,1.1032696220671439,0.22449514930927045,-0.3902517677512104,1.1081963966197232,-0.44481143672459506,2.1112321021758516,1.2329513653717226,0.6347753999928025,-0.1297617098641707,-0.5862068322747905,-1.2924966697385867,0.0894663299099185,0.5217057377607297,-1.1943911349093352,-0.11777987361605907,1.3794387070717546,-0.8411600785398832,0.26013376065128757,1.4889734718535086,-1.2091187629855527,0.20794329078142443,1.839823463083631,0.6682521375947587,-1.0836192561991917,1.7370326087768413,1.248975343160364,0.7989954886239545,-1.8669589873539045,0.5127000833325639,-0.4413092967617426,0.24657524092625696,2.328973133524005,-0.40717392889938087,0.6932199287891129,-1.7015890680866048,-0.07214287212147236,0.14282051308658386,0.3248620890726808,-0.0027307295891814964,0.48689871760375353,2.176914640558488,-1.0851332446707964,-1.3652796842810642,-1.429312422912105,-1.0154184529703205,0.5497520852406088,-0.25862349193687184,-0.6541943782571389,-0.056752160489730044,0.9152260771799412,-0.778166633608886,1.6183029350737785,-0.03722147786358121,-0.5313628858740957,0.027340402023143445,-0.07603752435563374,-0.6839268036552928,1.3194037507342076,-0.24358227387047138,-0.801486336655387,0.5325254186177464,0.07066908144672618,-0.8012001817909188,-2.6202250038198436,0.3442401911922258,-0.34258367463645606,-2.253475130935859,0.3713795431997668,0.3378637174917877,0.9840906290984219,2.250299006550389,-1.291700805583227,-0.6738627285293408,-0.046306870030711975,-1.7463548780358698,0.19899232143571455,-1.7403717608203169,2.0382947277966266,0.11728237344262223,-1.0563932495598485,-0.3081089834850178,-0.7601998006103556,1.9284122178385696,-1.15935057167347,-1.526028649186427,-1.3519797940078397,0.2444432049164451,-0.11440811325803783,-0.32839431370296124,-1.5707470975863322,0.5856946310399478,-0.8007527389413543,-1.0326986491953427,-0.511985050739381,-1.020372958167005,-0.5523172294538569,0.4334036641716575,1.5950800179066857,0.9332400532814155,0.14970042377174184,0.18137198189027637,1.2186715769995298,2.800928085826313,1.6534657244025641,0.9934637902205256,-0.6068036974788862,0.19344090370848316,0.47655053730142183,-0.24119301327157777,-0.2612381959124799,0.8702788255588377,0.09028665789870985,-0.4596070310057913,-0.5870872197699161,-0.4413080957553268,0.9834372712619106,0.3541061887211334,-0.8330657620469657,-1.1189082720955708,-0.8454278105464371;0.3919323966607519,1.002886138953584,0.11205322523843869,0.22751733970858948,0.028059667141748026,1.1073084105542512,-1.8116076156960268,1.374987442282965,0.8703734265963259,2.0767871978843426"
13,1.4393442282297373,"-1.685267324047834,0.5660216803612479,-0.6253433512535235,0.8818575373908869,1.0738405561877278,-0.12312685000124089,-0.20485732596157372,2.994712282067514,-0.05446431973446786,0.04242039193619416,-0.8104643553604548,1.1624589649873465,-0.7677301052962491,-0.2889256269692255,-0.5259368313098964,-0.6572814761362626,-1.3175480554811276,1.0035738770680105,-1.7025020336350276,-1.2878088585080558,-0.0446529448151259,0.021646623499892458,-0.903145229526387,-1.1026785897162017,-2.113625479353713,-0.291167283385628,-0.03982375750145652,1.1724685621553441,-1.4959484371182286,1.5607400485494007,-1.6379202797449226,-1.0738657661769524,-2.2696191331745545,-0.5087516744860576,1.6751358177800735,-0.12935120564767263,-0.8009426237741792,-0.16810951960691567,1.5523136568847715,0.28529756807488105,0.0885311920620167,0.6159704895277671,-0.8416079252258923,2.0034408739569587,1.6146265904182913,-0.5777421371210789,-0.07653899460058339,-0.49160557739909727,0.612444425006401,-0.10270244661599609,-1.647897341805337,1.3364180579963696,0.13457327691677995,-0.47500484951246136,1.427190474105036,-0.9286443202477506,0.7819793257630446,1.7472331571004236,-1.201453248945076,0.30430255736532263,-0.5349652172687356,-0.45719916349075235,0.3121328082901987,1.1069369537136144,0.7569948169260352,-1.7435906099262573,-0.09455063159727521,-0.2743284310705263,1.1774836401042301,-0.7317867398331065,1.2008625497720395,0.9497952398937284,1.964951300897196,-0.17485811007167876,0.5154572140310685,-0.8220438574609416,0.3727548919692384,1.2334492441501732,0.19238033587344072,-0.32311565131886344,-0.25590595000030836,-1.0531678811124465,0.2975302236530783,-0.6498006985984061,-0.6477455191256727,0.1567182971103345,0.5502503000110356,-0.7395224293679226,0.6529613168506923,0.7525674696433513,1.6253024469195052,0.5886970959190796,0.4824508612008054,-0.27174080788276306,-0.40138657879444195,-0.1742150784423283,-0.36947558844924044,0.645725475377912,-0.7246163751942563,1.443641376251702,0.7331811711317042,-0.3939781883155047,1.3369827362227862,-0.5141024629840175,-0.005201542714167948,-0.13843847129753933,0.4990711039289089,-1.1279574744994925,1.28007099904781,1.1255900503999372,1.5483952041708031,1.3937975593201009,-0.6556233108311726,-1.3887774445587018,-0.35904842839474727,0.5493672082082268,0.004319774264514825,-0.1823034444919584,0.43084468677194887,-0.5136376158811863,-0.5393156056180363,0.29128593207853287,0.5205547527085249,1.5287164182806685,0.8119777149997586,0.9331518935394746,-0.04454287485038261,-1.64880034024985,2.157284747232057,0.11167354588260586,-1.4959312436609467,-0.27817081549749323,1.0931868197987702,-0.47984704232915226,0.4726810570907416,0.189316567773527,1.0389575573787324,-0.21994965809092765,1.9102877740642827,0.23198948441563397,-1.3093242734499124,0.03846016998179309,-0.17671306987464797,-0.1435957368332173,-0.45249419132821206,1.9072490051714324,-1.8754544509602336,-1.6190753432453708,-0.5607019432025017,1.663780083428594,-0.9966742445077693,0.22340307023152958,0.6742972986014765,0.10445833357325493,-0.2528702342345919,-1.0433515456643478,0.9305351636480194,-0.5937785781478956,0.7564056311424299,-0.10398760422983208,-0.8693881243900843,-0.4949330733641557,-1.159630604072345,1.7853703919363233,0.721157612089972,-1.3574729293712966,-0.6185678531305381,2.2768779833984327,2.439686757830425,-0.329546773901534,2.3425712359086734,1.7333763822609938,-1.5846682539521648,0.22287343549141314,0.7766750348134079,1.335204784335656,-0.1568150670840735,-0.3068991423680846,1.2960331556145315,0.8364916572933057,-3.1802034801241352,-0.20758103040860118,0.5997942082803279,-0.2979002699913532,0.7519899628267902,1.3748140907149364,0.35370508554680496,1.0151104402966769,0.6124646418939808,-0.2888738244480924,1.1379271295960491,1.1429026336062564,0.5609584458535599,0.2708631268095298,0.18439108023777814,-0.0347456207325858,1.6234933091972006,0.2016105598307022,-0.4203567727672933,1.8774511638577887,-0.9965208097642897,-0.06209143912914725,0.268912368511705,-0.08356344566642615,0.572807858346494,-1.2611449297751922,-0.8271564897002487,-0.9891598565844156,0.9192414076796713,1.622009670178327,0.21038261480135412,0.35773354021248677,-0.15745756167513636,-1.3666400143524804,-1.2711516425202853,0.06711545193609966,-1.015496369561478,0.28782380060003565,-0.2254097733257538,0.7824359473277673,-1.4022436281628738,1.7597063477935548,-0.21445872092856993,0.2231487105043448,0.07963746739358102,0.4003510296491283,-1.794823968264658,1.4960693597598689,1.2185144476685157,-1.1463536619610963,-0.7703718056088459,0.21165503506893849,-1.1778780736810333,-1.213802301966613,0.3624852581201489,0.8998497810583092,-0.025168818693143954,1.1933223763014578,-0.23461585648175207,0.2068241849389798,-1.5255102072202857,-1.0154759633923864,1.2966690971766923,-1.2520361435710985,-0.46265811525172235,0.725094183166463,0.5787156631279153,0.8875267560431818,-0.7587634538485519,-0.1351954701636261,1.0524523259518197,-0.4416075150013574,2.319416459209482,-0.27244304485398185,0.3320922925297056,-1.2916965065251953,0.9559704437391787,0.1355684405361929,-1.1641979006170105,1.081699750093613,-0.4943857988117095,2.203805271734005,0.24119054642600093,-0.8090765288266032,0.18002276704711825,0.3709335621317652,0.1008458122461828,-0.8871313629089801,-2.0644480675340855,0.013810353751771837,0.015833668460833117,0.39355211747091895,-0.9776637660712857,1.6649025076050585,-0.5983532755344151,-0.2928696407804537,-1.6046172536029646,0.7320491653535429,-0.11132795454600347,-1.528765926169109,0.9946663450300257,-0.30442981523671914,1.2645162396223828,-0.43157474220966235,0.7307020408369143,0.9430313999510043,0.3409846395809722,-0.880567618319725,1.8448981625261007,3.3691554760684923,-0.10635091050878995,0.14252917071235827,1.0700608457183474,-0.9995107534888912,-0.6712901444506724,1.9836785473713265,0.6789516088995192,0.15040584546072783,-1.8176943152730873,-0.12290372460944006,1.0658276524075663,-0.34375158983692106,-1.7531263996067739,0.8785575989190861,0.24224148225705083,1.1574686330108859,0.314987765656043,-1.35863263940693,-1.3943897837679347,0.8095699402419386,0.675771392844221,-0.5126076991613776,0.9893029070346637,-0.16007286088400907,-1.7084875141291163,0.6570598973472915,-0.5286613782687769,-0.3977312703741744,0.42019483326323676,1.4687937511596028,-0.9223768503089733,1.3337646602354363,1.0878732027767257,0.2038763259142153,1.081264793399315,0.8639273185068217,0.005298118960688519,-1.818634920009301,0.4777008410973488,-1.3676144412326932,0.4612132542901705,-0.1576262552936298,1.0809241295958598,-0.5433529773579502,-0.8604881117986838,-0.3470031402940664,2.1037864973939793,-0.02344541895540339,0.19972632262402845,1.6119307444371764,-0.31799094645168396,-0.32936418208576734,-0.43465235994039525,2.3871573066424583,-2.5143247296839486,0.5506310684072575,-0.5199163468032117,0.3170706094507088,-0.0718475264633154,-0.02464997052173984,0.5881386786583331,-1.426405500705581,-0.05063281022218715,0.9834254417335508,-0.5837802947749446,-0.019780587843726688,-1.1619609865132614,0.8420172632537624,1.0318481344095278,2.217891697788208,-1.6904546144406445,-0.00736758608799111,0.7606855465191928,-0.27118130682001035,-2.2635515842706284,0.30582737600880494,0.8940083725190922,0.15145524271159386,-0.41209370370646514,0.28310388538346387,0.18686301871105088,-0.5472148320169757,1.0831224351980435,-0.03676727181743564,-0.7348132900021642,-1.2324607656042443,-0.6550825795256907,-1.491050491370929,0.8640874168652309,-0.7570237297214961,0.3293617229944807,1.0668102317157198,-0.33226216180479673,-1.7063515575877697,-0.8895497433308874,0.9323386485224893,-0.16931089613606978,1.6027070626207824,-0.1501149978208968,0.9897983469658531,1.0398114928213036,-0.48897668231715086,0.25766616629411726,-1.2420038996348084,-1.32524382632491,-0.4224601715489575,-0.5709976129480916,0.512933114321378,0.6115384822813578,-0.8143236781761567,0.6638469438001675,2.297321018945959,-1.791993168706261,0.2726519916450927,0.3764655378288206,0.1978637753186929,0.10617844794166958,0.16883126181009409,-0.15289622035294587,-2.14195263241987,1.838528317615506,-2.0727808167168624,3.6381679662492967,0.4015972987067983,1.6000813186277631,0.034741240811776056,-1.2512035007251472,-1.0285082834696293,-0.8794259916432965,-0.5607107506419332,2.332659053517931,-1.4947025843951312,0.46765256363719077,-1.6479227247082808,-0.6774687959977518,0.4415084737561519,-2.8887068135719467,-0.13195213778266923,-0.39606267090186553,-0.5960699708902645,0.8905823223060501,-0.7860380593253846,2.0539677749154364,0.6098946716662073,-0.33637487245284925,-2.976677872868313,1.3482236809400794,0.4866450349160727,2.149410325807491,-0.6597862992634195,-0.4465272200254507,-2.435180031436881,-0.8278533118423523,-0.41133488849933875,-0.09275787664630845,0.4869176501527583,-0.6190010974678057,0.5736915923743326,-1.2207964549795491,1.0360484623811148,0.8125032388059568,-0.9492352340861558,0.10895011380864712,-1.8135422648932629,1.0238467734262493,-0.1789565222607068,-1.1451481858170411,-0.6177417227258352,-0.062214841046398836,0.21294668715194212,0.857842104674211,-1.7959049942519474,0.2578765925520101,-0.0035766362698719106,-0.9681814054255867,0.8478274246236768,-0.3485311820132008,0.38233922047197405,-0.8510930339669127,2.344209229667264,-0.3205651674972808,0.012283930029017232,-1.4910269498170212,-0.27792623802231664,-0.09681681850023978,1.547652616252882,0.8539510567197426,0.04729623967092426,-0.41944482042623854,-1.343665395299084,-2.1611831171621696,0.045526044791265166,1.4204629118487275,-0.8678376670411281,-0.11230865825240394,-1.8057409868254077,-1.0168386665530724,-0.12977768733663583,-2.032797665407654,0.7213979052556103,0.37913089828910296,0.2685405204737289,1.162706814499426,-0.4480960156848478,-1.40966094916272,0.801115319074883,0.9017222269510048,-1.4880212734760823,1.3868770999885247,-2.4316496204482374,-0.0713986848669212,1.150997902262974,-1.400849532757877,0.17558825833901465,-1.8580510742953373,1.3609498052751843,-1.3743250108742833,-0.13275347460852416,0.5034076136790682,1.390614826325983,0.29506072294603447,0.28574316043921894,-0.7914928279776503,-0.6791567864723473,-1.0296536042867532,0.12765457844309364,-2.2342909616058746,-1.1583178490721915,0.15258881227091226,0.522108749311363,0.7464316391170666,0.09918419008827642,1.1868200472719819,-0.5292119909930237,0.5105183452235267,-0.22215141942649913,0.2492190796276853,-1.4235510613905513,-0.028716824389934552,-0.9442942338123762,-1.4514733538091171,-0.4074650135779551,-0.1689458513842491,0.5360459800987893,0.4192288741985393,0.6831176758031612,0.4928542672276024,-1.217191660415484,-2.1291495369043485,0.22256226627738562,0.5308709593508478,-2.3530731378248255,1.6196708030413731,-1.471721233359967,2.385911425154142,-0.4387605066698023,0.9085248840733716,0.5333667116980455,-1.5704600920720972,-2.781691998473943,-0.07656139406397687,-0.9436149933426788,0.09649940061933192,1.0074291036351,0.9482919826066571,-0.22124034716314467,-0.9715257708391866,1.3312151004362496,-0.29452098982992275,-1.4671161435422597,-0.8379879919808936,-0.16406387738310477,1.9115447969777888,-0.5423934113494291,0.17958739403437973,-0.1024019713171619,-0.14335674442527846,1.3604686844914877,-2.2209233430896584,2.2443786185400754,0.27592389668092565,1.1514054068806638,-1.582628471265581,0.2779280383189271,0.2629743822970493,1.8172793542188548,-0.4178170158577008,-0.16817238016240416,-0.7991532332037906,-0.5676263850618635,-0.25167703387339546,-0.060974048252385754,0.24797116262498037,-0.03288112513136637,0.06293454409573923,0.6689117411774658,-0.3382106730871341,-0.6062855343597281,-0.2336951410611338,-2.28621807306732,-1.4407129432061607,0.1507681248649019,-1.1221947582296417,2.551109390314629,-0.6939021742640261,0.8055174747530585,0.5905367458091266,1.3951473227555975,-0.38850349545141954,1.0363604269172684,0.0786579853471635,0.78401194369864,-0.8531283733709808,1.2143498729087712,1.0824348410058344,-1.0796063113584449,0.03803308434519699,0.8959824999676512,-0.5699666575268528,-0.17526905162969372,0.34386856408675315,0.18782388563726696,-0.30051689928820524,1.4329609818284648,1.962856181604933,-2.3327326490918603,-0.5898989396519178,3.2355000140788803,-0.08618099258593519,-0.562171279665503,-0.25496312485900063,0.7454576145499551,-0.5099278504445592,1.619357042284625,-0.9564524338779282,0.17459337423049653,0.057401944958058726,0.7661470516633393,-0.16246202688927502,-0.6603330321159271,-1.7311196152729158,1.6371461821922002,0.31346337751968567,0.27342935427452564,-1.6288309125076352,-0.34183856322184375,-0.21519130062560493,-2.174892935164869,1.466551460543632,-0.10075601403849471,0.2202250220715366,-0.43447635669806833,0.7151728058775015,0.8365149090951378,-0.104852791494547,0.6514702443395275,-0.9796763330916034,-0.6452820506244507,2.065539395778675,0.908084860480631,-0.8966599368695128,0.4688284375983902,0.37684261858740553,-2.7969981298806244,0.38912422798040475,0.9922617034832142,-1.9917459227345236,0.27349343980878627,-1.0287398550387066,0.6288415084918608,-0.971217550281151,0.7925869273680338,0.6437583216436034,-0.20217907944584168,-1.0965677520351411,0.3465819891941137,0.09369224950499767,-0.4289075002913092,-1.505242771378656,-1.6331690247048172,1.3734379375422414,0.6553671755799058,0.47712718477199906,-0.46897746122306944,0.042999171334111436,-0.042619155797400124,-1.3842121536841288,0.8515544446756969,0.06647641208552942,0.8892400273254536,1.2460620024060287,-0.2790960654209136,1.3098382398088702,0.43323853046983873,-1.5384294858689604,0.779364962152902,2.6503388332791755,0.09414124114072842,-0.11000038765148598,0.8941385764222411,-1.143511553952498,-0.16967257896546437,-0.6675651080686403,-1.0335507688769323,0.08774544760847529,-0.4061561217997268,2.970946695079724,0.912596501032819,-2.4550008462623767,2.071855294949131,-0.2304031112313,2.103386401701818,-2.6287255096526905,0.4514386591495322,0.3826267745133569,-2.372747046817722,1.3671624481917413,-0.7906298954467565,0.4177763635914248,1.0915928825626435,-0.3679444518145076,1.8475298945966951,-0.580274767775621,0.43523975652937613,1.147379656307657,-0.5581859536017424,0.12719945656280957,-0.6373433084067898,-2.138305897342311,0.47058733605342445,2.1285938796399817,0.19584823823359637,1.6883513333367166,1.7368393361166092,-1.2136357777113491,-0.4335026485967751,-0.2961786241339072,-1.3716507209041024,2.0937880679584606,2.5757414067282367,-0.5326589319307188,-0.5080277763367405,2.016511214429955,-0.026506551380603677,2.2010230935276045,0.679304230105396,2.6355399674450877,0.47828928550476435,0.7513997838243508,0.7652850391871897,-1.015527090282482,0.7073929032748738,1.7199464587570443,-1.9691301166141564,0.029232668443337884,0.19994763272503138,-1.228005919324144,-2.8054113687445477,1.3156960404979832,1.3420890393767848,-1.4815666916279162,1.4287832234557676,-1.5503779090191354,-1.9848696001457464,-0.7144119571580119,0.8025849914200477,0.4845562225063878,1.403469201423209,1.5229283426700442,0.02624292265820609,0.0781645373452268,-0.22930837456621322,-0.05710738975444421,0.8387813234625092,1.4267988532824862,-0.017094952929929574,-2.166811751478214,-1.3062037356013736,2.6748619442384114,-1.4722141113147458,-0.4869650463941043,-2.686334042843158,1.1318677100786625,-0.46529767299288394,-0.47130081771329085,-0.11869983373980174,0.29109630569253836,2.0562799261782048,-0.8759666108012959,-0.040569325544171767,0.03401877776665005,-1.4875716157285277,-0.4866791265986447,-0.28673824972483936,0.2354487920638719,1.2612687246496832,3.581491407605888,1.2757257883698059,-1.4568474605822521,1.359949320084395,-0.9876756782319334,0.0456364585898397,-1.8422528699848701,0.8949134130021364,-0.08018337024644578,1.90950353941969,-0.3250274096183222,0.4022299404751487,-0.8472795441082485,-0.2986873332302702,-0.2718609778213104,2.2754771441504924,-0.672854069953603,0.55911547442762,-0.3456709382444592,-1.507949098600368,-0.9453747047953995,-0.3429680750890491,-1.1619034627756857,-0.19162707822116648,1.25141052677272,0.7462546866190333,0.34284709108426503,0.9024460821015403,1.9140448908188843,-1.8248318109945005,0.9091176447126261,-0.1007455906564172,-0.5261025027922567,-0.6152626705786616,-0.2364473733133001,-0.8656335936360426,-0.12519966460422863,0.8462661137008419,-0.8676876516659755,0.3237188124538821,1.9771495738411455,-0.9078689881362334,-0.07446679835949005,-1.7009991862780294,0.5438151047433305,-1.2476385224021116,-0.9920949954245505,0.4228131477145801,0.6517373729969708,0.16246063215006085,-0.8319737953482327,-0.08723385391303054,-0.761733373493274,-1.1037582289516272,-0.42184868707759304,-0.07095823992053824,-1.2559707631310475,-3.085336045779217,0.8498953085762174,-1.05869325010794,-0.09528873934341316,-1.572760004312852,-0.3218697655605089,-0.5667720398170379,-0.28510170744422103,-1.6894593940602167,1.255309403647363,0.6796802895395474,-2.2280247133349196,0.3905146092720104,-0.07019814444635805,0.3208009436968828,0.7665367026343057,-1.8864640352521305,0.1699534867481555,2.366511282460352,-0.1101525059372056,0.4689222436681713,-3.218039722007784,1.2332709573545513,1.9539053280726162,-0.22739928526794884,-0.7133100389302734,0.805520823585552,0.5958453899781198,-0.9952011633798232,-1.1540124692670242,-0.530184053964333,-1.085970458013891,-1.8315199302429648,-0.6776169342550414,0.1832246403671884,-1.386572022243258,0.9836223161047751,0.5217849979651471,-0.01106188519998269,-1.3946074394546,0.7670800065562516,-0.7654352599094142,-0.5639009378517456,-0.574102598439053,-0.5962707622640193,0.903864923520493,0.8667041370497433,0.40472964276833395,0.3762215902397019,0.8315222539387659,-1.1014815485091711,-0.03351142571342641,1.3003939348862184,1.2731587313686856,-2.0099032212832855,-0.6186705208672472,0.5193683748623136,1.1338245186868874,2.860860560557986,-0.2648712276925618,1.141265419206531,1.690039259647472,-0.12169719400472645,-0.1260260423351944,0.5484266481805325,1.6945992326775468,-1.5180415230454485,2.423326299717577,-0.022077889167055102,-1.2612364683595332,-1.4514693817205901,-1.9168223924926802,1.30623570655174,0.9704951611708266,-0.7964548912989758,0.5518940965392217,0.8495861726949361,-0.8712282777459616,-1.9253098801691513,-1.095954049330514,0.7881514387808508,0.6797534230505818,1.1593648978822104,0.9163005539518404,-1.4513740612405401,0.8411907033236946,0.7332378477730269,1.8348637940729866,0.3105727471468224,0.15214771684023837,-0.5528533161917357,0.31505639909478167,-0.3971859307244978,-0.8240037895239901,1.825251543063891,-0.6057163871883676,0.1140338785694322,0.4112664076589605,0.2807980806078962,1.2532420240625586,-1.5102287583384124,1.8498978331696458,1.251759225324442,-1.5532110830712014,-0.4139586006689502,0.3276870057580347,0.9783428090936289,1.6393573689767555,0.08722416829861218,0.590054292886174,-0.8481042570662796,-0.9082719570147946,-0.39033493998693763,-0.8935922324639927,0.8498874606921477,0.41460510857773936,0.4266862535792737,-0.06054778372398254,-1.6268723856639142,-0.9028583103245807,-0.5883054394246559,0.1092695786755162,0.5195677127275485,-0.0926470751610993,0.28566053401095004,-1.4847061496991432,0.5702851162119811,0.44290949065943286,0.24720959146628474,-0.6581333220498365,0.0003084905602103224,2.7166663986056254,0.6229526581808285,1.0197453010970448,0.06367809888145003,0.2664124876666687,-1.0819940062399998,-0.03761715580022504,0.4371477684113373,-0.8841936282820912,-2.6284433477358653,-0.7660485126184359,0.05973860495372604,0.050536992841688846,-0.8338064159186889,1.438832840116503,0.031232535022225325,-0.9813394141828025,-0.06951857480616296,-0.8475015739328244,0.5997191647900249,-0.9930477085663572,0.18772360017736714,1.0436059908814952,-0.6202620617571784,1.92367005778825,1.1528421282964014,0.03904173033406616,0.2569570276095995,0.7933444983567166,-1.6289323742602984,0.9162998640191279,-1.7870569856318257,-1.8499503868597427,-0.8454698424369939,-2.0472105449265143,0.21056383122611563,1.000004063008978,1.4907399070134715,-0.8814803497429653,0.9991522035267602,0.3640229002171501,-1.541426918141433,-3.2934278050924615,0.07115437848420997,-0.06591064876834864,-0.30767825283022476,-0.47079574473801716,0.9497776308596233,-0.07083215485475047,1.9283983050985203,-1.4072947379988223,-3.599052342605317,0.15677589708686912,1.2100992480478434,0.00498366150863036,-0.6969341307211062,1.087844848338101,-0.5433658503492875,0.21534919262764313,0.6655847927906013,-0.4069655768871672,-1.3530488112863475,-1.0637856128702659,-0.570948627115131,-0.7577857834960662,-0.17511503942846357,-0.02830669294205492,-1.3729288935610673,0.9730068388537287,0.47024002950479404,0.31271253785179426,1.135344855997194,-0.2184901154978314,0.9019695372337635,0.5184794747397832,0.8287927954513872,0.19258752355060832,0.3897416661927039,-0.46860298182458265,-0.4925943773591601,0.42866653480143396,0.1486814137421461,-0.7851704475815122,2.3687492609814753,-0.2336028187248429,-0.2290223939273732,-0.7704858190406041,0.19570472254534493,-0.3114513380882733,1.230771569443569,-0.8225481156680478,-1.278679525117026,-2.9570349778162344,-0.27361021786353174,1.1921957003556636,0.7436116334408401,-0.76965278515726,-1.336540740765218,0.5004224023028037,2.766452979485088,0.28888597762960566,-0.1832040212941788,2.0326741741227083,0.8167403076330515,1.6475815664857008e-05,0.008128108039362134,0.3714507341251161,0.47632427139935674,-2.0104593894923535,-0.51416938476627,-0.5270719813304051,-0.8296244454424531,-2.268105123817726,-2.7516074646843576,0.09947668979425321,0.7115288198573997,0.6846990111888355,-0.347535304476097,-0.31074102734120784,1.025012247647977,0.6103064317189162,-1.1835659836906973,-1.177590935586377,0.9065281121973304,1.6758533466915364,-0.9681341641795406,1.1431340494767372,-0.2008105961697241,0.08682020922713407,-1.201160036580661,-0.5229184315009288,0.4890231490621626,-3.246884730979431,0.30730575081635153,-0.12608411542340014,-0.5836065009916719,1.4101317749749767,-1.7154273307662957,-1.0710988926655003,-1.2208155273818924,0.33776537876949325,-0.30040862498508536,-0.45167286291019315,0.41200605604775253,-1.3331029485403074,-0.5457528462528667,1.0697560260795964,0.746464210298467,1.4346884037914531,0.8174907421673583,-1.3963487501169807,0.40221753477294653,-0.3217188509342174,-2.010972194391128,-0.14106135988697446,-2.217590402017117,-0.4021344291749876,-1.7918550208912536,0.9746719574474759,-2.1454510733282084,1.7123694283255015,-0.4705585092102994,-0.3849054595828192,-0.01441008259771201,-0.4786437984212081,-1.0713980057670551,0.7612000810411343,-0.7122478224976593,0.9770535691581452,-1.685957693705267,-3.2015541629647846,0.6039789791392812,-0.10088667490560559,1.413231366720064,-1.1681624159445587,-0.6998871293881777,1.4044040253196,0.3420173594308157;-0.38022982716514286,2.479814542954388,0.9174404368345288,-0.2520237601680988,0.7149842143935364,-1.8267450571746755,-0.5601614284314456,-0.26680325418542133,-3.8807825125106703,-1.641432695610944,1.9424372573667115,-0.51173254240261,1.5616352538165987,1.7137809263971227,-1.2234196916026103,0.4664516457879127;0.6547221139674393,1.8248029594942616,0.19886509355321091,-0.031657695254164564,-1.7170100899496592,0.5848356909793753,0.3122587233218481,1.1626294275797036,-1.4302697938927036,0.6143635102313766,-0.8109913462792209,-2.546801414973682,-0.411188986987742,0.6458487383104958,-0.40694303153966216,0.8292283130340535,-0.5878571903637937,0.9619614889608009,-0.6603534187300363,0.5650375913654538,-0.700686971164485,0.7054078313327196,-1.3457816744439934,-0.28313753498144095,2.2127934239531406,-0.6043799796552343,1.6830422507493665,-0.6993510582025929,-1.7311688900306583,1.8536791226661453,-0.501335256412425,-1.7176529796786904,-0.026464234103020026,0.6098670366573995,1.9299066140191183,1.3673739598540806,0.9045987121921285,1.5895807896365421,-1.587619915833745,0.3727032443175205,1.42587451358357,0.16135889631239372,-0.4109837316583504,1.3536683306904385,0.03774414604891543,2.2120848615202595,1.3480193499610826,0.494699887943983,-0.7085845396752889,-0.4569974665679844,-0.9443677145892272,-0.061410569740943124,0.6283548592542489,-1.224621895350092,-0.22615082138114673,1.3894770640969065,-0.5689398851381579,0.1905481645511087,1.2544975905618105,-1.3737788360547107,0.0945496555678895,1.7188385275335913,0.7606212412459272,-0.9862368308569701,1.8485253303194216,0.9476654239468507,0.6765255056863728,-1.9746828465782142,0.4431810649486807,-0.32064740856277657,0.07929069657717977,1.9602877953333744,-0.5937914678443358,0.6754884265899209,-1.9398205292251363,-0.19423358607336144,0.32566477444690123,-0.023805372299252447,-0.5680141464736495,0.25715340383733926,1.9605963413561427,-1.2448268058259415,-1.5397491617726824,-1.012086456160835,-1.0437425614364955,0.7651813094126978,-0.05849341642449444,-0.3338756731132844,-0.14217558226935292,0.9242174999659136,-0.7428878003439839,1.7947570170958016,-0.29181767098110334,-0.45839282752361876,-0.20278428581113722,-0.20715109448515795,-0.5027299632149653,1.5284713604219553,-0.3893514590789676,-0.9874892444589328,0.514144028814978,0.26853716710234654,-1.0341277068057864,-2.650184739643763,0.683923603794623,-0.04885912069937087,-2.106197276208398,0.4107988581796546,0.30687553523510325,1.211566400055692,2.4221720912494242,-1.775734491684456,-0.15903411176725446,-0.1732672983828627,-1.253137377774854,0.019266414888698305,-1.8010853126162008,1.99749713657648,0.22293062496203625,-1.1046107196404522,-0.3527962485296927,-1.2378794249221663,2.355218367148209,-1.1609903397565526,-1.4601579349413567,-1.4007936040835425,0.13447127836728062,-0.29699510025784476,-0.07210740226182864,-1.8173900098234905,0.6181022406280265,-1.2122305021155948,-0.5148781809834148,-0.4692303042709582,-0.847983973331834,-0.870527628350129,0.30470956394363513,1.734483748998078,1.0702734008959758,0.33892429386669687,-0.11589146961624303,1.4822456005101485,2.7319378980939675,1.6048587023652559,0.7943556012741912,-0.47817200913784164,0.4452121638643885,0.3563904853345025,0.06538429859213046,-0.21975225388665823,0.8861208736140536,-0.3984509088303645,-0.5602924985673436,-0.7251112746497226,-0.1068999987867337,0.86805520551411,0.4796816545050451,-1.0300090152347778,-1.4233205799108597,-0.8675466722785509;0.45918306483540045,0.8965324165433504,-0.05208571601531155,0.4622605918044102,-0.027222599169553136,0.6915726624892256,-1.8378492497082743,1.3407444556197454,0.594942404541739,1.8228242217082977"
14,1.3340941600244287,"-1.8496870187813625,0.2684530987761342,-0.9120360130412504,1.0519182031857266,1.216796342482494,-0.09335087154629293,-0.2709797836832394,3.024586430549415,0.3811536417641893,0.047388519291591436,-1.0387787125968673,0.795358229309711,-0.9091366156759506,-0.5325423068011597,-0.6125542180015938,-0.6265067744649832,-1.3703439987342394,1.1027550067074268,-1.7734528165498864,-1.3478529156309436,-0.0035139522392096667,0.13980148699708783,-0.8177812154193344,-0.9596865026340041,-2.4306360005618526,-0.2440797604726831,-0.08914726347148239,0.7036873070939756,-1.1207573859943885,1.4974255057647299,-1.4441801573815103,-0.8492950646769731,-2.3368504080246773,-0.541837395916096,1.3549798715560377,-0.3094104230742807,-0.6391930397121751,-0.10183836327895299,1.6584838426045445,-0.07995054861445869,-0.10241450943611954,0.4187437598286232,-0.8717867277529917,2.019917783316597,1.7021485412144923,-0.4030044626882453,0.13587391840339075,-0.3756648185116278,0.37807255521578254,0.1867672941522534,-1.3344108253665592,1.3606636208056715,0.1655009160380796,-0.6081076684384853,1.4060924004060877,-1.1513810247373526,0.4369955402630061,1.8507080705630614,-1.1168226647225492,0.36542358825188537,-0.4777019892551805,-0.4609540139315984,0.3919218936471438,1.5142243195649299,0.7206849000900084,-1.6955955415285149,-0.2644500758373229,-0.17331927402760922,1.3892086307075218,-0.5430648728163948,0.7205541288497799,0.9134858135084623,1.84998025441147,-0.44378102584735324,0.535886512103006,-0.7247341515827492,0.22728221775957555,0.9493128468816958,0.11371875911356835,-0.46451124660678683,-0.2740202547962812,-1.2915273099925897,0.09339738790094648,-0.7614582596743862,-0.5059106372819493,0.06556754710703767,0.47295815925031415,-0.9154108179996646,0.8216558794112043,0.31446790187689944,1.5282747370859562,0.6204272201124416,0.9845424757550929,-0.2779780570688292,-0.42598822819830146,-0.3954204427467132,-0.44707704931123565,0.7790234755869604,-0.6311240622670771,1.3101933439442872,0.9402996282719746,-0.5186326793565519,1.3146744402682955,-0.4368385120512451,-0.2130752803593799,-0.30192931183467325,0.4525003783869532,-0.9723940838637677,1.4069795207201476,0.7876207376638578,1.6958509942447875,1.1948866970329135,-0.520514317386733,-1.1772790678666916,-0.3040567474839207,0.6560910450109352,-0.19839289084400105,-0.265315179273672,0.6250702581356709,-0.38453135495967966,-0.2546978738629723,0.04827723140450885,0.49554090478625384,1.605612107366929,0.7791022364336063,0.8562447999846965,0.07587405235626798,-1.726625480453249,2.271830053343865,0.1597991947139713,-1.8482317196486044,-0.19812607501042806,0.9233286267502161,-0.43280432361589727,0.31329438432169765,0.4468195521340697,0.9066181951125332,-0.3172091573646016,1.9669852222122814,0.3264384237990668,-1.307833872031514,0.09300426058069575,0.02431581298761272,-0.00011082096064701785,-0.5572732355823272,1.8462341171385659,-1.5748005683793116,-1.6849394657674035,-0.7740822475699725,1.6007314506917791,-1.0159620823090398,0.2968246808144261,0.7681358914491319,0.009629293329523381,-0.2025787307061793,-1.0486779687508958,0.8981965934089926,-0.8896761281325772,0.7505186811285502,-0.005335451934786184,-0.7108929415533853,-0.5062006361171522,-1.4285042788786486,1.713312844600472,0.6737653491543881,-1.040971175463616,-0.6552711395145572,2.1639235744019056,2.309621885222965,-0.3096781850644327,2.4086386002377296,1.857008872958166,-1.4441962480340613,0.14469694075478245,1.0809516059408488,1.1445733689747568,0.039029972482538394,-0.11072793870101648,1.3228150782157073,0.7249238468950869,-3.1375678190141962,-0.029534914011287362,0.39484603010344865,-0.38248748157229623,0.48529727788700444,1.0756496490149685,0.4444114913993299,0.5784675867490426,0.6496847808248858,-0.3591491690926636,0.8965619210854827,1.0158454140399613,0.5090821038414723,-0.012062152084749811,-0.10641322134053358,0.1663411485356584,1.642659896456367,0.20279350519329561,-0.33098971070986244,1.9897393288409346,-0.9636718510454102,0.014881319345587035,0.32692480534398416,-0.13983600550951883,0.6931436272371733,-1.3909319869528636,-0.8410678900358285,-1.1270297206685271,1.1413959977741504,1.4630577911488136,0.20631754643295205,0.27837527697737463,-0.16496693289017278,-1.6927759466311778,-1.0828637650903736,0.35104614097191156,-1.3002486334514929,-0.09332683384044664,-0.2570289311535312,0.614191835398011,-1.4621868808641596,1.6222562185217058,-0.29192978957642396,0.1040549495017168,-0.201979739606626,0.3454522019484901,-1.6885857878001578,1.5631608474722418,1.0367485695164007,-1.0850001486012473,-0.8486490345368186,0.2576924223831888,-0.8310221870119743,-1.0696276866265024,0.13585506281831136,0.9841801175855815,-0.1682340984864462,1.3925268526234593,-0.40677647632621966,0.3466378133653019,-1.3344488178686902,-1.075440436523944,1.3168608079955741,-1.1458103133855024,-0.45335990869875836,0.7339419660535424,0.6114516991067986,0.9686068206485022,-0.7742139455838338,-0.21705776346747618,1.0398575803660794,-0.2204531725335432,2.3027882496028895,-0.2759773899482141,0.5026149882919624,-1.326076326388822,1.1842012823544923,-0.03421195163550969,-1.0071303626414672,1.0675739511445814,-0.2049120213080545,2.0041886724145863,-0.07363437570746517,-0.9539496885328927,0.0842236750072875,0.4207163694249854,0.30134983759573364,-0.6347990530563121,-2.056205916045273,-0.1602938995807739,0.2290556313078482,0.4453012453649323,-1.0048625239830187,1.515437890721591,-0.8690143339748401,-0.4877414044063233,-1.3232766817363968,0.8256950008768678,-0.11181167704402412,-1.5937595021073927,1.0508436370636305,-0.3752723937909237,1.664418663507726,-0.4035394685496462,0.6599379356577117,0.9315294605943942,-0.015475807816398159,-0.6466584593214625,1.7526073566587015,3.274954351147824,-0.02545018544652402,-0.0665066413682503,0.9469488401824373,-1.083297279025521,-0.36420040182117197,2.0301110752623326,0.5358089044140221,0.011778625803965326,-1.9302650481581667,0.11076436706753195,0.7336901480678013,-0.44992542198360197,-1.9560701267347447,0.7852324156884649,0.22796946746705068,0.9727219290045052,0.009277904224933908,-1.2665233465238717,-1.4238930879647642,0.7516733817009471,0.7507461076078653,-0.5028922516218974,0.5522983658339096,-0.32278503550279325,-1.4505987004826475,0.532487259109085,-0.4346369202165764,-0.6701395431463943,0.3563782984553637,1.4976771052476852,-0.903272890784549,1.3519986238288555,1.15942058581137,0.10704645090219514,0.7712171150668636,0.8766880506401099,-0.19330793243494526,-1.607166957320349,0.4369415636978023,-1.344261426152258,0.4713954931335069,-0.15075012092598955,0.9656356269837846,-0.6021697543119668,-0.7869783364782097,-0.08784052782635189,2.2864778448327607,0.19483582239725675,0.2695122719021863,1.7815544092616948,-0.22954922865099586,-0.4191824107762958,-0.5016363040594111,2.1365632092604963,-2.2532665981145192,0.47650353027888936,-0.22223757566485572,0.16422890413244287,-0.236208918326932,0.03302565614989425,1.0385289931541464,-1.6317838505751607,-0.030969043502704963,0.9077488051199469,-0.7898154151861805,0.09991291171348798,-1.0975922721990892,0.7011678975387735,0.9896147592156576,2.0860272081441114,-1.7371704683448768,0.1258976292140993,0.9243268000247731,-0.2610025780568287,-2.294696517934287,0.26690275338135083,1.158337371162629,0.19456432259766787,-0.5508255144297237,0.1682570909586806,0.22218276696404127,-0.19539476157391,1.302129842340627,0.026931210286302562,-1.0357096137942277,-1.3321106685869775,-0.47945134176440257,-1.7194631303889056,1.1935908909190867,-0.7400847265274466,0.5454729920465288,1.1764993733331035,-0.2444707169185624,-1.908538733075465,-0.7040614978933587,1.0117658023212728,0.16482380018278014,1.3890192038803906,-0.08381259572373899,0.6346627663248225,1.080806534555598,-0.2025370430291889,0.13373411299973845,-1.171100451243549,-1.0813503588222761,-0.5823433217424228,-0.49998837494378057,0.47511953539174273,0.6660654594322074,-0.9225490677356882,0.6873449195908008,2.421723748153207,-1.6747545875188308,0.28405038500830576,0.2695732819153973,0.3479683503622334,0.1642036046145706,0.23017246652819728,-0.22783910579607813,-2.0404319096238344,1.6192499976542685,-1.9413753709631423,3.4874325082857003,0.05819935234721102,1.3114479953655935,0.06906912140535398,-1.3388019715770336,-0.8295834919837867,-0.726848772411197,-0.41105907954404663,2.3822177828451703,-1.53208629552018,0.3299532203366657,-1.7852464853770742,-0.5442717819806826,0.18175482947632093,-3.006483711585118,-0.1384383994822862,-0.7059698374138315,-0.6650263870515256,0.8325069727237747,-0.6027335766736778,1.9253891561948897,0.7063233101704489,-0.4020442672527903,-3.1599028294870046,1.2852384472752436,0.5217728209361887,2.2720825362871033,-0.8064420279268982,-0.7164539466773642,-2.416398019054473,-0.9155486334309378,-0.24611589420029578,-0.03503994250716604,0.43036213856816474,-0.3327256926212351,0.6308783261098191,-1.6349101594749753,1.0585757829484232,1.0091110261152452,-1.1106738302593615,-0.08925792713369465,-1.6686053330181347,1.320871838697427,-0.31269173261773053,-1.1510166810943876,-0.512214971104243,-0.15545236509252136,0.18061486986195224,0.7488056878264031,-1.8248296383105547,0.2092980645914499,0.011141604425191146,-0.8444304663122358,0.8302534235842586,-0.22990942136295767,0.29978343134296875,-0.732109892326662,2.2891346778567017,-0.41854340317935185,-0.42348651877402477,-1.3299258836379204,-0.5075133104009284,0.05539179331111865,1.5089498138415534,0.9905034731915384,0.15904777435375955,-0.668130777804053,-1.296224904695725,-2.0048202722369273,-0.35588660503789,1.6031779188232032,-0.9189250752362026,0.007192987950496922,-1.671088140635052,-0.787541157793903,-0.21878047500440406,-2.161865137452489,0.6945718397708113,0.34083645170842986,0.3822753693038692,1.0405921523531303,-0.4456094914568312,-1.4448071977481045,0.8422308471657691,0.8839230163063997,-1.4427942343498972,1.275911386427061,-2.362608962417079,-0.40110121749882455,1.1361561386065606,-1.0656066883300261,0.2803091766528773,-2.103806806648544,1.4722813121828766,-1.4432390773232724,-0.08032257633254014,0.6439084344416233,1.2454940409636952,0.1916740861029357,0.521462596047487,-0.6078315660675807,-0.6350647583282193,-1.0400561222984952,-0.060374936554654604,-2.107700420664528,-1.2860812562601476,0.2581629743913122,0.5104374820471379,0.6450706196687539,-0.2010281532671953,0.8961276859105857,-0.5764776070109175,0.3384226865802513,-0.541262797320446,0.11367250444392467,-1.2285146294376248,0.08775536881620014,-0.8138538837320997,-1.2833655944132665,-0.6411749232078353,0.07046256131910343,0.7216843514163497,0.49614204053670774,0.7358534183437342,0.5734800043509379,-1.157333789939611,-2.306542760666628,0.2361050959863445,0.37278909258554255,-2.2591517112706936,1.7952499375959465,-1.5411164531338972,2.133673579156837,-0.49817895871919005,0.905648281681202,0.536063874427391,-1.5621121250748684,-2.7590295473186166,0.1385204276639347,-0.8847852849514898,0.06987104379064674,0.8744259599724572,0.6544045526014926,-0.24127278220506207,-1.0250329796273436,1.3629746571919106,-0.1912296169689628,-1.6013395412174396,-1.133299474502506,-0.25572470952222565,1.8343015327104826,-0.7265182901991338,0.43192444584045964,-0.2851253060474329,-0.5591882072376141,1.4396639845971515,-2.3381757524639477,2.4475898090040866,0.3520269470483985,1.2191142342201464,-1.2925181538123651,0.2426237540327138,0.11002377653007042,1.8271915666505867,-0.2142142091723145,0.1702404426350659,-0.8879915700393458,-0.8180079438594595,-0.5588740692430372,-0.3043376651090826,0.2647428125493082,0.12374372392665027,-0.00919834904172958,0.7139072071988573,-0.5844073172438287,-0.3012261277805946,-0.41140234075396287,-2.1975467488160363,-1.336984769022748,0.6859908831359465,-1.0811425938455457,2.7559260415789546,-0.8381478390982342,0.9765572477757359,0.6570321636707781,1.5301706131471353,-0.6289254016737835,1.1063250169416037,-0.24019856716250831,0.9462557770505688,-0.5962727103328991,1.0392362293163337,1.1446942294399447,-1.2008443491246679,-0.00663059618359909,1.166887798855518,-0.6160898782920069,0.010224542228326331,0.484493486258075,0.17948970094331473,-0.6245210509830416,1.2434239683055708,1.9972643559671923,-2.0487686667673835,-0.8324803809741129,2.791315821003839,0.042777743169526025,-0.4980700023150788,-0.2916164785945929,0.788101883474115,-0.1101424422518324,1.55282194996608,-0.8341448179117524,0.5143692448315497,-0.06380516870720293,0.5825025750087678,-0.12036993010744945,-0.5678616938323046,-1.8792590855085851,1.476547977947074,0.17808065799268338,0.46095899164250254,-1.2890525217581343,-0.23300803983450538,0.15306075682878578,-2.174484432488737,1.4579018995932915,0.14877876035873613,0.29684283237617504,-0.3022723902816475,0.8003300710464426,1.0841006465753287,-0.18921002505203616,0.9588859687111653,-1.0513650302891604,-0.5706999067334075,1.9136747423808347,0.7043040783225823,-0.9451252927254604,0.6651986292289567,0.4696743368362737,-2.6822342006079154,0.47075740874724675,1.1024701539596067,-2.208680057304626,0.4080007789687599,-0.9977611894854583,0.5744911230725647,-0.27204913057818636,0.6811009528025113,0.6620272603111577,-0.344549968142736,-1.5465377409225247,0.30617963954409133,-0.0014453333082160291,-0.14380907379966118,-1.5295054923799312,-1.4354275934069305,1.1923079183548473,0.8263323302517339,0.43911567311154986,-0.16126504928743607,-0.15478123195236987,-0.08840808311241795,-0.988091260404115,0.7637868945226661,-0.19173874957637987,0.9397171568065743,1.290148368005627,-0.31078439216221754,1.5835734115080493,0.12270456294412871,-1.3790711563463949,0.8268060094439234,2.7369194170395414,0.01673946367007887,-0.03763379565770711,0.9261770676135344,-1.1141288787843786,-0.09333026357805783,-0.4847003029404512,-1.1982619162781745,0.0923574108346134,-0.4664517817839757,2.6861176335543218,0.9544759294400926,-2.360297055284406,1.7007646682252142,0.07178247434137253,2.2549432042003055,-2.765853759486592,0.5104816171033131,0.24945561072269573,-2.3319134397639103,1.2849530047549245,-0.9309702239714372,0.5261951762279229,1.1699498055449389,-0.4230674495921064,1.6769019438252202,-0.3228100638595544,0.547500816106872,0.9955731456034546,-0.7052245066979377,0.44917505414301634,-0.6783756310850607,-2.2739231996771,0.4247743249495213,2.130534301144503,0.13862407528180953,2.011571418794883,1.3067729329212652,-1.4039486859191874,-0.42558814174606324,-0.48871110365646586,-1.1444634164290184,1.810701103903353,2.4338675293750973,-0.4566504437485556,-0.42878404116437563,1.8813888522352882,-0.15794192082132041,2.1927555511107357,0.43438888871247944,2.481445346779953,0.33231578602333034,0.72145219613272,0.7951909210019763,-1.19710372289451,0.6789991315939157,1.6840941264861826,-2.0219538852463548,-0.07771385867238782,0.3459504634408504,-1.054764186940865,-2.4937715218795473,1.3445346074261233,1.1643815917692366,-1.2946941512567436,1.6360864273670037,-1.5844324166074581,-1.9519274848817414,-0.46915987650485036,1.0362979334970093,0.33545784298923303,1.4798226028462058,1.508115755069172,0.05433662237201688,0.27264524543458474,-0.08541690823037666,0.0536464136359253,0.9726618492365391,1.368414538317054,0.09817138591819402,-1.9597813072184476,-1.3742005907174235,2.6736116957144636,-1.5904150069117717,-0.7033943723580992,-2.718401156981972,0.9077280447489842,-0.42347624350957075,-0.4349197536396652,-0.1174878616492857,0.43360859528622814,2.187565116453804,-1.0164995473701537,0.25567051920906014,-0.33997995637464545,-1.3155884219560392,-0.5359317672365125,-0.43334013407424343,0.3509761403763546,1.3500466561754645,3.4752469504163352,1.4375815167501127,-1.582427129119886,1.6838937772944766,-0.7900394518648974,0.23165683690804667,-1.4608870623787602,0.8626696999544456,-0.18326242261087097,1.7173455428117006,-0.30084142360323696,0.5073127900612228,-0.5674143648914424,-0.5012668328396441,-0.16731355894287245,1.9671399798705398,-0.5117735261709816,0.6476816363761136,-0.3688203867091322,-1.9911187279128382,-0.8451350779740685,-0.4141280612909785,-1.1101859988576805,-0.4594553661038392,1.4489050746373504,0.7438865131259565,0.2448879863326522,1.1818666611522584,1.7288359194526401,-1.8429466327309725,0.8897346666484357,0.05711388234677303,-0.612959671878456,-0.6570595645224162,-0.3388833651623744,-0.673345661800296,-0.11014501833029681,0.971798589986026,-0.7797556171108747,0.3403744338295407,1.5085182033385833,-0.8609583284314882,-0.052187490423980944,-1.5149752475759508,0.5175302643021807,-1.2018177848372296,-1.1294599224791686,0.5505726050707943,0.6534617890827921,0.47823112773658627,-0.8629864907726961,-0.11358308000344285,-0.666176519758878,-0.9327882119494654,-0.33650809184377145,-0.10224613050483418,-1.141398636306928,-2.978238033935392,0.6224466385586821,-1.1513449493911876,-0.3091218005819158,-1.599299681386937,-0.17514273111217868,-0.47335810877620765,-0.35883075582435703,-1.5322599019381484,1.2589280590767022,0.6505751005153892,-2.231283536342874,0.45152257858833317,-0.3335614486595374,0.3752247667786355,0.8097780324522548,-2.0811481733812944,0.19169480552565238,2.342695062641348,0.0004786242254489481,0.49101613995608895,-3.4521537721612368,1.457100059049591,1.9192299361425618,-0.03821242970510343,-0.7066768040254443,0.9055304509601662,0.5596629930906145,-0.9725862546223447,-1.5869209865185305,-0.36793745416436646,-1.2296468106138876,-2.23522828185677,-0.6660943357485967,0.29502252950647817,-1.1875708316956903,0.9336211486181403,0.5357024301918618,0.1583479455595057,-1.6318798690676288,0.9793785690199256,-0.7419064834482962,-0.5328857071675505,-0.7380683930063191,-0.7921790136382875,0.6119027795687901,0.9018062190150944,0.42096064329917854,0.38856054867998624,0.7347204413271209,-1.3615547862942488,0.27756670404228284,1.268904012431511,1.2882082851725936,-1.9932876562457342,-0.5268110704858259,0.4730492211334901,1.2642918880913099,2.921584808057589,-0.03732498624260033,0.8143966579731982,1.7281072435680176,-0.0702547212444465,-0.07031424986993606,0.6129927347350937,1.9134955182593185,-1.3728869712895564,2.213138718428927,0.3416742646241528,-1.266310650203106,-1.2991695454937655,-1.6795305841714951,1.3086431161580612,1.037285483466801,-0.731377882986761,0.409378960449806,0.9173891343067735,-0.8675971010832944,-1.9981447816208822,-1.1767660074257154,0.572909191256809,0.7433513563183757,1.406446339420478,0.6507100521130953,-1.3792269471548042,0.7768485883708722,1.0076322489460494,1.817619776811274,0.1627914901825728,0.10047755080767212,-0.585519207834104,0.22448018742944117,-0.45119582633380806,-0.790213773243218,1.578272462430364,-0.5807124611459725,0.3315457585947927,0.4485006888442172,0.34530185973171373,1.2099538801893714,-1.7281787486113136,1.9277956622136783,1.25064019756182,-1.2437831270081927,-0.2580369413343441,0.3803585636940801,0.6589834998739806,1.788395161379985,-0.0688522850494315,0.7469008864986493,-0.9548334537472615,-0.9704078998967488,-0.339154346847709,-0.7859914895143787,0.6586701497952027,0.5262442836336927,0.4274296937948085,0.2027913335048858,-1.9155269231567777,-0.9161981914086716,-0.6646132655398701,0.23183017797574712,0.2689294470331197,-0.06629562830709007,0.21293095201667317,-1.5530823820878716,0.8219147375466614,0.21970567961191856,-0.022160560833979197,-0.3494367930426221,-0.020844396054681108,2.563379842658461,0.8563011320378373,0.9762148029069693,-0.10050604163019258,-0.0594599602999524,-0.9426254062847723,0.09959551792735016,0.29595485990980697,-0.7565705419202309,-2.618770617066185,-0.47336682822018,-0.07447139938070985,0.17265267783574945,-0.9163123884943036,1.4285201700573924,0.2832764454295233,-1.0175608108726482,0.13406964817941908,-0.7589909227634907,0.4689921454357428,-1.2657631238322198,0.11299061277130523,1.174384174005331,-0.292002920643533,1.6667644809425337,1.3355773097487498,0.04675074347113895,0.267521896677848,0.7612705008087911,-1.7293385725245576,0.9604701298533042,-1.9772887215185908,-1.8664193538676115,-1.037654641060774,-1.8397747122829269,0.3259025422909857,0.8762533334090395,1.5882178413836963,-1.1936850182532472,0.9157988681442674,0.6959437160630537,-1.5400798208142525,-3.309009924769987,-0.0038806395047950924,-0.18095384935896067,0.18112473446270758,-0.5109326775961254,1.2656922645572632,0.012665884683881417,1.9607654683247802,-1.2236413258497183,-3.4596766362609563,0.09967922571050258,1.0300918732680555,-0.07031975035379581,-0.5293694939961828,0.6501607915786636,-0.39369389965024504,0.3056227950372288,0.41637331360037677,-0.3295290558099563,-1.2544488337313204,-0.8970019688057174,-0.4964257217822465,-0.7313753706578994,0.24688465410415192,-0.03984817358851364,-1.6517636831761338,1.4371034493143324,0.6985502593847174,0.5046983937931382,1.228123635318378,-0.19188505460538424,0.7670203464257204,0.42967763187601676,1.152219937982828,0.34132532450764524,0.467555508998058,-0.27106900687324487,-0.7033953781672077,0.3453442529598097,0.03483505253658732,-0.7902109787819912,2.4907427618234887,0.04177406935280724,-0.3642890196127051,-0.943662093804367,-0.0016477785312109666,-0.4501122406453617,1.0610171310807957,-0.8635329604369026,-1.195540031883852,-2.9397269962122783,-0.17724261732707308,1.2096571389930588,0.44637797746679586,-0.8711366408758024,-1.0936734188083377,0.501001792238511,2.8218571046242586,0.21568628200897647,-0.10718333617604142,1.7869570772558183,0.8530344844168077,0.11124220566640555,-0.060219073937669454,0.08010495337797535,0.6114877221158685,-2.028643024179892,-0.7131801008280835,-0.6594817101752779,-0.5844177374071251,-1.8645881577877053,-2.7070779812914076,0.01573085277091929,0.5491692127019032,0.7215613737758095,-0.38971261972887633,-0.2251253783285254,0.9966783152507686,0.5026411443164445,-1.2570958967036043,-1.3118490112645997,0.9503488849363378,1.7415141824092673,-0.6652567263727883,1.288946622191847,-0.23942645243860278,0.33979073546615557,-1.3337563257401281,-0.5868240809331322,0.5458893940835835,-3.152976678839447,0.3546519446660406,-0.1765289938872372,-0.04632632405220552,1.4626075909205674,-1.5912446076238258,-0.9012863065467226,-1.1698159281315688,0.480649797629825,-0.27541685684884304,-0.7178817994981724,0.515687925447481,-1.1136957902359186,-0.5326391802419623,1.013578351676204,0.8294260393672318,1.226222805733861,0.6728041581833538,-1.238618852431376,0.4698443945014278,-0.33255094120751544,-2.008896735866273,-0.06325580043758719,-1.9569801007741288,-0.6795119276466692,-1.5852392879669315,0.6765621230220313,-1.9225149699753252,1.8114412219827853,-0.44252455852885897,-0.39613234029620614,-0.04354649321513152,-0.6589701569533107,-0.948415509776175,1.0327572072569575,-0.4076523027437316,0.7331504496777059,-1.3665279282466898,-3.294528115355551,0.7752611347346554,-0.1341557611089291,1.3928062592581512,-1.0842698960222943,-0.692342395702017,1.4759267473692406,0.6351691225873727;-0.37958769636630624,2.7274028492871154,0.7739019460084038,-0.3747928644058037,0.538707623919173,-1.8175846561216353,-0.8592156762965011,-0.2483107684451077,-3.7727796012328305,-1.5566240388454724,1.9942827668272023,-0.5211310407494981,1.7453869926321999,1.8130708611689585,-1.3734678773118045,0.3513675406728782;0.7973395222234627,1.646057106151444,0.12799785451268852,-0.3065352746104319,-1.5677875485247383,0.3332344006878195,0.26795470718452735,1.288058878411371,-1.2122106833672996,0.5910930235027025,-0.8615903891283936,-2.5693483767089784,-0.6493949914628107,0.6400645939688444,-0.3356915611569279,0.8151640058882286,-0.9338702271015923,0.8704797585679107,-1.1525382313492678,0.7203867565067066,-0.5388992883420931,0.7495135558881175,-1.4090060324207552,-0.2018432773278788,2.4518229550855857,-0.3125534342984018,1.6640365761121354,-0.7478716347821135,-1.6486876375676516,1.7564707417601289,-0.6673534713995134,-1.2308416495044674,-0.019841537074090032,0.7624458526022193,1.5076301134048686,1.2556438706272868,0.6725096842708914,1.5622174448934043,-1.9545473954740342,0.3506134891510417,1.3658601717986487,0.40269532543004155,-0.4188022433050219,1.3344868199978985,-0.34793223019009223,2.252031416387164,1.3331965147855573,0.3540826815416616,-0.42913503901424166,-0.39693849764261213,-1.1246529905158031,-0.16042092344194792,0.6107357517226613,-0.9898941038302703,-0.17489381170466,1.6668535184396271,-0.8465660193461946,0.17680748944746705,1.1308309368265683,-1.146723261741145,-0.043865487115537824,1.7816383319786335,0.5332054447054176,-1.1669764859395926,1.6308555304114876,1.0620017873440697,0.6167898994696307,-2.017680025012805,0.37774746902038864,-0.314015689601495,0.2008740362549094,1.952390570070754,-0.16819869662127157,0.6198700031590818,-1.9281528287824066,-0.25948217604581114,0.24282134295521796,0.11939383397569403,-0.36998884289523537,0.27562483370188245,2.253142624848815,-1.3501567254709677,-1.5239364581581445,-1.0451837788268092,-1.191477230611689,1.010849291323717,0.07132737344600779,-0.13787728543724692,0.0463528479217688,0.738754246082167,-0.7914075929920776,1.7178896121895133,0.08452310230449181,-0.2556863005986224,-0.05231625961609629,-0.08327706718809544,-0.5051510362015015,1.4358335439249172,-0.16908437392315862,-1.1926636916134228,0.7536856391740583,0.1581027880652873,-0.9228297805314796,-2.524816433152814,0.6589778892587407,-0.22109766508527692,-2.1037604302298445,0.4344138509214221,0.2734646182746924,0.7783329011283637,2.2793984071847824,-1.5939518836838282,-0.3944424794923381,-0.23405090718180288,-1.34028326187668,-0.1791340601316162,-1.8979500703580234,1.8764893775626597,0.16529064902467547,-1.0916011203618263,-0.30575861011120764,-1.0238744774668123,2.2293584855974444,-1.137103694913055,-1.433637891995285,-1.1916532446754668,0.04436316696546931,-0.11680307594365177,-0.11205521890182248,-1.7745529678625334,0.7298233927660667,-1.0696315667415426,-0.7598107473014769,-0.5371141262683946,-1.166226117762782,-0.6758458647840796,0.5765148422637792,1.6508107567399395,1.1016142020739401,0.27045301593718507,0.04228632871945981,1.1495646159752955,2.70962387541931,1.713212159310265,0.9433338628371603,-0.668304884013587,0.6370588341267454,0.4241883071248669,-0.04286524180880027,-0.2514024506179299,0.9032476676551542,-0.018391010126014934,-0.3656765498009152,-0.5631999584398737,-0.29814249732520104,0.8524152340330808,0.5365677555172513,-1.036316748995687,-1.4488872442718068,-0.9015694781258545;0.45267927338385433,1.079882537583191,-0.18955452061195122,0.23679159213797626,-0.14819368474726388,0.7636403172010634,-1.933190211059829,1.384930503205438,0.6238159555067775,2.093537510366973"
15,1.2609517355196123,"-1.6517388889017282,0.3982702691588914,-0.8850644850267745,0.726070491871863,1.5023359322637582,0.0001950417100147761,-0.5165064505976649,3.0969271468378192,0.15856317723173985,0.038589834376949766,-0.8179458065386692,0.4812699549674621,-1.176770327503895,-0.42769535537942827,-0.5095566013105073,-0.9284826303091767,-1.4264835290566664,1.0144438588696154,-1.8523079747764386,-1.2081942690042364,-0.06195178225310055,0.26916422887458824,-0.733222423290019,-0.8916806430083557,-2.2168259835031163,-0.3016668244833904,-0.2166579409599555,0.5655737051445753,-0.9175593523650097,1.2493348626725913,-1.846383200811288,-1.183681093003071,-2.389149113746346,-0.5141748803706199,1.2431270390421405,-0.19712139064177012,-0.6151308273111076,0.0539658274534403,1.5759846396924848,0.39158782642429685,-0.30531380860837654,0.5105932567410042,-0.8228181076223998,1.8312557427530876,1.2896407510700527,-0.9069228535397098,0.16967706226840698,-0.6205162813266069,0.24216413061190767,0.04931287720149487,-1.474739636353564,1.2763319588737363,-0.15226004429815765,-0.1804359628240691,1.2212623557277855,-1.0795198376063055,0.7370574773034444,1.418777956958929,-1.0458656039590104,0.7509082975261707,-0.231041192638282,-0.5718205699526852,0.2995604467954325,1.7717328154107959,0.9038996133542435,-1.2810236933896053,0.06469924132671909,-0.7694683924901515,1.1917158464690394,-0.5258980802996689,0.7714646912252873,1.0433391614468825,2.239974050977228,-0.06582602632935602,0.39114813496272327,-0.6364174834757647,0.4116504144884816,1.061118718143821,0.21261346553599608,-0.45721329774671826,-0.13121888191286415,-1.4456914205792417,-0.003779510567030381,-0.440492237472836,-0.2445753983579597,0.43105612538991955,0.5433107713820179,-1.1101486609954663,1.1198444949265012,0.834530282103064,1.7300956346091556,0.5960789346767126,0.36654001583166557,-0.3152130733609919,-0.6614436904803294,-0.47331716265156765,-0.2609473889514381,0.747356837058702,-0.731532079896823,1.0011346711752414,1.223399416945283,-0.39585321245957605,1.7510120346374922,-0.38996647835414744,-0.21002667658291185,-0.4582832180289991,0.4112995934608562,-0.7064892482691612,1.1827827729293063,0.934798062341714,1.8763892288414066,1.0397347474754666,-0.9903022642511452,-1.586971978921818,-0.49797789399379033,0.7030506798016675,-0.3806950143783619,-0.5948129529183495,0.11274993899333693,-0.22959077741211836,-0.40580712714173545,-0.04320740829583941,0.4837875712181091,1.3930316916533205,0.741454259163349,0.8571230648373415,0.00938342111761117,-1.5197595903815238,2.3410871993348032,0.2993883115736325,-1.2006425556391416,-0.14931938809328568,1.1266724435509798,-0.3894586382537635,0.1430324213893679,0.4745601442063448,1.0148016457556626,-0.4036144503213294,1.7612335138061688,0.34896100638903294,-1.4887727805164928,0.244247979712156,-0.4174166297722291,0.4201772750142946,-0.3463945170297579,2.0258818264149974,-1.6335202717268498,-1.6517118011596406,-0.335875441157431,1.557187176008359,-1.0378866950640901,0.06345385046454623,0.30039606402799757,0.19721973872100873,-0.04146424963060327,-0.9823924537558153,1.036638140811894,-1.04236729515625,0.23294314393378004,0.05435928066726634,-0.9280819971021733,-0.5295649242873688,-1.2797368569220613,1.3879640665189457,0.784653868550901,-0.9300816328744228,-0.5258184919952501,2.0064752363244676,2.213096408997485,0.007382854221381713,2.074386861556199,1.6659363788339614,-1.8282195743581777,0.057681303628730085,0.6750849820783085,1.4385753086995658,-0.11720613552292847,-0.41136008262483426,0.8949254301622732,1.0823091278240204,-2.959315283382271,0.09682351565693273,0.33556658343565093,-0.36113531891675965,0.6615010327601447,1.1692136876068921,0.534501198916286,0.6441577370714673,0.24604957239289701,-0.1763731696540615,0.814512387135936,1.072354579377395,0.5731906145657585,-0.2007108204603179,-0.21247944375608385,0.2157449363345828,1.3385172207139333,0.3429709321358338,-0.051596118310373695,1.9728920494619133,-0.8749978077743873,0.14878008187909467,0.36822321905888244,-0.18454900518613912,-0.15015082378846428,-1.521434578549421,-0.8225465627231001,-1.1251474101658692,1.0127529987145172,1.1202447755212872,0.22966630638485233,0.34610579438350497,-0.6336996431792945,-1.6717818767064059,-0.9261146923033,0.30108069557296674,-1.2367955936739736,-0.25869495127452374,-0.0648140760191942,0.8610114421320473,-1.433043552279022,1.762210980699673,-0.35178163799546613,-0.015293164097773995,-0.30803256707770127,0.43649366018567703,-2.3791864895843378,1.207200115054095,0.8462653080628365,-0.7842117252875096,-0.8911967228145572,0.20011373752647127,-0.9647038067864485,-0.9689323096366276,0.25470761035282186,0.8512924065989553,-0.3787085075577059,1.2520517527852246,-0.1761420081531493,0.021546868592913243,-1.2726506784525933,-0.920786055861659,1.1848248288543397,-1.2470604916292454,-0.9746849273159061,0.4640466055369301,0.7437643641125908,1.251589458173656,-0.929618150330195,0.0886677385065617,0.8009689662304265,0.33182741372082347,2.6766200166138177,-0.830521597219436,0.16747966676311093,-1.1417690455201626,1.0055350377591306,-0.11324833286127216,-1.1938072253452583,1.302625067609711,-0.2279184899378714,2.168754167953864,0.24372332892491624,-0.7355970714141983,0.2086041834402912,0.5885430447122771,0.383240695909691,-0.7739646088092583,-2.050777373221194,-0.6768194982430638,0.4415950247285499,0.5735583308003978,-1.2438761214766971,1.6540614139237926,-0.9586940371589477,-0.40071351970238633,-0.7820054282870194,0.5296062613809787,-0.403265743657413,-1.7814163650435195,1.032719196305519,-0.4691452746724933,1.706711829815748,-0.13463934687886342,0.6718781154567343,1.370184134843648,-0.26785424655613427,-0.5905830065995487,2.226867732157715,2.939346166009893,0.04771051321994982,-0.4073346922080673,0.7462378626583098,-1.0653260830782507,-0.8512784733082717,1.688275241719049,0.21688102456339392,-0.26660534533396973,-1.869204828483164,0.17566629275038398,0.8784795031012849,-0.6665644733490743,-1.9148973976124257,1.1842613103223083,0.3707177490277356,0.7615182811572091,-0.15896577800323716,-1.4897790222701237,-1.3059047599782694,0.9053692882383559,0.5841413355188216,-0.1417960430305595,0.5111245038196776,0.16662416678852887,-0.881560025784621,0.20910865386254496,-0.7461472862259805,-0.6910132154402062,0.4096658210537849,1.2997593976890756,-1.2057692340708788,1.2612610746483635,0.9956832136894284,0.3088612006439666,0.9985273892076795,0.9109034827309431,0.24273638614952905,-1.5087006925451094,0.9653077284334685,-1.0913509323633974,0.29981365390741593,-0.08131633175996918,1.0278348222785891,-0.3978911740686405,-0.5444416885407738,0.014436091678084106,2.544329706220783,0.534097951421151,0.5899954679472844,1.9217590797676727,-0.07921316342814042,-0.27619387860679095,-0.6890041698477972,2.1309521381824936,-2.1441816651205348,0.5365292271751236,-0.5878681185992731,0.4103401268987815,-0.1723041290398672,-0.0338201308753002,1.124476662470496,-1.5855617298050229,-0.047825890040228775,0.9384865381795402,-0.5554836377386085,-0.2867821062733732,-1.1140764443573,0.4892588190054794,1.1020492601097034,2.1504576812245455,-1.713525928746919,0.6506254910875356,0.9343542491118073,0.17074406333725697,-2.4722489655259063,0.15376145358903986,0.9782027163007767,0.2298660373614752,-0.46666210321606433,-0.11331714754991323,0.06835508135424663,-0.31509036407156066,1.1210002762695095,0.17107645638943608,-1.3361099609860019,-1.0596939416040472,-0.5625893157855484,-1.6400053998985562,0.9649323009802367,-1.0496851001845597,0.69411626683029,1.4844173199711006,-0.5719120890784141,-1.2132278541864931,-0.5392521911990609,0.9893525178261426,0.2502922281097535,1.4808186568182276,0.4233858603282271,0.5153869137864908,1.180411304778768,-0.31409244671182257,0.46429556822636364,-0.9149548034327095,-0.9907272901649867,-0.5067300088562546,-0.2905186918161647,0.41453720061032223,0.7075376072032002,-1.0120952182007086,0.6036415289978155,2.3059751822441235,-1.3388336634622224,0.42354803280323794,0.08673062621573663,0.167270674349296,0.31160103812614187,0.24460123185422322,0.30406838475435405,-1.8705984114437917,1.981564075643868,-1.847264442362528,3.514097221245084,0.18107732573761076,1.5934570498493021,-0.10734777704422169,-1.6507672116578895,-0.5384813099890442,-0.737488379133601,-0.2567806240034917,1.9369884642193405,-1.0717106361667792,0.8367594930900396,-1.5863864446726412,-0.5944095560452192,0.4090913278740558,-2.4475227923356844,0.3280242010213055,-0.326704242800965,-0.9365358812045439,1.036025055700735,-0.5239619908713162,2.1579900760785082,0.7420108854074555,-0.24669848060571306,-3.1096431464494527,1.321368585674517,0.6140453855175708,2.0498745085921257,-0.668468485864878,-0.19725062004891733,-2.297369611943716,-0.8609721331012742,-0.9253059212041586,-0.012321533255596345,0.2691597370130305,-0.5038146590773392,0.21412850283569224,-1.3795695284679224,1.1047038475508952,1.1810904292766855,-1.3070872963401468,-0.3129953212583416,-1.5594094495202113,1.6603910063065426,-0.5714457659055262,-0.8910965603301167,-0.1084450349571918,-0.5089959689792938,0.5943164241934245,1.1421438029398334,-1.3697374513103893,-0.08738301068784923,0.10157315015363631,-1.1975275063696917,1.5817453197962854,-0.2318962933841515,0.051208296476884685,-0.8938571011747661,2.2045912633080373,-0.06918382948409574,-0.3582582327268083,-1.6481194941241768,-0.3851016245696327,0.1725316088191985,1.3190639937819184,1.0866031232993556,-0.3351929809612472,-1.0035167798572038,-1.1326851422791593,-2.12288982738084,0.4020751701596253,1.1943541125796593,-0.8266284627963404,-0.18570112497621374,-1.5822090625141552,-1.296440964494154,-0.3818714706903558,-1.9958823266517496,0.4093595042275955,-0.09013650017754737,0.597492806642679,1.1891063519094969,-0.9383497135395548,-1.0777800330940868,0.8959128975271748,1.1371025300109303,-1.2050032160518496,1.3847951326899757,-2.22243243225064,0.12884410293439746,1.0727644583070675,-1.2602997343362574,0.7713130169526549,-2.464061903945485,0.95277519330576,-1.0202565166506765,0.009754677638710477,1.2312809975969476,1.140550514912509,0.132515093549421,0.4802702056190049,-0.8380854432561116,-0.4288464198294669,-0.6817395970311527,-0.23180784226654813,-1.8285936481873732,-1.1809735814717368,0.19691603414915537,0.8419837388324308,0.1723896954512943,-0.056240512974136125,0.6564484879045077,-0.7631729590276406,0.42314245277812784,-0.7479363025059573,0.023383775228130926,-0.6673151805165393,0.22233315375405455,-0.9229599081581795,-1.302423657693988,-0.24058352117520063,-0.411687476194482,0.7449180394116656,0.5040258771239502,0.5931296782565305,0.6650209557689977,-1.0357566915712964,-2.152834204463437,0.26848233284545864,0.21528888355093323,-2.3203119246635593,2.103486788154769,-1.216344405495514,2.0151940071492755,-0.5439426244142562,1.3467843822960839,0.1250808414461075,-1.170358276466954,-2.6384219768888255,-0.17884980705898026,-1.2517335821064528,0.07508338652932656,1.0080286337984095,0.6751415129349126,0.030215123598597647,-1.604957129589809,1.1676502081028879,-0.2665356389599399,-1.6948005829777337,-1.1988527427332851,-0.23285836788527697,1.8260208425026627,-0.7531395919182634,0.44123955954183414,-0.21080099528421295,-0.416530502535549,1.4450585941978618,-2.1892963017774507,2.1573989941744385,0.6559327734529886,1.0026530305607488,-1.3583884804764346,0.32067257424233414,0.13641541137108837,2.1544512391427864,-0.5157011020816197,-0.2110737420561964,-0.7895204317166171,-0.44458558463236375,-0.453903717584056,-0.10167570708907876,0.06326099452922204,0.22059111013467386,0.2857305356787525,0.7993954430806999,-0.5036509207683333,-0.15047812072497185,-0.1918182106337263,-2.1881562449376175,-1.8822831276776346,0.4963339836267049,-0.7066515560044611,2.437939807074824,-1.0095565447625696,1.181586370646433,0.4539187376657181,1.428130500409937,-0.5877034639593098,1.12999030670639,-0.3108114020238082,0.1238261687215226,-1.051052983650843,0.8599018283787087,1.436221236369818,-1.0063764042026402,-0.18314022973515376,0.9278996894349415,-0.5056096945884243,-0.12088964378555872,0.41036607055329155,-0.11978820020021397,-0.9098034095863492,1.5083577015393295,1.870216760732995,-1.7987663650358559,-0.8755002967531695,2.6846353937707734,0.03311287414527486,-0.32836604126306934,-0.2996831962333518,1.353799942031985,0.011021029644731012,0.8861429592554945,-0.6637777382864143,0.23334225001675396,0.542458297505268,0.82698956821281,-0.19332358441042843,-0.7409935320793525,-1.6337684730001563,1.6694430364398183,0.2642590117283101,0.17856905723210825,-1.1951191213560872,-0.18075923105311673,-0.06305310183496637,-2.287152781879663,1.3455883075106068,-0.02854994814043521,0.3070249597121122,-0.19694027053278373,0.44775345109992615,0.8414256072881181,0.2173318582886688,0.8425644246748653,-1.1219709631557142,-0.517761047479052,1.7816656640789656,0.6320673905078412,-1.0264089721678584,0.7509083144978481,0.21339066457088957,-2.709129599351827,-0.055191139151761284,0.9216349993262738,-2.1044515409138658,0.4998710474226049,-0.7645117862823531,0.5481764984398352,-0.6650817491850126,0.7845534654520768,1.379590626872309,-0.06412702099190536,-1.3884544635757188,0.2570364346664749,0.04387115986343048,-0.34840655388314,-1.5123704808597387,-2.1014483057462923,1.2485266901080452,0.2466481454018713,0.35011728355799016,-0.850825400422111,0.02473393219249151,-0.0632378072943114,-1.047227198894591,0.7530387235876964,0.2039713815522774,1.2380680709823728,1.2602043940047338,-0.06761995385340464,1.3226107883475824,0.47629690594808705,-1.151758075959327,0.7416520420319909,1.9522991769737958,-0.09394906897876965,-0.0946675919221302,0.8223253109581686,-0.8638280341941814,0.05092062982205872,-0.567948188488279,-1.181127342237511,-0.3033957339855364,-0.3058435420979782,2.870412817872274,0.8444183959016559,-2.6743633399110927,1.592069044853988,-0.1798504119566183,2.3852877509487858,-2.6188747342774037,1.00455277593343,0.5052594499962273,-2.091042300249354,1.2135779209817337,-1.0684984389957664,0.753179435895248,1.3163918342078471,-0.7801992211165177,1.5001016123127777,-0.343244946074917,0.6824337742945223,0.8551382229859523,-0.4380737376824311,0.6764021679818099,-0.5859578038565563,-2.160391777996806,0.3026329652316867,2.3258127563713424,-0.1674955882957404,1.712952289394341,1.5625618441215146,-0.7524095561873358,-0.7700902388330062,0.22136164063941302,-1.2727862434432657,2.424241465771562,2.254446544639517,-0.5400309148632219,-0.14575967118074534,1.908222785291462,0.05148526953454067,2.2792284145583404,0.7651526907411195,2.594048010048648,0.7751889364643486,0.8962315463766025,0.5806910551120941,-1.4514351895581838,1.2552284910642146,1.4851760157889973,-1.9858903618881656,-0.2600113718692216,0.5227167862964244,-1.265270330243781,-2.6804073383674982,1.565592590800017,1.6670229895662285,-1.6729849174380493,1.8225897417650236,-1.758873991046665,-2.440948908391921,-0.5039477849683771,0.6083363313609689,0.19822247410076488,1.3494381521596281,0.8702594537058285,0.36308504927041063,0.3445295816763827,0.23313915527685386,-0.27650475727730467,0.5719147011790147,1.4354075677354758,-0.6009737836708773,-1.8016162331054886,-1.501345488400557,2.5420088474632525,-1.2190979568419076,-0.6555447096548052,-2.745669021644582,0.8833313959232628,-0.5130791929261137,-0.6766474913732266,-0.4644407515612068,0.580893677568324,2.3449811898782413,-0.9900420485037135,0.1332616433804121,-0.15862932738274532,-1.5298056985148387,-0.3756825473735406,-0.25434896289581055,0.22292863325639095,1.1041859801255534,3.384672550427439,1.1445871741694367,-1.8367853737880273,1.1595952938312823,-0.3896047970607299,-0.35733218643842307,-1.8363638943380602,0.9868449326935941,-0.03022155132198602,1.716176569749271,-0.7616845558301583,0.14153693403715412,-0.5958829678677017,-0.4643686077787206,-0.552327317003037,1.6705368297389698,-0.71721260078587,0.551155413614038,-0.31173835953493584,-1.9050362555178055,-0.9447085937061487,-0.19458544007101503,-0.6317220976173281,-0.06584942766227765,1.6701984354689579,0.6922069062409181,0.6394757959594846,0.6995152968106846,1.29960909118421,-1.4358291433268962,0.3884547270181119,0.07339642703712917,0.08986841105935839,-0.8313662921209272,-0.2266460708784777,-0.6133398097892604,-0.41932555885381984,0.8501513496133088,-1.2980921960559788,0.27098709934574605,1.4380072374748685,-0.7781184877484447,0.13891927808587032,-1.4845639717705752,0.6749062137488022,-1.291700941873826,-1.0544311945077538,0.5051606172857422,0.5538620021321519,0.35112142975154886,-1.1861711518153848,0.30801227105203516,-0.9717798873090577,-1.0755688566355768,0.04733795449188505,-0.13391652691777148,-1.2416812900145848,-3.036459066706495,0.5366823214831452,-0.7814674683608198,-0.1814325731332358,-1.5903004717663467,-0.41216239691120776,-0.5935710612013461,-0.3213452967149906,-1.4466226221079994,2.035167954641082,0.628630853554543,-2.3876522765992423,0.4169798261896411,-0.04092617943095187,0.4299837050878894,0.9169714763280504,-1.770646713362888,0.2209733649883086,2.0403929731064925,0.09893054685043048,0.6156898104546009,-2.939284642833167,1.035901408784952,2.187421184669155,-0.14779891122605573,-0.7465417750692488,0.8672441271888729,1.0484121673015607,-0.5721665016400505,-1.0201851150866132,-0.27505167134277153,-1.1377735425345687,-2.261021893500219,-0.8600909962170888,0.06038957820039101,-1.3900938190582126,0.7031957361326424,0.631122941756667,0.29181092180857454,-1.9205296702921975,0.7668933437457106,-0.6948403924290205,-1.0467161370373326,-1.0184967963317144,-0.8662534481918716,0.7950781913355321,1.0694248906828425,0.5047405362052175,0.05750321302051396,0.4800151280556513,-1.793804510646178,0.349706141469345,0.6165720456835059,1.6684661862797419,-2.099687090837469,-0.4288045445029624,0.4517959132642142,1.013068444936405,3.3056233240771062,-0.022141017499598705,0.8400277535712757,1.6828972756394405,0.13071031775197528,-0.6875774311887369,0.5314290153850048,1.9599621861145418,-1.4592200928143402,1.9633331367512974,0.022387050692212362,-1.654215165049412,-0.7115487920628394,-2.1163269612171196,1.8445579007269488,0.5305370212553526,-0.8834325463862176,0.7495528007201988,0.9087324773438183,-0.9477310265816306,-2.0543051933788368,-1.4032055929117928,0.5514147136352996,0.6871864902631166,1.341099940004304,1.0752157050905309,-1.1026995326875582,1.3232974228920475,0.9160876228387521,1.7576329837217761,0.30642211680487086,0.4185647912624717,-0.8241930787872127,0.13844085881825663,-0.15205548298166605,-0.646706693516458,1.238527856652277,-1.0887628467876747,0.1924155114442268,0.3728340850062359,0.15003195735822386,1.5397190713780473,-1.4416155992332937,1.66836878901146,1.4824371286082396,-1.3575169561474685,-0.05010825856996444,0.3251789448882636,1.1863361206638317,1.3457975010813565,0.07064836243311301,0.742636437038828,-0.6725377656976532,-1.338810655644465,-0.47495428547635643,-0.831263805298298,0.9589749979498663,0.12733308762627538,0.1467004558609518,0.3863681308130228,-1.5067062417619668,-0.8099599883316794,-0.697163443324021,-0.14979889884869393,0.011782494954529599,-0.04445636837650217,0.03752011764205551,-1.6992769863787212,0.6313906860313994,0.028892488332685096,0.17945933814340007,-0.7203494179024266,0.11444045019758814,2.950089401205869,0.582766934929921,0.925830179395232,0.3451810909519004,0.1780901105757034,-0.8859517744010139,0.5155680351875732,0.4573139473563584,-0.9860929226056045,-2.1736565534220764,-0.7228221274982582,0.24884258203962056,-0.07492696519060485,-0.7246428061822558,1.3763727933477625,-0.26755376601204905,-0.9975899702743891,0.2865540141156179,-0.7260209979233916,0.1808138360708315,-1.0366452944590103,-0.19911761918604,0.7357999956570828,-0.15556824619371007,1.9213349399785427,1.1531653016598027,-0.1444009725900004,0.7085763021958735,0.8509326119490718,-2.661087704967149,0.572179865770507,-1.4188283165143252,-1.8287080934509303,-0.9218130821441928,-1.8572570077687862,0.2977561548866926,1.0275903096342451,1.6474312299202578,-0.8540251625783952,1.0724449663800226,0.7334002934300872,-1.5039020900361486,-2.8236783912146985,0.10847169497432514,-0.17016977090285748,-0.11548491395380439,-0.972710258060767,1.3859736346387852,-0.16929641063270667,2.508034293647632,-0.903093510277457,-2.8783623865813506,0.21505934357180614,1.0440837890217283,0.04455034574775936,-0.4197884864965592,0.47750920079313275,-0.6177158248438147,0.7623186869026105,0.3277965273064905,-0.3068850037108145,-1.225064150089042,-1.1544051338469081,-0.45587348845508113,-1.1643834390172494,-0.012359485401056414,-0.2025879173124569,-1.328996191864914,0.8873309572393413,0.5644488005414219,0.45497456951632403,0.950066269014133,0.10781792674393313,0.5756692273582507,0.3392295221255242,0.7701074685733504,0.5260762278199074,0.8090104100633126,-0.06688643539280063,-0.7585148424211854,0.45250704656084717,-0.15982216215120823,-0.6996489283178022,2.857008001415715,0.2688095202590119,0.14869759834600899,-0.7854263302595962,-0.34705241655046337,-0.48106237383252937,0.8882609060514568,-1.086826013091322,-1.0419771818721302,-2.7719008795981077,0.08253291682819383,0.745815677906885,0.3302988097053574,-0.6075111468444614,-0.679234463112337,0.6481240296625126,2.6306110177455064,0.4571250305697986,-0.5424888793769375,1.9343572411443262,1.0346563336955146,0.4192834311921011,-0.29551655248207076,0.28888523302482316,0.9838146225007917,-1.909451177231197,-1.2646053124527765,-0.5634194382850936,-0.574920205347103,-1.6103041524795265,-3.01482294089088,-0.10916309739350788,0.5683416969540099,1.1316486020419319,-0.370134721339573,0.07485836497146092,1.3059835725104345,0.20015241816445054,-1.5706793495580078,-1.4542224187888757,0.7679420493845561,1.4596286156143832,-0.9198065472414358,1.0311341303510728,-0.15931395962583733,0.3591951810508032,-1.506393161167896,-0.2658005899149987,0.45064918250111485,-2.928127554360947,0.3126251856714088,-0.47661550243576495,-0.04063119572787656,1.8822110052389507,-1.5597645724360023,-0.6022014442747119,-0.8824722911113134,0.35418522653373324,-0.3674506218559206,-1.0650926314215363,0.9329332449420303,-1.6150645909573873,-0.693915637098353,0.47498229934555625,0.5906650841167123,1.1361665576088262,0.8321760648973116,-1.342605358952809,0.35301522729878204,-0.6838033909733081,-2.0811480467659282,-0.3699983716282266,-2.182673459708424,-0.21187105569338682,-1.7068306516147473,0.730634956710027,-1.7715121368427753,2.0593531744146505,-0.5127798863901226,-0.37414322621214263,-0.36566264721211317,-0.927177819040619,-0.8690327946557691,0.7518259721827038,-1.068935780059154,0.8272121086665762,-1.2469505662855744,-3.1814990070983806,0.5297977292226248,-0.411297225726185,1.1849647612644052,-1.1589009091079336,-0.35446520736734605,1.090802471473778,0.46532624805917544;-0.2601185517558442,2.8204605840467534,0.3431570047455248,0.0927265993679676,0.6954324236066618,-1.8617256262617725,-1.0391281927625495,-0.1204938071844246,-3.893450351105739,-1.4008528409676055,2.085507298887361,-0.7291354497230741,1.5328023437460607,2.183845271721221,-1.3060401396222117,0.37353533519025867;0.5392892263989508,1.8656740715156837,0.1060553404844306,-0.33337236498159883,-1.4361875521126788,0.553575533108235,0.2145203603806216,1.0476913955822924,-1.1995253022149162,0.8017254931327196,-0.6819977498232739,-1.8820282562332982,-0.561071782161344,0.4617546846280897,-0.2923827792704318,1.195941696599027,-0.4714743838145579,1.1974744010890592,-0.8021039566713466,0.7288340693706087,-0.3801189788956219,0.9810344485828761,-1.4447337633167139,-0.626319938099527,2.1749307139122007,-0.6156530083861556,1.6911511861928719,-0.3629507521014678,-1.9444590499551873,2.017888258761691,-0.9463045696312239,-1.4733830695413004,-0.2120053120560313,0.906553663398214,1.5431451350939214,1.1609874174029895,0.8434962758066222,1.6051069214076528,-1.703509095378509,0.2739605790105085,0.8803550987422465,0.2589413108781885,-0.5502956570811411,1.3738531939376106,-0.14742178769410264,2.3219017060453284,1.0507787695445663,0.7491936052791713,-0.28264240033718846,-0.7830995684119036,-0.9908817482561852,-0.23732774734961454,0.8581900122549007,-1.1064128216962392,-0.2045353100566277,1.5117876098293306,-0.5510676635658829,0.21564210283327676,1.2762007409862393,-0.9076728396286319,-0.4179661085278094,1.3990828326345277,0.4877590843965601,-0.9726244210635788,1.5236804621147395,1.1089836433210034,0.8645386221201812,-1.8438328173171674,0.2811196075632212,-0.34110955182304753,0.2283867700396792,1.9265032232487802,0.08892741601814382,0.594927885064538,-1.882932267069035,-0.31137844912727075,0.2472440186147828,0.21627452220705667,0.02922811230910472,0.5733360968853078,2.228983505151305,-1.1870470149968153,-1.5695576457426432,-0.47814402443096504,-0.7655769912144964,0.5351918850944661,-0.1636456519760866,-0.37546758636571687,-0.46632701790059355,0.7406847010441084,-0.5789566809994579,1.9400397607957163,-0.5053314707467966,-0.527657532802742,-0.4276063656553961,-0.387328536036941,-0.026667161066826463,1.107062565852461,-0.5709069887172454,-0.8581906921709388,0.9156811899460331,-0.09485554135402624,-0.977799662393837,-2.3977930270164363,0.2232857529351104,-0.3453297983983322,-2.5197038953987474,0.3394197848593937,0.40388575882561273,1.0249959556962038,2.255667723404193,-1.4709791462272035,-0.799278623555725,-0.16698488203375084,-1.1791444244391462,0.18628705847554344,-1.728238294603827,1.990234815417709,0.46610092747828935,-1.309553939938171,0.09253380920128587,-1.0598227904481046,2.305688008385244,-0.7912085541101771,-1.258350224903329,-1.0627282138094754,0.42217069175304905,-0.24109136688405092,-0.2515887005537493,-1.6052685269147173,0.4673156938449425,-1.2360688327158773,-0.7351842003867991,-0.4478191577184037,-0.5731495942256519,-0.6007496032114291,0.1522938045535861,1.4991416141361649,0.8090247714356098,0.046424935605560436,-0.321812393627789,1.165587802376437,2.8055166064772523,1.876860126854262,1.076244746215136,-0.6371398034155884,0.7298531260419618,0.8220069521202363,-0.09686703541242508,-0.19625290978720838,0.9420092035936248,-0.0721270375116404,-0.08396785644786292,-0.5709648169246794,-0.301023235550985,0.9434006256598851,0.6047172175148359,-1.0624877893740972,-1.4957520813918115,-0.8657633385946657;0.45644159619745833,1.35838848706227,-0.10457214247982184,0.26593496574994074,0.09013855391086423,0.821471402812778,-1.473685214538536,1.5192375578928363,0.8881986929595156,1.8936849747010287"
16,1.2514674717529408,"-1.9308009021991843,0.479760557190909,-0.7872055915176416,0.8626942582831268,1.432569667426941,0.15730632935348424,-0.3292329774804591,2.913940027374343,0.17947321436517438,0.45376116320053134,-0.8518520275196346,0.6308613400425257,-0.978769032508879,-0.616387256588478,-0.5916529650015692,-0.8716913399714218,-1.1311432770982914,1.2961326332616658,-1.7533066300653415,-1.322270610843948,0.19073340059396238,0.20809538744191827,-0.44491885196702463,-0.9368217760059253,-2.399672424425067,-0.49736584465080447,0.05609495611409247,1.144681425771659,-1.2828584088014985,1.4997245819534661,-1.5785528360655707,-0.5664370628987101,-2.333054494048813,-0.8344297999906858,1.3128554060606048,0.09799406911933667,-0.6092077703103487,0.2361066703304014,1.5506316296603044,0.5639130395234287,0.00779411722452731,0.6443922145728072,-0.9676249299688948,1.7951627442697355,1.478397845490488,-0.6455076105082397,0.2604505301683635,-0.13092092986036147,0.4047597981494479,-0.17364615124160887,-1.6398741394629865,1.2808170894790467,-0.08541153712431607,-0.3725392285605144,1.0534138683518866,-1.4047926175197278,0.649045301757856,1.6018866980451005,-1.2970563223970633,0.6677004423532755,-0.49177760841799906,-0.7533579926859859,0.4365518740891607,1.6890721342832171,0.8216852525100455,-1.4898967294008298,-0.272644524572224,-0.4602250779462741,1.0887262837823093,-0.8713845742181267,0.7773802272370427,0.6298921022032432,2.0573060880143585,-0.24227066856948123,0.4002043268208044,-0.8199331739170312,-0.026435069012195785,0.9054647675444729,0.11486510061976277,-0.7340940544129416,-0.14674311703053675,-1.4569443445390473,0.035406004323518155,-0.5302048513848732,-0.12241694106475176,0.25175902522409505,0.523209383282378,-0.8965428567974817,0.9530768566721239,0.7057515510772471,1.1014590504170254,0.892939172260359,0.9192995089651477,-0.10730137870262062,-0.484798814697433,-0.44461272065465596,-0.3506241942878392,0.49870881155983116,-0.9538360181206783,1.3202369160652052,1.3689040629530684,-0.6787432737535155,1.3621061282967895,-0.6903203918658597,0.039488308943289585,-0.5199580765909674,0.722392535962768,-0.9464469524111767,1.3259584596159808,1.3233158675207317,1.61503916957822,1.5369123474158821,-0.7349073386296932,-1.4703847731847735,-0.6618193005070563,0.8648009070024792,-0.2958491744836941,-0.6288589332286899,0.6819241969670764,-0.7704103537226792,-0.2838491788193298,0.0016311165745137024,0.1538177779277986,1.5098735775333196,0.6753177260669841,0.9129049374158218,0.2746702385704705,-1.3865522886241022,2.007292927288021,-0.11100485980513138,-1.1631390200371607,0.15151020310333418,1.3300797959447355,-0.3119419121496138,0.48260241021097416,0.2589831910389482,0.7511991415453548,-0.3719373810791083,1.8760968879730244,0.41384058316631267,-1.4136699956546537,0.2647437574905098,-0.4507482241859265,0.39640926806857185,-0.47114702026052874,1.7449183498753018,-1.5699605558543113,-1.8893281045278854,-0.6234828986617054,1.278557451735965,-0.905453695052998,0.1413097301562874,0.44918285807975766,0.16386999687975473,-0.48574963259931936,-1.0318632319129013,0.6663776041664548,-0.6668838458652848,0.6485611863260129,0.1617069998136477,-0.8510429290014891,-0.72649688210577,-1.426171160667932,1.5648061184586097,0.5343991212092062,-1.0731289195767673,-0.5862315367103135,2.17287118119135,2.105974211235471,-0.2322654134777064,2.3188063746333802,1.682677998811379,-1.3459641881181261,-0.028759727100603164,0.27221074504334386,1.4392269902727322,-0.010727325080192375,-0.01757515654355116,0.9868767821846431,1.0694348478822484,-2.8874252331519834,-0.19944118495562496,0.23497763244371989,-0.39290599045741187,0.4545939615997394,1.1814647618818812,0.06695766107009249,0.541715302797199,0.1431579887455833,-0.16607754679693887,0.9804049588278694,1.1255787210807289,0.320009063558809,-0.004070995128620851,-0.15590656400364558,0.14051816990239457,1.4545570738843796,0.17099628837448866,-0.0006332119360667396,1.7117260134460173,-0.5294964510678517,0.28834421167968377,0.301201328138468,-0.1376950180104054,0.04503098245309921,-1.2544757537446065,-0.7502392690990527,-1.3463857815298486,1.1131538908240095,1.4705180384333527,0.06407899975882442,-0.009103854509550147,-0.3892263760861736,-1.5700491912604055,-0.9265763616550848,0.3924385210336057,-1.0038581233351345,-0.16343474911214098,-0.2950222788809067,0.5704419202758837,-1.3521275880269026,2.0767990528686533,-0.4281444841496037,-0.05361164063210344,-0.3261538856817129,0.21028283972746506,-2.181198794440483,1.7352096155191516,0.8730169753783943,-1.1054361323819548,-0.6037699943494248,0.21638712804418891,-0.8561748824480647,-0.9101374642987915,-0.10429131798151459,0.5182587851890303,-0.7990069374739899,1.0668184736603996,-0.49956666119973603,0.24665477723534152,-1.1900960298856638,-0.7655883055332837,1.0124508201991465,-1.0369788969544222,-0.7449244998626788,0.6414775583670735,0.43736049583192943,0.8622101812571631,-0.8651123752007571,0.11411790711276985,0.9789540580090925,0.027881303912316482,2.401727141868661,-0.258543185660684,-0.029444957661693194,-1.4792423447882672,1.041243133557417,0.10775147034874513,-0.9729015681445854,1.2530939176663676,-0.6096462980547646,1.9139765332429695,0.06475923417926241,-0.6172648231080105,0.18117899856015957,0.41912685077302525,0.4068271507209048,-0.8178942213966517,-2.0155112666652033,-0.44144847607928206,0.2259584602528447,0.2825659740214239,-1.1308146356318995,1.459894608284651,-0.5499385538277912,-0.14165214530149842,-1.0653954868755213,0.6938313989255717,-0.14103158437045224,-1.3809350862397527,0.7062358050888319,-0.3150690946829565,1.8287019432832001,-0.5183634261186172,0.5692792018735948,1.2019628275645742,0.020214339267454667,-0.4863306455273847,1.5691996929028253,3.0370283129802975,0.2680762921345541,-0.08318601558066407,0.9058668399074777,-0.6425298921434297,-0.19008468412052865,2.056764976323895,0.7098312029682757,-0.4205876604460218,-1.9908177400898925,0.23230671708552006,0.8149357167671823,-0.670213748973853,-2.0191718350780725,0.996572578177562,0.5891685970427092,0.9928544961673152,-0.0810921199950664,-1.4371253288297916,-1.704536623624301,0.6491264779379029,0.5572060668808582,-0.35254276278346425,0.72887432269028,-0.13666860220717492,-1.2291190867100827,0.4848220203989811,-0.312730744175738,-0.7295592289541329,0.7277817976175205,1.2877132320067048,-0.8850793261390266,1.463789694545056,1.1029450727154686,0.13710700113159713,0.724404952038713,0.9883679561624699,0.12446899210022397,-1.554262534056416,0.5201998841540035,-1.478999387966285,0.39907226458564915,0.0845229530377709,1.168939542713918,-0.19274374891508256,-0.6437422146801483,0.1736338289426555,1.9887336743598212,0.257586225441527,0.7608136928273583,1.8166557270241632,-0.3283930322996338,-0.11727373837478497,-0.5389304928625444,2.271433088491779,-2.0744442976725472,0.36358116078454616,-0.5627052574690694,0.3731504372347313,0.07700279926601017,-0.12031464438770798,1.1558236318049615,-1.0920292710345814,0.10302563332380049,0.8040397659575155,-0.4288271793101833,0.014947632184684916,-1.1365524881036593,0.813717845951854,0.8477453507569911,2.2018973169318174,-1.9067128513738616,0.47827834231394356,0.8587127575697115,0.06442217533632102,-2.3271450449247117,0.3539091909322024,1.046507315599822,0.26271073497598163,-0.5076607642991496,-0.2714890527900625,0.14630908116987018,-0.07681149810714116,1.3341734482117296,-0.19867919651906096,-1.2384622105861127,-1.187867185916483,-0.3783727298253402,-1.679349284697293,0.781366453052135,-0.931244546205745,0.6728636342089724,1.2990062179315784,-0.4844020582018475,-1.7999437177499775,-0.5943741951133423,0.8052416365839787,-0.07837045730780134,1.7433449475898863,-0.008739456500232851,0.47121854462730905,1.401158016822856,-0.44367405071612115,0.5635782600596891,-0.7013957947541245,-0.9200048435429273,-0.48929885379215315,-0.46347045519437857,0.11245921740172501,0.3989105790942995,-1.0127295680673334,0.8432000718131571,2.130882388672865,-1.3878881431557,0.4801136445294842,0.2369705807366973,0.17040334980981053,-0.12923452478349295,0.3896048701636964,0.04883794818246359,-2.240652741556281,1.4808329602579335,-1.9978518238191545,3.5404816633170166,0.46545330577890154,1.5827114014147134,0.061466803900752987,-1.5778802811582278,-0.8051260382266447,-0.5560272962034988,-0.5462770303254691,2.4340968718022378,-1.1760081469872194,0.5395205089252911,-1.451704216491139,-0.45206347913098976,0.2580427479609673,-3.0136473592856774,-0.07373214024501223,-0.5162438262541095,-0.9129479783311182,0.8253396023683215,-0.7349575382372201,2.158809835159456,0.645820794980196,-0.008488803011267296,-3.0199971574487696,1.5249179156443708,0.6423681531038092,2.1181506229631397,-0.6911429449214044,-0.06847907647166332,-2.6273973527527907,-0.9188986133983867,-0.289599889525734,0.010896629976658204,0.234246379509164,-0.18940294886939335,0.5509863290501564,-1.399863805755816,1.3874200714055005,0.9950585774658622,-1.4500562258093204,-0.16733272498166663,-1.5640929046930179,1.4238784355861394,-0.5585781441526572,-0.8682336279669077,-0.1390604918589023,-0.500681660097981,0.1526633931190447,1.0062203944392512,-1.693818041537971,0.18442350699689142,0.2123341699385895,-1.0598358407248725,1.3096404959848373,-0.42166809900191565,0.42278384061812474,-1.040631614795572,2.1071761297786997,-0.15644722885000306,-0.3225532573698523,-1.4678028945746893,-0.35744187250363507,0.1949108430530177,1.3798782049674496,0.7443366730230511,-0.11119960149111634,-0.7142954248024032,-1.4626059394180662,-2.3859866582896503,0.13365550694337028,1.268880933471352,-1.098113840490469,0.08318503049442436,-1.8922824545121326,-1.0013705847587153,-0.32216711698553857,-2.3943891049195662,0.163747996412839,0.38777408865250207,0.6860393776295548,1.0607584656489186,-0.8612141507632805,-1.3556179061526483,0.6348393494797853,1.0512529340634968,-1.3845815424716084,0.8761654502102213,-2.458959078378228,-0.31807946955306393,1.1493866057771536,-1.0604222270913217,0.4908491715618514,-2.158978347360958,1.4986252431601068,-1.1497759634762,-0.10267078461488258,0.8362195655442679,0.8223214525979499,0.23542001432260284,0.25232332037913996,-0.44560678780681634,-0.7829924107591058,-0.9365952661709377,-0.25121695943667666,-2.1209368199901193,-0.9665974535796187,0.2416229008688203,0.7427866209395062,0.7199085281755531,-0.0499209241979478,0.570587158300179,-0.5667473782725776,0.32503436885617276,-0.44119644269774483,-0.1359080249450011,-0.776146911212418,-0.2006822818153748,-1.0001082601530291,-1.3425110230396715,-0.3656652975195569,0.050320145583172535,0.4732210872655186,0.5952249024351332,0.6384288764709347,0.575701811419254,-1.1560834431341118,-2.3473029174931614,0.36312567746832153,0.11750741717090646,-2.4868114462015396,1.821670572783878,-1.306397404998923,2.1237879482125113,-0.5228218961393319,1.2367313074703832,0.5401679783718838,-1.7768926145262076,-2.8782855107884284,-0.05492981429863799,-1.0453685031416582,-0.11410396779946809,0.6747010337059565,0.9880716348603247,-0.17676678854412078,-1.2141730896634184,1.1898983685701476,-0.059232471336494036,-1.6307541830554377,-1.1688297872689677,-0.6706945447098623,1.9861692550987777,-0.637132426845576,0.13650491828961164,-0.30855945377480354,-0.8121906662867967,1.5329193700737176,-2.399687185965847,2.3852113302664737,0.21810768925540477,1.0477242894645948,-1.5491705705806156,0.07714853168741351,-0.10403122568966543,1.6555833551032622,-0.18208468888437437,0.021299428709302598,-0.3949697889602263,-0.43480091948602884,-0.23569189256237602,-0.10457712822880666,0.2673065706678221,0.21379826067215785,0.4477299092890432,0.8029164962549739,-0.941475971659985,-0.3311202420210164,-0.031598845548466245,-2.2093948703177295,-1.3916667035684676,0.21406552076836502,-1.3065434055757947,2.399924259779832,-0.7296272611204848,0.9418287155214978,0.4680089389799844,1.593009301996113,-0.4870855546222166,1.132507666749695,-0.15317956837494126,0.14135980143130378,-0.6703834202829252,0.8985119558021644,0.9174656834525694,-1.1093417836195105,-0.17130233356843802,0.9359838677083677,-0.664727757008258,0.006515949171112603,0.654405182428569,0.405468763518338,-0.7525514197087145,1.2427051966726186,2.038409108513913,-1.785910550934457,-0.7355651320645431,2.7347401409195538,0.32538333126287605,-0.3990344016902931,-0.2614478830924234,1.1138172876309165,0.18107167282896308,1.2688788755954592,-0.7661594241203573,0.28109684178970284,0.16443795247216417,0.6684947307600224,0.07712951658921363,-0.3880581957835064,-2.061584931804322,1.5559622107348463,0.824336166758248,0.45390741100838616,-1.356680168210743,-0.0035597100487676173,-0.008200373365812336,-2.0869701798070293,1.329684450807383,0.2587648413298434,0.3392047516131868,-0.21230735191689795,0.49895147781588417,0.8690537834933766,0.011367047492341936,0.8061913174364468,-0.9358873189531934,-0.6089073112989554,1.4864095199618024,0.8675213485719635,-0.9944177379470704,0.7122447898390754,0.17971730473324643,-2.867126297948337,-0.11982559677658533,0.9703658088696832,-1.9965232360824747,0.5536704883762029,-0.8513824812971702,0.7977341382821458,-0.6117124498529718,1.060620144642157,0.7783922629938952,-0.21278630389130193,-1.7091394265330302,0.45206072775163375,0.32840587171712604,-0.36453800800870867,-1.3416057803063144,-1.7137456770758095,1.097781961819662,0.5369956473588852,0.4357767618337334,-0.6800800399055622,-0.034087314469919944,0.011115648125455447,-0.9710550205791325,0.7253598991522343,0.05620011018917708,1.3650944953552522,1.268853241120482,-0.2827675433903837,1.843198235419736,0.04812966003287917,-1.3410215824750595,0.939580823979573,2.3157613331923614,0.014017152364484281,0.08939245743791208,0.7682649781323517,-0.859515156158134,-0.23253967649055282,-0.5102272844879169,-1.336599877497982,-0.06498528464510778,-0.25773668817221096,2.5652088781353144,0.8301989198430916,-2.631664635539518,1.7217309060370907,-0.022889017993661845,2.238115029541075,-2.307235782229779,0.7388962176733442,0.31063754003983984,-2.422444369108831,1.2481436950646188,-0.9877637973153655,0.5788676741650005,1.3959083282048435,-0.9618787783442365,1.697377454346296,-0.1960361569731039,0.6619309188781674,1.1385376938778746,-0.8227046408256564,0.20816237991962241,-0.48713295457964173,-2.2619203957012424,0.31871986967305144,2.231799091531829,-0.06443924453458538,1.8441031763999358,1.3162666421917384,-1.3516273790956324,-0.48491646671712124,-0.13571411465242464,-1.0700419953562348,2.239251856577545,2.5147628285591184,-0.43275285550058173,-0.3714101869432765,2.017650069300641,0.20721913378944798,2.168224678202664,0.9399011217528753,2.6594117601498533,0.7713975149705674,0.8548071233604927,1.3368469968336518,-1.5088803413253498,0.9987216109882637,1.2907830911402343,-1.5910335994198506,-0.16398886707971458,0.7874091443486908,-1.3662121633563729,-2.607146464508528,1.5832534155616733,1.4942158167119297,-1.5875386507138414,1.769462211107696,-1.8348383920638063,-2.0149474121991506,-0.37021913262584777,1.0334118408482798,0.1437310541993596,1.398103536863585,0.9863367094952756,-0.10031802317266861,0.30494330454833274,0.1259436800709159,-0.25540499169727526,0.6045436064105802,1.3413315148882092,-0.6142498470964503,-1.8429327916054177,-1.463645729875337,2.4098066179335067,-1.294426572455838,-0.5370344302234371,-2.5270735806750295,0.9929160810875537,-0.4667008974858489,-0.6304891842351965,-0.10744801398822124,0.33962014435198,2.254061308914586,-0.9785362823003156,-0.22774058456832952,-0.3661594321362765,-1.5271595579574597,-0.5241832944086681,-0.5688954600957111,0.2821387371234546,1.2006499569882283,3.4503679967253587,1.3741425249841686,-1.6662397702343514,1.6057597957169627,-0.7417774376959727,0.39770106089076196,-1.5431855202737401,0.8574765762978571,-0.17438332780321958,1.7256296079152538,-0.5044243543711673,0.026824480094654934,-0.5440343527220265,-0.39726034775219865,0.047492633066290424,1.7869792305585295,-0.7782248921755797,0.623217012908256,-0.44163284130315333,-1.7608052310491393,-0.7103173114082222,-0.17992826471385692,-1.0286770855310887,0.16058161806273863,1.5980137570720827,0.6534501838024034,0.6416962025604166,0.9384087908228494,1.6465700078713896,-1.4219789633148223,0.9251855914682974,0.4067344104532377,-0.2892855984530058,-0.6270692312668587,-0.2564877175594312,-0.6887626637144926,-0.10601878941949959,1.1678811096249768,-0.8716866297397254,0.27109652277527374,1.3724933713436056,-0.468836377169178,0.16902607934604164,-1.5714466875175528,0.33399942178707526,-1.449196659518568,-1.108411722553911,0.5255497966243627,0.7836542734617384,-0.017434398285194372,-1.0832456367139,-0.08442001072514134,-0.8204252326814107,-1.1611951991956766,-0.19955951440815756,-0.10599103606628706,-1.2708851006706279,-3.016214576543758,0.5372642598446965,-1.0752015410268958,-0.3276212374536401,-1.9550999148022057,-0.15416815059977682,-0.6240307944652882,-0.23020174993121517,-1.7430236632477065,1.633419008376389,0.8921449237968192,-2.413759677064121,0.808364297901162,-0.1441489302617087,0.5846136795815019,0.9272508903075873,-2.266306506352129,0.3474633449628359,1.7748157216822562,-0.13730957923805537,0.981961006451012,-3.1894384640221225,1.412901568472349,2.1783738101030288,-0.03515322359173924,-0.3165190929361969,0.6972854022620504,0.5210587266306292,-0.6965177174688404,-1.0754629763604107,-0.21018112236838038,-1.3461412696228368,-2.011042184264338,-0.9897134695608768,-0.0888722871148091,-1.2495265308477537,0.6721116353393557,0.6955090253607862,0.4224140108912914,-1.5163467287711774,0.624198242817946,-0.4941376953759916,-0.44650213676631834,-0.8692667539029988,-0.515427137288769,0.8029954027410036,0.7202375631899981,0.38117047411064514,-0.24121546998588175,0.674111535048268,-1.7485880599875945,0.48230627795116987,1.2967681732473166,1.172573389515242,-1.877224793041685,-0.615091991130174,0.19168636158096058,0.9850847381722418,2.9379079984220846,-0.280228695868691,0.9294884125584568,1.732631334989971,-0.043952692051412556,-0.2631823871399391,0.8678293477681315,1.7829608178632848,-1.5605945419016918,2.170015184072009,-0.37360416401761526,-1.232056021199117,-0.9461805882668144,-2.126889714669471,1.3833427654606583,1.3741107442205005,-1.0475162329347447,0.6211059019719188,1.139966947080693,-1.0237269360176477,-2.166651936647801,-1.2276554430839588,0.6091295441932807,1.0854661817614,1.7032915043210937,0.6567653379027657,-1.2651072687334464,1.2873306145958439,0.6378934642440319,1.582452529133471,0.6272725915543993,0.4371916267127279,-0.7202565025321128,-0.26172453855513617,-0.15978311244588017,-0.7696057372400054,1.9163352010201824,-0.6980127537111102,0.356654092378597,0.26938610243540684,0.36187392317982436,1.3359289263578662,-1.393947275151689,1.7249248756153606,1.0200625950177133,-1.4535547065448824,0.013979574557200392,0.17973802392331412,1.0318320267790952,1.6006950513419407,-0.13825971543509635,0.5552761572207051,-0.7254443055414388,-1.0644689252625186,-0.12262619448415935,-0.4972133707491282,0.6691723410493918,0.5794018001519442,0.3791706962558469,0.4581924532446624,-1.675493433970827,-0.7223714257506456,-0.5897056959026173,-0.07904100607314257,0.1826583112355412,-0.17700205427129476,0.10975981889441086,-1.77473141664499,0.6783329983579964,0.09176205663011841,0.27615928483367086,-0.6210982341322943,0.22306932804039797,2.637966555275214,0.8943604436186064,1.1643876148040548,-0.24678200203016998,0.41378596806684476,-0.9139534692625202,0.30008678674983763,0.5356850936218782,-1.2497162882808546,-2.4099684587267194,-0.5554450765867369,0.15642043233236516,0.09981517021996467,-0.7053719664550118,1.5836924278126046,0.11592001002285497,-0.6763602277729235,0.0800799851790141,-0.6588438703002627,0.4749333044068401,-1.1813484359280855,0.05747373104423501,1.0835731643166249,-0.2504055686535257,2.170551457808845,0.9488351861234431,-0.19278393621736825,0.48965096938874375,1.0849650960261104,-2.247586747912737,0.9266011538101762,-2.193890917589882,-1.7256618686774456,-0.9327194805983456,-2.1659357198177998,0.38027551813348925,0.9238950361850224,1.609990677632831,-1.1501671378363112,0.9038093927048498,0.8082359890024611,-1.253363037689425,-2.809613135340882,0.03839998892677743,-0.49626180479060805,-0.05292820362909445,-0.7970416760498868,0.9977239992448413,-0.1409132512654612,2.3771722143159835,-1.050075528623733,-3.1476364494453923,0.17905970158408052,1.175040973636216,0.21899371264806616,-0.27297285181354675,0.9233140751285538,-0.7328836439734685,-0.013074709405383161,0.13414565621595131,-0.3338198709748168,-1.1243347529919354,-1.016401520900914,-0.2887598851369404,-1.14856829642599,-0.14458396595773648,-0.23559446114941346,-1.0201385037739912,1.1847001514110393,0.7017530508147187,0.5456674316158329,1.0645644305865174,-0.05174690510933756,0.5043036365001763,0.32784762630410597,1.0249356463122643,0.34433191568592614,0.566783970932458,-0.055853726347324606,-0.6801116833449722,0.010402545917071453,-0.052252452340136896,-0.7216478310367596,2.41915461515934,-0.13748227939362595,-0.21682083506562608,-0.6387923277452523,-0.3837786670155251,-0.13703631117377613,0.7123522481884801,-1.0481794200813046,-0.9357917755337892,-2.704658071650456,0.13977651528934787,1.0142049720845245,0.3277073335742589,-1.0221229607737115,-1.107256018893034,0.8863656755377127,2.5763433587019793,0.35408141969909357,-0.26170661557860797,1.9215100836459829,0.81144547484746,0.22962804808229131,0.010948419426124283,0.4357566210029402,1.1913273252643193,-1.7712611688683406,-0.9149967190165413,-0.49686136626186006,-0.8782300257389539,-1.7925138189721184,-2.8989810320113256,-0.23948677275332708,0.34784945423608643,0.8709028603312502,-0.5432367256658234,-0.12458342864806247,1.0672193493289155,0.23208139642671569,-1.510057542261501,-1.5190670112609974,0.9799548546429145,1.480924841679766,-0.7662525750570095,1.5494820038297255,-0.27767508677551117,-0.24548359475451056,-1.206790981018424,-0.361294082895419,0.3332726714861731,-3.046370504175165,0.7054531971662387,-0.29528579054627335,-0.11962701462151544,1.7863552320360707,-1.8705545931045655,-0.8124324717226986,-0.9696821347874635,0.7435786211458242,-0.2710566142105252,-0.7525865749439935,0.7655587580453213,-1.4946438436397484,-0.09627364090778037,0.8996471194339212,0.3015997393091297,1.1311342626083611,0.8769295329881289,-1.2611435607338066,0.245825451419123,-0.3548473504087575,-1.9632609441233784,-0.348648379185961,-2.52686364103926,-0.8236333538709071,-1.417138869046344,0.7761573051095935,-1.9885304369605787,1.876337007561168,-0.3505282960369974,-0.3265994308849762,-0.21484290950001966,-0.8373216701027777,-1.0898592970946808,1.0610431685747397,-1.1001414507113572,0.5993517433098722,-1.3133381594495932,-3.3066991401163115,0.5125217284335125,0.004754455541429767,1.2868837067608612,-0.9680088349662436,-0.5969888328462618,1.1739484872958557,0.5624222139665523;-0.38705663870472623,2.2133811455990164,0.5972404472114181,0.04516701957360422,0.32535703558499296,-1.5893661397137397,-1.0537906835260133,-0.27689883513515884,-3.761264232078756,-1.4933279697843072,1.6555606170732569,-0.5581231640569686,1.4986716054449403,1.9630467938400962,-1.6585355869851353,0.3216600411137798;0.3819837109662628,1.3361469789891727,0.24979170595757488,-0.41120904964875993,-1.6171057242732454,0.3175447555475822,0.1603417307677326,1.3663077983990677,-1.489495175860879,0.775304397755825,-0.3689880071021169,-2.1576069479064475,-0.895746867342167,0.7578769688337424,-0.4980829535999449,0.7751754132449142,-0.5133181609873264,0.7190938555911469,-1.3204907436653337,0.573479892498706,-0.5746685677059664,1.049202956781722,-1.5614744714255833,-0.40804467093771035,2.4184931813183836,-0.3899367300331097,1.6213478453178582,-0.6210810726062777,-1.6701323389310332,1.800293883310782,-1.0570013559877773,-1.3672236630300485,-0.266105294318825,0.5473028874150622,1.6425067543696865,0.9717457769684986,0.9238138322882733,1.341597689082622,-1.9311594340778448,0.2598030821104107,0.9403832026200127,0.28082850926387215,-0.1406671028299942,0.9976936560931415,-0.4405324631790715,2.526328673484678,1.240604501473458,0.6825564244526523,-0.5374878766698266,-0.678969363640824,-1.2127017644215825,0.05378060008466132,0.4979777532903887,-1.0567343034443617,-0.04900345120509757,1.297914145835163,-0.4503303265819566,0.18500385923951465,1.4634520592597622,-1.3038231706614989,-0.14401657865929157,1.3869470927323886,0.6728204804229908,-0.7518468790125534,1.8804483849733091,1.2862718658743593,0.5031588280733837,-1.9124792333351697,0.09510337629156462,-0.5802881845344667,-0.0321483857295454,1.9141033335047246,-0.16880888625873078,0.5061744345210015,-1.9299288707322122,-0.36351069810287334,0.3327505353489624,0.09663107144538015,-0.34482683143955134,0.14177023806908637,2.322540053227531,-1.026903015890793,-1.3801676074589393,-0.9299386341858681,-1.1880313526360577,0.37621004341642666,-0.24714048507125697,-0.3135558647281557,-0.18367301225513116,0.6505203669908968,-0.5281030899231148,1.5880204980745933,-0.01532321147048718,-0.4951324564138544,-0.2602119545693836,-0.11448492186141529,-0.4826870972808597,1.7039392721916813,-0.5154917733772005,-0.7790458312598751,0.8597614505309787,0.1800107727609887,-0.8820969357436254,-2.5280464707485555,0.5851607822523549,-0.3637246182293769,-2.4722154417521973,0.18161549542874555,0.02524744342625282,0.8216511835850373,2.0783157396784944,-1.9201077004537126,-0.3276496209520015,-0.5039539990574741,-1.033133830952602,-0.13040487745440224,-1.7618703414421544,2.0447542731610717,0.19128263453670225,-1.687527960038948,-0.3347058217813341,-1.2508429922935704,2.437286648247225,-0.9356538997523145,-1.6881125400109445,-0.9598037764024107,0.03345129304260579,-0.23988387988506077,-0.25155508230140156,-1.4678023352297078,0.574675434801946,-1.1129371937691954,-0.6776560953457136,-0.6601120399048589,-0.6575544833647972,-0.9282233196779291,0.43347529232538407,1.7806165670764145,0.7923488993791622,-0.05908860082513051,-0.09365018153937546,1.5040285327524874,2.8077116108876248,1.6636508665967684,0.946293479558942,-0.41264215375516056,0.41212725042798964,0.14665620864893145,-0.15655642823143023,-0.08857691235532253,1.1299492218246947,0.010730346449029954,-0.19613315709605356,-0.26066160286571205,-0.1828707450803212,1.1143254746086488,0.5279400433570538,-0.7775013155709102,-1.436072785787854,-1.0697765243150337;0.38661156396137153,1.0769066732283492,0.2155295339934175,0.3028058188438682,0.21125759048584353,0.5479732882145455,-1.721395289115031,1.3762593737035123,0.7784038318482188,1.8256141120406744"
17,1.2460517163368585,"-1.6909922229336678,0.7128563076459394,-0.830762899364434,0.6248664655114533,1.126929669605382,-0.06543566675504751,-0.42142996677201666,3.3451292698658484,0.21625794802786277,-0.08851710629986351,-0.8406062186271201,0.8313572871527891,-1.5702268438923463,-0.32792267109933526,-0.5084640335513737,-0.9140857502338697,-1.5939961152576396,1.1036614127738362,-1.8305288463653047,-1.425621635457577,-0.06919889633747807,0.19098956263592387,-0.6227309051182366,-1.1530375146441585,-2.4393514758954575,-0.3963777914524528,-0.3662013257913198,0.9640158436811218,-1.4743283857667806,1.3199836898957056,-1.5206869383199406,-0.6841942717514462,-2.4575983382458713,-0.3347592581477583,1.0164714903888603,-0.2980589584429574,-0.6149251386308645,-0.11109590605917347,1.4303363284195802,0.33272838853484915,-0.17925453623551635,0.8523711121234803,-0.7657843291375848,1.7235046646599146,1.5344204166780062,-0.6631212056733684,0.05263616141757262,-0.4920044950666915,0.2767103793774457,-0.08102154022021164,-1.102268115888784,1.1282562503643925,-0.050941920723021006,-0.5229883880342497,1.170753733210656,-1.0401673595725207,0.4785705100916765,1.8579255639670729,-0.9735533282286731,0.41993752004216595,-0.28866534825630097,-0.2385133377959029,0.1214863244016289,1.5074467849614566,0.21364226644328974,-1.448647046993662,-0.21721765254748882,-0.43449209296575186,1.1059855204660718,-0.7135647641848242,0.9776731695422167,1.0928209007116847,1.724028038913811,-0.36570942730075306,-0.02637150774950084,-1.0401687694498871,0.0717758145868315,1.0372615090004458,0.187478460465048,-0.664468073346731,-0.18348975423130698,-0.9294778207568304,-0.06448228521249992,-0.8557609548886559,-0.6560540121128049,0.11974093877348146,0.4167685032464041,-1.0503450558366683,1.0555046034091142,0.27777496792780365,1.8513360770232146,0.5524863849420139,0.8965797124652134,-0.1723584472996747,-0.3902434046368869,-0.5357220548477601,-0.16097411502522055,0.8844271396725121,-0.7634257598811063,1.2820408213716954,1.3589083594712512,-0.5162057197527508,0.8494865662554621,-0.5308134452430705,-0.1243730840779905,-0.19589517944023715,0.4254563592158732,-0.7991778464642578,1.710213874726373,0.6599168311388739,1.1048574262079238,1.3031302467759898,-0.8162721129343529,-1.7216845336632869,-0.3130591943739455,0.6515935969770074,-0.3152489056055729,-0.48126537918142515,0.18160631936891541,-0.2584899753786202,-0.8002463563546824,0.17683819739628737,0.42627343252334554,1.7221153582484434,1.058250939485412,1.317139205344455,-0.15400710558265251,-1.4705773512402378,1.8255071129308715,0.16046586995830187,-1.8717351577622101,-0.6584103012120206,1.628440159557552,-0.794540639878945,0.12055864115488303,0.1485327401532736,1.0970830720948985,-0.27496289547747826,1.7267735890362206,0.7614835508786026,-1.4999011052020685,0.3463481498104901,-0.1536260227761399,0.2733376738301876,-0.23006057861804066,1.97654257047061,-1.656427188649346,-1.3788509643459264,-0.7992341699602196,1.6233755215701755,-0.9714751861708919,-0.11050335435966716,0.12533453344594184,-0.1578898772922363,-0.14126447953499305,-0.9172710632126059,0.8131857652223529,-0.6060764164728044,0.6154383001266313,0.09835016798804776,-0.7690274038351661,-0.6123391119339403,-1.1870912688497044,1.3576759140414536,0.4884658597009554,-1.1845710737635906,-0.7291930229193061,2.0810685027889257,2.307571473219888,-0.2525231103506363,2.3684288625814687,1.474451568976613,-1.2940096264125978,0.666451480729857,0.9638073842885316,1.3632738725451496,-0.0859491019998725,-0.03244487820217385,1.2763943625555625,0.8612238155274102,-2.8309912828531756,-0.16505112553755688,0.4290874379684339,-0.5987723692976601,0.4450373817840416,1.112626916945028,0.2819584180787133,0.8094058442945075,0.22355583738399037,-0.19647449904818529,1.2115694101058834,1.0851201517106235,0.31686059215478035,-0.12501873406800484,-0.03500964229432095,0.38956347434914657,1.7912230003990315,0.33212839181279835,-0.2545544671760872,1.6683741619765564,-0.7864943475113519,-0.011926439764890566,0.20831484561476854,-0.34390730431227967,0.485950996180418,-1.6467306007018498,-0.9377182001856128,-0.8456333470623125,0.9806156753637023,1.4744243060881919,0.3155478664989123,0.22530387078957914,-0.6980709335327906,-1.4952033036840295,-0.8687860159073586,0.33254516264779016,-1.3481943277053252,-0.09423181053859733,-0.24372615333139314,0.5412250012591336,-1.441511271150076,2.0412886316207723,-0.32041844145661336,0.30006893521689704,-0.1273934151020663,0.2778257348692794,-1.9229033499162138,1.1585116720519908,0.8816988444885023,-1.2904411854562563,-0.6756324157987821,0.026021616290963112,-1.1294700884367401,-1.061428620861383,0.17678138914396485,0.9872660589709333,-0.23218157631373046,0.9336798703235942,-0.030552851424791416,0.3239556426727817,-1.3380983636703996,-1.3205265408497269,1.1970889912289957,-1.343193138356268,-0.5402418481486059,0.8029274681309695,0.6386649242340624,0.6241383291262724,-0.6047139017103471,-0.009311837546130533,1.1930201823289828,0.045375826334214636,2.4718937690393363,-0.20500462524475274,0.3492985672186545,-1.4908751706276104,1.2082882764811997,-0.14847269337128954,-1.1270553845415305,1.0619737156579534,-0.4838717781636106,2.0633944593725624,-0.09429310686269883,-0.45751354892200685,0.24090481754141752,0.4642867956507785,0.1466023492862732,-0.6298919761632127,-1.7529622453668432,-0.10417789127539112,0.3532497944671871,0.38910748166689624,-1.1335929209545828,1.840578232681971,-0.5120061003973316,-0.05274449883816876,-1.205280084866616,0.5880837245264405,0.12718423240274368,-1.4196994588928995,0.9983064374080101,-0.020677892693310586,1.6122569096579082,-0.49918466735494715,0.7100087309299397,1.166109535628904,0.13109713727257075,-0.3591192719776945,1.5912328818607753,3.1861536156649457,0.03457541367348656,-0.40721408476761817,0.5937399034085,-0.6643727527681101,-0.039071101885404885,2.1793402033104012,0.6832699730048125,-0.3802461877322561,-2.185299863105936,-0.22291030843543796,0.5436377672888346,-0.5968063543120922,-1.796956312735867,0.8708296282421042,0.40967205181858896,0.997644532133478,0.3269696509870076,-1.2679771027790654,-1.6002164699603036,0.7513981624176513,0.4957655178541942,-0.5348688249394765,0.4655816806364003,-0.05403064796659379,-1.506899123012685,0.24700158915796955,-0.5891311565826409,-0.5796551392673402,0.452728617497347,1.519949232400183,-0.6829631915133774,1.2977208932153963,1.0017255070125684,0.037259802401804744,0.5236254687968663,1.004671907947509,0.3712414676616667,-2.0104076226697183,0.37463086945122426,-1.4093207174830844,0.4390904676788985,0.20207208208267677,1.2040238170512976,-0.0778443908202173,-0.6681853372935077,-0.26682212841289527,2.1029421812024425,0.21175026597425434,0.15900760184839685,1.6271816313443805,-0.39584213548597935,-0.40527908717968075,-0.37080746492585864,2.220789949857119,-2.534053621462778,0.49272188409129825,-0.2090409578294411,0.5169920310438388,-0.17439511935442106,0.0333035167596866,1.398686698873173,-1.484620652709173,-0.14536298925168292,0.7256484913038955,-0.6815352669748267,0.043071030926413637,-0.8255580536484581,0.40949678013858326,1.0709153290477993,2.3120055750225483,-1.9771893819190636,0.39677111485349387,0.9957297409563147,-0.1353731697476313,-2.2509005959924195,0.5224576044092897,1.0700218914473796,0.2739058613440906,-0.6191430684699895,0.11493433694579318,0.08647653824649645,-0.019852067081493202,1.092235964442396,-0.2262916053547297,-0.9462258181717202,-0.7760399007976466,-0.4519404610037957,-1.6225376269248588,1.1018917887887403,-1.053019092797779,0.4539440471419479,1.3016958591306367,0.04085297165821921,-1.8257604260728613,-0.6090756548721279,0.9063079744623839,0.07705553461473165,1.565493006828168,0.11930966086611092,0.6585339034499936,1.1016942901294022,-0.25408448758621793,0.1699220249723632,-0.8736595161699447,-1.1355320261193955,-0.701115353804163,-0.43779305752642167,0.20191246942023455,0.5050704270028448,-1.1706100989464363,0.7050876554595368,2.1529652171506735,-1.7561476931980462,0.5613350306755176,0.1878297879648802,0.2888599576564195,0.08682999822632104,-0.09180954272409016,-0.11026447914273951,-2.053378286408676,1.4518334228909509,-1.7186435141884104,3.7825557192161017,0.3613680044924137,1.5488133859563438,0.12067128591405715,-1.5533964770762672,-0.6764437729708198,-0.43078606704773337,-0.8693021217531066,2.065885755504232,-1.1070520914852442,0.48668989681222113,-1.6566846644587103,-1.0375630665951396,0.6876888703480497,-2.9819841024289078,-0.4128535661045635,-0.6913666847933508,-0.8526768219738503,0.5759997894059202,-0.5988128800105578,1.9311057319634186,0.5163552732615667,-0.21235409974060138,-2.879290908318894,1.7478471830200473,0.5249178494140688,2.168605447224472,-0.6284724112972514,-0.3429445822683719,-2.2261841702513543,-1.0001202131428566,-0.3768675451283551,0.025543248386767914,0.5643077840434594,-0.5931241833879857,0.5145883067798874,-1.3783148063768202,1.4582654861451452,1.185124268476089,-1.1408003776890112,-0.12621688066558243,-1.8021272740403635,1.2616570851685411,-0.5114971149290362,-0.8714729755459759,-0.18148456105125088,-0.2563570862694431,0.2943243207607394,1.21208147700904,-1.6213684505587564,0.5031865444429224,0.21745558971019244,-0.901809464397159,1.265123739731274,-0.595023995125096,0.18440936028307955,-0.7711539088880099,2.367532366448456,-0.22430412830309604,-0.4003878567434251,-1.5121131642710521,0.1262252158781038,-0.03481683657148859,1.4442483446838925,0.8217897855549416,0.26905597040138446,-0.5026653795234441,-1.513970968427853,-1.9758593478805018,0.032529217497565474,1.2805953264193195,-0.8904564892939801,-0.04476264372041645,-2.0796391994835512,-0.7988222552878752,0.12662246015083403,-2.3665030304899686,0.9023504244993832,0.007726401904311037,0.5724183824691552,0.9657806839572216,-0.7714047418660167,-1.4873806976291064,0.46830991583400183,0.8446354111822341,-1.588214673245337,1.3846880548743927,-2.2342528947074705,-0.4545192772026532,1.1287289599591495,-1.2265819225255006,0.16385538685829593,-2.086603270359808,1.3543535970066785,-1.2312352804856668,0.32087720165115896,0.7403604950523617,1.2127048492655148,0.04330401481830373,0.4030941868862711,-0.2909636458877586,-0.3236643887996383,-0.5953713030273106,0.2272356936627664,-2.012349895815916,-1.035275904171657,0.33081921279980675,0.7302958712931992,0.7652386386795311,-0.07302015095565138,1.0200275603971836,-0.9563653480443784,0.3557344330950386,-0.740604984329931,0.006393220745738143,-1.3341480809161408,-0.1114158102895891,-0.7528101670340185,-1.0135874305788855,-0.7879019826711383,-0.07419094787908874,0.699767425596115,0.5665224367002666,0.44208629840430524,0.5725928046363198,-1.204000022605268,-2.0062754021664557,0.38074328050520045,0.19228078596540804,-2.562549138348156,1.8055897993246963,-0.844310914436091,1.8017324621636321,-0.5089890696212536,0.8974311250214104,0.7796089273879422,-1.6365358763293656,-2.7617587583385452,0.2467911951700955,-1.0379414774739948,0.264029710941766,0.9995223405097412,0.7032054245736364,-0.3169064813824684,-1.2797406189602791,1.519944754298965,-0.02145560384353215,-1.6999010344123235,-1.3041038090301802,-0.18059928176167225,1.965715283682455,-0.8177833907567416,0.2588372626572717,-0.2734827349384953,-0.7695222980699681,1.6094032818442774,-2.085472870121952,2.4237349477899968,0.20755417444587212,1.5174737377207221,-1.634700509396854,0.19729544425454473,0.03161556594682216,1.6888019258507088,-0.10250562421836183,0.08633859061227718,-0.7919336430915679,-0.49711677358069317,-0.005244729677977122,-0.3809930737837718,-0.21728523423170548,0.10367063386114964,0.24988156026289868,0.9435668320426307,-1.0039548618532816,-0.15460304414227044,-0.21729134419917737,-2.1727967008955127,-1.6885766953388608,0.5427374458631676,-1.220443844108731,2.7135651272527466,-0.8762115400272354,0.9085242804041272,0.4828427438245364,1.8256960332939105,-0.6146823069427355,1.0845794880516384,-0.1769041201345194,0.8363678011219848,-0.4425948114191895,1.0505893394708479,1.3131742627222411,-1.1403966669178678,0.15101848895227468,0.8904598276548552,-0.3318563325353097,-0.04957081300909668,0.7957355715542525,0.5514074230752242,-0.8342935367466122,1.247684133406672,2.029229024860977,-1.7311707092378155,-0.6232555723781307,2.9503917812186087,0.35897626294983126,-0.3825974146853186,-0.3996763637132762,1.1246492724839972,-0.07783978516270494,1.2167985691262009,-0.837770806303212,0.2528535166783634,0.11366329818275239,0.26295838866012833,-0.13934167989017013,-0.6435840485746623,-1.8520628455882466,1.4060694148303905,0.4628623111509641,0.3153064157113443,-1.4313031359764563,-0.303832643774648,0.16760535686703928,-1.99257445969084,1.081277928282859,-0.10309392197982647,0.2561860317046381,-0.35812687255356007,0.7667343071797902,1.023087821719419,-0.08807788830512372,1.242930853421565,-1.0295891700729598,-0.2909613605152592,1.770244649113035,0.7925071154156389,-0.7143691813057172,0.7474776181989323,0.3046287061085038,-2.6148070922711826,0.5182119912595147,0.9284555559613596,-1.7853980832455882,0.397728547278957,-1.0063048526559846,0.7048091159981004,-0.5873842508977793,0.8497981876820334,0.5445713552304897,-0.2548461134825079,-1.7536437190438985,0.08768059698602547,0.12649732943351794,-0.2867255807487427,-1.3353932691239696,-1.622148814586568,1.2686539943217217,0.6424156714880488,0.7801835553128991,-0.4777789998810627,-0.0257727304942673,-0.1935410469355903,-1.226390237368488,1.221672854031063,0.07258183952309019,1.128271868946099,1.2063145422800705,0.14091657896797574,1.1827168155156578,0.4387719629655685,-1.7964217546909202,0.9267660888272811,2.7971669514204094,0.05379400956166445,-0.03213350833609487,0.829447612339674,-1.153352644335379,-0.24097004988263812,-0.7278158369550733,-1.4905171521947074,0.23095045250703394,-0.5753586478728105,2.6557775150424976,1.4271432639025388,-2.563692801130303,2.054760406697778,-0.4672485744632389,2.231670193241319,-2.499663198875815,0.6816531063462304,0.33410180396746925,-2.3896313349482936,1.4400863366889591,-1.3336149309214504,0.043178465714553804,1.3893739792786812,-0.8801027424945017,1.6829231557014828,-0.46945352811829566,0.5834662657905755,1.0935211581057753,-0.5538824655955347,0.25881144617403873,-0.5970768559300842,-2.379268908061557,0.2569152428726475,2.249619660152843,-0.049893220018357394,1.3926655166885586,1.478198741792757,-1.0246344431883008,-0.1870026154295216,-0.6054797729521544,-1.5460318091541654,2.0763146365747223,2.8363563947883503,-0.42760557682835076,-0.3617006291584749,2.179549863275044,0.019633219031477613,2.27589854940998,0.8241118563517311,2.535502113849016,0.3518690237376021,0.8904130285467777,0.7868565383651343,-1.0622238959802137,0.9298008424049151,0.9315756564653811,-1.9254139035310833,-0.037267073385983195,0.5059502449764068,-1.170730364213636,-2.4107301507136807,1.4478504086018886,1.5318003018636768,-0.9878282181637074,1.444599009071657,-1.3666215846901326,-1.7139033252396816,-0.5036284690089818,0.9221529691614889,0.5138219178830511,1.4273556031015604,1.466874387859979,0.015856606424831964,0.2289870843865861,0.15486455404500332,0.03545972688720414,0.8376628438665157,1.0236028849471093,-0.08977029269277373,-1.9702201104499415,-1.7083148486502726,2.5193429263689073,-1.3430833548928687,-0.6340083948447794,-2.8263328177744667,0.9333032939548161,-0.5680686243812549,-0.5095882810670479,-0.18425248285919418,0.23594637879320832,2.3216725865020926,-1.0477289743557547,-0.09426833582031136,-0.6509276126894403,-1.4699971200873474,-0.5192275605495907,-0.4006132955116458,0.052250935856508994,1.2443978692014557,3.7044148638791983,1.4102026330165565,-1.6176183940643343,1.5183403661494559,-0.5471875023830458,0.4937028069784537,-1.8550465501714868,0.821339210833237,-0.08153678313076423,1.5592533418372614,-0.26141213329272084,0.3562598089551413,-0.8154233239978155,-0.6162035209313457,-0.002917398857784411,1.6134271181495472,-0.5163377005370291,0.9331559456615997,-0.5704398078738916,-1.719272017193096,-0.9198447927113717,-0.38276195685412406,-1.0605077461051249,-0.13482973179995855,1.4481969100839123,0.5914631553267508,0.4766671303223425,1.2016169804340977,1.6977125235786767,-1.4695843986391057,0.6093395370196556,0.035460477430563575,-0.6002183854577631,-0.881906503964232,-0.004007540175783669,-0.6105182143545284,-0.3042288448173325,0.849085783867572,-0.9387863290569303,0.7758696574276266,1.7174769923288302,-1.293543437325896,0.16134889262582958,-1.7762691741783656,0.4743826901423336,-1.3579678090824525,-1.1894386370646959,0.6211429830098733,0.8624842577811561,0.16879197054952666,-0.9683803209429531,0.29185900911758955,-0.6636231211856591,-0.9232200060587765,0.12325184642085256,0.019187345735214776,-0.9990829780786454,-3.173159597207173,0.4227163999234474,-1.0300768363680541,-0.4978740514452804,-1.7612375719318514,0.00150160299992122,-0.9208138498809165,0.08998706319008476,-1.8386045322961597,1.4194256021697604,0.8102012720705651,-2.298947138129775,1.0278037773691167,-0.047976518754037537,0.8593249616831613,0.5415196727982372,-1.991732367140138,0.3698237703069951,1.9734342139455783,-0.17683054250720648,0.6716136222026806,-2.7489430301624913,1.6425615591792222,2.019955905766732,0.11268952288003323,-0.6354291808008434,0.73192300162474,0.5468010596404376,-0.9413661803812801,-0.7059575232091333,-0.2918325021973138,-1.299048718085829,-2.024922663879284,-1.111357803757813,0.39159494805960887,-1.0414575497961762,0.8836085102128436,0.35676935801257803,0.20310027454145785,-1.943902115775466,0.6494037213615974,-0.968352754257614,-0.6166565183701354,-0.8133014356337962,-0.5607174744235273,0.7574737993647163,0.8007782816949096,0.3720738695449561,0.07770143699857891,0.8033050102559811,-1.2484228559119768,0.11597050156556352,1.3243787999290142,0.9485768685415781,-1.7495603950156549,-0.6222822725967624,0.5057969158932601,0.9107088346641372,2.7730405125601454,-0.3413528202464826,1.2339963434212458,1.941030381791596,-0.3842731925355464,-0.1175496332751329,0.4700832953551738,1.8215756465348865,-1.5052201771450446,2.252970804340749,-0.17120134587129898,-0.834837435278257,-1.3251063566732957,-2.0143674580516975,1.3325866239087845,1.1595501657919398,-0.8223329730278094,0.504093905045495,0.870181585380853,-1.0687627765876055,-1.6625335375338457,-1.19788052814218,0.3037716371480612,1.27107223423535,1.2303140386983684,0.6517911445638951,-1.469367703116327,0.8776426267349777,0.7107490343088693,1.4602593800516865,0.1570603180805192,0.48858538842334237,-0.7046692469990935,-0.1343686358314617,-0.15014274603483332,-0.7156016590418729,1.3931964418388585,-0.4000738905508673,0.5238227332355688,0.3051529498750719,0.2549379533482699,1.6471938296385975,-1.5463656390729152,1.6107458604883345,1.2843060944407285,-1.3375408886356501,-0.15758634916032604,0.16926195087879464,0.8271842480326265,1.6212847231231815,-0.18865013257803231,0.7786262333327906,-0.6748218477780655,-0.9941155322357279,-0.4700233935245953,-0.9064340719574471,0.6811313577183562,0.6193851277639901,0.48427069820608165,0.27253383763470584,-1.6669008528422111,-0.8098565516059218,-1.024307150361191,-0.1507893575186094,0.34939851641201236,-0.2626425504624051,-0.02284687585643827,-1.6431211693191858,0.8147780722174813,0.3988979154713761,0.05919297609995243,-0.29878543048530976,0.03388278487351606,2.6424887421857948,0.6985384041649464,0.7250051035857306,-0.16823468469398525,-0.1543985851211616,-0.9338208787089389,0.3310410963737943,0.18726082246198625,-1.1077431972140792,-2.7478432979647565,-0.5563459558581934,0.4621351838869253,0.16302065676867242,-0.4910985781243421,1.2600132117972573,0.14784886853448712,-0.8299210798846122,-0.1574292675864917,-0.8431292364730503,0.07617254522477807,-1.3090784477497723,-0.13299519702811302,1.1770944266353767,-0.3065078000008308,1.8919232985243477,1.0337883079597516,0.1002144376507138,0.7123475177449848,0.9435975445267071,-1.9656033392965493,0.9809485893698138,-1.7446203407024932,-1.993868841635082,-0.8698067139517567,-1.8008392568151126,0.4356059578493892,0.6340607895258692,1.747225161813378,-1.001812434183841,0.9390800271040888,0.629167638809322,-1.6744111351473905,-3.332236044620608,0.041710715536548204,-0.45043156836050363,-0.21651490838020837,-0.4714443249538904,0.9992645532604434,0.05121295987947196,2.3558701631005765,-1.3169174292911157,-3.3591494790653087,0.4657322050406658,1.2342279420942777,0.15667365138216954,-0.4058077765404499,0.7933837377272122,-0.6728864099607409,0.14449235410206654,0.44304454231895524,-0.2448331809384465,-1.1527663552166625,-0.6500986145908515,-0.11804382934322331,-0.9696008796111327,0.08829341364730953,-0.0755955483232848,-1.221760283291083,1.134133814825447,0.47863596679713316,0.29965425911468446,1.3648075576780305,-0.15923571549916518,0.5734315529164873,-0.05102893974255454,0.7500180646976483,0.2573839025360105,0.513003097810164,-0.5215546601172044,-0.7969252337537117,0.49562638972561385,0.0674426318705317,-0.7355151735660335,2.8781117578921087,0.25465778548135404,-0.010670991501076532,-0.8170816561808049,-0.19213966284667333,-0.08722410921276122,1.120562987486033,-0.7143861685588644,-1.2854594677034827,-2.701060434078678,0.23627094495832762,0.9551115633863599,0.35759689081695023,-0.7982772133835021,-1.0000771893349216,0.7389455612326946,2.6764148275217012,0.014204205625382087,-0.15313293096537878,2.0924683845401124,0.9196488073437312,0.39075707731489695,-0.1559490584053715,0.15085997612076407,0.9761172183880814,-1.9103339514085445,-0.7257434410846862,-0.4444294801618594,-0.8633124557268944,-1.9291634908058484,-2.8560474311560364,0.05867064781362555,0.6397580407038905,1.1907812828237039,-0.4134773333422431,-0.3456603500893244,1.3037413821808397,0.43365066164106925,-1.1948517222844852,-1.3112003139305997,1.1487035433596169,1.763604835032867,-0.8538223402896182,1.4618818982385213,-0.31427020511395076,0.08131201334375159,-1.2643444099690206,-0.22545211621610048,0.45239545570424744,-3.2697680012914403,0.5001285321411737,-0.4270423454746845,-0.12867933977649443,1.6438200857031613,-1.4696204464900993,-0.9227557832587053,-0.9023412921473516,0.5489898722498298,-0.04941645553118264,-1.0083151085163624,1.005449227433035,-0.9765511592611695,-0.306764156449006,0.9454681036703857,0.8011430874359128,1.22759955372019,0.6745189821080192,-1.0656802548724684,0.16467611466259358,-0.48759385355798557,-2.078409979447573,-0.03777128616800399,-2.36014418728233,-0.5505728238017373,-1.6135180638341018,0.6802870043839452,-1.8954920069330445,1.8584814530157328,-0.47130645129871507,-0.2496932582635183,0.06921971624476618,-0.6630138503385203,-0.6516673213522193,1.0572875320726822,-0.8680285218237025,1.0323456041684473,-1.5223250465988136,-3.209731924538004,0.8641669679316618,0.28275560143136597,1.1045116995461564,-0.7619927516856665,-0.625872012222842,1.1124109570391447,0.6760284548322422;-0.38019102950550443,2.5660539761805805,0.9024188599399707,-0.2205275127082657,0.4452024925390347,-1.5942692044502205,-0.9172512285114981,-0.3903726417716109,-3.908605907189165,-1.7128268701651321,1.9962635914819902,-0.3896077322834912,1.4319265187876555,1.8991713924887932,-1.338487687038633,0.04234183710511949;0.5071168174117882,1.7007819318710713,0.37453307208487824,-0.36591357159980453,-1.550796721102757,0.3275229375694262,-0.05007502910902509,1.3487653312962644,-1.3656807017077903,0.7506587931221977,-0.752092468826695,-2.3364266620085736,-0.5110350541486351,1.0781596244207954,-0.1745897368246856,0.8624479287910327,-0.4432246103862097,0.821611913158977,-0.9858413849236263,0.5134155558577786,-0.6206934112311059,0.9184033565823607,-1.5381662029875,-0.05064919667459741,2.3411018682956515,-0.5542981766599682,1.5833666620278257,-0.6257935282659531,-1.3629063395064167,1.8249738505385282,-0.8515446057178649,-1.1284033155843618,0.2682057528056009,0.6533939745972723,1.9357618152266527,1.0451011516549782,0.7943830168815931,1.7983812558610124,-1.9082686624049199,0.31493635494615435,0.8030297805063163,0.27069762239474104,-0.3291527401190446,1.179978126105737,-0.4912417790885032,2.2225081030904374,1.0181896246859496,0.41479309719423824,-0.5511900589434384,-0.9659006690842382,-1.1436080973933473,0.10232712643886667,0.6300574514375994,-0.7193678420814871,-0.0557548849436732,1.592471194194289,-0.8379695493866187,0.19963457766720583,1.5883004924907296,-1.2053228112132734,-0.0036669768971206787,1.5859547115947263,0.7281875171632195,-1.3143138534948977,1.6479006032102153,1.065430613911578,0.5752441386409889,-1.980160895915904,0.14371070000046748,-0.2844533709487715,0.2973633015244597,1.8168272111643717,-0.3611472590127427,0.5803369840338951,-1.6413153844151318,-0.2258592862349608,0.4668935675169695,0.2946534704955664,-0.14838614906834172,0.2900925044813153,2.1288291743175884,-1.1499115258285801,-1.1460156315718932,-1.0605040892495654,-0.6466593133717462,0.41721962646464117,-0.2570003799517019,-0.08358203303568834,-0.11985151200579264,0.9820727525912077,-0.4890106145680264,1.8072171922055928,-0.1455154706753192,-0.6366010505559299,-0.17554019172892482,-0.029862661617066272,-0.5590219141189381,1.508609351122947,-0.46023406492216234,-1.0191548574251,0.5739602849048053,-0.008857797119823974,-0.8924319256424458,-2.803393275014615,0.8142560853213944,0.028367800756855688,-2.281139595613661,-0.044446256790028366,0.4582023795659345,1.1081513000657284,2.095675537274106,-1.5458612582311846,-0.3957780030265039,-0.09282045252079776,-1.5759753389335651,-0.06287677507890896,-1.946141747096309,1.9600005113354326,0.25835536423532685,-0.9811564121719207,-0.06972296272426923,-1.1766947731916695,2.295873494461519,-1.0206275967671403,-1.396756311370097,-1.0242897588010196,-0.02275749559320953,0.025849694697596723,-0.3276201209944062,-1.7976980459768213,0.9446229179037992,-1.0909814628960184,-0.6939144203693918,-0.6372327341145756,-0.8902914357880867,-0.5985977193347927,0.5979812063898163,1.8603709781155418,0.737561636444814,0.15989955533320346,-0.19864780802990012,1.1300353637357126,3.0278250902795336,1.3323233679035018,0.6158250030697237,-0.5985379712535406,0.13585511370551362,0.3305976366839319,-0.02008988873188472,-0.21381920245121788,1.2942031604650852,-0.014265428874309594,-0.5630821296751876,-0.6567337820014848,-0.5017124295985566,1.0040006935089072,0.0361263871124155,-0.6892146252083771,-1.3714839120364397,-0.9183054393925221;0.13642962042234932,0.9260058421326337,-0.09632789648885945,0.16263619840788499,-0.23088046150786554,0.6990743444302545,-1.2380743462655226,1.639003444926041,0.772202147358307,1.8090418608449268"
18,1.0995864914906954,"-2.035306019641345,0.29537950391680434,-0.9783108286764569,0.5713094618465855,1.2192278914325332,0.22381357887145717,-0.19905377037665875,2.9682954850751457,0.3623527125752235,0.31042640811566147,-0.9942543941780497,0.7373389086342599,-0.8288228134702643,-0.6643450012070083,-0.8284701622232074,-0.6207360404679024,-1.3534169973826504,1.0749478031169997,-1.4315893772903088,-1.5634562695604834,-0.01838307983403109,0.022280746786422737,-0.6398281704597352,-0.9664089664458957,-2.2944672935946953,-0.17208674152449327,0.01632399188870042,1.1896845235801814,-1.2875978779404387,1.1819077652096301,-1.6335581636353291,-0.7922206016588154,-2.270626702627507,-0.7264950067162189,1.2228512869311443,-0.11533854024649809,-0.32495403558327945,0.18894223737148533,1.4316874404321414,0.4524479315293853,-0.17359909550496058,0.4034580409587924,-0.9577833300169493,1.6042361174016746,1.6188954307972714,-0.41221058277103884,-0.12942084979502683,-0.39175744354447284,0.45196638487325635,-0.012152200803705892,-1.4076225014425823,1.4147388249301969,-0.17968616522141212,-0.4277861382298796,1.23595460456229,-0.8713397961952698,0.55993162734927,1.5241574281653834,-1.3143183168491794,0.6184066949899121,-0.4505195839021188,-0.5428770250552509,0.6743945061558827,1.5909073111387775,1.0261512110453048,-1.5823048606727477,-0.32825748477726535,-0.4025522569914023,0.9575380535188803,-0.9423679012898551,0.6991701803014551,0.6222289626336982,2.0409882894338915,-0.1891215396989766,0.36158344669052916,-0.732339318203261,0.054790634188296224,1.0164652499025535,0.23458701216388259,-0.765098194780206,-0.2386989719082614,-1.327374700325516,-0.134993929831076,-0.34957004168616856,-0.31321769418486134,0.4608187541403124,0.4796848476167943,-0.8660492587176134,0.9488095347813722,0.8266670597335148,1.3396365425614465,0.735029324312825,0.6352727629782237,-0.16663578470383114,-0.3657267545991016,-0.3872509536223675,-0.47057351213363624,0.9031744157719498,-0.88227562832929,1.2672229754028632,1.2609154836339656,-0.9690616294301393,1.3187022800866006,-0.6025275139289217,-0.24186718153329684,-0.6987684157175296,0.6872620897863077,-0.7398723069988159,1.6135398674401078,1.4404421241950265,1.4747322526214124,1.5967916135157851,-0.8167102826098167,-1.5756788229477896,-0.5048428074036605,0.9273320888308254,-0.4429672712615511,-0.740781813290531,0.6984400196705762,-0.5366193940924394,-0.15363922235478186,0.0019499423365950813,0.6434260613787964,1.7109101230177244,0.5095198849687009,0.6483976611304708,0.14651489935194822,-1.20644102759958,2.002323462241128,-0.01561980826491879,-1.0845785102224585,-0.13340652821777949,1.2027254128150497,-0.47900201960333183,0.43218583126283067,0.2353485489042872,0.9379288406476378,-0.3445410519798253,1.6124223308795276,0.6107137965338421,-1.4153224748268882,0.37086798855237535,-0.3539044108354123,0.17576827994915634,-0.5005222604636742,1.943039700781685,-1.3076995712522235,-1.5532626495178143,-0.7224269275382257,1.4710218350492816,-0.897617112491276,-0.05257653923065839,0.5360470584098704,0.094490862741443,-0.23176947804098352,-1.2916792766272367,0.7914236367774846,-0.9716928017710604,0.688133999804721,-0.0791073213289087,-0.8084690159865513,-0.6538526149677266,-1.3624580512239914,1.605919155025613,0.5095388010778882,-0.991428736442739,-0.4373010352161323,2.089106100638025,2.2316204756334495,-0.3749533314509621,2.3771487645408134,1.69690405447731,-1.3438725008693275,-0.16579981705344077,0.3542640507139509,1.6579726244220498,0.18791417483172287,0.040324091428412576,1.2268603348747917,1.1637919532863747,-2.884734089482648,-0.23129380902804617,0.44894543418920985,-0.3046414012487864,0.49359710041440624,1.138386136480369,0.10124304626036354,0.7983815899725548,0.02008986235583817,-0.04000086994901875,0.9812172754000037,1.1869527206617883,0.49712957252767553,0.08259633573225675,-0.1436481559687754,0.2592746793319069,1.571555203306109,0.20699021780039084,0.17001815027464207,1.5750126261863935,-0.6211252724215963,0.12094683758727315,0.34626785124184467,-0.25816130258500064,0.17418951639981972,-1.3310353733053537,-0.8572247866988287,-1.5279286082437387,1.241036492796217,1.6751689219422943,0.186195862627526,0.3386791998306678,-0.33422592813832763,-1.4486167119719544,-0.7667059323375117,0.2362061649153971,-1.0953271044782913,-0.12533211388592144,-0.4909538478740682,0.6250820563596222,-1.116953630446079,1.7924951676028325,-0.5278873439903106,-0.22128237056830213,-0.2064618106238521,0.2563124778935524,-1.9691010895171948,1.8411095944789524,0.8221722789089227,-0.9733876690665648,-0.6342240889428346,0.3903959867222104,-0.801513433766554,-0.9956188040120569,0.3028016282795499,0.8548863895331891,-0.4686867530415516,1.1825112827834148,-0.5653843757275787,0.22061298507013627,-1.288856602864205,-0.6942439678897074,0.7968067443506137,-1.3197598454853874,-0.7399751887686098,0.7108335896936973,0.38734349378902744,0.8443363724124875,-0.724009739475979,0.3156288382848581,0.9206224828254759,0.04359954101337357,2.199878280898784,-0.26341518130993213,0.32970813008307365,-1.1167742763087842,0.9895096047921307,0.0828485329525396,-0.8225508506764442,1.1489180931309695,-0.7395702520399037,2.1246286587100425,0.09731040400155762,-0.6435098360740695,0.16200650760920698,0.3007630002731669,0.3295989234581015,-0.7591205780774989,-2.0345249674101757,-0.17453130852306004,0.3139300926371854,0.5186689306282809,-1.3824249268739295,1.3202814747590657,-0.7807317515994356,-0.11739588172955868,-0.984231800556294,0.5080202991229121,-0.10099252006838043,-1.7057705572631263,0.7573397909782849,-0.5350272974960069,1.8702319039099082,-0.313107208969298,0.4331426452546405,1.593197161496689,0.05549498976505929,-0.7340163286170622,1.6451280992605173,2.9582364703295565,-0.06108688463037675,-0.09949218834077708,0.9751026329178404,-0.8808202731672452,-0.12260270659003658,1.9959755015029739,0.8395815385440032,-0.2805820689682469,-1.9898519235561132,0.1405222624178375,0.7371395697187633,-0.7480462143903515,-1.7113062536759616,0.9347933763627604,0.38145685245934896,1.1327600927520565,0.17536442448227746,-1.6225845344761565,-1.4994125588461888,0.4462823690538965,0.6988667949571854,-0.3799415248945036,0.5708210393321052,0.09032919895453603,-1.0812255886038762,0.5482857539476053,-0.774843896041115,-0.6352319965278872,0.6078447898884474,1.1363882984850737,-0.6829622109035456,1.4627235451905518,1.011819970398499,0.3104330107905857,0.36305068361206444,1.352483686939822,-0.14284086075808167,-1.643133889113729,0.5611345717352901,-1.2769240553939594,0.07187248385111593,-0.07662161844532556,1.2669644566827678,-0.23358326771441565,-0.5325346297330827,0.07487072587600141,1.8674104572930732,0.2941597017691006,0.6366595730842142,1.748479659917114,-0.6107550126554033,-0.15754094359603088,-0.7423415838003009,2.0069069441552343,-2.243008895139071,0.3046942842807522,-0.5838377824684332,0.5317082030102991,0.3678517678714554,0.012707032067096405,1.4695167349933702,-1.20026360304929,-0.10515673139876394,0.973879682914962,-0.24646329312496426,-0.21010843774685473,-1.091354595831056,0.7320266174246298,0.8720635792036433,2.3400732605242425,-2.222700379794979,0.17441671672748832,0.8535806745066498,0.030120075382577428,-2.1044386434053592,0.15941094069236456,1.1847160263370415,0.3797360110752799,-0.7382707871365021,-0.1299337337399453,0.142113326515659,-0.305521606726534,1.1793106605033163,0.023001063179957395,-1.2090727759256505,-1.0358574987828337,-0.4772656180957618,-1.5110240760236922,0.9318313515367528,-1.2114129756660779,0.7159397082603627,1.2526011884023605,-0.3237725908978057,-1.7674801468616832,-0.7221868148012803,0.8152479163522985,-0.014207412433053727,1.483098705313143,-0.12919339345202058,0.33689131153983504,1.2679589570685024,-0.22547671665312205,0.6793644657764122,-1.1202981310587166,-0.8537795428217221,-0.3992797472440621,-0.1405520205545746,0.4958041189608999,0.3419062778723745,-0.7707417484685457,0.6566929299996839,2.261249145027312,-1.3090766506447449,0.4661284860080923,0.4526636048680492,0.02680375614832347,0.16363632653183688,0.4015674430204569,0.04381191622521152,-2.352843279227069,1.7287276070393696,-1.8716013776991922,3.442853000669912,0.22372196264446018,1.6017327969817927,0.13043383445491047,-1.578673469212757,-0.7356771469877846,-0.5576897870708065,-0.7829197498886464,2.6282291017253576,-1.1159420149941812,0.6876888899292204,-1.4164654952297198,-0.5088509026604153,-0.022800293818141998,-2.651774264030028,-0.0950607018320976,-0.716688922211126,-0.9741429593105595,0.9108128004471756,-0.8273079992235748,2.1069166881857884,0.3926196323265857,-0.03491710233598036,-3.1532054839439763,1.6899595925809896,0.7443727893723812,2.1040556774049093,-0.5692150987004907,-0.08844773755530363,-2.459624809891573,-1.0574868657108236,-0.4259704531279841,-0.028597516657923164,0.11579313120039256,-0.43203506450831114,0.49721583036944594,-1.746144958103139,1.2367828318104914,1.101518788331759,-1.3152715318779,-0.22318290752391926,-1.7876240817302775,1.5531326189899333,-0.30362979928223444,-1.0636744793516912,-0.13016814589261186,-0.43666455046202013,0.3646188662391933,0.8303185207126462,-1.5469619909719774,0.23365422741985636,0.11426870564723472,-0.9359927281403193,1.1788819232477528,-0.3142442563603843,0.2671619950160363,-0.8246209440102144,2.2882578203603323,-0.13770332560295567,-0.1776733504353112,-1.7246915696000211,-0.17135991363256825,0.19625751397584013,1.3250380598742375,0.913842467068448,-0.16376834027338832,-0.620452957661914,-1.3837442476945432,-2.381468513215943,-0.270114720467173,1.1378334669291872,-0.9745383219602588,0.27378967340462224,-1.9858969255596144,-0.968033347015186,-0.3096336335702766,-2.152036723880896,0.2790004120319695,0.5452861043794046,0.5918347807754935,1.0855193349066616,-0.6469982523360758,-1.5442149029582166,0.5446181488307534,1.1742260667421296,-1.6357650319188295,1.027325570398945,-2.5745701553852096,-0.3205501555079521,0.7756065969857674,-0.9478915172059741,0.3370757132628076,-2.2158130237511995,1.395506852895417,-1.2087527560313485,-0.3581674443276226,1.018044324727773,0.8900577100733241,0.4325965605930464,0.22724745717560044,-0.5803358486100831,-0.7260050514531365,-0.7924150451911584,-0.3108474078423122,-2.063645155753353,-1.2542991104994843,0.2941791422460128,0.8136490557657493,0.7319180869692924,-0.27195100148798884,1.002361239363323,-0.4948598601554605,0.25971152782767987,-0.7127014332119128,-0.09521737708302763,-0.8351388133272756,-0.1460899147211327,-0.7016549959385655,-1.310350254497583,-0.47153750381606874,-0.07913760202098255,0.4322407412791175,0.4335578354032049,0.7572801275837648,0.615803303651988,-1.0213639478975263,-2.068275794838205,0.4963334909812555,0.36480801991336986,-2.663352873128248,2.0307907470498003,-0.8335546114789588,2.1037197271139143,-0.674737905543741,1.227137040021761,0.12565574650680605,-1.8224225753986592,-2.8609136313572745,-0.11094659815757833,-0.9608199738090076,0.21360745479572768,0.5189549978800043,0.9476397425439725,-0.20337186880814415,-1.3283660590676096,1.2459513567758584,0.025580366611463914,-1.3295307818156405,-1.289809877759339,-0.7323479328339211,2.004014043672886,-0.67419885461505,0.30627944745144764,-0.19636594185400857,-0.8791625229421224,1.5391910996995715,-2.140623370507125,2.4054156752436056,0.29247504848808964,1.3279630153624689,-1.5606728979156022,0.28074031320897763,0.11880413020459744,1.8474571031858293,-0.04572424873778419,-0.0824990174887639,-0.8294920032296874,-0.6044782794404565,-0.15851933584286343,-0.23648855316363232,0.19199665254601225,0.18380154822679573,0.5013972215263476,0.9688763823937239,-0.9401252720524302,-0.3924002325216391,0.015337111983823544,-2.172456368855869,-1.3484857393489742,0.35396108280975497,-1.2344772271909816,2.532034404977276,-0.7117620551877218,1.330172816140239,0.27815898251015037,1.6895965508166364,-0.3016472310391993,1.1360004039664453,0.060956465225279255,0.5667612326900242,-0.5971598877295976,0.954784329883463,1.0180901725700482,-1.0249580681606443,-0.16461422568757467,0.7802575191890797,-0.6653021776653628,-0.17399067350530376,0.6785302388167295,0.0024622367787048016,-0.8319392222721297,1.3874575286607191,2.0809278480059303,-1.8108366716259638,-0.706364932521767,2.709585693055926,0.12593324689618485,-0.4977800599200545,-0.14912241631056716,0.7580693282585338,-0.004718187661062537,1.0898252854422463,-0.6325050048905538,0.15550607542326345,0.3534802655940219,0.7322126862151609,-0.03100270929235481,-0.5409893536207652,-2.023000137445016,1.3479942776333265,0.6494062548855782,0.5267106001940972,-1.4043735908794555,0.03869042968024243,-0.27361211762351917,-2.200439784456352,1.5015361977302322,0.1065711399363567,0.5473581425751094,-0.11259777249607386,0.35576540640499577,0.965315668445672,-0.09668422062497378,1.0077007395512056,-0.9747076636428158,-0.46359586583257406,1.6414855445299559,0.9209127145286518,-0.6527353816476535,0.5140412377963907,0.2887018387404523,-2.690115433453991,-0.19780061421405876,1.1524297839079092,-1.8744805702674607,0.44865906262220484,-0.7378638667259079,0.5997601254778478,-0.687016135344384,0.9906866711136403,0.6842408249466492,-0.28360214734901656,-1.6131267515683352,0.3333392368442222,0.22672621720464708,-0.4247328426871233,-1.9200528890451598,-1.5823292784341092,0.9759868174389881,0.4129311716044765,0.5638796256500676,-0.8010064750007946,-0.17288482447084758,-0.1543455655883424,-1.0100832300807072,1.0078814713931692,-0.19288680768422245,1.3036314229547856,1.4072971293485586,-0.18475012481705919,1.8823816899585255,0.13627035538865223,-1.4301202589661148,1.2479242251012228,2.319714477306379,-0.04193096866448573,0.037200309953824985,0.8972947395335696,-0.9642132446460556,0.03103936376868853,-0.8382720238657966,-1.2618298056873753,-0.04966472327101532,-0.3451638411214403,2.738165572145106,0.8026613616095454,-2.6659455012951794,1.8817600232398999,-0.09792491458746887,2.1931558775397617,-2.6013046398906536,0.6690577332068369,0.37325921135312745,-2.0707727603200605,0.924866786290037,-0.8100819397665465,0.5591594864066756,1.4097830046618378,-1.2343385775384932,1.8830888569162012,-0.16215600451752826,0.7021546141015858,1.1645626353814107,-0.44097113296453405,0.26178079899370155,-0.4559100015824941,-2.3220603806645377,0.26336157946716665,2.132206196439534,-0.11552661072026192,1.7252013768399652,1.2762690409640547,-1.1671773211894796,-0.610540998899836,-0.24481311352532323,-1.2958381579194345,2.5083789117104667,2.556808160798534,-0.5059289144336703,-0.28863737410776524,1.6926179344793688,-0.08725735549396148,2.0258743931834733,0.5444266823042491,2.6972475396008044,0.546852952351731,0.7480580704000704,1.1045790709355296,-1.5649307005722635,1.1490715823236721,1.1550629633612732,-1.791162262372783,0.005296342253590144,0.47953186703803186,-1.3206419835920704,-2.7010785662632326,1.4665263453675086,1.6397555050195605,-1.7896185245757663,1.8332017022168614,-1.8513742573826664,-2.2827539407375763,-0.2863574160622234,0.9464159454989294,-0.14141215205165342,1.6589398066711925,0.966280434745219,0.34087911011563965,0.2572246996567155,0.2490250990694164,-0.03710180565468367,0.8891882063298062,1.1644201063105273,-0.3880142061135528,-1.7708676370042489,-1.6329211136005093,2.393125402904733,-1.2589842971224094,-0.801788934588914,-2.5169252356479386,1.2665078045063896,-0.3516552549528742,-0.5314607728422812,-0.04660772392637712,0.30878676935662375,2.1194371794229663,-0.9262417949719133,0.29106260340069734,-0.3644036061797273,-1.2064762015311512,-0.8916995530098321,-0.5465851694452614,0.4556626565851836,1.3662082019652126,3.6778678094473065,1.4644696821496404,-1.9307822599107618,1.5040520790020446,-0.7581380144994645,0.4119873198005737,-1.865864231564132,0.9230511531816226,-0.03224065971260001,1.617895114287529,-0.6498050937178512,0.07683899484738752,-0.7706784004085963,-0.43073488547768785,0.17806594421221278,2.02219713048096,-0.6408927784603637,0.608439043748883,-0.35807052446795223,-1.7100205795076489,-0.5564242002613238,-0.30199657141724856,-0.6850554034178648,-0.033487129069497024,1.936155846488631,0.9271326063452121,0.5886602990195069,0.737332001588765,1.6665993947448954,-1.4681528884881843,0.9637204599164971,0.2575722359436603,-0.3492074051273021,-0.5963527388587326,-0.43539683577515725,-0.8149628501278425,-0.22685899015863742,1.2352899093079726,-1.0585178848195864,0.12723329399760588,1.5285299383227116,-0.7460516978214473,-0.22767932537072516,-1.5413244886618513,0.3540625746416851,-1.2759946947715313,-0.6018938922046967,0.36374170230149305,0.5346457913336045,-0.04995353215807796,-1.0859320816739857,0.07464361259934327,-0.8638102420846768,-1.4184220310078617,-0.100109659170598,-0.25580555551488054,-1.3261436596383924,-3.066314362678195,0.75031411286498,-1.0150988308563813,-0.28527073541789705,-1.8659054374182813,-0.12043064586713785,-0.8984124043132401,-0.10071333715893943,-1.8112120883461538,1.7116440678558766,0.929898775069615,-2.225151187073798,0.6047911557536683,-0.17456451940757656,0.45993054961351626,0.8488181414350562,-2.1698928538846523,0.5358816367655592,1.8742576753576792,-0.014602936449134463,0.8617854845154375,-2.9784766141533,1.513334069294144,2.018115503655506,0.11741190583411266,-0.39113751132731284,0.5940502156697779,0.6777289112571839,-0.5347007043670868,-0.8586223215876376,-0.07863959131986767,-1.4240971605332702,-1.9391321017891685,-0.8102104843565118,0.058315272058099304,-1.2482366698654044,0.5800900946330342,0.728118694134332,0.39706529438204935,-1.6495470482172945,0.6229873377254901,-0.700872954683692,-0.8783587823084336,-0.719194979667718,-0.4931216498645372,0.7854188047616196,0.9652487750527005,0.3923213995457713,-0.33261193128442623,0.4961063486328889,-1.7540707534079982,0.2825244838427452,1.1964425165625725,1.382541259134353,-1.8153519093011532,-0.645522419972947,0.6181380348955934,1.075259293682693,2.7111131534403663,-0.5026784990381621,1.0895001239776152,2.1454531766390015,-0.0672491420411767,-0.305918556066601,0.6856789312821816,1.9062687863090875,-1.5772393441765957,2.318629653935883,-0.22566811383042762,-1.4504253039877046,-0.8216894088907148,-2.0606508196635134,1.4426513893445143,1.49146333083036,-1.258278118535247,0.5714828075442038,1.1903661730765718,-0.9949932932425329,-2.2615103761408135,-1.1396995757427353,0.5531606287443496,0.7070827112571433,1.3809937070310947,0.5331919542798849,-1.1976390846110754,1.1950639505437952,0.7278000820345096,1.5075711767995246,0.4524598907886356,0.22554096414625247,-0.7127815331264294,-0.17039977706096518,-0.3345474330287499,-0.9479530629127184,1.7149868961178771,-0.7889386468626303,0.49740652053752543,0.4112311792473007,0.37679148408645907,1.5488338476650283,-1.2282935277470717,1.9918739729703108,1.1335948769587303,-1.5540136316096582,-0.13714028413284882,0.3176750858053363,1.032639982398275,1.4758263995512126,-0.06687117217549127,0.38637838596577034,-0.9733942754811884,-1.0283630998251354,-0.1815152263179468,-0.3492280153410252,1.1372607656712908,0.700717201182404,0.1727538710631683,0.36367099839192363,-1.6789097889233602,-0.5566707101063197,-0.38816524073745984,-0.07908028050704632,0.3461584703114884,-0.28811533870999106,0.010474427926683086,-1.7764979774995318,0.6198106167192727,0.26143394733751046,0.26475838601981316,-0.616165792624448,0.03928864494085413,2.65340293526462,0.724102584747597,0.8324268129546597,0.14324869487995467,0.30481099373685744,-0.7524948728765879,0.1992715216701022,0.5365049026062202,-1.297636561509496,-2.5756114233104355,-0.4799043754193555,0.3137163340219938,-0.12367136441955107,-0.7988744909538273,1.7713877776733769,0.1410529014649927,-0.8799578701377676,0.1958620292719033,-0.516478659150514,0.3308792991855899,-1.333503256515585,-0.21326563363061646,1.048385392323733,-0.0942417066997081,2.2509514796946437,1.1010279222923405,-0.3236524926454556,0.36402064895702685,0.7884112887015956,-1.9108141223773831,0.9101505399907002,-2.1315778907742144,-1.927789807760952,-0.9322782891432126,-2.106981006547922,0.4976765500639469,0.9266092036313845,1.441079964846375,-1.2516876484795014,0.9943000983859749,0.8676079850420917,-1.341674582820074,-3.0807533354875622,0.4719971915465503,-0.5712487598639993,0.016756700315114365,-0.618259015917547,1.0900381853951766,0.09526721025827398,2.2309178909630627,-1.0649004665432675,-3.1887343939519606,0.2856226416545806,1.0397048770148067,0.4076540836448758,-0.18466974207399844,0.7213863572689789,-0.5872302109758719,-0.052700335136922793,0.26016390261892,-0.04275559977905849,-1.1180960353309466,-1.0991097008571347,-0.5561375281032874,-1.2256685937295735,-0.27914933147646903,-0.03295650139264916,-0.9993447369890662,1.2180551705007077,0.4057604436952756,0.7051418861355891,1.0053804822875703,0.14855564481058503,0.3439190562333595,0.4873387368420007,1.095688316157414,0.4819258274135847,0.3804943563961346,-0.3500448625021382,-0.9461213120016079,0.1514198359305683,0.14704076044906605,-0.7863142669826324,2.712670019563562,-0.2106550380966788,-0.16904356718618735,-0.5017410989331741,-0.22212663765344703,-0.36337113984061764,1.0629078149305378,-1.0805946771609194,-1.03026813492246,-2.8811241639095213,0.08956098255178023,1.0775340352422706,0.1617855018569266,-1.1264990503052255,-1.1187536588758935,0.913646586339533,2.355746463486582,0.5988568575804123,-0.3058542164647647,2.0490197652600246,0.910821001864546,0.1324164641673299,-0.027204413126318668,0.3124365501727013,0.9402927817248643,-1.9082869473794843,-0.9823575671583945,-0.38260052289390145,-1.0234407395705503,-1.5713215358251476,-2.9488844515940515,0.07533351906679545,0.5810147651204797,0.8397946713773299,-0.5070686839909171,-0.15225172810714666,1.0399894024822862,0.4775262438800961,-1.5242757039419577,-1.4588235524352975,0.7853165484047643,1.5058093188228159,-0.7517420809008374,1.4554529772604552,-0.25707670862901577,-0.02955390256492746,-1.012036727435856,-0.4030128656424946,0.2990899371934762,-3.0019181892880975,0.6442974428630761,-0.11188972912328342,-0.07027658569454603,1.798129276594934,-1.6319543679593607,-0.6830456072058482,-1.0657375732175443,0.7446822969434356,-0.2345088116901346,-1.0190165591013505,0.6769800956038569,-1.5328049713287832,-0.17777780529535364,1.0054420375528712,0.2675315141025759,1.18620126334618,0.768672019190907,-1.22558422377815,0.34562585995299466,-0.26088698017140705,-2.0260223897768164,-0.23929828531025626,-2.3678114438392512,-0.740307171088796,-1.3968633734863058,0.6790054467220777,-1.8289007749699988,1.8750451201684961,-0.22693881837502428,-0.4418729458175774,-0.1595726499983381,-0.9430441664240145,-1.2710969951958653,0.959146884369773,-0.9867425374283145,0.8633671760042837,-1.2871786900834346,-3.0339927737777965,0.6502805594507088,-0.022806347570230527,1.0256782936423172,-0.8226603112422674,-0.6260102061529385,1.1890593712102837,0.5882968624786628;-0.11783841332776016,2.289066514479166,0.8603815413905336,-0.06454092151398726,0.5613834727914198,-1.2802343856956568,-1.1126043367293044,-0.5051333375441751,-3.897466235374273,-1.5314987749534377,1.841095579365029,-0.7179215449354346,1.4278948321197684,1.7649259184791752,-1.4595671860972756,0.47567661294988645;0.44083986879148346,1.4189296150596433,0.38210817789932416,-0.5155552098626998,-1.6537795292236561,0.5109631402711325,0.11794255599692285,1.2179763920460827,-1.8645327139624799,0.8605746119703874,-0.49170376735796745,-2.2483766853201965,-0.7706819151789224,0.882171954170437,-0.29444940877832937,0.8215560412982338,-0.34388396267912846,0.8337241337309275,-1.1435711918261726,0.48793861886153783,-0.5619743932820933,1.1284744895871395,-1.5380377995232453,-0.4328429111847275,2.5184242371235874,-0.2272312611428945,1.781602288770236,-0.6494512904982301,-1.8546417326172677,1.813261872163331,-1.033269633557372,-1.7369874421576883,-0.03542868145070652,0.6677324459459143,1.7806333035135962,0.8476173844537964,0.866313032466091,1.5944703231501502,-1.736925559274229,0.45390247266987854,1.0965971371837455,0.3059052665800294,-0.3764846503939393,0.8787695346492471,-0.17463978050576476,2.44432788537227,1.088519324960858,0.6796644793707937,-0.7403433596601923,-0.6168600335206952,-1.0377756745331415,0.24419773349657747,0.4360400866252184,-0.8908391619939354,-0.27446990458334747,1.2592478126127933,-0.40454372989458837,0.3584097036568103,0.9822173273911801,-1.2096915634313652,0.16163723044125908,1.3481954832617302,0.8180804263314754,-0.8188512854378479,1.9670735593195658,1.3265501884839288,0.5339890946105931,-2.1341938288097264,0.14413265248636825,-0.6339783170395176,0.10944064078448412,1.8395990011086216,-0.3872422218080965,0.6815096015738787,-1.848604702910629,-0.061915759577075596,0.24920720026684764,0.38235473156289945,-0.4115528654956484,0.1504844936577012,1.9672456690716844,-1.0020775842879723,-1.5113193247566177,-1.1112376998894877,-1.0657748784236862,0.5004802565081486,-0.4044777257074637,-0.36464795241046427,-0.2388750204499624,0.4984704089256314,-0.15762960079948768,1.4330659301413715,0.17865932093051148,-0.3258929103605251,-0.28655030961242706,-0.212991244983475,-0.40412022903621714,1.4473885997099425,-0.5919488298550698,-1.3854984821549565,1.0382433300765244,0.17523238532972357,-1.0593058100040236,-2.624690565673509,0.5303584624761947,-0.2726749235482788,-2.4468659642706743,0.23579668823473343,0.3868080430804526,0.8630138143427368,2.0271189929020976,-1.7867729513255777,-0.5182274967331147,-0.6206570827292666,-1.2817311739913193,-0.2644767826480893,-1.7480647287114222,2.1047231879968287,0.37121929258576863,-1.501119007329928,-0.18852977498038065,-1.041020909284979,2.269223891789615,-0.8841621498916797,-1.3896412319969111,-0.7996020155529804,0.07927873940210303,0.060801272248737964,0.052445791218612245,-1.5073599016709622,0.49004158288418515,-1.0098259007123993,-1.0083742710270451,-0.6187362650319332,-0.7127095921576527,-0.76826141065681,0.25157765468077903,1.9882960146584432,0.9884273988397957,-0.1865488470879788,-0.03363012059647834,1.3093059783810133,2.847361495756854,1.6691751976057196,1.0851614401353937,-0.631225517564868,0.45270458775416894,0.2195780943761179,0.06222631290881325,-0.3038636976444656,1.192204593845102,0.14391590508955499,-0.4640828981896852,-0.08613782851448804,-0.4529381244246638,1.2877747315926573,0.7600315692712954,-0.9347015286955125,-1.4609940291446222,-0.78652692717738;0.33544044060092515,1.3184938177096739,0.16783737238814572,0.22472151211350916,-0.16027562596978573,0.8408559640782058,-1.7938581217626077,1.393508329258321,0.8481178570040631,1.7101929592630154"
19,0.9714026430756211,"-1.9642666912968867,0.4799448287226651,-0.6324406346267666,1.0635562527594562,0.9584368511504231,-0.20358926076681194,-0.25588557241580384,3.184710280168506,0.06107156989638543,0.09146554853389355,-1.1530494062332481,0.7041995893026959,-0.940844020447358,-0.42992351565131315,-0.5499517282197288,-0.4873036811450324,-1.357204103469545,1.2032590618815113,-1.7770815616795186,-1.3467403277393803,-0.15272920473606455,0.13950606725281642,-0.531966690576278,-0.9621120038521257,-2.1768584536985296,-0.45828012279536406,-0.19507647435896897,1.0042039703622958,-1.3448439022229095,1.6160600342776161,-1.3854886067821053,-0.705740883163773,-2.3314369145631364,-0.5271687490958437,1.463046326903535,-0.11107829960958288,-0.7586507494051669,-0.21060107946818465,1.7355655821302813,-0.025181713808347703,-0.07071388343021617,0.35238710273804885,-0.9178781814523695,1.969253951733542,1.8127537240274791,-0.40341029185734645,0.2870178892830775,-0.40325977611789926,0.33547019689313373,-0.13702162785481356,-1.6778948280229926,1.3829172965053953,0.049603181359787196,-0.49656906411841606,1.2005379859367,-1.1859143353720742,0.9308680867709466,1.7805076187727469,-1.1324191125809053,0.3154433840568668,-0.470026072039319,-0.3961410166758602,0.29568965679045317,1.4341729415593505,0.8776214111542338,-1.565595379157608,-0.23525689853699353,-0.38335722376520226,1.2495782909336604,-0.6106022338628411,0.6384515993281985,1.0921841652527264,2.0199932751581122,-0.19623179349236686,0.21366366317006608,-0.8180185795809263,0.194980777062885,1.041583261560892,0.42735534178397244,-0.573670290247883,-0.5126962307974032,-1.1748139308576402,0.062245992540368306,-0.8764620795826747,-0.556871223673638,0.1240214208559791,0.3609421571794069,-0.639790427657017,0.7004257974316463,0.5148330451164503,1.5953801334234483,0.3965256454725149,0.9259725801960871,-0.27347774006667186,-0.35799992146829207,-0.4846920907383489,-0.3679772688592379,0.5515408975807075,-0.7259573810066083,1.5139607802768567,0.9330657298508032,-0.42752847201080146,1.4907387688488034,-0.4162361345161174,0.009637228505219607,-0.3069693148251529,0.3972740891005576,-0.8141133675184867,1.7328569625457813,0.8792898816735534,1.6269155744528627,1.2334640244187889,-0.5699450114586184,-1.2220760811303801,-0.4854902952327106,0.7754691638670536,-0.416222776036532,-0.40514436439635676,0.5659858257263252,-0.4478400487091141,-0.1706366932843184,0.36956433978323155,0.39042814518178337,1.6339274718619978,0.739014553465805,1.1339237839057297,-0.03720717944239177,-1.5029902060967244,2.280873177338981,0.18144898685650943,-1.7507100470972938,-0.277566195795926,1.1020670982372942,-0.16162111174070917,0.43957896809396957,0.37687532968536597,0.8532338318486693,-0.22886830151153903,1.7853572713301298,0.35656251730794786,-1.0440166587271418,-0.0931565434448228,0.04781345440083522,0.14660391159769717,-0.6649524113843504,1.9927655345918165,-1.3868969811053289,-1.7231434559652792,-0.4443945032237967,1.6419533455216055,-1.145470139139227,0.2865876323940477,0.7845481664252996,0.04737043494806287,-0.22539298480913209,-1.0892037580208753,1.0149958756431319,-0.49048894342165195,0.635688465342105,-0.025230536668785504,-0.7115187286508537,-0.517275470188,-1.422290730082505,1.5615824766831885,0.5885255465784192,-1.016255585165875,-0.5519204818985153,2.0170742389293417,2.2159597696370037,-0.37174689448349574,2.3826883375540047,1.7056378690346223,-1.5081198473196025,0.39761342341993056,0.9474015346698821,1.1642640962292352,0.07694541024529905,-0.2104037792863644,1.1694539653610945,0.925752421110261,-3.0096325422009707,-0.26689433734810636,0.4007722325330372,-0.3213616791846391,0.3906843051455311,1.17742975511276,0.33077995193462995,0.9022680828528711,0.7255464126673343,-0.09924644692398141,1.2154147285537746,0.9880520262864132,0.3739697129574831,0.10257333725705467,-0.05386753946193894,0.1409088848042488,1.8207182435669262,0.11786994954189753,-0.2928908173913277,2.084025810174254,-0.9382973893041101,-0.3379059832513549,0.1567551320541219,-0.21113872454609672,0.9494064212415577,-1.389894944599268,-1.0829442520203183,-1.2812644103101105,1.0259600874701345,1.4603943120650693,0.21179460161993,0.3616819719815979,-0.27952276840194357,-1.706425950497372,-0.9900765509375623,0.21545893593624485,-1.11476921382677,-0.05921957987368025,-0.1458796235299481,0.806702655258246,-1.3787460796448163,1.7492844852952423,-0.42848383534309825,0.2638815515278041,-0.08949694773950165,0.5915877691742808,-2.1154747807918706,1.5939982671661939,1.0816603674374425,-1.110566938358277,-0.9087707467314545,0.2717003316459656,-1.0720112273403348,-1.1798358987727646,0.09280397468052407,0.8141001364174912,-0.17542221947432315,1.3579660336626387,-0.5119849667898593,0.2922135103280643,-1.297063524788479,-0.9552523220746787,1.2199892332849684,-1.234842488715987,-0.8318623043171951,0.6047783972253352,0.2667084059377493,1.0172879091297542,-0.5464722161637385,0.1678869824215577,1.054243506325104,-0.02116925579139267,2.6259308092885196,-0.20381721167874206,0.2268956674592678,-1.3744138259581833,1.1249563621232124,0.06680007442570468,-1.0833814488986127,1.0308495041486234,-0.31174199151850557,2.0517392159083743,0.27429390836520806,-0.7823732918259988,-0.029157809174788062,0.341949457893147,0.34763863269410755,-0.7165172606523281,-2.074972324600398,-0.23551179361782398,0.20135460941648098,0.39727280114567715,-1.0079656691369343,1.3113355530992483,-0.9972218542077164,-0.39751072658696884,-1.4483457338372396,0.775016713998793,-0.06046850052900021,-1.639310962021441,1.1806847637349416,-0.1889272838919916,1.7217111949584223,-0.425710838855201,0.8663642606222095,0.9098966048885715,-0.0053563740968934695,-0.701553339252797,1.9996445164228118,3.0333848043677203,-0.16716722834488248,-0.0772007503706085,0.9129578233096725,-1.05684253786439,-0.2774898692548172,1.9022385204769539,0.7328177038220672,-0.06851303278208712,-1.6666684873463753,0.06770784990898407,0.8467091424717368,-0.6495273265973082,-2.020553433477625,0.4452244203056753,0.0493556996286284,0.980012124348325,-0.01151803309725033,-1.242753723728404,-1.4692267109184514,0.6699457877269035,0.859106893783229,-0.6150754218071642,0.566841757052329,-0.09233039949750627,-1.1841728299320273,0.6176888787801822,-0.4287160761773239,-0.4991057570955017,0.34932024819998747,1.5483635495653827,-0.8179534174794307,1.3115977435968347,1.008103167267046,0.16174467851760346,0.756807856987363,1.0367980489989532,-0.10693118819939604,-1.6538948782310474,0.3951450418752535,-1.4966191440693424,0.30321543311703825,0.05772426062040866,1.1596857060865833,-0.09983342529447958,-0.9963226715034745,-0.15276912073083054,2.3385289963549747,0.218589485326091,0.35499431058772846,1.7573368277236525,-0.25018971781776567,-0.32444238437539563,-0.3919149156979532,1.9034861105786982,-2.382548867892605,0.5848525730710058,-0.3648094442288316,0.3023326936326019,-0.27190370031903094,-0.3180847565126771,0.9249222566853379,-1.599831777797209,-0.15684338441130657,1.0213367518967313,-0.6339061089714803,0.06074000758632113,-1.0125520056037944,0.7952139356734649,1.0578759335435453,2.1723309879099046,-1.7265268140141479,0.1472288192032721,0.9979405702399463,-0.10436906978611847,-2.2736702523687384,0.31804991165188473,0.9453436265505093,0.2576448589764042,-0.49401287991731185,0.10815564348654699,0.002187781543266168,-0.20060735109586117,1.2427302755612863,0.1126250445441217,-0.887399277081194,-1.3502710121604544,-0.430815331216884,-1.7464325412432016,0.9941934086559575,-0.5347911174739769,0.5699179642395604,1.243032707268685,-0.21091521837133909,-1.8925858388230519,-0.8135457498567662,0.8324174479962253,0.024199443202860303,1.6452172448360831,0.06402011799390556,0.9269312291027964,1.1133736640136978,-0.31185758901353483,0.15004313576774309,-0.9190768849589395,-1.0758052928613406,-0.4509401333286574,-0.6134245832395765,0.6326498800332031,0.6149422656913329,-0.8074417312030101,0.7336465822892367,2.3773744629021185,-1.7370469281616614,0.3109693247028023,0.17380382815624185,0.30030987331218506,0.2674256002828591,0.15499049236629053,-0.20375811326909976,-2.170246759506623,1.9101675184233937,-1.938429621568924,3.363166968232772,0.3807092986656547,1.2914601220526127,-0.020778215558873298,-1.54312344136965,-1.0085607740349405,-0.6381722636835849,-0.4818243441737401,2.4695737818639856,-1.4868306763085015,0.5839181875549087,-1.7043080461507791,-0.7540118153529389,0.2792178829125549,-2.909827024131824,-0.03885281045142333,-0.7115429169304806,-0.6209193103235963,0.8096377153171592,-0.5284284259665983,2.0171912869804522,0.9646421329317398,-0.35611186490781876,-2.9158748392574347,1.3333318969434087,0.6855206851685673,2.357604955615351,-0.576480059578302,-0.6264685192439852,-2.4100459979581066,-0.9209867058248685,-0.33486735562664494,-0.07354638905329577,0.43030728396335843,-0.14392382479908494,0.6495667454206795,-1.2943537524640916,1.1363232854209764,1.0759244082988575,-1.0228709059220331,0.04026388183439117,-1.6942521009697413,1.184057368281945,-0.3948147061566763,-1.0628764166330629,-0.5779903075768021,-0.012913738391953686,0.11841531071348549,0.7913651890737794,-1.916671077682256,0.15512256115045653,0.04110136232770974,-0.8099465741867113,0.9133990845234602,-0.31882746929467215,0.42610395454175143,-0.7878133831298808,2.402238923497841,-0.25009613229005745,-0.1624111576687677,-1.4521229101714932,-0.5472261894996773,-0.14619967187882862,1.5645811538274959,0.880208497046694,0.17863480267702614,-0.5713570608138285,-1.0323138984692577,-2.036860791659321,0.00179583963040518,1.2706633288352236,-0.8861563545330213,-0.003472623856731069,-1.6858003542723663,-1.0072413211499889,-0.2995825433630045,-2.221473878068267,0.7826579395330739,0.031806645540788464,0.3559245005447827,1.081228672108361,-0.5365531799601955,-1.5921284103825248,0.7430768669213689,0.9368271994345619,-1.4801688923017262,1.2639038850586573,-2.373885812495578,-0.443072210093613,1.1268943617101348,-1.3327626205715735,0.25707119241097043,-2.1317002291141476,1.4821193330593154,-1.497368658496388,0.03776335519752949,0.9128560373443553,1.0914593787934508,0.19042154383135595,0.5470828321753646,-0.5639177575973137,-0.666058147502976,-0.7308636680550387,0.06281132510235048,-2.0397014770841464,-1.127363923034866,0.2537038884312657,0.650766024313249,0.5835239645769292,-0.11209112797212473,1.029876960095753,-0.5364278045317031,0.3498115639346285,-0.4937480338223862,0.07291670214166412,-1.1756296284688832,-0.010011172475988303,-0.8256196826910583,-1.280396140939498,-0.6094242330898717,-0.034177806009946285,0.5497679224785906,0.20038658981616642,0.4671273291454042,0.6378862955900626,-1.1042813141777272,-2.1877137702399785,0.26322864677164487,0.3528432427813145,-2.408888770908811,1.5588642018978258,-1.4086250247607446,2.1866063530932136,-0.5287629957912418,0.8588645896852921,0.6881465143720648,-1.4836423887863415,-2.728779853322884,0.30328307640176,-0.9326997449277631,0.10454849033709229,1.055836486060137,0.8246025296696795,-0.07723457883480783,-1.2892787452462933,1.513392784126918,-0.4325996447709308,-1.3826700233579883,-1.1765504229433852,-0.3577220791082192,1.8528259564008223,-0.7580141721627096,0.49324744312352,-0.09016376973279136,-0.7944144609295921,1.27483351872635,-2.459248899140105,2.455304630817383,0.4813335828007863,1.2626437479181103,-1.4133871102920808,0.18564699491041825,0.028767452541958387,1.937360968685141,-0.3510351992710009,0.1152942502337387,-0.9099636436595528,-0.7901813940171896,-0.39547915151320806,-0.22354308672078632,0.31758035428450326,0.2998668093359971,-0.07336233052607824,0.91399164891625,-0.49803207312262154,-0.26768696875887765,-0.24237057534757472,-2.055887155522723,-1.4482671207559077,0.5639951007465073,-1.2034434792522193,2.6918345649848465,-0.6254724755206388,0.9676885179846153,0.38043695830587443,1.633249101744926,-0.2775335346067395,1.167267191972317,-0.08040171725484527,0.8171462500217684,-0.4406377884085257,0.9183720663549281,1.0466797748404282,-1.2972183680223943,0.04075223045588808,0.933652352344286,-0.7419646817727237,0.10222562801464705,0.2664130350679328,0.11824700044071836,-0.6094208739410537,1.5070216921598407,1.8107156667598066,-2.00935770130053,-0.8425092651506199,3.1058183453287063,-0.06337107648000162,-0.5275176525161606,-0.1373061163390606,0.8107187522789409,-0.1220435905812997,1.548463964896483,-0.8772479254598754,0.3978505761065728,0.30005047606634905,0.6640987679850422,0.1227218640137609,-0.7138059059012019,-2.0985181621103064,1.5189508825440938,0.2553951360894421,0.21366859938850313,-1.3078474171781627,-0.3827690558758641,-0.0328689693269666,-2.10383933146167,1.2398644030861785,0.005837609909887603,0.032888959884176616,-0.24040486950042075,0.4600271103808345,0.8043794221105693,-0.029642525488557583,0.49971519644610807,-1.1393274539315437,-0.4968366871225969,1.9015885799875645,0.8799903737875097,-1.0615317479181459,0.6026893726726584,0.33687123869389074,-2.6588336540882462,0.4766055999060712,0.961141462636064,-2.040831884944076,0.5628503045666777,-1.1364085549232774,0.4230051916960271,-0.47782605484995944,0.8789739694487979,0.571369003671786,-0.44395427409478433,-1.4069791194708605,0.20232127457162052,0.2892004820591334,-0.405025141026109,-1.410657632900484,-1.5202703961615593,1.1793070158119534,0.7187262164049527,0.453121791790538,-0.44690245012510205,0.0038355567961304154,-0.003889343854326363,-1.063227292581155,0.789229362825157,0.017721126517903377,1.2036748580396048,1.4708945234442514,-0.31529821441991385,1.582471308063005,0.17162378063086836,-1.6228413522730634,1.0914376127538727,2.676358389929312,0.0327025922333048,-0.20450843916635936,0.8439756875370665,-1.1522965269853787,0.02694096639876767,-0.6860911906794869,-1.167123959622196,-0.09099682011793439,-0.35258824737878,2.803228003012412,0.9387807174203062,-2.4906762761403303,1.8653766151700575,-0.2735234146977259,2.253689546993076,-2.601530322647298,0.4069385538622394,0.3002403751114143,-2.320832239547963,1.3234179589626442,-1.1422197364422362,0.4556795733430083,1.3146333220963542,-0.6694555486610798,1.809021855987694,-0.578238820861249,0.8059980850257891,1.1433805221074453,-0.649093811928646,0.36778538649934134,-0.8308165230168298,-1.8651727532831763,0.5749450355696307,1.9749518005174125,0.17858070444225344,1.9801848737363161,1.4105685577249198,-1.4083156417857772,-0.594447143538207,-0.21448679526475675,-1.358042688854267,2.188226280131534,2.4781230467532653,-0.5700929425011431,-0.4194159511238238,1.6984341482910261,-0.05472847732112006,2.1325773953630716,0.7119200016760617,2.590703685095519,0.3513704724185829,0.6626281392713079,0.766609444968315,-1.3098308861990366,0.5950249246751027,1.5578764797305156,-1.880398460658731,-0.306239572767899,0.30177160086105337,-1.1278766712951007,-2.5916121282962017,1.380378965267375,1.347200117683642,-1.3900535886968661,1.7012581989420896,-1.550411766098927,-1.8386464528116326,-0.5818752283107118,0.8812661222944688,0.3367325580841115,1.5178156417384958,1.4718306924338735,0.09596016744496697,0.19675912346009972,0.012528742625253664,0.008795631742116079,0.8384323202278977,1.4380831219471493,0.005990575130854603,-2.066321735321962,-1.3131555835745214,2.697736987632987,-1.599873723581811,-0.8578549860651198,-2.5536610505576314,1.0533778183027382,-0.5644623494042981,-0.5657569724228039,-0.3980747350236091,0.4947912136754057,2.01865568068111,-1.1964016200538645,0.16229952353403262,-0.5517984244876049,-1.606044030031389,-0.6497330736105172,-0.4429865346805774,0.5903008336088127,1.4487015555166076,3.417529148328862,1.2514287810573146,-1.3813063044101768,1.4650309500393965,-0.726234762732163,0.09185544559218825,-1.6708548109321961,0.7918291668797569,-0.12797972147179162,1.8606653671952929,-0.26812163690831986,0.4144385288524577,-0.6424663113419946,-0.44650765457840624,-0.09679079303887216,1.8416534059941276,-0.7635635195576889,0.827405178411337,-0.2931784209769761,-1.8227491216023002,-0.9683864448571444,-0.3563669362194565,-0.8168021095594098,-0.4166363454072391,1.392390647807555,0.8726458852709685,0.21916322019892837,1.2350456342234644,1.7088934484474587,-1.55524319480495,0.7976836563080945,0.20908010123384718,-0.5155844859640968,-0.6619963081698154,-0.3556504030230622,-0.8215213649747694,-0.0935535379448072,0.9944662453355515,-0.7698287908393745,0.3882556301294056,1.6244895430265303,-0.8047564074399405,-0.31440906229255894,-1.4610440113785168,0.5702328605029015,-1.0915335527441605,-1.012930650635727,0.5191467551925966,0.5806040366713767,0.4762146346603566,-1.1412643310098711,0.20752709142576267,-0.6863028925460111,-0.6582458162965745,-0.08929243704635403,-0.27396713871300443,-0.9445758828410825,-3.0344940270788032,0.9827307429617615,-1.1929114637976461,-0.38077780723776755,-1.7008029283301904,-0.10714782657510721,-0.4457039472299984,-0.0994688340966792,-1.7204058115146363,1.4133848460745464,0.5900161152902192,-2.189604815227924,0.3149456704717002,-0.2187696391321684,0.46086138069621413,0.6982283915956107,-2.030098682074834,0.12997384189257377,2.2454588569304645,-0.17261838257937756,0.4481089349044276,-3.062849553844847,1.2941064676673273,2.0898946514773313,0.16804510424420943,-0.7810955483766995,0.9288304888867249,0.37757471942454357,-0.9014097179301906,-1.388801242300541,-0.3514419811942188,-0.8881264712578931,-2.0609835846402453,-0.7593826116520322,0.33492203989598907,-1.2343083267317885,1.007684980446163,0.5731152086460487,-0.022165910174847647,-1.654846590244547,0.6943605458743394,-0.8036240375305145,-0.3969391384572038,-0.8030953883212899,-0.7497283080813442,0.6953044791678574,0.83837778983782,0.3239361221297249,0.37795194724782094,0.7959699788393808,-1.4486031196076579,0.21306734998259028,1.1392830576389372,1.2234718975806746,-1.810868685646432,-0.5438081900290015,0.5345972876288682,1.1240207205145323,3.006279613579499,-0.3886176021010532,0.7714077134703393,1.7861596133583761,0.0043001282869724045,-0.20923448304035064,0.6769181215151248,1.8704421776598694,-1.3363512496038252,2.2732047329991003,-0.05226458611444647,-1.3661086998175724,-1.3396774777982527,-1.7364841073823183,1.3674897591042978,0.9745102281945611,-0.8948417988727642,0.4835649121792891,1.0407455999811952,-0.9523323633510041,-1.9560242853615146,-0.977466388311387,0.5285533222530796,0.6914669337214063,1.2651107865945623,0.7197807666822336,-1.3649203282177615,1.125034535399759,0.9617281307075575,1.8348968628890838,0.1396471158667973,0.06646679398388201,-0.7301724255692204,0.18751353561106615,-0.40562427680525104,-0.6153831754762925,1.5290444089411208,-0.4486641320676311,0.2349821751736675,0.7375897305474362,0.2395912020735126,1.2991934236513587,-1.6894349313095565,2.0764343204468805,1.1949367514123665,-1.4908956533460045,-0.02224466104386652,0.3119047060198044,0.9208685212509656,1.6570996409626346,-0.23530602393419764,0.7413219101913613,-0.9867291268428029,-1.03036381495005,-0.4847442254555422,-0.8406482582664077,0.7348378343193589,0.4837769611032291,0.2333786387568661,0.12813044312848954,-1.7721605741063953,-0.8314047524224752,-0.6144650358533852,0.10923825348936524,0.3388942771050177,0.03060031419737499,0.2065738776222528,-1.5149594257435204,0.9223341954450712,0.22218014144692405,0.10510006041517671,-0.4568697614771032,0.03050487763736421,2.5989875942034235,0.7295862931199546,0.7272544854584382,-0.16405185948357695,0.1405379702170334,-0.83761004596456,0.1539822842489031,0.3222989205485366,-0.6566793040599336,-2.5420360510235653,-0.39804949232136877,0.10651838083341296,0.005513417729514206,-1.0033267145658307,1.5032525334473537,0.00709873537252019,-0.9020760774322121,-0.038603039639501874,-0.8021274708418554,0.34390207589638944,-1.3075136319087708,-0.09205854078052143,1.0660875430161125,-0.30887262890585687,1.7730984349853205,1.2287904018335007,0.19571303741448004,0.6097469526665493,0.7522748378862125,-1.6127674210493992,0.7822519602918057,-1.9713037762409982,-1.9546619169528558,-0.7887972595866187,-1.7577389762331799,0.14749259465907089,0.9863678097413794,1.4504735771830326,-1.2181878831074635,0.9564867722712329,0.5755822446030149,-1.623138857940866,-3.293434463723833,0.1798624752249706,0.019753650913180293,-0.06384465139213703,-0.6180052269820439,0.9793022791099966,-0.012247920693741369,1.9099898965583746,-1.251364365015421,-3.272321691499039,0.2651500531384841,1.0599926986341097,0.0949835972818727,-0.6512439894223855,0.684442145620818,-0.6396533163497097,0.37345603808222,0.3229234911102422,-0.05759828269953693,-1.2261559577809533,-0.732491423574777,-0.5514686899670461,-0.7626582217109591,0.2260102824589257,0.017289064134729026,-1.779967789076132,1.339867869720129,0.5097844859008018,0.41141761961813733,1.2600325942273312,-0.26477815302571167,0.8673504506646846,0.32019318278603054,0.8108622171264499,0.33977135621725385,0.4102729607390446,-0.4691157935491668,-0.4171746914120744,0.3305923062404698,0.012377210291530532,-0.7736027199504081,2.5069985635754324,-0.13453157748827704,-0.32929668633244663,-0.7205262655657819,-0.09417155281089648,-0.5451362866100985,0.9919879635755192,-0.7121587383778915,-1.1135725716969371,-2.827110968180464,-0.011262675191791797,1.3047708149844375,0.4863929847426364,-0.7638738476746822,-1.4648578735083462,0.6046928815025496,2.4067710370619664,0.40567218002178757,-0.292301428612564,1.9256072037452352,0.8352246642247424,0.19305823886782048,-0.2609392688595373,0.24122530321697583,0.6574491325206838,-2.239367401698029,-0.7335797652797801,-0.5619938262744562,-0.7453779869757174,-1.8672840228721945,-2.748320775624062,-0.39511719642237153,0.508545048747121,1.2123527895729131,-0.25105324080999053,-0.3459419418543058,1.1063318028983766,0.5750982916758167,-1.025174721019658,-1.3069766294344174,0.9995413503912953,1.531896217509122,-0.8257675327854422,1.2043171866010642,-0.25174346335242714,0.23773932047799207,-1.1223558910719147,-0.7480190617508135,0.3816836014415696,-3.200178238038298,0.32392300085736586,-0.33160017488865107,0.07135826240915313,1.5154055425990507,-1.7141674623884982,-1.0215016285924072,-1.0896888253528427,0.6956117517350627,-0.26468932183746874,-0.5636344926924537,0.6915709062961469,-1.138068250079148,-0.5924376333203945,0.888464340614898,0.9085020957359046,1.2699400511595968,0.8401729703120707,-1.2726181080904215,0.479625309534777,-0.556641125377803,-2.123501814005002,-0.023602808903809683,-1.917933143925727,-0.5997432865632257,-1.6021197116116752,0.7763337053885235,-2.165205243592744,1.7068254523282662,-0.5642699905371419,-0.4045321767314984,-0.07125180408333309,-0.5951276978479791,-1.0049677344388208,0.8981117650162393,-0.6521762681157446,0.9313479832445717,-1.6739767559143268,-3.0098462302758504,0.8861238220285447,-0.11563366512632535,1.2889362539657525,-1.2314961101689663,-0.9578952918800421,1.4755818915016015,0.3990210846631744;-0.46691906294692054,2.4170953505464494,1.0268547374241581,-0.307098446997235,0.6140930269741869,-2.032607820775096,-0.8938245740574939,-0.47161037021641905,-3.8902010967402627,-1.344364155407659,1.767752024457764,-0.46151003736073826,1.6651941510476107,1.837403215956659,-1.4975392281622046,0.2266652805238642;0.7814839038083633,1.7270372912625453,0.29687114840864515,-0.209892349658535,-1.7621869647302664,0.4348679323981792,0.27436225734203695,1.1854893268705753,-1.2754071298929561,0.5369198735927824,-0.5886355769162736,-2.5124827803691425,-0.5698641225288004,0.7450821840308504,-0.3801356133752265,1.044231781284877,-0.8212619432539153,0.5841660270952979,-0.9350799165783137,0.5801877220897729,-0.5226490285870213,0.8635708475049279,-1.508419695576269,-0.13068384968156505,2.5603450267462144,-0.4063199209230321,1.6288776730562318,-0.5216376543546067,-1.6944629791553623,1.7751326024176928,-0.6351414686854683,-1.4637486954322312,0.013832147512524755,0.6540426489092265,1.6342158374775668,1.2883316798932296,0.9227445845844506,1.7385969163823523,-1.64293323681217,0.5075976605376625,1.4130877602174647,0.2709813693094479,-0.32063289799171785,1.224743989777469,-0.3821363194149079,2.134067816288678,1.177908254873256,0.5267187781849064,-0.6262025202359733,-0.71905499302255,-1.116937756851021,0.06819473849350507,0.5679084156188501,-0.8527068897159185,-0.41854820841360885,1.7206751077416853,-0.6592392545583132,0.05490642356758362,1.4590521391347646,-1.2330886282555629,0.18118783674117211,1.8955048273557364,0.7485471509370241,-1.1839922769317193,1.8180608679398624,1.1568792627349656,0.6270326980385095,-1.9864528438918647,0.3501531242829424,-0.27725865090390456,0.33949324438312534,2.023983587956305,-0.38306548627012305,0.6774454621797632,-1.6884864440691818,-0.34391133251139616,0.30873066982277136,0.08590106632881411,-0.4435183203644107,0.31048359213685883,2.4100049794915086,-1.2565735946697676,-1.4211844516730185,-1.2891385467268808,-1.1046119808859034,0.7501034456332841,-0.15064210789717308,-0.15781767866116667,-0.14787018215289663,1.183582744274282,-0.6901744191315498,1.6859826881391842,-0.1171890553043853,-0.27220749900996555,-0.1431759155949085,-0.0602378039946313,-0.5630517907734984,1.4522052245551416,-0.3764075564060768,-0.9726111481541402,0.8248555132333203,0.04157415376529616,-0.6892138672197597,-2.54332573444977,0.7458519076367964,-0.45358667345691417,-2.084433735721565,0.34984801235531615,0.41973077958855043,0.8755282700281027,2.195955084224643,-1.7097518832226366,-0.06653267429162202,-0.34888122484331346,-1.420057272188914,-0.1489461470520517,-2.1306323418033606,1.7153052641222484,0.10229323195870763,-1.1105683510435016,-0.09871478128111305,-1.2572840312918048,2.0220842589730377,-0.9683539663698342,-1.5396906036345661,-1.1973584276512659,0.14146706371062812,-0.08198286016909925,-0.14247605042761183,-1.6519984576842852,0.8225089853340898,-1.076477183844097,-0.6817662537230974,-0.5874284031253802,-0.9211544915761998,-0.7575359485810274,0.4944264790425136,1.8614390782232093,0.9012705771158567,0.2723174035250138,0.05180508400589424,1.3131505023640084,2.617528045330119,1.6580587189731493,0.7808326520288428,-0.5865506605430386,0.1854830387804849,0.37804605663403495,0.041824185886156134,-0.453142152063971,0.8237866217649149,0.05248000357495655,-0.45251136089789035,-0.5206372738739955,-0.2037287467912472,0.9670918848253294,0.5200658949383379,-0.8627847861146372,-1.3448066543811792,-0.9828984210411904;0.30890287288264084,0.8494676232223703,-0.18674311705882823,0.22394945807259603,-0.0923405234903921,0.752436915660179,-1.8298894291873655,1.2879013328279492,0.7641091566039022,2.178520174062043"
20,0.14267577868624565,"-1.8071628871983825,0.4586043821057922,-0.8680269371603346,0.7788392020634873,1.4204632833773227,-0.1326348474444806,-0.48951423451821285,3.321393132413588,0.2202673673394045,0.20266822487055097,-0.7629156397073502,0.48900358914729286,-1.1852025727500206,-0.3628096310595825,-0.4661058941250621,-0.8852415235807578,-1.4802145143682601,1.1616649483257593,-2.020979727572539,-1.0960933615278918,-0.42548584366429343,0.27448508235467595,-0.6478635251867266,-0.9256075443313228,-2.2761919780880295,-0.26854702392846286,-0.21173425098466506,0.9033801842461682,-0.9477384948918498,1.1152390237799823,-1.8438588692934923,-1.173569458948612,-2.5475154451996116,-0.7043266764173622,1.0764082302728553,-0.13638159695259275,-0.7930780892678607,-0.10418832274203385,1.7032723616517282,0.3196659067673498,-0.0537179409751202,0.7156260426581411,-0.9260580520362042,1.8446408991948706,1.2891495606711674,-0.9055488599902934,0.07622396025598714,-0.6194080879524463,0.13373262760472351,-0.12722197432826826,-1.5602815992791488,1.285271330628321,-0.17468016211927212,-0.2825012474853732,1.0829327975349636,-1.2143046615712314,0.5786407403280414,1.3765574896967938,-1.2928691678950432,0.6255854838655629,-0.18337835019660464,-0.7002626710913648,0.34823477640867795,1.8126821030542999,0.9168024721100305,-1.360287277221573,0.08656579273664086,-0.7069112109991572,1.3178073095107394,-0.6904642604030263,0.735116132728831,1.134421923298764,2.2242454248261083,-0.15292740772512742,0.7771579202402372,-0.7265095599334481,0.3186125634071937,0.6832625429408152,0.451145164700282,-0.5409127067549313,0.1613925913272603,-1.3522093813849148,-0.1433212543329476,-0.6497716222028707,-0.3619722795041945,0.4474308309066443,0.42104664408978587,-1.2381556100462605,0.995460194954397,0.6456802134873252,1.6544485215173497,0.7141451952711674,0.7095480862674041,-0.18665231103383584,-0.5824529835363923,-0.4724981776686518,-0.36211243611965843,0.6413718736487367,-0.9884302676822913,0.9778196939874106,1.1323969105754597,-0.3959187327249655,1.5376050057803574,-0.702996429413577,-0.20250396130983844,-0.2220716361399655,0.5317787334975523,-0.9342844197653826,1.345797510396772,0.9734041733199876,1.6425984061706003,0.9893354981717839,-1.0172262909754801,-1.728860712651561,-0.29677720541274966,0.902039903095477,-0.16767156933911276,-0.5030002324766943,0.42322411565706963,-0.24798257765095033,-0.5692549966470407,-0.228261923355693,0.2568332162761572,1.3922799760819737,0.5197338202153499,0.9524329961445213,-0.03374116898269226,-1.4400281437467088,2.1607725977496814,0.24329875735828232,-1.4287124231965451,-0.1294756902380912,0.9512673878490048,-0.43533741659892533,0.34032563748324235,0.5983749123742164,1.1456773919702954,-0.4294740636680592,1.8712896769132699,0.4043138275668896,-1.4607384062185327,-0.07294360332755864,-0.3151876452846375,0.38946060530016113,-0.4057493813787349,1.9741808427874314,-1.9264307114036958,-1.7499023078549778,-0.15157234520109353,1.4511799289605813,-1.2431122065982627,-0.013331852929065077,0.2866553089210105,0.1020563416752576,-0.1880578792384083,-1.0038878504660838,0.9035217763871921,-0.6305253178440666,0.47756081869631745,-0.039531833519239105,-0.8764790818839047,-0.5303672887412082,-1.309413180585405,1.3336675679102539,0.45538873433452876,-0.8977069268900753,-0.5972253082751776,1.8799254426910021,2.4660648637185654,-0.004122188804565469,2.1768510242721577,1.8182768406267726,-1.7228913055690194,0.12639658565058826,0.8997445230097989,1.524873999609865,0.11829348551064714,-0.3469674692623029,0.9528731951186015,1.1332596844629472,-3.0453815115214007,-0.026627405963649667,0.4239403023212221,-0.259256256126017,0.7047049680200808,1.0431903012607864,0.468841666060102,0.7199185661366225,0.17607211485642094,-0.25091230847144413,0.6885634319130004,1.215195795135922,0.5210208871139943,-0.23374859430667633,0.012047494524686175,0.04245329104711934,1.4630013624266336,0.31025172010412727,-0.056574696394752835,1.7743778685820921,-0.7806692124989127,0.1834017610357354,0.3396504369358975,-0.2686198476978048,0.03620652076075585,-1.459852475403941,-0.8731108387049338,-1.0298860887502517,1.1384181732879093,1.2781363937322319,0.372586854236986,0.40570109477181826,-0.5455631798546667,-1.365128729995504,-1.0004300812165192,0.5833343307182524,-1.356551100654058,-0.22023174389320338,0.006876873338261452,0.9047975896696533,-1.4078215987765754,1.7591000761056237,-0.6568174741061853,-0.10922281866198127,-0.1634250582702158,0.3565786019228635,-2.331305668831371,1.362514227636776,0.9429357773214574,-0.7862998528150106,-0.8825898537806329,0.062061094943996274,-0.8442880259370181,-0.594488672015833,0.44529414375766696,0.9140696487691782,-0.3824789689698315,1.1400438194340474,-0.3914815996081913,0.20600394897688978,-0.9972958947800412,-0.8892389895996621,1.255304118024399,-1.3429432911788026,-0.9738982908379921,0.23246798115181516,0.7282877369011183,1.0788356518315267,-1.174679707573061,0.07903241686278259,1.1689923296294893,0.2642195823805715,2.686459935321961,-0.7062147603614795,0.3505845093869682,-1.1352099791674122,1.1930191536228607,-0.16495913034276247,-1.0292525324103927,1.0400974935150673,-0.15503290727555924,2.252273360067,0.24563081731684683,-0.6840853489372083,0.047430086577570585,0.46145187344038013,0.4257884249255797,-0.6554737352494605,-2.0312875452258075,-0.7257646616970899,0.46695705861097914,0.4124379763292183,-1.0281031354688464,1.9972307060258936,-0.9250230713573696,-0.4183525445854789,-0.8989838844636837,0.4743236245675105,-0.348838224396582,-1.7285471982530685,0.8695073627512431,-0.4285535520416843,1.6281200775139628,-0.4120245286136865,0.8017534184586463,1.1306435738715128,-0.1457818411339546,-0.330527277813592,2.022678023407256,2.9920430664637836,0.10442865177259031,-0.26256835901921227,1.0266434809187783,-0.9469151303308886,-0.7134360325215657,1.9093172484084042,0.2724157165451419,-0.501040533129943,-1.8246601977858097,0.5077826929176565,1.0923483595777848,-0.6946411677614239,-1.8774260060402839,1.1548130161820929,0.39946088723421996,0.8424263727307364,-0.2764168868445768,-1.4010420084499215,-1.2932367865280139,0.8183470966261112,0.603835802661486,-0.24267731624245664,0.6092658689240261,-0.0167434943428669,-1.0393642827348741,0.2670606010896146,-0.8765022475883507,-0.8493079581529298,0.3865378989699043,1.1706647480298666,-1.083223671779404,1.3207388070234474,0.8777870171326053,0.3341532425358449,0.8574871718616023,0.9034977388390811,0.15876183846874758,-1.6298359221830248,1.0154237318143076,-1.1701182069473723,0.1692831091108101,-0.12922264141491985,1.0892198391412058,-0.747965126037757,-0.5376452489589403,0.05887222034669888,2.3241580420100916,0.6496475020047674,0.5801343622660714,1.8749071304201637,-0.184988863649226,-0.17693083725595182,-0.577229462980032,2.158553299272267,-2.1529997051969225,0.4140270485016676,-0.3844781654428516,0.4516190288970207,0.026656569448423977,-0.006727622563117275,1.1357898644065194,-1.5319353035914238,-0.16481638537333212,0.7636932895866739,-0.46660577417893706,-0.1635979868103032,-1.1263213251352497,0.4379312084057512,1.038687433080612,2.2978073224347226,-1.6045314097719705,0.5330372501184667,0.6463946018222841,0.13027873625773007,-2.1584228356225252,0.2873200909143348,1.0533400451309167,0.25172370972495484,-0.6525813473983809,-0.2531270659893592,0.015481872498872382,-0.21708713213768593,1.2015125699691374,-0.10784609089308092,-1.219748986929954,-1.0858362691578525,-0.5889052878031784,-1.6713680299832194,0.8022538378915449,-1.0895436098296454,0.6808228162543116,1.4259620381757208,-0.597726706748586,-1.1944089325544747,-0.4055960611429567,0.8568093193904129,0.0076331166868914,1.53304798876922,0.4663654516216523,0.8223027777472758,1.365927989577686,-0.38965238471611746,0.7431185298124039,-1.273758796014782,-0.6264157228318432,-0.6118092658603183,-0.45160412145243856,0.12449082697054327,0.5603585362271669,-0.9715592295654107,0.8392819466469222,2.5791677538420874,-1.4722897949505174,0.4132249556240595,-0.019566601826561086,0.17583395047840567,0.2467373175972999,0.07541392188804483,0.23540954184063134,-1.9475405180140581,2.028268238780029,-1.6506725643757023,3.4648599410368024,0.018915269481958277,1.3185173941396442,-0.06505006736703926,-1.8345936580046451,-0.550614089900105,-0.5856738523583327,-0.2727830442316024,2.0738171011572684,-0.9176814894080305,0.864820169792324,-1.7735602122794105,-0.39571011616718044,0.40415054999585454,-2.4553556853068916,0.27905667344701696,-0.34545856408333603,-1.0278699581759603,0.8378996910448875,-0.5989824963973616,2.0435575758876343,0.5499128439761951,-0.14167079433338367,-3.132939533835198,1.172923988959323,0.57130289176435,2.0638838489939557,-0.5286169069215173,-0.18112327337378095,-2.215251497801309,-0.8801456046187282,-0.8609359473858829,0.07922250718667721,0.3332025847144485,-0.5102669863790271,0.05712851086747239,-1.3105616283432633,1.0679173997800624,0.9733535399411963,-1.4621211962615714,-0.06504935587311525,-1.5987682742703448,1.6461370601243737,-0.6802225086798173,-1.0521800343454688,-0.14714200416299444,-0.4697128725654013,0.44395998516747504,1.0028626663489673,-1.4480779127501295,-0.23372866362912026,0.25056827852665126,-1.2858498081265586,1.4153500928870963,-0.27737863179993527,0.019449911713094403,-0.9908760792351581,2.428188289072501,-0.14924620421415902,-0.4664533332188984,-1.3697572496907011,-0.4967980498707148,0.0005303223718139405,1.239523798521528,1.1413070322904444,-0.22636015548371763,-0.91927475783194,-1.2537942309902574,-2.039026461768677,0.35260691935946664,1.3064678649548112,-0.8651390852317864,-0.5156214931384796,-1.4121243471521956,-1.474557556502854,-0.32903561506809215,-2.2419127914891566,0.5237404469459601,0.23915083199288856,0.8211038489515549,0.9726220374793767,-0.6727120127861326,-1.0797910741579682,0.7153919201742327,1.3447065565564238,-1.501587577450581,1.4353504478215555,-2.0787282286847515,0.05860803445212946,0.9613597985214424,-1.1050982814738557,1.04857818345686,-2.4714229546701,1.3209859682899037,-1.0252833045619052,-0.10709798558645031,0.8078109250170833,1.08720884241834,0.042447020013171605,0.3809124202607522,-0.8896480810669486,-0.4816893042002575,-0.8363818364494239,-0.3124523633581682,-1.847325478723453,-1.35598192453685,0.25610038755847,0.7934002055760274,0.41412993199790243,-0.09236644065196344,0.4988531035393288,-0.8697677642789784,0.4181604349635576,-0.7764728161430491,0.21884873749084896,-0.8466135971167192,-0.027959503346760645,-0.999280886640654,-1.3001606967042671,-0.613667613879363,-0.3104902037732118,0.6974518362231295,0.4775678941967386,0.6724265692640562,0.7865183724286013,-1.1373274358829917,-2.2707199626301904,0.2536075669329476,0.11772624219752115,-2.249871722554021,2.1290298850952807,-1.0948823389946338,1.8212169349513616,-0.4626545275730646,1.1839141558981083,0.22826568547693557,-1.2913913727547361,-2.7719266826351183,-0.0877009661909883,-1.1629532826274023,-0.021425539089000925,0.8720234983207187,0.6335620270277806,0.018074051740912013,-1.7670085854975337,1.0859988552918467,-0.4099066290440708,-1.63144919719185,-1.1821763523810522,-0.34675203755530537,1.7818459714278871,-0.8283485001956852,0.3284973472086099,-0.23628227395081425,-0.5157907175854285,1.5225163372971038,-2.3129781104566574,2.3877510953896643,0.6815621386856568,0.9865183721961645,-1.1544366218816298,0.3641914141110452,0.1134021704890392,1.9066464954546363,-0.5197352152068131,-0.3612758447842611,-0.6995010947795017,-0.4979995835297919,-0.4000345718371959,-0.30240658988040586,-0.01674150310779003,0.3369872113525702,0.10514421536651772,0.7035609197518151,-0.4564798215596966,-0.15307948064631482,-0.2865212047866388,-2.1997245973104715,-1.6245018964289855,0.4211264089761989,-0.9062287407886409,2.362092087700719,-0.9638124282400512,0.9727819720025923,0.599971319864912,1.373007667342973,-0.553958132165582,1.1045154274304745,-0.25858129315434814,0.33842001042148906,-1.0887354775019409,0.992575183185355,1.6149412348659318,-1.0046453276392149,-0.24348098911581395,0.7855574987857482,-0.3973118159077734,-0.40886106414858026,0.21341201813188607,0.04540695975844267,-0.8721380737419447,1.5287534503889528,1.9126299064488466,-1.8684586559172391,-0.8189547256577479,2.6674017202585465,0.11030665619309415,-0.35783166038780034,-0.2817206779399905,1.2908461328726517,-0.12199191301855566,0.9477730770330085,-0.36791447601779187,0.31611905092935644,0.5646587460387099,0.5968277138134765,-0.019612144141385367,-0.9451167251644874,-1.763506343148695,1.5706227748550103,0.4378583437059983,0.14123483515427038,-1.51673758869512,-0.27448228764822646,-0.09753710660399884,-2.311229954661958,1.3436850932484514,-0.1955902379519492,0.09449148530859085,-0.2612948123002892,0.5126754332828735,0.9171838703406181,0.26502177822707595,0.8962957168323266,-0.8754375421498805,-0.3863739181554942,1.9047918880321784,0.7287074730279193,-1.2958997894911783,0.34771685098004107,0.16789791779191032,-2.725122986913895,-0.051367158790023106,0.9197326579850987,-2.428476463704619,0.22891057819157612,-0.6392942584681494,0.7632158951790349,-0.4612972554085297,0.7298600755030626,1.1315513767091732,-0.1072078752862103,-1.3350792845423745,0.11633613284580385,-0.06739281175047562,-0.16689870600174453,-1.4541969297749469,-2.049251789239457,1.123050598493338,0.1824527633606101,0.4268701324613852,-0.8352840308306393,0.033028587176734465,-0.055744085049473244,-1.0116686885928323,0.779568800967375,0.27786914488830616,1.2635823224404894,1.6213358791513484,-0.25260368891035356,1.489485541993502,0.3837220298248756,-1.1706414412618316,0.813367209717772,2.0509160766233774,-0.06678525677146213,0.18558936998016867,0.8903678788275263,-0.9567410852325688,-0.16558010530804948,-0.6517342207881761,-1.3226811022062575,-0.4366743115239631,-0.5193578422935484,3.067405526578872,0.8532279436016877,-2.5005185668776644,1.6482281016863454,-0.20128187214510618,2.444191275980073,-2.5922548427769945,0.7463807042517484,0.5950366776698799,-2.1754940675403582,1.1904331368370327,-1.161909201600864,0.7669963855422919,1.29480335707348,-0.5380416063960501,1.5656013890437137,-0.3600375514123979,0.7473922485370763,0.8982171612327711,-0.469995268199048,0.556766061674376,-0.3844139267427148,-2.1206993726853227,0.2065060517287576,2.418310355278571,-0.10413030983682346,1.9875745729383043,1.6609531012198484,-0.7529289632751966,-0.7264403414332123,0.011440899533625065,-1.235148670106852,2.552163004112736,2.180475959601302,-0.6422531200302155,-0.29831091865503045,1.8021143884320991,-0.12675815251626854,2.1259319190559918,0.6803992022451001,2.745961715293985,0.9179766950074302,1.0298140656611274,0.5039507244999284,-1.3698316046024397,1.0298437705359045,1.400202289236102,-1.865610962921612,0.024266072074474176,0.4333685164542379,-1.2401255502624362,-2.5097951498187014,1.5614716609651664,1.8403789247710318,-1.8068415713795243,1.9574108084463908,-1.6954922392698897,-2.5046129684746097,-0.6096890745309007,0.619018663670519,0.1980882088962746,1.2731955106036514,0.8438069990498778,0.2559443952315605,0.14771850035448345,0.29367067776713474,0.08322087569209646,0.727602848288138,1.4399889332834,-0.4484642400636279,-1.7849861634852904,-1.4331710015555006,2.365370824890367,-1.0955905692230645,-0.628805362293428,-2.7618571979025948,1.170047588411528,-0.5715797397866653,-0.6569789038139331,-0.534178625268352,0.7140953904103211,2.5107752671541723,-0.9993178387482471,0.28739829120232974,-0.15449510769122918,-1.4171027820184943,-0.484168384693662,-0.29628867713720447,0.21563366656895594,1.2062155701237316,3.5450918964590534,1.2381650911378008,-1.9914884872188845,1.1699775035542592,-0.263111600650979,-0.2421158389722889,-2.0518679707055085,0.9996940657080634,-0.14152280816790133,1.4707046640944546,-0.818706456461912,-0.050194464357508004,-0.6689879532022917,-0.6369318895909154,-0.394388684882315,1.7637997527650828,-0.8279919330959706,0.3896544262577151,-0.396668429572084,-1.872562436028379,-0.9491272520869904,-0.2031804536185217,-0.7901150057598496,0.00451216309600563,1.7491997185059116,0.7101707113941671,0.7209484207786074,0.9223717388802092,1.13669512488914,-1.6708223735525074,0.6782078425216813,0.15236665598932772,-0.10918052619102031,-0.7920358916842741,-0.5099353606577361,-0.7212264686765233,-0.07043899457052706,0.9087872567354701,-1.3667864548185131,0.11087169097638702,1.4727132744583182,-0.7828583715061549,0.4780968979098794,-1.665250692428674,0.7128307164008852,-1.2083800840423116,-1.038983987498729,0.8039716688502889,0.6373661475877074,0.12696903865975967,-1.126651345281036,0.024411724628788434,-1.094681756540698,-1.0900415545258295,-0.056332682334777756,-0.10549425612010252,-1.4258901160555029,-2.893535619197755,0.5998516188091773,-1.0325767603132439,-0.15527417452478115,-1.5298119407863036,-0.24257927565673373,-0.5537609398556222,-0.3971300293220066,-1.7172422748303038,1.7021836561149084,0.7459495994150692,-2.1049843164082724,0.6561486706379904,-0.12499195863680114,0.4278416753652673,0.7372223242709458,-1.7612459394655506,0.11811324378546437,1.9815098692511972,-0.03725486832720982,0.8399224844529173,-2.74247734706602,1.1409574430392073,2.2888806524085914,-0.0851740788638167,-0.8739238883100783,0.6052037801790098,0.8157406918598664,-0.6007173381145574,-0.9507144506048503,-0.2096481716885132,-1.1165139174791767,-2.2989724724265947,-0.897635436720349,0.32122842110972827,-1.5316079106282032,0.609192522940446,0.55393623523867,0.2679070010629933,-1.7948612671151465,0.6952437722245423,-0.8130386553998253,-0.8432048883309251,-1.234222501167219,-0.9921101832185469,0.7969263138422843,1.0753437229752314,0.44722112058353025,-0.1921746957902526,0.33182573361766815,-1.6782344268494374,0.41393570091053467,0.856704114723879,1.596622468894871,-2.145052610498936,-0.5867746990079254,0.43236933531678146,0.9894486067226883,3.189300430287029,0.10236863267817906,0.9547080931254912,1.727914192742198,-0.06359862701051121,-0.6095397989843523,0.47285187800579986,1.9911444796914282,-1.3534832257670333,2.168466609977877,-0.09161073241618602,-1.518072165673065,-0.602003681284363,-2.0665934094994904,1.7601398155982957,0.8963192389241534,-0.8154536131504629,0.6298110623059411,0.9058035330356655,-0.7774663298228022,-1.9182742318570205,-1.2433073230846492,0.567278664259637,1.0634413404276488,1.4162585877981533,1.0204156958004982,-1.2758858173835848,1.2601391592795752,1.037855352023763,1.5763273559620072,0.3228170154303846,0.5929377662420224,-0.6402694440429464,0.27506811097394673,-0.09190633964903297,-0.53802154695644,1.206447256766118,-0.8683088644736592,0.27926256862025883,0.3643350144028894,0.01342563198139916,1.5651958662289893,-1.4062460467461377,1.7811222500382844,1.2397748146789576,-1.5041756492675897,-0.0026784981664589452,0.20178407312789715,1.1800787859964106,1.5149513514252744,0.16475752330933482,0.4575255224842929,-0.7733208321754625,-1.0428453957448793,-0.26501816909888254,-0.5383822276744807,0.8368615293253414,0.22161605177807434,0.0917774656348118,0.5177062266288721,-1.51751624286133,-0.8369234332954558,-0.6230427084798777,-0.15332048047268715,0.1294388639179491,-0.0060357834873062954,0.07735385040922921,-1.7022979716240396,0.8151276642139696,0.07055866999257705,0.34134844169078127,-0.535621643287567,0.348573032719118,2.9150482407122067,0.3074663844259741,1.1178378858524476,0.31658076911048183,0.11607375921506055,-0.8392989891531067,0.13044392977657526,0.22848063357231604,-0.8985019864353191,-2.097837560136525,-0.966777578416844,0.31370079059561107,-0.12547517069580133,-0.6637138125220525,1.4887602774208395,-0.1701857127234108,-1.0132363949990113,0.2540437272611485,-0.8487369279929848,0.33775704794045613,-1.210147294293354,-0.051190797127410426,0.9440996687723986,-0.042265004723067046,1.8855300167983342,1.0187466485904373,-0.022203727251415367,0.6762581237241789,0.8573722034281849,-2.38880532878114,0.8292550575630449,-1.5447019478621646,-1.8421810506454475,-0.8789440284568325,-2.2060445814367577,0.47094482957778866,1.008816643413137,1.6730195836542439,-1.0351798632812552,0.9792331535144365,0.8366843865802602,-1.4498424528480764,-2.7753879428253523,0.04644159902114055,-0.2710634384628875,-0.10860272887484501,-0.8420480414729534,1.1996168941973482,-0.3350412351564678,2.097257610810857,-0.9661863570588658,-3.1634646320285467,0.6160028830816077,1.0214509659696387,-0.05580877324267619,-0.4068458161200629,0.6434729414175313,-0.7351497731345834,0.5652081238063771,0.3004179959373265,-0.2977116229439667,-1.0123215238812318,-1.0003507193537573,-0.705363999243567,-1.0928881728506874,0.19642567320768328,0.04653674172861253,-1.5010247951756437,0.813909585264938,0.5663413211228434,0.37745200607770313,1.1105218833076165,0.035563398991328696,0.27310640769844474,0.17925394044514825,1.0407273509907067,0.5686474563356486,0.97744401854559,-0.005376067811396039,-0.8452786794753337,0.2623209990428284,0.02512811078542576,-0.6187516001590923,2.9848539026303924,0.268963694276493,0.12367755875687526,-0.7092408577980966,-0.4460656246961563,-0.2962327182678167,1.0000427580322502,-0.9893801920918955,-1.017777855688493,-2.9780248746295968,0.15417496491565283,0.652997265868353,0.19520838002975283,-0.9412128388521311,-0.6749686074784873,0.6199685305102474,2.460529871574243,0.5387509740761309,-0.5356013383402229,1.9164331862102195,0.9180396910937941,0.5600124618615163,-0.2714905825783464,0.22122962211727354,0.9703596580958166,-1.9474922729882838,-1.2109988330691241,-0.7203523119164463,-0.4193230062201855,-1.7153036073443129,-2.9152407208594315,-0.2441945379276715,0.542867555462383,1.2057817089906289,-0.6996923061969021,-0.23748882170494548,1.2256315780428453,0.4246487063957551,-1.694961550446231,-1.2447329500597233,0.6385822605001366,1.4584941119333341,-0.9165728601188229,1.2727212145499232,-0.19056021646536445,0.18432260884976068,-1.5355946810206964,-0.20373339942822022,0.45147360110584,-2.9784675401511227,0.26278167808290614,-0.3631205245700032,0.27975938391140404,1.7417357946911525,-1.647973210446102,-0.8249766166287011,-0.9763099710515529,0.5710653200587843,-0.26210675235358616,-0.8113901254328909,0.7788828218057365,-1.4378532812181575,-0.6931224078556016,0.756396935558299,0.4895737148527733,1.2879379176462287,0.8018162110910577,-1.3244282145076338,0.43625327351036064,-0.3112101837113106,-1.9692299457667382,-0.33066236362871115,-2.296829463168877,-0.37088813684074745,-1.8916784263725295,0.7312965637262634,-1.4773474355450726,2.2900037248857754,-0.1557929033093382,-0.69628548445759,-0.3019284239744489,-0.874738326912753,-0.9119940400244522,0.5969645489484763,-1.0941173060028349,0.8994686235117183,-1.1895529381378256,-3.3282021419826906,0.46891487314724223,-0.31800860160091887,0.9163317792872209,-1.0520999882306918,-0.45896458948026464,0.9828692307700321,0.514035405021486;-0.4575403377292986,2.74814143120344,0.46310268500346813,-0.20411744580726152,0.43328489637466255,-2.1202853334191487,-0.8858281924362739,-0.12720755609554885,-3.8636565948593096,-1.4646877956725828,1.886376332038299,-0.6128204009975193,1.6910400865160045,2.0936589750913153,-1.4617416076353218,0.12584748269321647;0.2817673457468917,1.8129809879424288,0.14884586817522144,-0.35015689274972944,-1.484751227324604,0.583636186275269,0.08067438844712256,1.11338920751072,-1.3979149102764454,0.5497417296222755,-0.37762975657802234,-1.958094571329275,-0.5791303266867396,0.40282013959707463,-0.3918250496045853,1.094413249342814,-0.24548634960225843,1.1125063744604744,-1.0246590761180547,0.6040760601248163,-0.4845984302032729,1.0156921230576297,-1.7148406442316981,-0.6507767287037404,2.2650736680489123,-0.4896194863202514,1.3963233030425883,-0.23033785565334086,-1.7084846875348367,2.1564737064586046,-1.0899167721168617,-1.289348990034405,-0.28556895340907895,0.8063099062731759,1.5795819214958884,1.179604222283818,0.9008156422594868,1.4237403354889246,-1.6428903119427039,0.2762754333415412,1.024375965418196,0.2537910271664411,-0.4300556552706106,1.4040539780812205,-0.27549798295467937,2.379508627594594,1.0752342701370405,0.5758201667127243,-0.22881017764836414,-0.7080794483244051,-1.017568389387877,-0.27201392786141243,0.8301953349135986,-1.0610352822884535,-0.14649211134407228,1.320915735484135,-0.5718145496897715,0.3255883706521256,1.185661794800621,-1.020783297727048,-0.288886672214787,1.50757523735131,0.4649496240390952,-0.9502842350804318,1.5663769609352778,1.221819262584903,0.6898737306746399,-2.134291878462729,0.3157259881711078,-0.3869042998719257,0.13976118613258748,1.9418973890509243,-0.0730452590625677,0.48605653347936983,-1.9412974263162714,-0.3356945697105135,0.5056764741002768,0.2854999153667852,-0.10451293374990622,0.5046057047178345,2.0657061507062564,-1.0624633163951274,-1.638965219362189,-0.5351494074119983,-0.6719511109635534,0.5921401007205411,-0.13767166455880633,-0.5645731558213818,-0.4230148234321354,0.7801476187182244,-0.7155460320572881,1.761305521107889,-0.4543083319258317,-0.6018798160107162,-0.5102284256889337,-0.5113263701259388,-0.04256752231588486,1.2630591765214427,-0.5843194663286951,-0.786398601179738,0.9241433497501137,-0.2117336191357323,-1.0393155811593486,-2.1592584703136692,0.5471582896344442,-0.1196217046768703,-2.342938062181828,0.44057129141157025,0.463689190539908,0.7976073334572535,2.28875225242996,-1.5590767356079287,-0.7184774101502708,-0.1274573938132753,-1.1004525546629693,0.03729572945406012,-1.6383559359309794,1.8651623616918664,0.2989789655085763,-1.3536158239309137,0.021976417821120725,-1.11198415636229,2.193515655516275,-0.877109176178984,-1.343091077851489,-1.0705875180095301,0.5070603798036488,-0.11293249345433036,-0.525619374343078,-1.681791265418179,0.4679968978526951,-1.273333799267346,-0.6922234660109513,-0.554650136099694,-0.7950095173446037,-0.5153321175851464,0.23166668487306483,1.7440018875138574,0.9885381712749793,0.12412664465440515,-0.178271424282203,1.103471953504184,2.944544521090164,2.063727596713643,1.2911248167246798,-0.8658607817380133,0.7379287307066988,0.7685716760807277,-0.013390968110077492,-0.3403066653804858,0.9960458616369711,0.03901406095396943,-0.3420211578924642,-0.4556185292344891,-0.006062115385592426,0.7001341592423893,0.5920978686681994,-0.9545223490831654,-1.4842288837384596,-0.9064874493510604;0.32498759991402726,1.3997125420403784,-0.21695330142359165,0.5918466134391758,-0.030225770728488005,0.6792728725617313,-1.6977715437608414,1.663565450854697,0.9382004532814476,1.7606520081902182"
21,0.11200850241113863,"-1.577448227241959,0.5547753342505657,-0.6215125951718041,0.6321237202432053,1.3337692465434252,-0.1244038511882421,-0.41019949925616467,3.0939629971565807,0.3082231261343817,0.1389694902277418,-0.8436147442472416,0.6340722619658345,-1.2155452685787402,-0.43563482947402,-0.18595359300154338,-1.0502030626846015,-1.4446482843217419,0.9383663652938268,-1.9422149821556398,-1.1046411486700294,0.03515028617989402,0.08159985947983314,-0.5623826669646035,-0.8931361677359066,-2.414149799094987,-0.3741020061563553,-0.14721017681981186,0.8210021605248398,-1.075383911524441,1.2720469938681769,-1.767773031693587,-1.332999532547768,-2.5239543383108494,-0.6571903376530371,1.2227895263159172,-0.09383172677830778,-0.6998886608760733,0.09576087481291844,1.7228164848033773,0.5236462640826586,-0.19966874587635047,0.7667693473195433,-0.9400149659456511,1.545347426233763,1.3424040504510553,-0.9293369098359932,0.3305518361401476,-0.6836933025146357,0.20060812758889338,-0.12493011672584961,-1.4920660600362388,1.3981333160857081,-0.1680295535142872,-0.2799975424183117,1.251405522658151,-1.0028987675298593,0.4965918536615913,1.425034741964969,-0.9461891766545392,0.7394257024335492,-0.33653315215591045,-0.5960168253119669,0.35857412223722435,1.5674717421993765,0.9954810412775064,-1.266865519458458,0.10301612290844891,-0.57357698168894,1.105619386851922,-0.7294439364363687,0.6306473777140325,1.0822190120450887,1.86917280409706,-0.2303288237183232,0.6646918008872018,-0.9628388490750517,0.259075963010022,0.7903881501084518,0.47901224982532364,-0.4434604021111358,-0.07561133910127266,-1.22269625030557,-0.07667625601786461,-0.4802559352236677,-0.2705223375374688,0.5408869932306641,0.3124433904934387,-1.1583668776942126,1.0729109521983604,0.6573166315088848,1.6750909851587439,0.5531436545230332,0.3759175783611019,-0.2728649290005246,-0.4941657908569888,-0.5957638129531965,-0.5519784266590345,0.8349080159977315,-0.695216354796601,1.0028902902881318,1.1556506517995635,-0.3695906023959018,1.7588881426453478,-0.4926291424886416,-0.22392020744968452,-0.21424227766412854,0.4953223962500282,-0.8438703011546591,1.1969416994056998,1.1235015551726255,1.7912696772034409,1.1614434342934756,-1.1867346102612537,-1.7610274885681314,-0.2645645701870709,0.5800866119448502,-0.3090066938646701,-0.5118258801383673,0.0020456141794671923,0.009801025536787022,-0.5235274917814228,-0.059319014979915485,0.4112977717972008,1.207943860737847,0.7266365301209057,0.8403340744933981,-0.05478555805721305,-1.318396785472141,2.247739472203364,0.17132847941840848,-1.4935126098893852,-0.054932483889847866,1.1953354305878743,-0.40568687306879225,0.21293812510970525,0.5718582950558613,1.2929698639732023,-0.42567763064770614,1.668085494200946,0.6273654315653188,-1.5925186821340458,-0.008873930009521261,-0.22660594038687337,0.2449240400330188,-0.34733403657556455,1.9362327931367538,-1.9794898145351103,-1.41623920765965,-0.28826429705365586,1.5663867772765072,-1.167807309679024,0.07329254992792864,0.44421664875114353,0.018354734447613097,0.09136083679017318,-0.8345178062292861,1.0139203497838147,-0.792638253060223,0.3905447779938445,-0.079672832832793,-0.8665516914733903,-0.716714770427301,-1.190665693607444,1.4215443912402592,0.6945805003634347,-0.7813500660272378,-0.43981945602615125,2.059453800814415,2.211158075328664,0.05062121588862939,1.9740954633161145,1.962245754579798,-1.5880932078106231,0.12061625382475982,0.7351329327616762,1.56894673151942,0.07092603113266233,-0.25403789238696645,0.8948524139821724,1.0689144790175231,-2.978081717809596,-0.05731428789158263,0.4303316872688747,-0.15497660908271027,0.8216031179441728,1.1153564400956248,0.38403150662352636,0.7018577585177095,0.2096417664828926,-0.2297011783297215,0.7432150572958393,0.9376581506468726,0.41203173798515247,-0.323590441002384,0.059601849994817296,0.4446881303176764,1.4420883498656005,0.22087586876453597,-0.056320133492101965,1.7823263216601741,-0.9979272026578435,0.06380198221369567,0.34188435469368045,-0.21186150563243125,-0.13469463496683698,-1.389119911125659,-0.984846480468117,-1.1028891088955304,0.9944551484132548,1.2145370975139909,0.500544223558317,0.40451534148025103,-0.6345085664672652,-1.545569367849866,-1.0550219301457981,0.5158989043278088,-1.1453754872286748,-0.3036765079601817,-0.14559607125220836,0.8678934633266318,-1.3931914015323712,1.8282969973782581,-0.48270266448372345,-0.05609219893166605,-0.14774982078668564,0.40682023836868064,-2.481015068467232,1.3806932912469405,0.9647025450108112,-0.7105530511039074,-0.8403299558391557,0.02802819644322556,-0.9471601052761276,-0.8998597319298579,0.3599433561547583,0.8794699391524226,-0.46519624928023523,1.1904753312525125,-0.33437882716897427,-0.011659633791305787,-1.0592401777650249,-0.684631854423359,1.2949739430525233,-1.3312295488184047,-0.9777558691645848,0.5507625919846859,0.7348690845964191,1.0210642722933188,-1.1461315651200001,0.02294098305661942,1.013991320226402,0.017316890809919938,2.829803877337344,-0.6646554084993452,0.11358938981472108,-1.2498821661210044,1.1998358060364904,-0.09693565689124634,-0.7836366019546629,1.1785017318542264,-0.024870640075362785,2.238401467127234,0.10278035645270135,-0.6953407584400071,0.05689421134261119,0.38358574146491276,0.48533151639155747,-0.7085556499325946,-2.1629260727667505,-0.7433875861190573,0.4616590092950171,0.22120135344062156,-1.250587419908846,1.6882457389431502,-0.797831964596564,-0.18094758888275858,-0.7661075155423361,0.44359771772280515,-0.33068787150845746,-1.7398427928256481,0.9238777025515678,-0.3267539291847874,1.5356193975723047,-0.15651548036190988,0.7209171019234082,1.3215685931444525,-0.05465666939865131,-0.4092312519356735,2.122111379765126,2.7438536305835677,0.20159781761929083,-0.2224686534070072,1.183775121134685,-1.0187928958499965,-0.7153330249574726,1.7575761450897402,0.2658868023020604,-0.4887333461360215,-1.6411628372495213,0.47059811755088626,0.8840526667503686,-0.6370280124512083,-1.9748798422438592,1.0592327478295422,0.5022508919909027,0.836142011689686,-0.2375847367694707,-1.4105693523217906,-1.389960208004818,0.7209599908953421,0.47306284697844236,-0.24533525619232482,0.5010689313969181,0.22149801130307256,-0.9093409888352992,0.24122806078917192,-0.6957041559300934,-0.8425852371930038,0.24209610316976934,1.2312273512070133,-1.06090860074099,1.3689822352213168,0.9665537377472317,0.2175167223090357,0.8123957849992411,0.8376618855841814,0.19071820332251035,-1.5576180662791865,1.0169808318932605,-1.2042331519100538,0.3374451200244415,-0.08508302452006075,0.9417264775544827,-0.6634080686188826,-0.4718498167902761,-0.10573604042661185,2.168083743533957,0.49939675609730294,0.7417119290055241,2.150502825731578,-0.1599673432813136,-0.36655356455946,-0.7082722873060211,2.1221134811123874,-2.323856342910239,0.6723058013647232,-0.40176272113333195,0.5823397210207488,0.0019564350503380526,-0.1824304594682043,1.2380650395498798,-1.3529853907070912,-0.4319213995928036,0.8695980470457674,-0.6143610690970057,-0.18281039189415862,-1.0543180512137802,0.42842920676742846,1.0770709187289018,1.9990501629359507,-1.5406783551257786,0.5085143801647898,0.9148730487687453,0.11235331655692307,-2.4357204144742894,0.11096911191805993,0.9003771596823598,0.24135987582788512,-0.42117970354015033,-0.07108795940383529,-0.03506398551390286,-0.1701211451757214,1.29714774933691,-0.2059714127870168,-1.242605538936187,-1.2040765833372478,-0.5859248064958076,-1.663937730506673,0.9672252693625013,-1.158596139377162,0.7055990303720331,1.4774672058727474,-0.6663306739951509,-1.3282603217384437,-0.39486599386959365,0.9582799227500925,0.19584125280031686,1.4036990920452033,0.6821914054134823,0.6293978686024195,1.3093695655542392,-0.3459069016586036,0.5764161475337737,-1.149022955466475,-0.8818230068533295,-0.528481746528378,-0.23401240113117958,0.3281267696161708,0.6327955646794852,-0.8784879004113103,0.6483585190469009,2.2775448717541464,-1.4293295061914668,0.05681385027098054,0.30880047816327066,-0.004738744189606729,0.24301351416508388,0.3552967043921027,0.19865547583084844,-1.9677781642005154,1.9367015044265778,-2.0329825709991036,3.549577760776069,0.13831988608627577,1.3302993118797308,0.04913776113234772,-1.582544601021751,-0.577345398363668,-0.5818671122077548,-0.4945838940708104,1.9719437704822607,-1.021168466656898,0.702466094645185,-1.7915822872743656,-0.3855202827886628,0.45321882940887703,-2.564849299871511,0.35419242475569196,-0.3861852702159005,-0.6347798611153526,0.8382818918682378,-0.4960980623636475,1.9974128729960183,0.5709911342763907,-0.19137876159417574,-3.2875423714308276,1.2621027217539595,0.44783476585651244,1.871207935144973,-0.2936411510675956,-0.28098119207039973,-2.228173936656687,-0.9322951686628814,-1.1026577081943867,0.05321482636512945,0.37422014971801304,-0.4529257782858496,0.004183391356209223,-1.5159701607711231,1.0011036430974922,1.1443939982446458,-1.2344976842561695,-0.17623864847150872,-1.6398231608693843,1.5201087851251587,-0.5657171175027088,-0.8219755804664326,-0.1185822589755374,-0.6177199768770797,0.5211147678970383,0.9224470774162363,-1.2225407565930084,-0.12507217788913677,0.10910517851121514,-0.9746539548107833,1.4568585281764472,-0.0032725168539516625,-0.004733834084790944,-0.9629685902781447,2.258124453153763,-0.1990932622779602,-0.211612172260004,-1.434907468801294,-0.38055190543741124,0.20054762044166158,1.3302417852056836,0.9634796944384091,-0.3635839367239241,-1.0368005558004616,-1.1468607473188832,-2.051659366682398,0.3019489182093789,1.1047250838241143,-0.7989815147183272,-0.3488549734779194,-1.5516921559585506,-1.2245250495136935,-0.3574309492516362,-2.200374788352043,0.5674332695077374,0.1204654760193493,0.8887320264022192,1.1414842867671182,-0.7720168155745032,-1.1393908844132554,0.6288218263863009,1.007713599035934,-1.3518674694724335,1.4196632376515477,-2.0530175320782824,0.021349706315126046,1.0254309170534655,-1.1913936800769576,0.8035968339205299,-2.433511080271532,1.163162899771513,-0.9261297667822538,-0.187281613486617,1.0712678761272847,1.0518604247482026,0.2535621501607941,0.33004407367985455,-0.7837160356306939,-0.35220354192560055,-0.7759611206394119,-0.16489074777231227,-1.796308606468308,-1.3943322879490527,0.17479616125399322,0.8323616365154439,0.28817381626864647,-0.0783394426362651,0.49729603558576385,-0.63130789150758,0.5721076570513715,-0.780320807743934,0.1573636044903411,-0.6735820492680141,0.153170649646385,-1.050949951605629,-1.3989680810536504,-0.4216063760081859,-0.369896202344498,0.5979631358590566,0.5521745554678583,0.6854636642380854,0.388991210941772,-1.104645855734306,-2.1738590591381475,0.4132028499237594,0.15966377436905665,-2.4135521450294792,2.390656447648888,-1.0128699825112228,2.000070636559097,-0.3039472107189621,1.1051801068364167,0.4011998220964231,-1.2111780719589063,-2.8738994772100988,-0.11254721036078033,-1.2273256448028365,-0.0675556435354578,0.9272576573915445,0.8713661033530617,-0.019586477306660174,-1.7992834230127213,1.1186214859970112,-0.3722003017155575,-1.5836199881716169,-1.1487239635779818,-0.3636918279907797,1.704244573930454,-0.9391475886343243,0.1405041174501889,-0.037378479610252285,-0.5375612917615441,1.6254316514563218,-2.2925016093414525,2.246290814450675,0.6900471636374544,0.8571690720555536,-1.1189293111151126,0.37619036571524844,0.14470011006500788,1.967754971379941,-0.5434150650995926,-0.07768529366173435,-0.8569481565775605,-0.6463472460701801,-0.49465343548513957,0.006312141263949023,0.08761256365354513,0.15472989925941616,0.18666730920783361,0.573161314000293,-0.6912775669381126,-0.22050141944843035,-0.26962197709254987,-2.1418882602356852,-1.5887006468487685,0.31438619048091404,-0.9496709790906644,2.4051622716951835,-1.2446229634810235,0.9839773109636596,0.6848730570330779,1.5404846529865115,-0.4752665605988087,1.3264641037250646,-0.08567078077574217,0.3551358751728487,-1.0983752842046193,0.907566946106596,1.3121925501896017,-0.9979826574761012,-0.1318094460809757,0.6872445630555739,-0.45467954096459834,-0.06471767822447402,0.290588378531781,0.04764305610679087,-0.7838857792625203,1.5251650356103499,1.7458445360118084,-1.993205799783424,-0.7689299268890172,2.5894601709544456,0.22688716225986016,-0.2020168674902397,-0.3594709655694997,1.2296666172711774,0.09214593189115836,0.9554661696678785,-0.7527234985261928,0.33619175673684376,0.725506616913738,0.6248046765166818,-0.06155763435856307,-0.8616842194806933,-1.5840775495307757,1.7522151866191087,0.47138383218754937,0.15393220518934264,-1.2062827467099553,-0.30407073788215927,-0.11372888364433859,-2.5131767442140363,1.3406283050638796,-0.4179264922841468,0.01237537422539367,-0.2589496169448661,0.48548974266688916,0.7272013824979271,0.05617614596659441,1.0366440212971777,-0.744747470293713,-0.5966852090062786,1.6129436955135323,0.8396797756197352,-1.1569224823548667,0.48830770150534963,0.2027965902928884,-2.7655386209022454,0.012994404610090216,0.9641200179829411,-2.039262406482738,0.18100280338183583,-0.7315074577297691,0.7542575667467053,-0.4183037533569498,0.6699863693239893,1.107087899717186,-0.15795153594466835,-1.3549912897883272,0.0948961980943846,-0.01670854336658771,-0.2785837312516347,-1.5993976471028188,-2.0529984407615935,1.3471618640143377,0.15863728800402038,0.4609939384604561,-0.7606651424329997,0.025610263423533737,0.002319319269515785,-1.0734938175132291,0.8099268290310656,0.2681991178042479,1.2292950603982948,1.2641250097988668,-0.16306447151559472,1.3934968489984239,0.3529799552220451,-1.2096067917608955,1.0575730336888793,2.112832307750255,-0.056726003248799645,0.227224119238158,1.0155724448490944,-0.8256360749063156,-0.18399529101101797,-0.6401484361394326,-1.314479211053457,-0.3604530000626672,-0.47377464173375333,2.9453977701915437,0.6776676649006966,-2.681288908977576,1.7738653184399993,0.0002286702756388731,2.342653761314796,-2.6561052412161494,0.8041300681387306,0.7275298065161687,-2.0832615644718655,1.0840665535754757,-1.0193153128072439,0.7195920183082908,1.45644821645609,-0.741893421825551,1.4495359792440567,-0.5651656338412208,0.8593803714350757,0.9719681245482173,-0.5890417166110032,0.681975578524624,-0.4945319030626104,-2.35911317679738,0.3418494638952139,2.686104614991558,-0.12365153716929904,2.027033369230994,1.6370471517197773,-0.7639730723028204,-0.6700275600885266,0.21258661741321447,-1.2796998176627272,2.461903976152686,2.338327159889108,-0.5971209082691429,-0.3476888434801393,1.986041550375268,-0.06175317322325688,2.091974753928467,0.8195891807265556,2.582223876634285,0.7587968824363812,0.8535321772314034,0.6512118060097707,-1.401474990568692,1.1231956916016368,1.3381790707648638,-1.8325757676552696,-0.2100417585148285,0.3524253839955336,-1.3157469851872619,-2.6300541158424497,1.687753712107077,1.8936142048036344,-1.7362216233469419,1.8819090188356058,-1.8279173002735005,-2.2836769460060315,-0.5758733848358041,0.6160753986927325,0.24702626306090789,1.2616474462187393,1.0805932681784678,0.29361151081117665,0.14875386547233194,0.2433958816611892,-0.0023840895807527712,0.7529821975180135,1.5557019134124286,-0.4515810419752802,-1.8563758339402068,-1.3993349103859087,2.6154539840428317,-0.9540052468836311,-0.6955140347362802,-3.009378670431845,0.9747342780967015,-0.5286573623708973,-0.723023545253258,-0.46379463472214555,0.5853805911262471,2.404677235602369,-0.8198643538582928,0.345523316240206,-0.30140435429582596,-1.3786313830215555,-0.3643425124943116,-0.43687271421363527,0.25716385869313096,1.3236932175208787,3.3094198146604805,1.2656059360535532,-1.6843562282256679,1.199211472109728,-0.3061003542351712,-0.21712044977695155,-1.670660744162952,0.9332910360689708,-0.05038417040958565,1.6776451871066418,-0.8121332858456307,0.18108643054533033,-0.5899797942092961,-0.7183778875184658,-0.3537866198928941,1.7664159787834928,-0.6910170697601312,0.6467245926791413,-0.3211873922926417,-1.8634823232784963,-0.9151418368527687,-0.2718378828566792,-0.9833123352345776,0.16471675006047862,1.6307748166475162,0.8072342716238007,0.6036506631220095,0.6109343653316518,1.3345470206935768,-1.6029161733069262,0.6207139449490446,0.1824887404892259,-0.19103068787507904,-0.9107993184834481,-0.4132751659370835,-0.7526969175454141,-0.11786786280119783,0.9505411638081511,-1.3738982819803278,0.22632118242015983,1.6018462363295134,-0.8318954711213834,0.18524903830645317,-1.545235339426052,0.7823064074771073,-1.4942868985682694,-0.8677530757227141,0.5683895718058917,0.531535524848472,0.16704179046048764,-1.1001152359026105,0.2877378325646469,-0.9562166810019613,-1.0645893104344488,0.2898720937550098,-0.04293778170931756,-1.242814187700696,-2.952259131920317,0.538151110969317,-1.2263178433571715,-0.3219806958539723,-1.5323716053774397,-0.5636700557882708,-0.5077845684626403,-0.06465019230411617,-1.620262244470396,1.8120280320950688,0.7018259878681389,-2.5406203141896486,0.5368569854162188,-0.14151803888870207,0.666168182874844,0.7018028546756685,-1.6937877421335066,0.43191116098719035,2.063948573667306,-0.06371942315248294,0.7845376129262989,-2.954637538286831,1.0639956009449991,2.036833335946137,-0.35650159575583396,-0.5918796977048155,0.7339297220443499,0.7153958200295115,-0.603954053638924,-0.9547253645479677,-0.22922321752655506,-0.983780621729353,-2.0090261021265103,-0.591203340498,0.23602070733178188,-1.3964255447892822,0.600086568881707,0.6771780364276776,0.17852217327573855,-1.7356855892118626,0.8483842320733027,-0.6325652216022897,-1.0374179962479366,-0.9911488288401386,-0.9010270585330122,0.7014508204417073,0.8258599720218516,0.453885589208433,0.05240497889733521,0.307278773179843,-1.684871668374954,0.4665996700967299,0.8368635351727274,1.5209380391995921,-2.0473945461905245,-0.5560499092921366,0.3522164642975817,0.9955040187822378,3.142215464913051,0.03907555250060715,1.0970333408117012,1.8745410457129152,-0.0236131803403197,-0.640072537571135,0.3191840904603914,1.9818398698836854,-1.659976765457377,2.2202461845211636,0.07039947209803142,-1.6809144386504435,-0.8252927987843209,-2.3906005918476243,1.8408783130730613,0.8586614278904291,-0.6354492596258854,0.7853733410583609,0.910687190144712,-0.9661417060480064,-1.757349837283289,-1.2706783139187128,0.506892235471256,0.8823281451023013,1.4150828161370965,0.9662255744647963,-0.9921336023513456,1.2790226105247715,1.1723577240312653,1.548632728109464,0.20892588397130435,0.5386795728000423,-0.5411243814049794,0.22107826701243383,-0.16978743915719524,-0.49446791112507443,1.4122857154730446,-1.0862974696527803,-0.053013787719670274,0.36460059198001327,0.1294440443524248,1.5404882448013124,-1.7299697186384466,1.8507938436766938,1.0415409114225684,-1.4032733376891355,0.09992280288097273,0.31867217893926536,1.127112735092225,1.4329863080563305,-0.030832823120337943,0.653689283906097,-0.8732931746283321,-1.092318954297216,-0.30170805986493143,-0.5631962789009001,0.7790961066606344,0.24477059115608674,0.11067371124392959,0.6264732877115544,-1.3731526745661182,-0.8840257295754329,-0.7277820020121084,-0.13237780436775032,0.10685992584009357,0.12481876393540352,0.1611589069220409,-1.5457006900662578,0.7807282308414759,0.1629934327345723,-0.02197123709881274,-0.5614974904409102,0.017753909693548175,2.9439483439594447,0.372062683292469,0.760756652507959,0.3183243639729325,0.17095999556547148,-0.6762747594995536,0.2890281009029585,0.21214417515756956,-0.8192433695257295,-2.2302555049857347,-0.7952860616879699,0.3102582498211333,0.020734597635431975,-0.6573579157971885,1.5661356408468692,-0.3985669538028006,-0.9715964574436847,0.042672024916949686,-0.8536163364969096,0.2018119427492937,-0.9711780640680765,-0.16404145296075254,0.7861786888205117,0.007138088109178015,1.8560615508629705,1.4786926704923433,-0.06785472116567709,0.7641544469461587,0.9205970930193649,-2.831003926761894,0.5041856306018128,-1.5418535289966484,-1.9327819318527002,-0.8319287546518934,-1.9433187765634399,0.3247809462844963,0.9851087206722111,1.4215669061405583,-0.8830632001738059,0.943084948200414,0.7176287335227811,-1.2831741454791366,-2.9135053955149743,-0.051687739662975025,-0.030502265837417275,-0.11263890623227117,-0.761918258690087,1.242571430391458,0.015140203967847043,2.508360370900893,-1.2092805268068274,-2.775849890669927,0.20922738778420438,1.1325968922801548,0.05840515144594556,-0.528585982675744,0.5343070434318742,-0.49121824382097895,0.8767012986079911,0.19397606516462593,-0.2555858932043142,-1.1507510052184993,-1.0935293659681806,-0.3951471251123696,-1.1094741595899458,0.13594223571933725,0.04164079725925854,-1.3654790387031737,1.17245814298221,0.6978451215373764,0.1597081570067288,1.0859498688459175,-0.018235902954443765,0.34177030936122565,0.060063308946017135,0.8687940878765791,0.5231805263857884,0.9031087942538314,-0.027360748396904375,-0.752306313975729,0.5248567652419436,-0.23884092599553886,-0.6412025678837748,2.8521452322156904,0.14168874983647747,0.21662223502041944,-0.7185978412556941,-0.43159812196278724,-0.2749709699940508,1.069744464959084,-1.1054123055636784,-1.114227275239775,-2.8628458274274187,0.10642401995319375,0.744203709061569,0.19926592323763645,-0.7422273324793823,-0.5577254539162373,0.6336880214947301,2.66084848821592,0.41045000425302985,-0.5639863356681332,1.9683263068582233,1.0361174362838748,0.4777789651712272,-0.3350811780314235,0.17938685628769016,1.0115184099009589,-1.9255042444008401,-1.067206641327458,-0.5808162394671856,-0.5918869195818668,-1.470694899377949,-2.8114778512000997,-0.2195016982920837,0.6422646691660121,1.207215145617819,-0.5060322080746628,-0.15363227110795824,1.3112295333869128,0.5280577906816802,-1.7267356767894573,-1.492141632438598,0.8903611089255395,1.387403168987025,-0.9014272777159288,1.1508983633641905,-0.292428095145679,0.12293409884879311,-1.6049679098890368,-0.32353550112908297,0.6759315776538614,-2.9090864317378626,0.3709309037538436,-0.45245321494072405,0.13779111802938304,1.9251920375959326,-1.5886471558585782,-0.6346289127687792,-0.9855773218603257,0.4075670593484655,-0.3351156472896418,-0.6978165187854484,0.6387815729688143,-1.479502682165284,-0.6793160964455893,0.6841458661097815,0.5410167273998555,1.4624346124246395,0.9659889779335605,-1.355126890759909,0.44326236064785335,-0.4775628001059728,-1.962026846331675,-0.2856192975921312,-2.1691914031946933,-0.3886603458141423,-1.5395843475479463,0.7171392050627069,-1.6027621768366531,2.060864846136259,-0.449241712008121,-0.7298964329284741,-0.1960446127575476,-0.8023317639757325,-0.8162402991485018,0.7924573738798715,-0.8898495256839714,0.8705794558707656,-1.4812644265014336,-3.549336915528063,0.3832960870933994,-0.5225032862098572,1.220424592551518,-1.1296804728052061,-0.42686929333618606,1.3400799811386097,0.4940253779797351;-0.3631436928190918,2.897301067408935,0.39527483218699305,0.06849820227268665,0.5388718767714542,-1.8225598443665965,-0.7180267450625667,-0.1298260397160665,-3.8030544747384645,-1.6629785612358925,1.8602118967079684,-0.7661445885782437,1.597148374848163,2.0397133359461295,-1.5638330016760136,0.12194550512477774;0.365936691693156,1.7518277356388823,0.10528678313716441,-0.7314151237646588,-1.5853014866814912,0.47374870102280564,0.07325114692455717,1.1973462187150374,-1.4862811224243762,0.7299388111832511,-0.7005389619805378,-2.005293463499322,-0.5749896998553533,0.3956856997594087,-0.20341334001511738,1.1678010194336286,-0.509556595495122,1.177563624685352,-0.8592947622700207,0.5919019721967579,-0.34261988869347404,0.9467220085963318,-1.4029427743502334,-0.44396947649250906,1.9731274710420688,-0.6221580101441498,1.4937247149966701,-0.19206262074763844,-1.9495389316606437,2.142711308704639,-0.9298673396267981,-1.5549028542753045,-0.2499417302699472,0.7191311161610052,1.5355612632963238,1.1007619306027308,1.077878226444887,1.7078388860463707,-1.4985307522138733,0.445940430603582,0.8763648611920025,0.3626665712766351,-0.4056130803883048,1.258175222744424,-0.09160382837330047,2.4790797256963666,1.042451934909232,0.9320936483150868,-0.22523001487696234,-0.7978272676571266,-0.9546205752657354,-0.3541392312978462,0.8952148734834606,-1.0503939160033529,-0.06019274412957401,1.2199001154024467,-0.5004030353019736,0.23992932595580188,1.1379394962023273,-0.9884998141479869,-0.20361009526890073,1.6460659630506105,0.5543914314399431,-0.851417335696235,1.4899877388200553,1.2868144638890069,0.8039900289230698,-1.9053032830834193,0.32199148948276635,-0.25731976746892665,0.005467137266591843,1.9350133680469916,0.3154665650697424,0.5863559015230191,-1.855203548030709,-0.339944225948873,0.42220247144718587,0.16384609096316377,0.13034120411933317,0.7379232010158969,2.278838482932183,-0.979371706509853,-1.428324978174586,-0.43357518661602334,-0.807822768369778,0.5471291855084459,0.012985273049893838,-0.31476987855363103,-0.39166950466308603,1.0085512796489775,-0.3874680918949306,1.8477730664926697,-0.33702086181170576,-0.42804225806788454,-0.24623874514676958,-0.504838452811572,-0.006148712869553992,1.1929267380927062,-0.4512682581176096,-0.8269297186647796,0.8004157632482676,-0.1967387566314967,-1.0388323051517878,-2.1622414487839476,0.3988002376162322,-0.19487623287943442,-2.49574473020018,0.44541212886647524,0.320345339951204,1.0344938662659815,2.319150919688391,-1.4895713709369882,-0.6669372974215898,-0.3490978362973744,-1.0802878785608532,0.14096228069831007,-1.9622957842469757,2.180592092122942,0.30513210194448737,-1.4383072398074734,-0.060111870701811426,-0.903223322565222,2.398120120526074,-0.9039222774510524,-1.309809158358872,-1.1060011859470622,0.46537466690197926,-0.223836965122247,-0.5484466976467246,-1.8416946620922399,0.46493698269483963,-1.2102515979841775,-0.8215942332602924,-0.47316478647063803,-0.7049822934754177,-0.901393034945817,0.3670368760330768,1.7834895782352505,0.9228476075340326,0.08285711593260259,-0.22368257214891202,1.167760800119208,2.8695197287927647,1.9556810088202448,1.1361831184365003,-0.9282456503739952,0.8543664519013613,0.6763924140678035,-0.1900615545859371,-0.35558519162386787,0.9405974567067215,0.010964536526192056,-0.3442880286493849,-0.5268982520383315,-0.3451335536350959,0.8677096924851727,0.45641002343572334,-0.8715123942606532,-1.7009307467327517,-0.9542935661600994;0.4635518936280493,1.5224385377808585,-0.10403440138266301,0.40180644348724415,-0.008131213616871635,0.7147890547163567,-1.6061715333186486,1.48719604437703,0.8522156559519786,1.8192338085608162"
22,0.1030847878527868,"-1.6687927318449947,0.15682867460178299,-0.5811872003625539,0.745875701140029,1.2751028701092584,0.027745441559073707,-0.32323424775556625,3.0401544370436007,0.2144056930063031,0.21229084385813365,-1.177274014486338,0.7058709625429069,-1.268753422727016,-0.4289696143970188,-0.24194838562231724,-0.7693074650307302,-0.9630619801021,0.9230408174663616,-1.8190121735016924,-1.129212254891701,-0.3302519876883845,0.01583057771245837,-0.6158972188322822,-0.8427322760468947,-2.3830566496922443,-0.24827709188814956,-0.46807117117550034,0.8523853277466462,-1.3650340823899318,1.7355711377347813,-1.2440224038060304,-0.688806997919113,-2.2510612123560616,-0.573728601138975,1.5148519968357648,-0.0648065282487921,-0.25510314735226874,-0.010543223861542779,1.918309618816313,-0.05881725453733289,-0.042182501133984834,0.4798190036769454,-0.9058919541780885,2.1179344941470615,1.5533012941166087,-0.40446341233469896,0.2518154409318757,-0.1392891171442989,0.582878890674031,-0.2079294445746873,-1.3888406772770505,1.1174054604315278,-0.48384519544574817,-0.4817337206468996,0.9697322814140934,-0.9637005410530988,0.8593323197132248,1.7674982258853322,-1.1773636993030652,0.10435539699990759,-0.4812170339412785,-0.5247455006199515,0.3301990185303975,1.6404962787687478,0.8923999394630511,-1.3454380025219672,0.21154308200247493,-0.1720644683571945,1.2984918392438591,-1.0205125070545507,0.7233115586176043,1.0622352526413215,2.1616510731597214,-0.3458777404168384,0.3429558803324232,-1.0662169516711208,0.5620390675537016,0.883961562138352,0.5325642912258796,-0.5724778084778243,-0.10951445028348229,-1.3571469084683827,0.15657031395366203,-0.6899535366074043,-0.5110705474742877,0.4838075044250622,0.836706446207881,-0.7817194911172836,0.9030654023874252,0.7844940044152198,1.7131802194033527,0.6778561886171263,0.8712436651334037,-0.3490858734655386,-0.43146254548654683,-0.3504299307810835,-0.6131616275499163,0.7330867918663995,-0.6921283883594399,1.1759963046082849,1.082955247330398,-0.5314046605529014,1.2478018533131046,-0.47771313775504304,-0.03624554966406864,-0.4292284898833695,0.5106320972403035,-0.9074506622863213,1.497984409436423,1.2617048769138497,1.4632199336578005,1.621199395184939,-0.353567191646177,-1.7553151085152567,-0.22850313032980857,0.8127601771772008,-0.26257362436181814,-0.3057317878785981,0.6095980024599115,-0.21763436962508348,-0.4387306092584928,0.09448949154623063,0.19755758214563532,1.6793071823505872,0.9441638381709387,1.1293396602536871,0.358085261491647,-1.1086527034271392,1.9943253962310168,0.1436683459774774,-1.803924164484822,-0.38264047922594036,1.2826098197220042,-0.5677225512218296,0.3736550149724777,0.3382319495482352,0.8916055497408704,-0.2805883138609469,1.9543183941569677,0.21213099214200176,-1.1978543755623003,0.06450421066662382,0.17655431396212284,0.14330773167438957,-0.4312621180985768,1.7753204897348303,-1.2406139913410867,-1.6002707288558569,-0.600067357319679,1.7990350255181524,-0.9930093255694343,0.19413932456623062,0.3507875698366925,0.030463589018162887,-0.061191412450789615,-0.9355743484303509,0.6939471230305139,-0.8160523938358821,0.5762049051388922,-0.15007379740140334,-0.5337549949429998,-0.5137673391208293,-0.9841351015845261,1.936113706719596,0.693419975427725,-1.3071281229958003,-0.6625066440615389,2.3552629757967187,2.0919242962453617,-0.2661168525144114,2.34715311260435,1.7539573957156387,-1.5452852366377219,0.19837475953595482,1.0269133669395116,1.3444045644972213,0.06046098064299535,0.2556179264490472,1.0666654006291587,0.881583381913313,-3.1028720306241104,-0.18696699747172907,0.5062140523147092,-0.2343221370191747,0.8036416062930924,1.5664664355175444,0.40662241302839136,0.9427556749060557,0.31669175972504016,0.18404477981221215,0.9483834908339771,0.9165786927012562,0.3605974172000651,0.054984268966177176,-0.23641552099088006,0.6776685400179097,1.7635526518482934,0.39308561451356877,-0.4700417854664617,1.64032324846881,-0.809522640377967,-0.10572232761251066,0.4746512390127008,-0.3949650056844459,0.3717354580832513,-1.44519166171065,-0.6472704049419032,-1.3531930604060782,1.195463083971565,1.30110301658332,0.1891720367893175,0.44964736875509315,-0.2621201516431187,-1.2910577039811906,-0.7154519798410248,0.585720602079931,-1.1674286680831882,-0.11950652043299524,-0.3409963913086415,0.559489335049634,-1.2800887420048659,1.3757060108457932,-0.24647479737772165,0.026565127284897405,0.034218475807006765,0.2195649435688775,-2.1566336163088438,1.372403053134871,1.1828356144328458,-0.9652248911150296,-0.87079011926647,-0.08692313346155126,-1.0656222910979842,-0.9902855468948747,0.10904930258660993,0.75964273868634,-0.3798390570263215,1.1001876522964023,-0.5640139110304992,0.533963261813204,-1.1667541866298823,-0.8756755852800385,1.4024043582174703,-1.1919070745124203,-0.9218905457830234,0.685804808876015,0.36421448244676863,0.7656542177613491,-0.7578182529044853,0.09250151820227807,1.1298830113720741,0.1234172152254647,2.5842058150140104,-0.07649370162397165,0.20190043514042924,-1.1728593034869017,1.0345125978736784,0.38261422555863367,-0.9854962368445561,1.1211723143807621,-0.2260593834610416,2.0950188686251403,0.03749824843386214,-0.6842143104897879,0.2006494940998828,0.11958554926196867,0.1369414100487096,-0.6238419133658077,-1.879446710458455,-0.2460958254122033,0.2407691254632321,0.6138696951506336,-1.0303576933140117,1.5236125724238883,-0.8399655904970996,0.14027116312032023,-1.4124024213297919,0.42715758680292965,-0.34031375244484297,-1.5046671206193807,1.1232049998989144,-0.22270139996364519,1.5051517477580731,-0.6563915981340561,0.7737615257028835,0.9621283484206784,0.15348886851502924,-0.5154271788264788,1.7521238019982,3.2334224033116152,-0.06817542248483537,-0.33439977849410885,1.2448860610015646,-0.7720052219072906,-0.3812479700039541,2.05191260697344,0.6500743384076203,-0.41006083100250623,-1.8907474698860265,-0.17467775261798676,1.0353351503590824,-0.7606339736204313,-1.88013941601577,0.884488531134924,0.24434240897644188,0.9163714148492789,-0.21456607427192956,-1.4191935380054541,-1.2796564992451667,0.7881484146018162,0.5100558027331937,-0.31689394654533043,0.47041748727344346,-0.11554315989163218,-1.1613221390272,0.6116605301595576,-0.3750223242858363,-0.7482517549368222,0.6611842536002092,1.6507847996747456,-0.5215753061673213,1.5156926671915385,1.1966988575579258,-0.2877806856288124,0.7690009514345617,1.109926362470876,0.0012242497729505475,-1.5799403429134273,0.5567611135394737,-1.3959639079072563,0.08402253855424255,0.3260903709245122,1.1147801157799613,-0.3770971634161765,-0.6411408298177346,-0.35151659454095907,2.1171150248952433,-0.13375565915282223,0.22555893320793868,1.739335430119681,-0.037754041521670306,-0.40038596371533475,-0.8341755021537876,2.231792435029108,-2.4758400694087546,0.1943690657422676,-0.5148912718423202,0.5785708489389347,0.06810467842574051,-0.2127275389453287,1.5702329974057565,-1.499914470048502,-0.06990283056359638,0.9311809314853458,-0.43412599664609364,0.08022515407128906,-0.8579672389687829,0.8052984993164695,1.1660379227413604,2.3195539715492015,-1.8418512004316352,0.07203095443207302,1.1318231011635742,-0.21156612618046966,-1.8888592415039123,0.16959275266473542,1.317092198909643,0.5946232841760573,-0.8806380248496919,0.20585771427436345,0.16375646142467518,-0.5353854330770635,1.254833363953423,-0.01412747956842957,-0.8381915505981715,-1.2332602893473552,-0.582092223481071,-1.5560236979176405,0.8795170102358905,-0.6661354657799557,0.49347137580556044,1.4563519547720476,-0.3180053996885272,-1.658405972281681,-0.7059675040221233,0.6102826705126547,0.25887973026384303,1.3255690217063616,-0.07412796166273826,0.8577665696062305,0.8965161707136627,-0.2994284681864592,0.22592721145713623,-0.7708623027211247,-0.8640781686643554,-1.0030976248732564,-0.5291600968140623,0.24655621338693418,0.5179238782105415,-1.0685684086884175,0.48795788731572903,2.3667685679888018,-1.5520550729238143,0.3848663008341617,0.3132152855754452,0.11590938212163102,0.20268147660339197,0.21223217273299252,-0.23844094158573728,-1.8688210654382231,1.840459827746249,-1.9913061138742976,3.2021933804342377,0.40036496836984914,1.4720669432147664,0.12520072471082494,-1.230380436237743,-0.5445374212804123,-0.898663142906134,-0.39159965061949675,2.390853945334498,-1.3072148449517962,0.26642177149833635,-1.6857869952041917,-0.774604731662651,0.4128719279036325,-3.0344554526763656,-0.24159820668676218,-0.33316410782243666,-0.7261294432797415,0.844848711429735,-0.9393457229820363,1.9860419068224748,0.5084025829007416,-0.19836013589162535,-2.9271213780535708,1.5152737488697774,0.42815110902119546,2.1477137268676345,-0.44263956399177956,-0.32077706472773515,-2.083340545807489,-1.0127822089096938,0.02597711795463231,0.13466474879795556,0.3219805722386598,-0.11650129787394307,0.3796077083108507,-1.450384446384096,0.9449569091163688,0.701573969673238,-1.434631417638333,-0.18044757368710326,-2.023577344337703,0.9576362870983897,-0.6057802295381843,-0.7369967878521881,-0.2504169864291059,-0.35116968829716844,0.14833357793082155,0.985086259011564,-1.3759286683787866,0.41989613106268314,0.3583400760280197,-1.0237784388277142,1.1752097560662162,-0.4413897917615898,0.5195499689402034,-0.8367904345891379,2.4069418033609953,-0.2685777144526033,-0.2312117063177332,-1.3401373105301517,-0.5015821608825637,-0.047225076528107035,1.6357741147291358,0.8030248862394915,-0.18716752670816306,-0.6300199165191889,-1.7594253972520375,-2.234208246631928,-0.15426923058335557,1.3066869042848372,-0.783170151206063,-0.25093954120789164,-2.0929859067265104,-1.022810484444863,0.15987806765810042,-2.0444197946523164,0.8952836134074008,0.29999367403063626,0.3259621182080046,0.8554620950805145,-0.6383707024840088,-1.2898826948193143,0.6360936128077385,1.0230020817457166,-1.1752660337208862,1.401008296027654,-2.488001166963957,-0.4353386292847041,1.086111124068167,-1.3479663820268915,0.257589813705743,-2.31964862200088,1.2437423244888866,-1.3942073066927054,-0.09338628943837343,0.949574118831345,1.298671253461682,0.5128052649144141,0.6615748574957343,-0.5236207212235412,-0.5306052106460618,-1.010351252958487,-0.3356348097687817,-2.136090202341196,-0.9595422886517716,0.35880901369040885,0.6713584997753029,0.37080318084114705,-0.32721909251732834,1.0157542252375766,-0.3207428966708833,0.5203825942637623,-0.9260616051384147,0.08727367571510855,-1.3407550865416806,-0.4736823507522159,-0.9005838935262884,-1.1712265914726334,-0.4630392033931816,0.10646466658464818,0.5543495084642438,0.4687035485835726,0.6034958506919335,0.5908992494572487,-1.1600092182572905,-2.619947050633183,0.3324941228771065,0.008484264004770481,-2.3101724529289447,1.7320768819414707,-1.120031363681128,2.1992172784335273,-0.450184364232587,0.9760637021582328,0.36368898139991523,-1.4058021835555523,-2.7313270943837225,-0.06921880748377657,-0.7356421456100187,0.26668194106052207,0.8844407189899797,0.8866017955304275,-0.12728646384258502,-1.6598551168488502,1.2213216166293603,0.01790900584875403,-1.5725580195794826,-0.9130879934693402,-0.3195380787047252,1.946090451269989,-0.42282873058378867,0.317474663746542,0.03131475921239436,-0.47079825633894956,1.3971501024502346,-2.189162235450887,2.509959524977536,0.24585045999668828,1.290581128904143,-1.5390010766013922,0.06582420074403213,-0.04306648231650634,1.8181946429024356,-0.21885256189001762,-0.03758858740369067,-0.8323300697346276,-0.3682846682621161,-0.10656248005933057,0.09526134905345693,0.27833211502611205,0.12259580029168624,0.28609415026785856,0.937367273012003,-0.5105053049383865,0.1110598870457638,-0.06409522064204526,-2.2076846165887014,-1.840967365497259,0.5732182854759719,-1.148085844123174,2.513719979310312,-0.7301163196147616,1.3247506783452447,0.49369741661902905,1.715651945537303,-0.5103731861399192,1.0157348481771067,-0.12777390624665091,0.4356264781273018,-0.6002567594010876,0.9587437478771612,0.98074230431132,-1.2775958403679053,-0.2455782424662627,0.71935217437522,-0.42794906360967955,0.15137345602331734,0.9012933545573355,-0.03188965775901012,-0.514582443157836,1.402211168455648,1.8272714609459462,-1.7254556830147916,-0.8068016437685902,2.7421658771231834,0.4218916576195996,-0.1909121396963397,0.07231949196000516,1.1386890507398564,0.11290130778566657,1.292976324022285,-0.6634578130422331,0.3822399039842296,0.0979672897081106,0.8845922076360196,-0.33901229823571233,-0.6770251879671824,-1.7219696249030318,1.4647271293995612,0.43995133967432104,0.1304818311238417,-1.1746127202205372,-0.25713130139633233,0.004418982320117573,-2.188807612694714,1.2726937848185238,0.12120170229418394,0.15625688884048605,-0.0022072279311586007,0.7026246200709096,0.8541886279667337,-0.14218879223579262,0.9524509617540424,-1.1829136699522798,-0.6135348699485057,1.7290454747212776,0.47006885623912165,-0.859028842983076,0.6446520544731227,-0.029413542057312378,-2.72860845187153,0.48279186555430437,1.117859171558156,-1.8908252459511175,0.4341040812737165,-1.0526601322726115,0.45803063377162767,-0.7751477912521888,1.1991004566672232,0.7166070595738361,-0.3808642694489811,-1.7430754951157894,0.022925256189097243,0.2131411971210804,-0.2085358440486385,-1.8341063495912897,-1.9213258819627517,1.273384485616926,0.5962493180165649,0.9319173681835937,-0.6629278464495802,0.1850609807153586,0.1837850515928982,-1.3021524197892962,0.8603889036924605,0.09178536575704495,1.276155348611875,0.959579198554319,0.04217245476816009,1.5308994261460738,0.44924783776659716,-1.6683174749986058,1.0771357862073907,2.614193839988741,-0.2948349883175131,-0.5345328442476751,0.9769494880791494,-1.0939127228102303,-0.3740518689402724,-0.7241465337147194,-1.3425113286806005,-0.1585731318761392,-0.7623598845954692,2.88414718027037,1.0054174095741415,-2.410168410742782,1.9112003196565084,-0.6194956400748919,2.3972688420601007,-2.4746790774139873,0.3946696887734751,0.5773681445782824,-2.4949464736552174,1.1880843284088778,-1.0854393363641623,0.05215092594700847,1.4889652239513225,-0.7771550494351225,1.8055594450613162,-0.7808104405122916,0.9373097565219566,1.2141829862967264,-0.7286902249588885,0.1647150627501217,-0.6685891013247065,-1.8714099677291836,0.23000409561755775,2.111169601382796,-0.3121147340027614,1.830706495118042,1.5313261493110342,-1.145172494312802,-0.5146007089488133,-0.04444588267518374,-1.299717449794888,2.2456959454000445,2.7486428232908526,-0.43797072097264755,-0.18818662015381557,1.759193549677274,0.2754857812518215,1.8830151874615788,0.5472211647947209,2.2414819277604465,0.4198895173026724,0.6249116563061391,0.8635625306246418,-1.2396297720756164,0.8034071473979747,1.2627670170568046,-1.8773805050831172,-0.23011843618331185,0.3383634690472597,-1.4286288964249056,-2.7171772061887043,1.482510316311292,1.2171495630148397,-1.58432703947801,1.6514220636125065,-1.5424784498671502,-1.9118289120121574,-0.649042652288817,1.183255223410976,0.18710712712169622,1.2523670706150725,1.0268420092029213,0.20266620072292774,0.33849780912318883,0.03975815738041365,-0.052508056228359745,0.7222447262241788,1.0960106153686413,-0.3912640352239422,-1.6593989507739018,-1.5283059801904701,2.715304312132035,-1.4667684535898058,-0.42767712917401085,-2.2403818016922092,1.1561617016669845,-0.7110769369187847,-1.0973324736619468,-0.31186889797439654,0.8066202166694549,2.1593373036608985,-1.195301689152928,0.029625821704748825,-0.3886519531726021,-1.6028484077056144,-0.4965492153300539,-0.2227086034276986,0.3438710000107325,1.1287151954520611,3.528010519438046,1.250733433138998,-1.857794508291029,1.885813223240549,-0.3562029191366696,-0.017317367571512046,-1.7027993506986465,0.7360091347518493,-0.09773002732835342,1.5966985377513194,-0.28054135496178545,0.19388178336615408,-0.5893993810007703,-0.5739041428368812,-0.2484951680469582,1.8639441962732062,-0.8586126306656319,0.6696814084982213,-0.3288603858457577,-1.4502827445887856,-0.9110387138606953,-0.31597925528510623,-0.4760395556347583,-0.058978396909427466,1.3370202862364373,0.9377244289813418,0.34528845521624163,1.3052173439376957,1.6581899018737318,-1.4457981828399764,0.9255635801214893,0.17380302583892568,-0.3577088012202136,-0.5107132852650547,0.015049799863375457,-1.0390603939947445,0.08944153295660442,1.0206927826793804,-1.0263350516764762,0.6113527357042677,1.183880094179998,-0.7138436246860529,-0.17222892216393132,-1.3399689297077824,0.579363647502998,-1.1610545357428552,-0.9241663612912413,0.6875107219395145,0.5772836875063353,0.37791197138540156,-0.6487424596629224,0.04762858910327568,-0.9881442376106423,-0.7248099621655804,-0.11230465441552918,0.021807527202429927,-1.3244334882474105,-2.6363348563628337,1.2056197932908634,-1.0162182336650067,-0.13356204875938887,-1.602161971540803,-0.15367834699672075,-0.5090369633265411,-0.255969397021456,-1.684665186933481,1.5885586974233579,0.5893919400890086,-2.3201452804711367,1.0121250603478502,-0.1838371020371786,0.6482754467548124,1.1372897716635366,-2.0948125896791874,-0.01158065906247649,1.976371331250067,0.04978875040425935,0.8420522266878429,-2.8883716731101967,1.3441734320658334,1.8323781619544919,-0.4118341227630963,-0.42676782496019494,0.35555503856600096,0.45541876356208777,-0.5183668766486423,-1.150974300937411,-0.275800337609988,-1.3656358348054505,-2.4792938132672595,-0.8833814483256305,0.7191815578320436,-1.1506127002624558,0.9334797917720208,0.168623362849864,0.08239418981461377,-1.6509819454660946,0.904628149299643,-0.8028288203577367,-0.7169684150742827,-0.22102829129810941,-0.9756929833486455,0.948076095837753,1.1120600856751903,0.2521428878397075,0.3498383349435015,0.614300886064621,-1.3517170159449083,0.5506232079589456,0.7413936011404707,1.4306839290021864,-1.9495305043566145,-0.8161104504378616,0.5476388061460535,1.1523053324135557,2.8634026145131233,-0.12939130386968922,1.050922650208628,1.841697316135289,-0.1431312894579756,-0.3390308903816807,0.48691130919996106,1.7381679717305425,-1.64137488152666,2.321912361019009,-0.3037418847750343,-0.9875716996044132,-1.0244036790311792,-1.9042509432307189,1.2710473212337692,1.197320974660733,-0.6528407234373833,0.2955535021260983,0.9252448167690861,-0.7432759865462347,-1.9492350410778703,-1.3045573293498738,0.4516420885379965,0.8964150294572178,1.357195068502188,0.8264832106864564,-1.4302574814802567,0.7805515376699272,0.8045365996152375,1.5247328428084623,0.3256621637359367,0.2525430794823633,-0.3030998737000842,-0.03429761069136047,0.2517470985957917,-0.6828946829127718,1.5740750193282869,-0.6972338755713575,0.08715555923189024,0.7113328605812583,0.3115390841637137,1.5746321204295621,-1.355576265754435,1.7462902537652563,1.2558315805703384,-1.708024299352199,-0.12050890103669067,0.35856107794690817,0.9682440029820564,1.5963802066306478,-0.07872016017551822,0.4127962233224308,-0.7284750109844234,-1.0642112108158561,-0.1294528528151529,-0.8510634412692202,0.8139515842657749,0.3876178705463498,0.40918032314037084,0.6622677418471212,-1.4928388599425635,-1.1132058277158794,-0.7026594433428914,0.07912099288301105,0.3144616885079768,0.11586132780192668,0.26071340052229197,-1.821317368427984,0.6497573195554155,0.27331557317456767,0.07294608297221092,-0.6531490169547478,-0.08742132115368605,2.7098493643060753,0.9398426046840839,0.8594917947157252,-0.050158613849286965,0.21682502586549915,-0.7801164270725681,0.37625451751498706,-0.15848462867231827,-0.603369392945875,-2.449467464390646,-0.761073790776506,0.02378526695747806,0.3453574043236268,-1.1065642343138549,1.3446320027292045,-0.09214820097185909,-0.8263242876136395,0.2823347724699502,-0.8234755795603566,0.5647555149968435,-1.1735003607643775,-0.2915050329318055,1.230776261128317,-0.42072051780702585,1.6741028895094527,1.0493305194590232,-0.1784885462318614,0.31593671973111426,0.6608626271667521,-1.7143878455029595,0.7609885892653534,-1.9136952390689168,-1.7591076504214893,-1.1748167599484367,-1.9864125289217283,0.30325554678534217,0.7435105510363698,1.912711885103733,-1.0316490439479913,1.04331257491043,0.8188042540187758,-1.452853578562398,-3.2756571331147466,0.00491034169786965,-0.4697792283594469,-0.3659651689148481,-0.6282227047569428,1.4227492687015992,0.16241211242898151,2.1818076666249264,-1.2353815159633565,-3.2788977157797685,0.25970916826947377,0.8647805590496328,0.23071373521439556,-0.30490119619910455,0.6163693021534439,-0.570779076101365,0.3266377362805614,0.5747778348584618,-0.5383554470121136,-1.2754589538236338,-0.7628076247318043,-0.6155855941562772,-0.9813976730200509,-0.43606839543558784,-0.275358657670142,-1.1046624878263964,1.114914594267086,0.48866710146673664,0.3994694895060311,1.1005367999747024,0.020285958348021646,0.9695419770914123,0.09209894447852995,0.6569949104833678,0.3358154230306343,0.7301033457884197,-0.4302770585981761,-1.2448228989690198,0.3379656984510696,0.1401647825331773,-0.530050165470724,2.739422508642998,0.07887431258835818,-0.298056007493476,-0.533768049535815,0.08551463516761798,-0.2067576134830133,1.1341038970681308,-0.8009157545419558,-0.9293480848615625,-3.1156037274353467,-0.20847642427986138,1.1771651310061704,0.4075971552819678,-0.7661497375839879,-0.7278397634579743,0.5608912310458033,2.681778310414172,0.006777731867108783,-0.576770947076574,2.0127981985253474,0.9070691454116472,0.33312554343418904,-0.036186778695238536,0.032259191559705386,1.1144227932169632,-2.1097715012077716,-0.7796349836929602,-0.7297786712951883,-0.6240040623243106,-1.5821740367009474,-2.6768761102308085,-0.4995441502991469,0.4308168731760442,1.2184099543474831,-0.4738678624267768,-0.5611657403324055,1.1422278166237112,0.8673063480951433,-1.6094167260431664,-1.4282767334946467,0.9024669047575032,2.077870859725504,-0.5976434714604133,1.3438537666088677,-0.1345126143290037,0.2550645565415597,-1.1375407279940284,-0.7030583740971771,0.7733876240379953,-3.014019717097724,-0.03935873844483412,-0.27020343276844844,-0.05804119203824948,1.7064794901656595,-1.566639029619219,-0.9843941877908197,-0.9699625407471425,0.4385249900626194,-0.5024777104004771,-0.6164177468918985,0.5598669080594147,-0.9512790660032792,-0.5007489898998468,1.0227324332306016,0.6416602126243502,1.3350491062193077,0.786688074903022,-1.2108530195589033,0.4235584713731992,-0.6665489117689205,-2.0563351239607686,-0.005300271319907651,-2.106872275359346,-0.6373926819277024,-1.336098632174451,0.6145083613262672,-1.889969389312865,1.9463159483338117,-0.6676779186143699,-0.3280171865860042,0.14353548158763968,-0.5381025254994884,-0.9218784237547448,0.722269604685636,-0.691507530040965,0.9457484373500942,-1.382672209787513,-3.3004997927145783,0.735754912789024,-0.10280600433705425,0.8719874692799745,-1.2416978545712327,-1.0688727298327743,1.2862599946118098,0.6415858690849268;-0.33813712473690305,2.7576212733802516,0.4248868205004228,-0.2652050131539755,0.5830586406073699,-1.3982975699086353,-0.6292778904347128,-0.042367207820748584,-3.9358655045963307,-1.7312561676385487,2.022113685484434,-0.370679583791582,1.8394142308062404,2.02071617462361,-1.4791243743542122,0.38391023096017407;0.7709703281028221,1.8090265403376005,0.19993044201602075,-0.44575576068338446,-1.4157905273628881,0.4133540448326794,0.21070535866825477,1.202633028360055,-1.6263154564451212,0.42199428124304517,-0.6945287789103801,-2.6752894064686634,-0.24118277939882476,0.972201400098978,-0.18478567242661723,0.8666028586551188,-0.5222258244099104,0.950784963520922,-1.219501413701333,0.8524946132855872,-0.30348692489902873,0.7039376740277825,-1.6535686705182593,-0.13057211854863032,2.3742930488581515,-0.4639384370682683,1.3497069470189098,-0.496855807583182,-1.8249165209583422,1.5276069324294026,-0.6710897366138031,-1.6938107358082575,-0.08080607062344655,0.5988247781327231,1.6220191340650008,1.02992203767815,0.8645297763194755,1.701451881270877,-1.6099151478387206,0.03232830542624106,1.3005548624849252,0.16901150094649475,-0.3248528031577433,1.0590070246108645,-0.14263821320412443,1.914256937977055,1.1662360117424426,0.7120428357619839,-0.2864284594205097,-0.6465257394972361,-1.1748443256264265,0.15689526004429108,0.4889041573568415,-1.183750826684513,-0.17515988068038485,1.3579916348160779,-0.5279620552592248,0.15779308870876413,1.6992101978408034,-1.4695171767827446,0.15656723761063243,1.5528498604245087,0.37660735809074575,-1.0219892271514208,1.7423620073532302,1.1059868768432577,0.7795059511978226,-1.861735700298734,0.46845259839592124,-0.422993496316318,0.6073109479084571,2.354450023467069,-0.5401486943176256,0.666986719388919,-1.564812009898612,-0.3302019913331131,0.21138960329605594,0.2969863413905976,-0.024964228820036224,0.2878239563292902,2.114900875742526,-0.888129849793122,-1.2388595841837344,-1.3870848750880571,-1.0329420222429015,0.7182793380897285,-0.3520025242770126,-0.5514346587236025,0.045208545353971966,0.8718385894401415,-0.8401248072946843,1.5747403208771966,-0.08259690968178948,-0.5620143903503368,-0.17795601879921388,-0.20839630617258,-0.6472848144660251,1.560813274692283,-0.17028580248950753,-1.0841332158556567,0.5482768959774242,0.09769394361506244,-0.5999568063431652,-2.6457803630729315,0.4816869937103846,-0.28090131404234764,-2.377545895880939,0.24237679249691044,0.6207549379329945,0.9475523335223879,2.062077900171455,-1.360374473383036,-0.7116332889633201,-0.07956347566571269,-1.6053134357340895,0.17116339445152956,-1.7377503541157138,2.1426821706074892,0.2783170250011599,-1.2191240399053003,-0.18517254658183452,-1.026217871540695,1.9515712595210581,-1.1492646682332743,-1.514541873088676,-1.1781214775003883,0.30777607478895,-0.019290742860231608,-0.4970820822132572,-1.6242654070608917,0.6944276257744526,-0.8439908577509413,-0.8527728005611669,-0.47681904790626656,-0.9324280928225672,-0.9046245895373415,0.571458868838242,1.498287754951712,0.9346693235667446,0.23521756898574855,-0.1486464168681573,1.1440948250877203,2.9199490221280193,1.6703803194779785,0.9854432229034323,-0.6584080613018367,0.2965510272109966,0.5548134492654249,-0.28457290178331507,-0.40661708053476875,0.7654139916203093,-0.10147677922203978,-0.5022656228190272,-0.5354610557675735,-0.5138825276092602,0.9177102549140657,0.583529564708426,-0.8136538031475119,-1.4184195718521946,-0.8455183108582608;0.4195822230729498,1.0579895599189022,-0.054497087963110286,0.3272217903841517,-0.04283299764926519,1.0884596528785897,-2.0913336087107073,1.4577416131715466,0.7386049159726029,1.8700843320517282"
23,0.06344712752862641,"-1.8929816563733048,0.20027572747621908,-0.6050317422067281,0.8342557994721695,1.2830051475374398,-0.03365917579964438,-0.2550052093033414,2.9377086820192795,0.07530492647681675,0.2377457322463199,-1.2995004296959853,0.3713637002320379,-1.4178578554251082,-0.40422198158030187,-0.17357622129555655,-0.8631939739324667,-1.0611079196752207,0.9970915862628125,-1.760397324733044,-1.1515177234050908,-0.12325856065860911,0.23173805836286154,-0.5572916175939026,-1.319936966547967,-2.6018589456895937,-0.2943639174735077,-0.06984064186754668,0.8960270900653936,-1.3298206888736888,1.3550874128432362,-1.3383693825329894,-0.8329259161010709,-2.1311220055867763,-0.5044306876391064,1.3835322634433138,-0.06530586160731763,-0.646381733833922,-0.010978382073160008,1.8902085895569303,-0.044399548369545204,-0.25827783781880603,0.6750989389374278,-0.5486260138021369,1.8004619753687625,1.5152162207871638,-0.37076217381034215,0.2680910273587271,-0.11243485295555852,0.5222541372728411,-0.05758282906782913,-1.4091349009927094,1.1424383416906918,-0.5543746771501492,-0.49311966265056995,1.067573561470466,-0.9655282341425411,0.7445793349752671,1.857450665072835,-1.2718290789785818,0.29109464871900625,-0.5541013045939878,-0.7271247547459175,0.43470108253255413,1.9780334741212282,0.6727422272591497,-1.4966813436703457,0.018892361698402877,-0.2304492145294578,1.2981200740414343,-0.8656524372390801,0.8339143446651498,1.0725418810025584,2.270654507631002,-0.2585851640671899,0.26355713751927357,-1.161854259998493,0.38569256400803226,1.0158485330335814,0.3580579498705636,-0.8097625824581522,-0.20676508219139464,-1.3147614623127273,0.12332399131917074,-0.7958576468743386,-0.3048895278771137,0.4030851851542484,0.7366492207446946,-0.6171868730175626,0.9084942640641724,0.45332126480189516,1.7142250271133839,0.6422790536102284,0.573061578745735,-0.23548395049584878,-0.3443999782916255,-0.33681436728195857,-0.3756629062914032,0.8312831566517898,-0.6155392016428466,1.3275375247548884,1.0678922522095218,-0.5734568120700594,1.1088270667655153,-0.5827969374954477,-0.030287921693992303,-0.4979408563633151,0.5149278925651645,-0.7173868594629262,1.4243275450923931,1.206720821050104,1.6623828556290163,1.4255506359847743,-0.1807177708584793,-1.5383026101760726,-0.23806721020174038,0.4718686924062451,-0.208678664125478,-0.40910009450118634,0.6176103732192004,-0.4532923901697213,-0.2919404316154067,0.041853039409587185,0.11223681899240912,1.5514555152102023,0.994591049679556,0.9642414726708826,0.24635111110406974,-1.0617506601402653,2.0092990352214275,0.13336290275987497,-1.7987423656577144,-0.33750718535735447,1.227039915933412,-0.5548032232137413,0.47030277611351057,0.5197775896976229,0.6567190875497213,-0.14557631689064002,2.09954682659388,0.18497930408265628,-1.1495551757301585,0.06086561872136982,-0.07329433178965039,0.056261518312779035,-0.5185406189657412,1.8161836024935258,-1.1726362257484126,-1.4139567181793107,-0.767349477985247,1.6779985800946082,-1.1226757218785428,0.03876063690351525,0.34413104979881615,-0.15936517697321967,-0.22261849450274138,-1.085181781098829,0.5071527663072652,-1.0022933334529476,0.6847192228804614,-0.2561938487137833,-0.8008260820340273,-0.42602365610984505,-1.0326685839573495,1.8589657217102775,0.3901038027964283,-1.0972069587382212,-0.8197217720852463,2.2695505382753183,2.088349252972598,-0.23705319615337356,2.283283856346865,1.7546180357908543,-1.7030762648814284,0.21191730481737675,1.070620379733881,1.2718359004242015,-0.10747941278658553,0.1721930239546226,1.2953097749141567,0.8783091397587542,-2.986293431540258,-0.2011410988833521,0.2731800345449492,-0.41993981671694375,0.7650609533727991,1.3113938182439404,0.22318594155637012,0.8540523250534445,0.15032957442161166,0.4329569995738333,0.8357247593167202,0.8597132608004923,0.39757917433386136,-0.002797578994710309,-0.17541290171322432,0.6699454929866901,1.798674394552072,0.2876436182584175,-0.2865909735382276,1.5469379934351613,-0.8763613371119008,-0.4520689103737052,0.49994941173700314,-0.30847038213141287,0.3613273650963104,-1.4348355614616475,-0.787668790748938,-1.2587600536485333,1.1686443983026205,1.6242799298102357,0.3221176600046797,0.12181665600462185,-0.28795401580936614,-1.5860645847056705,-0.8202116648348029,0.49533190015792267,-1.0897511183466322,-0.07406541746329802,-0.23150192166077813,0.5846581634189154,-1.2342271955790678,1.5271620665373988,-0.14323856661891732,-0.09842866430183075,-0.015955656196448148,0.32297335196134713,-2.1027329514244237,1.5391953539752865,0.9433684969543452,-1.101272488897453,-0.9092730137167777,0.12433889098850139,-0.9219061403333698,-0.9728904317897196,-0.19100474297598802,1.057500897228174,-0.5235462517918968,1.1254468985259416,-0.5499423571601436,0.5264996897674987,-1.389307935896944,-0.8573644208819253,1.3258159609395301,-0.9301373998428595,-0.6281938564048799,0.48830433952299424,0.45653159066988624,0.811846174217003,-0.640810809758745,-0.06564706974366952,1.1854955367232898,0.14045278812103257,2.5877648985088246,-0.04667088178788785,0.1846371098970091,-1.3984842966909308,1.0034027216440666,0.29615084359748983,-0.9682331824886652,1.1133676376886492,-0.20167267790935722,2.330348195817697,0.03513154519234793,-0.5337408214538144,0.12494638018054056,0.20191828175179663,0.3021608867237858,-0.5973855705039303,-2.043855962526432,-0.43841151298778136,0.2459870781671593,0.6760274529805544,-1.1508566190943332,1.6788315693227818,-0.6690435090066968,0.32470105289284806,-1.2393721603053258,0.48103054745068125,-0.33443206464236575,-1.509295638809651,1.2856101161349407,-0.024848606900534587,1.777808912108095,-0.6338162014230992,0.6024169954366932,1.1029763369374816,0.1421106609194951,-0.4087720970046628,1.6428467565077212,3.2208707474695784,-0.11838833194476434,-0.012490086118955301,1.2967571271039098,-0.706250349020695,-0.3391821677414577,2.1095178906613827,0.7585920980825924,-0.49752321883333717,-1.8939396052009443,-0.025174143060438275,1.0474278445888703,-0.6146256162015287,-1.9432985639769809,1.017168370520788,0.25893118303162116,0.7887230570138248,-0.10373072341537955,-1.2557020069370841,-1.398436495812385,0.8132654676212379,0.7856448931926991,-0.2795779024157611,0.4577192376238532,-0.10939755188540892,-1.0194702341843154,0.6039717682032126,-0.5296851534587057,-0.734439384964126,0.5136620493136724,1.7128572129451483,-0.5829185288137897,1.4107341313113895,1.3806537350228734,-0.18064756973146656,0.4464376973590951,1.0989315045378063,0.27424275505420537,-1.5500943788638035,0.5665906538467161,-1.4068833458769967,0.2107336058555975,0.11274638234380904,1.0571758731477294,-0.09147316228185357,-0.7923001423673147,-0.1072342844769924,2.2493347510216024,-0.16247462479181013,0.08025797091113601,1.7299924353750646,0.04959329854898911,-0.6700814227527769,-0.558342900460501,2.1487222317569694,-2.4250439419825525,0.20136051121328233,-0.3364762467712434,0.5651585751791843,-0.08579411625392193,-0.2818773630555855,1.4371595664589403,-1.7432858310844996,-0.010955772873055627,1.0772378936625604,-0.4877105913538826,0.05308392201961152,-0.920885022380431,0.9207850560451241,0.9881629942239532,2.1836553831941248,-1.830358055158554,0.07346427487832968,1.0707368784970033,-0.15831650617792825,-1.9146763581414028,0.3104068286558978,1.190330758648972,0.44966259550960863,-0.7180910462006136,0.34437883357678356,0.2028669294878464,-0.2634556802805236,1.412467606097189,-0.03552523408494706,-0.8513470250421009,-1.2989189620370758,-0.542209497316478,-1.656663300889904,0.802326216469469,-0.649791355217151,0.6962293540864297,1.589926336543229,-0.35022495836646905,-1.4324124925959505,-0.7318134367671586,0.782637743452105,0.140543937208104,1.474020527013867,-0.08771169535450597,0.7615486381617493,0.7971858325690789,-0.3838563250866297,0.22372063364660125,-0.8685427627133936,-0.9198177732766957,-0.8882064167928244,-0.6674023061263769,0.264205458449485,0.7287386874708004,-0.7780664461537963,0.383494710180907,2.321130831748058,-1.5024463786699025,0.30198276047279315,0.4318066007397391,0.069536344620612,0.384577552863854,0.433859583697293,-0.1846343814459826,-2.047483698512205,2.0935720395472677,-1.872784397155446,3.3074134524233507,0.05957385700701097,1.5893023937850899,-0.10755873039221157,-1.3963794159105103,-0.41285318196052073,-0.7403556616635969,-0.35380482703238575,2.3134084486668085,-1.2919483434247485,0.5198729041634915,-1.8644176065522042,-0.9206664770359484,0.24018030413594532,-2.855591071070336,-0.40675291214086284,-0.46926170131042727,-0.7921090154683843,0.7626086716685279,-0.9887482025188447,2.091482960535359,0.37786753169366133,-0.1440709858600664,-2.8661684373014538,1.5396650064955144,0.4686777694210377,2.189307577555411,-0.4601481593088379,-0.5862052893739215,-2.1988236219535118,-1.0196548222314064,-0.3246663508048022,-0.005924129969081135,0.25562257573452585,-0.08357865257014287,0.5479513842251514,-1.4978085655858144,0.8953377701816044,0.8880064365575934,-1.1729620392078757,-0.07183182866904725,-1.9502485078972276,0.8863687536287433,-0.5093630134687899,-0.8580258434736816,-0.27189392833510634,-0.1514172814519053,0.28934174051854344,0.6915613386723773,-1.3867633734063811,0.47419798183711515,0.36122767509092957,-1.140503073321458,1.1738682989273728,-0.5499391485848784,0.2825766786931827,-0.4886576548691227,2.3317359394061516,-0.5443689376559265,-0.38445668509266906,-1.296567880443185,-0.367688274781077,-0.022777524645907887,1.8611818770531676,0.9112492539524983,-0.33595412415223813,-0.882207787810016,-1.858410808368346,-2.2626276547023236,-0.25669171903550747,1.5466860506473525,-0.8312748688319023,-0.21324153683163755,-1.562555317039177,-1.1585837410920714,-0.08238912410306096,-1.9012344018066256,0.769332780757552,-0.10331590732053275,0.4077871110880911,0.915761067373195,-0.32818702052751536,-1.2244022118839837,0.47859642858125784,1.0900553541690268,-1.3966328541128616,1.3012988433794723,-2.3401808202881638,-0.2427933050187015,1.1998123800012905,-1.1692952988754755,0.24533978662551764,-2.218982616149094,1.2236894718721807,-1.1706902961901358,-0.03272485021478634,0.7767537083621215,1.2481192279599023,0.41638440570387264,0.5473404008056693,-0.5181566806041185,-0.5194707300951915,-1.0104557402054504,-0.3137235453032624,-2.064929780557066,-0.9123422080790416,0.43967634620648,0.6648611133275111,0.5114784984974469,-0.3364206691088673,0.7704791033102527,-0.47985982156405615,0.38034732318369063,-1.0067195210698296,0.01134300822697758,-1.5235791998327857,-0.1909099925891054,-0.8202651661112689,-1.307532895261322,-0.37415037274527985,-0.009876845802447659,0.7222047672670704,0.5157323549767389,0.21143369927786532,0.8229613482009923,-0.9709045401593891,-2.4006371687411088,0.2020873709242512,0.14037484312121645,-2.327163129029872,1.8600424739205446,-1.2036877578458967,2.2655760499987747,-0.3166508145157977,0.808973721284155,0.5357302355761482,-1.3474050846856416,-2.691309584872945,0.10486204913218057,-0.9009091190736664,0.2896298767382169,0.6495185624957339,0.6801874215656274,-0.026154296070643915,-1.6446107824028342,1.1965182029200752,-0.07164305160900698,-1.2993714221849175,-1.1831887174777174,-0.5176679644794044,1.9519594199890193,-0.20280770837907364,0.33200872348202204,-0.07259698926779598,-0.5869826521860575,1.4586860969586843,-2.215101634170529,2.419962848580588,0.3355483607660133,1.5084998316492797,-1.4359398782154165,0.09881279700953531,-0.06465830323954835,2.013983486756691,-0.13972410372257268,-0.21871921271848166,-0.8742680101743626,-0.5472043492904047,-0.3759005897947872,-0.31467598931445184,-0.10678961133850362,-0.12060975335372812,0.365103242079021,0.9931882399696744,-0.3963116149059196,0.20808607050862915,-0.20959552527451814,-2.389911926724076,-1.8442809083638299,0.5140468233427636,-1.0297053057829364,2.466884483814869,-0.6572685791703156,1.1430109300000968,0.40088608325644265,1.7414999596102374,-0.548838879034789,1.070660037150646,-0.18031374920012952,0.21341301405294327,-0.26367582656757194,0.9933797626159911,1.0653706280146282,-1.3703150670313287,-0.1254374521827802,1.0003539450895083,-0.33655569907193356,0.013998664288687554,0.8208381405336352,0.10299491047452758,-0.7096623375298425,1.3565582307794424,2.0699454158340105,-1.7526447693455447,-0.8724712363912658,2.845015171824491,0.5352489598596786,-0.18533945751884162,-0.004351097553388153,0.9481084477729349,0.21513130152866272,1.337179569127543,-0.8251593622399758,0.4696297648683728,0.11240734278896158,0.8302796665673655,-0.290368718475051,-0.618750125548805,-1.747282916754998,1.4377110203815695,0.4498607633044561,0.19184255489069102,-1.407799198593163,-0.4671267219957982,0.03862643266023526,-1.9748821522757598,1.3459726604333029,-0.09125917602405131,0.1206949586501665,-0.13296489435531522,0.6411137725026889,0.854497839522718,-0.015040523900580777,1.0375691895296726,-0.8602046191630336,-0.5965112264312563,1.9684041808101658,0.6316876992424556,-0.8533699885657929,0.7673684448721279,0.121089880087829,-2.857612763160947,0.4262232681815078,1.087425869094407,-1.858097275814811,0.512574629563025,-0.8837464177424073,0.30039970009275396,-0.8186905172338911,1.3085430396620492,0.6896883546764638,-0.21123380518556906,-1.83859625865662,0.24743134991530585,0.37842230179248215,-0.2742257114933494,-1.5914050408544032,-1.908819886100219,1.4497039073571143,0.3533277575046545,0.8394663236075199,-0.5236655579760716,0.3740893682656502,0.11332474255695615,-1.458746645173663,0.6262658760721649,-0.0015190442175088276,1.191216962420598,1.0696550592479075,0.1183033269296153,1.674337157580248,0.49202551103442055,-1.8078738469874613,1.0929618510373305,2.543486788049484,-0.07229561616292249,-0.4309087115049454,0.7525844780271149,-1.0100175639747229,0.0038559679403946667,-0.5923077188161059,-1.4793803600381799,-0.1133751348899805,-0.9151680707507781,3.032737901032448,0.7499954301757836,-2.351785149784016,1.8516911023392655,-0.4751440347993733,2.2653270656480826,-2.4479434170538408,0.4185658887991208,0.7002270108328892,-2.4379397816469033,1.2019626239243228,-1.089015310369464,0.11161130152567664,1.5341320616541387,-0.8328996804213303,1.806066633052338,-0.81621071455677,0.8759249814143735,0.952114212756053,-0.5721472471636467,0.332183918222956,-0.44154209054361593,-1.894530450442029,0.24367098075797963,2.1205916613988944,-0.44484170237023146,1.8740138005560898,1.5680855996228427,-1.232385268271294,-0.6673976673273901,0.033304786254400656,-1.1097035646839797,2.388571434750869,2.658035259946494,-0.23624276433053337,-0.2194686647140467,1.8818085422511623,0.3741590448976762,1.9060306906758888,0.5839912720974965,2.3766397419459633,0.5440104938965111,0.41614268517374303,0.968076107660077,-1.4279151000384211,0.8448151127165392,1.2295625483440271,-1.8940089500175579,-0.06906076719973261,0.40444274939957475,-1.4731796379111113,-2.732457474415469,1.5347090448328125,1.1413739257361835,-1.5675780293533377,1.5434239782886308,-1.6031082560084875,-1.865321294615149,-0.47604748463375857,1.1443558092623964,0.17635171996933646,1.3267997003862186,1.0710189512050512,-0.184207507452043,0.3507436435610248,0.02057008287779192,0.15688246167454784,0.7078709299919934,0.8906982903498153,-0.28899886374922,-1.9560495450256776,-1.602621699728556,2.6883629332510437,-1.3402655417784042,-0.5269280267729306,-2.3274243887539083,0.9698227783412109,-0.5956297313071136,-1.062936131977641,-0.29356178718110015,0.5871832751727599,2.127291446140307,-1.2240248884571563,0.10200664668106887,-0.3078797632335286,-1.7496745828621043,-0.4869503948980833,-0.321866380216192,0.3665814065306451,1.1413048058220392,3.4228061697933563,1.3707979913469976,-1.9720959300469048,1.3880779107911918,-0.28163095780386094,0.036628277607293064,-1.767310045951987,0.8332616173549442,-0.10379872191777158,1.6520051618357612,-0.2317024855349632,0.30793345297010755,-0.4493918253243805,-0.46978186787254317,-0.16257470624384723,2.1159619671155268,-1.0106644195816061,0.6284439619524824,-0.19214815108026567,-1.536215141090446,-0.8017257537741346,-0.33682419402556657,-0.49539668677125503,-0.28793017866210946,1.2920848345177633,0.9463478938799039,0.7234178890567475,0.9642828584695078,1.625273555991038,-1.6462020430772044,1.0058070181160914,0.028166467988990418,-0.4400308010997597,-0.3073061247959605,-0.0715719083282912,-0.7767905597172412,-0.04556635028308022,1.0094716567388717,-1.0034919284131025,0.49585629163818035,1.2356713456140602,-0.7734504886664536,-0.2368536335368779,-1.5120840652887826,0.4259054268121222,-1.1685579324260644,-0.9363362339097201,0.7221882938509456,0.4070706248358232,0.31158308296850207,-0.9580657157663255,-0.08637762242116924,-0.6513861841096868,-0.9066099385355857,-0.10961872707103713,0.3928585461087202,-1.2063587506455824,-2.8026011629347,0.8901090221946859,-1.1679659698603193,-0.25826934513401983,-1.762867090386168,-0.2251078129643424,-0.36391652380554323,-0.20588628039105772,-1.8037598660672662,1.6506424126592654,0.5636074622918281,-2.551262465154031,0.7829176074324645,-0.4398256057855682,0.6240946987663702,1.061112043317283,-2.042759264240168,0.2093748910928953,2.037698329682933,0.11553754637825184,0.7816704871390519,-2.900962633896483,1.1745736127977562,1.9848274117251035,-0.3614219886457752,-0.7585548673678408,0.5990428441493698,0.555728422219328,-0.42006259498208076,-0.9753909085571443,-0.43121462403262273,-1.3617122834760529,-2.5657359695683906,-0.8022255026267887,0.5851242999084167,-0.866595381279168,0.7832157261539358,0.04386226814309041,0.16994095257406622,-1.4904934687764722,0.9347365987646119,-1.1136321239803577,-0.7533797685220804,-0.4738167939472243,-0.8914998716224956,0.8571921254328625,1.214348928349913,0.33090516640150425,0.36975164399072225,0.724823847788612,-1.4048341114571312,0.8099845587066539,1.0717588561666236,1.7002905326545228,-1.8764988950222883,-1.0141044106460433,0.5668409748120928,1.1320539310363191,2.854764543576295,-0.40799299245902293,0.9818847961032728,1.8840156185136767,0.03316745355346863,-0.364248981193418,0.41463825268820154,1.8287569791018758,-1.5149226217902194,2.312640334081074,-0.226261030829716,-1.058479188484534,-1.2235730993423581,-2.0036457338970806,1.3345073527825417,0.9675212428055091,-0.7624767012690307,0.452441994257299,0.8563876956597887,-0.8309525976460194,-2.016396242328696,-1.260428504797754,0.3833891271217595,0.811128635063478,1.3082530884248935,0.7659134805393468,-1.2923981105506919,0.6476908797607847,0.9556994714665347,1.7119263381201388,0.22865725648773924,0.3156524710530697,-0.34360568493353194,0.06639051936421776,0.03627082581044687,-0.6948657526895088,1.50315495556511,-0.5391623120839404,0.14931895989548888,0.665826646192763,0.20255211423109282,1.4067036634951111,-1.2116231226193546,1.6256551121237535,1.1527973646161727,-1.626652685472034,-0.2285122021664473,0.2806544835091999,0.9547540250497987,1.6622399467960904,-0.1785569832011517,0.41714867808303857,-1.0122778708461135,-1.1842379760150537,-0.09538172624939534,-0.932381870626689,0.8440915674333848,0.5223094646214166,0.4430621319177191,0.36646142350335253,-1.6782235597684658,-0.9256475380522367,-0.5864243117551301,0.31948225141422626,0.44538177573404136,0.009384575049608324,0.3777944969096128,-1.6340557242962317,0.5004269751587735,0.057649499625395034,-0.045087706561845964,-0.6632501011417041,-0.12586557665759046,2.533211472000662,0.9911442798750879,0.7462560004158636,0.06988239569986945,0.2728391920619988,-0.7723029806143155,0.1687487083638725,0.061946695927070916,-0.8692356489594262,-2.4111723488301897,-0.4311588804533704,0.11247641874373379,0.42096665050886856,-1.1389623247612706,1.382399636214366,-0.05084031933030808,-0.6638351046328598,0.11602156092466144,-0.785546140947311,0.585776864775086,-1.0521854514173803,-0.24549287114034896,1.210149691165182,-0.3144700536245993,1.8895003224682778,0.9414810288197759,-0.15898977846452367,0.310968755036852,0.6431460303594396,-2.0158311874582635,0.795580020279162,-1.926345653892979,-1.6588833297692773,-1.029665258654584,-2.0185733321504586,0.4525391767875987,0.8616727048131633,1.9782409859553898,-0.9433349976811296,1.0541097030977402,0.5840118792442728,-1.3905683888331473,-3.2516241880588677,0.023209092577494893,-0.4606032457077348,-0.20551054915111155,-0.446568103550932,1.3222330099589523,0.13235572486715638,2.22761741458038,-1.1912972021786012,-3.0070092494634526,0.41920879206502887,0.8751850449197055,0.30959788479851835,-0.650726662992156,0.5095152746542857,-0.5668685398912551,0.16513569902866854,0.576519386230741,-0.6408303293220037,-1.1434991083105412,-0.7236866014439868,-0.5633598469847996,-1.0463218971987682,-0.4583216193270795,-0.1748307593465636,-1.3999347312975234,1.0718802342885345,0.48042046167643965,0.42459031433773026,1.1700491589385156,-0.08307387588481162,0.8645187349868373,0.062494042332746864,0.8208210454135237,0.4689115239960062,0.7434081215694079,-0.6069955092742116,-1.2835707422588287,0.1589735663108433,0.10829095393075389,-0.6767904803108316,2.7706128331128395,-0.09481576048708744,-0.3274653934285973,-0.5821671690514831,-0.08168228334004944,-0.13752747544401792,1.3249702736535642,-0.7127878286340086,-0.9493197390085799,-3.052473743102196,-0.07772471328868316,1.1421945510273601,0.6133028997704502,-0.9023075308378704,-0.741404074303323,0.4792366705179327,2.6545563538076173,0.007592861250008964,-0.5623776863288816,1.8728969615906697,0.8602905666318533,0.3328084422435949,-0.30671368189490145,0.020954363274982294,1.1482730995737505,-1.8964522673789925,-0.6416416752426489,-0.5550807896513452,-0.7304474135972633,-1.6170620503379562,-2.970570563995195,-0.36255199346900374,0.6272423201164165,1.0961937991919781,-0.5577357290271883,-0.6250802482430124,1.0204577213765615,0.704645675776902,-1.3424788852384566,-1.5748488622781567,0.9270641013213137,1.8296083936417653,-0.37321457742666153,1.100805781577269,-0.045802304375471004,-0.20309384464675156,-1.1502282195852644,-0.8604177646202902,0.6693465530360841,-3.1448561791252216,0.21212819143769354,-0.2243264518410945,0.035940450563638655,1.5242805159553063,-1.559049113552242,-0.6941873476518187,-0.9192406728196768,0.48432227436643094,-0.44131719748332016,-0.7685113461202994,0.7215463727840573,-1.1533470318079273,-0.7356363027115354,0.977381855906179,0.8257380268948389,1.2871648487166008,0.8227907332178889,-1.1357995023662983,0.2083175490179343,-0.5720109704226247,-2.223269341616767,-0.2656586072716566,-2.1331298595102477,-0.6397597193350845,-1.4119621171042533,0.8510439202506072,-1.8584192424711328,1.8100714913258262,-0.6732773267288176,-0.5735099704668967,-0.04785306673871448,-0.5509192676544418,-0.9945664715394337,0.6360845443422853,-0.6557193191619479,0.9728024447907905,-1.7056202523075075,-3.231274232224544,0.8469016294239122,-0.04226074845981548,0.6950221418142916,-0.9216004610941092,-0.8609794150050822,1.2784714344012769,0.7788706980326274;-0.3575633634516511,2.7484032680603327,0.5141029790869956,-0.215009190034663,0.4003814804400747,-1.6440638794982099,-0.6028376695325114,-0.1507977436501564,-3.8106154856120202,-1.7052660382522535,1.8777363541455399,-0.43558585169627706,1.5986144896046002,1.8089128910203038,-1.4022056880688074,0.17230867305632536;0.6853252962149268,2.0715066724473425,0.3255299762674887,-0.4877456148230511,-1.4260552521036385,0.49415796659959355,0.105045442316747,1.3266492258233995,-1.3045702295850126,0.4600500454475018,-0.8515855924463958,-2.708644688774099,-0.22821578959742161,0.5586396282234587,-0.34293928432965337,0.9500429374952137,-0.6219318623945189,0.8188762798644365,-1.2525422685498024,0.9192439795267302,-0.2368942277864169,0.7071676002860474,-1.59986186839551,-0.23778180476690236,2.5604474803480928,-0.5529723467269604,1.4417138440461539,-0.5468336780839935,-1.6170986569927042,1.7095408979463436,-0.7420880645461597,-1.6161404974238793,-0.013216413379008918,0.7420059863751253,1.863068422650434,1.090638192456336,0.9184920453500114,1.6725724156222639,-1.7891385226092062,0.0943146456467169,1.4957988393093895,0.09389740861287171,-0.11523671262271726,1.189097220454077,-0.3231491184938313,1.7584107995384957,1.2217747871066091,0.7416120919546844,-0.37311526691539,-0.6339647698712416,-1.103476967917837,-0.03182739452892394,0.39598560685418677,-1.1103959556193188,-0.2976146561196155,1.6535937575134356,-0.6590900587961672,0.21751103139644723,1.5136623122100412,-1.2898898758299493,0.1633452211142134,1.6466022589426939,0.4470549037252753,-1.0787461008826067,1.7675627533969922,1.2140280123966096,0.788029942059054,-2.045844585402535,0.39512170082744713,-0.612857285769794,0.5155554706859555,2.157195050631804,-0.4383137065225974,0.6519206132010806,-1.759346203357494,-0.18195593507124835,0.17253825994916794,0.4538677312886068,-0.19137986862602605,0.27776956224012933,2.293887028339066,-0.9665515116275821,-1.5007242657508009,-1.2835763060349445,-1.1339994284116204,0.5552966185822773,-0.10113780136578615,-0.4615476500587413,-0.018489997851352722,0.8024873758710925,-0.8415716019506377,1.588125476799867,-0.2726098587199482,-0.5842231418806771,-0.05609683560926505,-0.3948392059321294,-0.6650594096153184,1.6079435827056905,-0.3858905323215681,-1.1564123797167458,0.5571821445260356,0.09337311952735469,-0.892237269304857,-2.5396312211312497,0.4827201291543523,-0.24522850601838164,-2.4902135523616757,0.4680048615975762,0.5880132628393827,0.9919025421005953,2.314359166751977,-1.362378221055498,-0.698290856506293,-0.03123700596086866,-1.6334398523375298,0.20953509519437868,-1.6862682913358156,2.231863629965581,0.09204306233127962,-1.1636347803038902,-0.27788099888713835,-0.8303798692610957,2.0522009386939897,-1.244311819415746,-1.7101498988856316,-1.2653444898290833,0.3819743274374702,-0.48848509080701763,-0.32974363311973043,-1.5543309241835581,0.6709821420915246,-0.9921496830214035,-0.9471629178491218,-0.4055867332628952,-1.0489205492015552,-0.5072744833144476,0.31506076544282535,1.6541354199522784,1.09155592148865,0.3797846195803683,-0.2727149154577241,1.2842959042513356,3.0526827981502533,1.5455163687017432,0.90373466761056,-0.7394714323122393,0.24838090099831617,0.46957141385242257,-0.21582518533386122,-0.4346005404135346,0.8589636875016173,-0.07686481391705498,-0.3966559951869121,-0.6602985858761231,-0.3032052653881751,0.8227036829050297,0.35187610631057686,-0.7717505356263659,-1.2840177319033323,-0.6973334585629792;0.47130989965570835,1.022629218014174,0.049948527604389364,0.19972795386842196,-0.14153014047726653,1.049333230093227,-1.5756042785864226,1.390490191646259,0.8447302159239642,2.118537917336027"
24,0.058278552651648774,"-1.644772800831644,0.13663142179073978,-0.48471797513800974,0.7270350629583163,1.327931262146009,0.06345108928253712,-0.37906884309208927,2.934494167986729,0.16446230724533023,0.022086163515296048,-1.081529961635743,0.3692711976878901,-1.0218885487027998,-0.1689978570269049,-0.404060260721686,-1.063005874102036,-0.8244074105715521,0.6958323060888467,-1.5902673979862247,-1.409742531778759,-0.035428499940011654,0.3042114718838154,-0.3076307641469833,-1.0157528172570236,-2.345567315793858,-0.13832989586945665,-0.2249407137291749,0.592177386677779,-1.3823845173317066,1.5196150982686425,-1.479233946694945,-0.3933918282284887,-2.217374899711384,-0.4559090785756259,1.166176405870157,-0.20117044355544617,-0.37139719210012634,0.21159377506582755,2.025649733014747,0.3227528941851799,-0.33414441476980766,0.45811352478314016,-0.8246682527903653,2.0455730260416503,1.557531903386931,-0.3870465258964928,0.35055030781362484,0.03374314781207452,0.7057816436755014,-0.020788633948407437,-1.3435274582883092,1.1916918799512801,-0.5338514957045113,-0.22154032143875663,0.9730031609584664,-1.0616698377972702,0.557035274968698,1.8454491964687159,-1.0346346044317298,0.627829071752028,-0.14488757937471924,-0.45178876214476854,0.41123709745677783,1.8516756553018001,0.8915632260519304,-1.5105779233025731,-0.2226020789988044,-0.19192275371628018,1.4944074152831812,-0.8554052067712471,0.9695841071813553,1.0701963357618856,1.9667909894410502,-0.31025094809419984,0.47140736324595534,-0.8720905646859282,0.4123132567013055,1.2412155839909462,0.8983228360757232,-0.6353417789986195,-0.07409666088476238,-0.9433941958914295,0.323138399691406,-0.3128152021600693,-0.6897963215124581,0.4879274304649018,0.8044279868233302,-0.6301651390910619,0.8108887208391846,0.4092216187730824,1.4572750363982325,0.5226983655799422,0.7179446900646518,-0.16248500245376568,-0.4690270473023631,-0.39499475104083903,-0.287789810420241,0.6863324850044918,-0.7830797521372679,1.481462584262877,0.8652580955381182,-0.2679507407485876,1.1499175928636418,-0.5894506787748346,0.18488721183881257,-0.25998030966724006,0.2709273882155614,-0.7024762312648122,1.2986775399131059,1.0056967391361649,1.817629559501716,1.505192843237678,-0.576311741974476,-1.7494608666849616,-0.19614285853096086,0.39979547396168874,-0.09645447558756143,-0.615893867670177,0.6989393779927895,-0.274594404240812,-0.28840065836035267,-0.39634104507535395,0.2652329831491661,1.5050538548586805,0.5897683487518656,0.8773253497501265,0.4365639499521561,-1.1011918806430867,2.060588502816153,0.11689314934668055,-1.6076194237900145,-0.49747480231487273,1.2765209653381746,-0.8062802337754984,0.38848155278905916,0.22133366808020782,0.9249932743802096,-0.4277571902128854,2.1331675029214043,0.19990988465976264,-1.0892891257280917,0.19559172366174843,-0.14592489489215082,-0.054465623040062465,-0.8635303116695737,1.7621007488339535,-1.3008973707525857,-1.4367146735364205,-0.4318634335842182,1.5374302239495565,-0.988181018613113,0.08408058067650803,0.1173668107158308,-0.18249588091409702,-0.31670081732231453,-1.095101272990277,0.4862483970739577,-1.032049010031293,0.47562884137029515,0.14320604250669194,-0.3376948283720807,-0.6148045119979112,-1.099050224143262,2.227491985273901,0.47120517847623483,-1.1097633239986824,-0.838749683488873,2.2985968151503218,1.8928127993710402,-0.3419325712172728,2.254359935502184,1.8505915068816026,-1.5951460771566093,0.2629086317436741,1.0139030380744056,1.464654494801563,0.01566821244367511,0.2438145678145074,1.086340222679952,0.5700029685544756,-2.9921833152593114,-0.8162349297642724,0.36408468308854,-0.37742040669820787,0.4842980756413082,1.565773959603447,0.40267279300633424,0.8703223796626482,0.08691448312241319,0.03357528495382421,0.941913084572437,0.7538822550377227,0.22783805492825207,-0.08576205447857506,0.22604409962107103,0.5565058360220164,1.4797705249205726,0.14786059352562136,0.011274203841246305,1.8517577558192415,-0.992692450369072,-0.1490218899887646,0.4093684428582373,-0.15008146615920526,0.37756447508613994,-1.5815338896864053,-0.8134633730522316,-1.2979765926865683,1.2152640402911807,1.7312701504436385,0.324256877191702,0.3501412987334655,-0.39812708073999414,-1.2601179916571286,-0.6806563691330976,0.2206303238024493,-1.0322238882077124,-0.0601525253854766,-0.3231847216500895,0.5260228612925404,-1.1336674270518399,1.4770943753216002,-0.257425099690646,-0.08055028607911403,-0.18676936514020076,0.49630934238242885,-2.203282058794767,1.2191495855648748,0.9898679538253704,-0.9281498276613794,-0.8785466729492867,0.3217734388552042,-0.953215669019713,-0.8674842088188833,-0.1446878319108755,0.9889783565702592,-0.48143506086154486,0.7489186120507151,-0.30258078737306315,0.5147262260085946,-1.3636417301012504,-0.4801570397668853,1.1490391238474806,-1.2818704039072162,-0.8857224581835595,0.46747703559246884,0.5601171676344631,0.6564499629840747,-0.5982523436762225,0.14949766929201092,1.3566353675751657,0.41163948386495447,2.5754863601094464,0.18640626708665786,0.3812220105859544,-1.056428908896065,0.9921976380420796,0.27144759247624806,-1.0397668187856177,0.8687012507393049,-0.1001806623176348,2.242888783019168,-0.006295286157340478,-0.545041323814125,0.23594002021257815,0.02561595877027838,0.17469152185461745,-0.6231702802976367,-2.168390268358759,-0.29020530625521923,0.06307281804835971,0.6133528986010063,-1.0248292220472355,1.429640831302014,-1.131970755569975,0.08459397130719745,-1.2353624506887053,0.5058369967758679,-0.47996274986464826,-1.5170122618467485,1.1039918442819374,-0.5158233799829506,1.37464817842951,-0.22890863740284217,0.6952942091150308,0.9882005710213767,-0.0051618747129374976,-0.6582363507809021,1.8106704820006785,3.5885428210335664,-0.00315535647487886,0.03405505157705756,1.2692500617772333,-0.9100013582226576,-0.7814660033649117,2.1856944689152815,0.7905653941841642,-0.6976200087290734,-1.9116322537034505,-0.11897345880869221,0.8205258228484167,-0.9021939553554458,-1.8675205828667882,0.7743163817347591,0.5940192628896717,0.45717164136899185,-0.3754318466894252,-1.0603385549039004,-1.3786233835529915,1.040311473815793,0.7333231845412531,-0.21028305073186077,0.5335832051495956,-0.19322165604035807,-0.8940565366759685,0.7576819656865789,-0.504330368947019,-0.875038650773461,0.3387685560325001,1.4790149129200658,-0.725648571167529,1.5687246782945927,1.2921206985505986,-0.20855774557356294,0.6196455382544428,1.1736460117622152,0.3464554438435283,-1.3426479092284813,0.3210595549665948,-1.0327518009136503,0.031741072369179314,0.39684382477712254,1.0119373997670749,-0.367550535382103,-0.954531486693561,-0.4936708104822608,2.245446270204584,0.10132669226372912,-0.129309672062467,1.4737371186847643,-0.008493972346563072,-0.7422716910269797,-0.537501680723488,2.2087461066596306,-2.565525890689209,0.28076386050732344,-0.14752455111534035,0.6037369846229661,-0.4918945827549576,-0.17473364229136934,1.354643997361506,-1.305953042573281,0.15319596554096407,1.1941554252266018,-0.23416799493673193,0.05893645110952435,-0.6896966211949629,0.8845384071632453,0.9432455082737587,1.9899756969786608,-1.9084752484504655,0.1884841705368993,1.0597355943117641,-0.16767868152843868,-2.303209370524339,0.44449120902121547,1.1811844055164518,0.5823237136775498,-0.8188161617195978,0.029698723767685953,0.01026124755016393,-0.3455083979572554,1.408339581399114,0.058400208313409696,-0.7361469846150636,-1.238939107448609,-0.47502631992556266,-1.8191536462279427,0.7975903830234418,-0.630534104339532,0.966062897245984,1.4399122750010849,-0.43700363517315344,-1.6010659293323382,-0.881572893241585,0.8002473519375746,0.2118729224957157,1.4941563246705167,0.1749962477015676,1.1385991269135256,1.061288598690553,-0.18586047459857077,0.03619681328727471,-0.8618265097033158,-1.0393097776036482,-0.9903022311272517,-0.38973991500283667,0.4069403510617515,0.5055435230812853,-0.5234625504893247,0.3386509155854621,2.0441926400454458,-1.6309649119434826,0.299636418746117,0.2924025374561448,0.018328216736902644,0.3047505681584781,0.5358401961326564,-0.21454245682399425,-1.8202052563983429,2.031486057715929,-2.010903277380203,3.39054157500607,0.2560485619421377,1.4025045699567704,-0.21397194187487073,-1.2975947885790542,-0.505561882486599,-0.8824789306724838,-0.5394036461324195,2.7068640236566277,-0.949881055327026,0.04676244443045261,-2.052089100525294,-0.7526998053335655,0.24735819205536203,-2.794584954149794,-0.19563348978981382,-0.6223353074773564,-0.3960436822631858,1.078634467532031,-0.9427778460886049,2.007732453147037,0.7615294748876038,0.15021110189358264,-2.8354679072813296,1.3973554347481278,0.27015887442319825,2.011613309584624,-0.6345554728420795,0.08822122215670963,-1.9285212504483689,-0.7242388947452982,-0.010345803493497396,0.3178099335762154,0.2045070507141359,-0.42331586173240654,0.5432421558771565,-1.5079519949292002,0.8246427677569216,0.9893949544669082,-1.4818958863560698,-0.4626771232666799,-2.2539826369353304,0.7144902942275648,-0.8630773950083901,-0.7185923188289903,-0.2596315226287181,-0.08925868662538754,0.28175166479200675,0.8286978544605201,-1.475652410241306,0.6787606471651751,0.5500301688519528,-1.1851082845710037,1.2745035192892287,-0.4128209533629038,0.10562288827818556,-0.9005444081619278,2.1603440463293637,-0.4119322019065064,-0.16373714915446386,-1.1226131472888168,-0.7182420547497382,-0.25463751916608146,1.7099959309121224,0.8059480778899724,-0.4901940112310631,-0.5122043208982225,-1.6842653124724771,-2.0719025979622185,-0.12910548601444743,1.712272932833553,-0.5613624936848014,-0.17477505841740065,-1.7927390681179218,-1.1610059382705682,0.11168818627920336,-1.972512469283327,0.6465798108308319,0.09993248719813026,-0.01909822814911962,0.8206987446633276,-0.3864444851055241,-1.4535264432242754,0.7771664640175621,0.7991333458090971,-1.2701785891503707,0.9973527206791964,-2.092356622059121,-0.24770554522248278,1.5200829911169045,-1.3732727078638027,0.2280373196613946,-2.2038849911296614,1.4026193114589092,-1.1916285060678111,0.12253222437922355,0.8590874141115976,1.1972368116001013,0.7041983174423895,0.22091853313635157,-0.4969768191445182,-0.05924754636275137,-1.274342872187162,-0.0069658089465046424,-1.8549126748854279,-0.9239553980055855,0.07628868454109478,0.9633673253487426,0.67001999351669,-0.22996859537161396,0.8937647145451036,-0.6042378066558959,0.32203970882878624,-0.9046073759676192,-0.016554809594790304,-1.2316908346592215,-0.3265191221489525,-0.815887939440135,-1.3333265219601542,-0.6213900872283027,0.17939610412341775,0.46230320394781216,0.45651707108061707,0.7830062679625513,0.3314799094519144,-1.4010628755223267,-2.2554623330049353,0.1531228200418583,0.4313601981970442,-2.1386220848927677,1.4726641197162573,-1.001401384905954,2.1577364293004617,-0.5248164241329909,0.7001076111769209,0.49102516916216077,-1.4371286176879636,-2.8696941675622933,0.28138050218510197,-0.7933120817302646,0.20341740971332323,0.7599143682793683,0.661217746707933,-0.17292761906075865,-1.7472749211755239,1.3988761956787243,-0.11102069016902424,-1.4704483195332212,-1.089281221526134,-0.16478483685289355,1.7898687117147853,-0.5526754169088747,0.4235315631773774,-0.11978709765427917,-0.7468891140106326,1.4683501257563991,-1.985621365941908,2.634174154593775,0.301123824651939,1.7232296527665238,-1.6756831415719924,-0.1545786243721265,-0.15246478300544009,1.9071507045283713,-0.5441019518291916,-0.29529986473732245,-0.8316478793078453,-0.29739350354162564,-0.2003743149254124,0.05525540914601018,-0.09496229668456205,0.27248902685083065,0.2908613150446057,1.0336071539248972,-0.6868395337024041,0.1522628653756783,0.022234826364793542,-2.333304401594834,-1.7562037719018075,0.3916397711065902,-1.1512143204448513,2.518333692748768,-0.5094804017747454,0.9365642039287136,0.4147638235076849,1.7198726707201137,-0.5453981739022117,1.056176071831467,-0.05513432780983682,0.25109611984993335,-0.6548663986191837,1.0198341457218238,0.8529479469402786,-1.0800005176373355,0.10381741250778712,1.2086430540492041,-0.2735866937864059,0.10582369233117715,0.8056353377954124,-0.027899958407830133,-0.5185097153347867,1.4012270261031796,1.814092787658981,-1.541846203199119,-0.9559215080815262,2.6538736476065043,0.7469865740642457,-0.12205360834884782,-0.04304969440682723,0.9657095947451666,0.038922761237967674,1.405452682522443,-0.5049879580621577,0.05776167090180499,0.128501006953665,0.6092122430453787,-0.06920797463292969,-0.6208601907667703,-1.7906225099089312,1.4946466628000354,0.40813863729537636,0.014809238092755583,-1.203204751073951,-0.27938074921424005,0.2643020141007364,-2.230440076892596,1.2898662991083907,0.008150683557094168,0.1580963237676872,0.13858282029619745,0.799285818860854,0.7168271630252713,-0.19695124086756483,1.168967795817122,-0.8767664307239987,-0.4830028096424941,1.817782560828484,0.2650188299321326,-0.9620312833376394,0.36950223382633696,0.38826297079825056,-2.8353217103852577,0.3335497590155124,1.2869303121264504,-1.571582196345846,0.573765437375471,-1.1231064754656115,0.5786156275854973,-0.6643430467189245,1.1214593977951612,0.8808190543997008,-0.020047085424405073,-1.9492813650503826,-0.11854546087780277,0.16606255306716136,-0.07921785509850043,-1.756825947043782,-1.867206597109925,1.2843352500208645,0.24260849518951175,0.7859937686898507,-0.30069995388313703,0.34664547405050744,-0.06660591456511228,-1.2625889532805796,0.6741669149604754,-0.021424863824825835,1.4484104005021676,0.7985284871913166,0.013433729064448396,1.6598483275316496,0.3469346176301813,-1.5741118187821221,1.1717459432920778,2.6962674174330585,-0.5232400908957633,-0.4214976107108488,0.6906386019808549,-0.9924608329583202,0.04162648351648561,-0.4024527239696488,-1.6585682202979628,-0.03538434656852757,-0.49531149635056804,3.259865785750925,1.2463098909767503,-2.681801519786208,1.9206991576273622,-0.47369627406697173,2.260015078660255,-2.593530336047473,0.3178244543986713,0.6302862586409782,-2.4301655437590606,1.0950938394769572,-0.7687644987827729,-0.014973799958017439,1.493692251374228,-0.8504719053018466,2.1303183050725965,-1.1646595171566372,1.0350372891932202,0.8759156366262328,-0.2872143311163498,0.21902567217848315,-0.6211385031342527,-2.152871195621561,0.4512066475652374,2.2869367244493795,-0.09265242874307289,2.070858502602799,1.394710790137481,-1.3416350321457273,-0.6455183162245849,-0.06390709093876824,-1.3442254126953395,2.219594869643215,2.622378706296028,-0.5062903598182027,0.026277501361519247,1.7153855840616674,0.03825859806846277,2.031638753721044,0.2071092642127509,2.051024223204137,0.37066685390408827,0.690978767366996,0.7908991418168179,-1.2415109365235535,0.9850363398929842,1.2937899189173931,-1.7028131878516801,-0.1749506401728316,0.20453694531394462,-1.2138192552016305,-2.2100657380879682,1.275491546510901,1.1526653013314943,-1.4026653131390712,2.0300990591617767,-1.9776402754002893,-1.8827509725127922,-0.4911684877224718,1.1692075404784261,0.2896385626988452,1.6009949436196202,0.9729471057514112,0.41993437665041883,0.5488362190074777,0.13151028150421262,0.01768409507946829,0.8019472056457926,0.9372047887058571,-0.24871173403526775,-1.6657975110931158,-1.4437674865332946,2.6923236496870158,-1.4037920352244935,-0.23036261901328503,-2.1016126479860984,0.808392042730774,-0.7670273423468824,-1.0731336761656636,-0.25680150758055426,0.3588729551103258,2.373097607510191,-1.0906024349085115,-0.03662774500707974,-0.2518071989618983,-1.4012143952009963,-0.36374582645929615,-0.11034236968369682,0.5483322985688869,0.8925221487661321,3.4725841745084662,0.8499711054705616,-1.9261501569854835,1.5186522407679395,-0.776937342433182,0.24979061121064314,-1.4669733615494829,0.5371263999420044,-0.4189220137226979,1.6992660198404772,-0.40541913779572436,0.144302228262669,-0.5638205925893724,0.024037167703467727,-0.4681037064167891,2.1455784796441044,-0.8328679971489208,0.5149210781231416,-0.32757576684360473,-1.5891036116008805,-0.704605131296673,-0.45150515356843807,-0.31169828821898504,0.13541968282120626,1.063181052340203,0.8720530992370967,0.16865635200078444,1.045032656783354,1.8709714853310686,-1.62832185026469,0.889732863897691,0.2931368567420689,-0.12029262454437537,-0.7564398602322098,-0.1271458321265854,-0.9667506577143868,-0.10240113687764467,1.4243679075633557,-1.0272131816126906,0.6923348542138685,1.6368072663548299,-0.714691812788122,-0.4765973772455586,-1.5709156462151526,0.20488758817654068,-1.2202258269374933,-1.0203065383771908,0.8355370053467661,0.5277878943488996,0.3744100336831467,-0.6891178086675027,-0.05869637612121618,-0.6605268378313531,-0.7774738648588998,-0.08156641050340574,-0.10753335411715134,-1.2914874187764283,-2.869323043246086,1.2701927177112236,-1.3129359983068878,0.05946959621091166,-1.838894781484845,-0.5601479602550902,-0.6181550049018921,-0.14302932892297215,-1.8585413603677114,1.7620122086532672,0.8475012779233604,-2.277681117136038,0.8463091433688621,-0.2368953639538948,0.4806196271761084,1.0363495951757047,-1.8561903767074515,-0.13364828122342887,2.0443313471147877,-0.19489408806180097,0.6428541074448119,-3.1200168313645187,1.321758337836918,1.8326324618795742,0.19494493083251344,-0.7658636782668502,0.5642981871147991,0.4502016904479889,-0.6918740285799286,-0.8649817842143301,-0.36735725851181167,-1.310161608285296,-2.6621330696427354,-0.7410398256997894,0.3918725241189067,-1.2786238101045344,1.033910888561218,0.17605865775461096,0.2313892825145728,-1.8957155898297267,0.8740649106383667,-0.6651013389779123,-0.6558455983087967,-0.4030423257207843,-1.0673065635753995,0.8196937422430445,1.1705965012866115,0.20067035282058393,0.2169650789009514,0.5891140132256882,-1.4798848720228934,0.47808406138883636,0.5252116260158113,1.1902873280222277,-1.893750355357987,-0.6828291587449903,0.6583212130611397,1.311157391383266,3.228245892632523,-0.20092944990390277,0.9490586192774592,1.9954244764813096,0.01811885396761366,-0.44810813413040324,0.6790565533318037,1.8080133143677857,-1.6809799439194981,2.6222472851951686,-0.35385903133895297,-1.3184031746887452,-1.0420249786810094,-1.930520470555714,0.9537681340465769,0.9841242172683574,-0.8241559405901289,0.38494143234026224,1.0271263961650061,-0.6366445404290281,-1.9805068309142884,-1.3858552640312338,0.36118612327819527,0.780650628171116,1.1634121979374976,0.7693616471357584,-1.1215310876164601,0.6865303307200448,1.1209601671686105,1.9794400906233616,0.11754650835543862,0.2837980454945104,-0.2501367493963844,0.3863819341152968,0.06867373132951039,-0.37156650314959916,1.3168878824262091,-0.7125069942388496,-0.04569331223166383,0.842007714635699,-0.026956542415067723,1.144293439478532,-0.9296810917870872,1.4897267598492976,0.9727825072994876,-1.6758838556359674,-0.2084147309032591,0.42692302764896717,1.0242455150676064,1.941717988442491,-0.22167582977378592,0.4760254580254464,-0.872658922584236,-1.404765371623885,-0.0826969851393931,-0.8655284280042954,0.5130056992328577,0.6132206019726759,0.36979217460072317,0.873061676820788,-1.7126336773012163,-0.9221145452224079,-0.7550354545504101,0.327766350524077,0.6929365280816383,-0.1558305013116321,0.33960467547087103,-1.8812863098018027,0.6254168452728958,0.32649435016434886,-0.41290799661615174,-0.8461873418412574,0.05523137040690944,2.9776172833237284,0.7607276056780433,0.3334423581343779,-0.1695357762026061,0.06149910024596705,-0.8371814072397885,0.11487836371185281,-0.18877999256577943,-1.1763164195750966,-2.2901831129244137,-0.48727491122009475,-0.036122086065922446,0.5274677244779293,-1.141824933202726,1.065764693476891,-0.04985085842245019,-0.4916335310510054,-0.011986166327471001,-0.8753442291806693,0.4325302300961499,-1.1493168393321052,-0.22102467396844916,1.261783209502543,-0.47066547395586045,1.8374777374134013,1.111360146113504,-0.16879293837923282,0.7278952825235334,0.6503550458436882,-1.9081045057116197,1.0193663834385196,-1.7667630486569657,-1.6734512345646908,-1.2275002270815385,-2.0326224343666595,0.15430974309637996,0.5077539209281257,1.5751531861851185,-1.218919387329595,1.2958066706625146,0.9773212720443496,-1.8680325168097582,-3.224356369725391,0.2766752271480941,-0.2962651482473695,-0.4209198158709383,-0.5697441432033548,1.5118316575470834,-0.10136976195204367,2.2813708815577356,-1.3620270030391022,-2.701587670483753,0.08551977312261441,0.47476780112495953,0.2639214916105617,-0.40486950232156393,0.2603748148034897,-0.2958930116475028,0.2526989695512871,0.3951266327463119,-0.6358901186647562,-1.4320630028251173,-0.9723101200390636,-0.6515313939629606,-0.926557330027585,-0.3980176183374162,-0.3514339267578762,-1.4169719245827097,1.160810805279026,0.428856308319809,0.6131124022366559,0.8566412417305411,-0.05901878290596431,1.1330989303202486,-0.04344162902168649,0.9045108143800168,0.18573934204418957,0.5273881516642711,-0.46982409492696753,-1.226737734659337,0.33885272994740756,-0.017052861350102408,-0.6353999644119432,2.7621635913697045,0.08177228346679799,-0.43660290045972655,-0.49496369161094633,-0.07450458913263866,0.00843832565471403,1.2995192454052302,-0.7828638624662321,-0.8601857751583665,-3.001711750775155,-0.1062645670103009,1.3520313167729887,0.3708901670621252,-0.9384543886847181,-0.7574729334525359,0.8102635684531609,2.9060931442176443,0.09554976618307767,-0.534873000512151,2.0275832924554478,1.0961488797814816,0.1875299898141679,-0.19708841847125214,-0.1374666051884318,1.2472185083837928,-1.9151050778227034,-0.87870225877022,-0.09515631716911066,-0.7611771841258574,-1.8894610101469391,-2.637358330552609,-0.4500821352071579,0.348152396470075,1.234046092932368,-0.3198880755748623,-0.35257070935723855,0.9226110025091445,0.26076735127292605,-1.0147676089100772,-1.6119138508878328,1.0867832192491875,1.8762276146676462,-0.3981126070943034,1.2852192087325676,-0.197289435067533,0.13081433341715334,-1.1391723581159239,-0.79782626376907,0.7122256541643178,-3.0396657558924045,0.13588447490406685,-0.2994366573968007,-0.3115089082056225,1.3882400274626892,-1.6854214395967904,-1.0989855781935465,-0.7487646590652123,0.12225219380226714,-0.2764231012143932,-0.5795895166700175,0.3487203129831638,-1.1911416359444629,-0.8027293718144184,1.0738985072524891,1.0286875196305474,1.7228108457806095,0.5660076034487751,-1.002703962305577,0.1456919100785087,-0.5573218292826989,-2.1438805933475114,-0.08747089501736387,-2.3838281395378838,-0.6105469740954959,-1.4357426070256474,0.6019058637742902,-2.0877627210353573,1.5640883145523254,-0.7919156021624556,-0.5049092371906874,-0.0074186944811557055,-0.45762342978341963,-1.0223093301268653,0.8371774286155071,-0.7000097012911567,1.2377023244426866,-1.4936810115005426,-3.002895710861364,0.5462692935543395,-0.49783846087155403,1.0173566696279983,-0.8583494057146274,-1.0434436402605272,1.3534606561640323,0.5286814352521081;-0.15086832919137605,3.2430032797132475,0.41897840494770267,-0.022398473178727972,0.31580893894723105,-1.2391910609454042,-1.05618115812809,-0.04471516579249314,-3.9078292586121974,-1.7878253463877343,2.041394992183986,-0.48212512687367115,1.6919986752155487,1.6861778216444654,-1.3770798094406291,0.6005040555804657;1.0833907126852098,1.9647824826331879,0.21781616365685685,-0.3464556397420683,-1.608528421307009,0.3562039578080703,0.026886609549494178,1.0290039633762431,-1.4274788076306228,0.45368733465009936,-0.9099830222097446,-2.703841437510433,-0.15031437516037494,0.8622571004977869,-0.2853157262024261,0.9071738654555056,-0.6869822196107689,0.8218554169483382,-1.2775426594214747,0.49384876847880177,-0.11054797359872946,1.0828468388293429,-1.3816421822003222,-0.3152058728268823,2.4857889784253016,-0.4509538767099935,1.6184014006830507,-0.8985540520276826,-1.743596995687494,1.9250944989341745,-0.8047833506165751,-1.4916676629487793,0.14564563373133033,0.6335276794303722,1.6631044874059966,1.0461307527711519,1.0274191528749248,1.5925696882419944,-1.6063310781890983,0.10161550259687607,1.3544097988737538,0.18733248023849697,-0.39558445438959633,1.3162315366249482,-0.06024521822974954,1.8860569571211778,0.6988656967485316,0.7979044558268116,-0.12382368722681168,-0.6754931342920657,-1.0047358266323698,-0.03730503269444044,0.3805595492729452,-1.2627569004380435,0.12405122882345278,1.0549977010147529,-0.6294014555660808,0.2364992092485321,1.4455122083749496,-1.4098757961776485,0.13145506785909516,1.7271736417402415,0.522848614815589,-0.8659472742101467,1.7615455109515064,1.410871851007651,0.7918596913274631,-1.7183666623822749,0.38800378537369085,-0.5605739858002257,0.1490484706012744,2.059469280506915,-0.604828870164731,0.6344962125233489,-1.689873442765302,-0.1439831946962788,0.14714676663223925,0.42242667335475603,-0.21581355656709256,0.6051027608377298,2.2268375682593122,-1.009577617434691,-1.3373437984650531,-1.1142433944712886,-0.9433149001319566,0.8240490080627677,0.11755259733662378,-0.45945922195812233,0.11507501716766752,0.8446972244509328,-0.7427144464576458,1.718492542755799,-0.26479105389781654,-0.799172137512166,-0.1042539973864386,-0.10583347033341423,-0.8214812910870569,1.287685890818461,-0.14920126571881248,-1.042158386158856,0.640516062121729,0.001828901801007643,-0.896442440093155,-2.4347360477781086,0.4250316010224236,-0.05630414154209405,-2.4468410941167877,0.34530918447621156,0.33398114861837225,0.641366822596682,2.099950038388984,-0.8685796917404388,-0.6762938188814146,-0.22007338481607797,-1.3318094016080002,0.23743810923836917,-1.7140994400905778,1.9429936104077064,-0.15367864057267602,-1.2661288017214285,-0.2684601756672688,-0.6338722831806717,2.1140830926356973,-1.4823570394958077,-2.0087965782644304,-1.0259114471298045,0.39330312166801773,-0.03684109690771881,-0.33484670111992076,-1.5003983530976026,0.6685174893646737,-1.102435163755887,-0.7956799854901212,-0.5533490772454586,-0.9520601269834406,-0.6309063556873682,0.7219981550307943,1.6635053148143362,0.7354014185022474,-0.0033551361921586864,-0.1201737151171704,1.453320241564663,2.6509051072700336,1.6605894255048417,1.0083220654328373,-0.8291257547669015,0.0565969269506377,0.4191498636876559,-0.03478184990762383,-0.16556220578206712,0.8396179774689434,0.1438722810244254,-0.3501835945191646,-0.5876582578286884,-0.036308529767613215,0.6899887187549548,0.08789659226002502,-0.9155637854668299,-1.4545485016308206,-0.6046960026572001;0.28014925026737336,1.1100822447329344,-0.1855826675852023,-0.036354099773419024,-0.047101076691708446,0.7144854060215434,-1.6985240764960055,1.530314323212329,0.7564991265617278,1.7652605217604453"
25,0.020612645413364883,"-1.9173416277597162,0.5079853771101135,-0.9712992202096126,1.1668352885510103,1.0001500711426359,-0.14807737042659352,-0.5339228450799106,3.229694986489653,0.46688248389790904,-0.07255447757588433,-1.0106897621257263,0.8503959596769833,-1.0656930917737757,-0.43980904104717466,-0.5995546521914288,-0.631728355005217,-1.35406449051864,1.1472855198726193,-1.6332204036800673,-1.4277861806818684,-0.03420798201571662,0.038091873418865774,-0.7582035911751024,-1.1364913502575338,-2.2335089497778573,-0.3378571185403329,-0.12931512789166963,0.8525334403086776,-1.3774017016654605,1.36476479765078,-1.4183078092384545,-1.085620204937348,-2.2794148875047853,-0.5142156053358893,1.4279145820404502,-0.194009741159125,-0.7426031847799675,-0.08536035535946464,1.5707224209763357,0.12201075858578872,0.08092347377208817,0.652799022813113,-0.9799183764421355,1.9870492953094898,1.6795851376295037,-0.3922951110889389,0.13812004262106983,-0.4782885184104657,0.4269641306825944,-0.07802118083059345,-1.4198573711430038,1.2675541956010896,-0.012552661995830827,-0.5065608519133074,1.3307720357277488,-1.087861464563302,0.8100317775397347,1.8491239091203107,-1.1038781050567656,0.6712778213090133,-0.4291832917340526,-0.3646309576383622,0.46768257570958843,1.575702597909766,0.599584014716377,-1.7386140932618894,-0.1463358741095467,-0.2665848754961614,1.2694616390503781,-0.6232073946456956,0.9248265044541881,0.979652006382921,2.1119399193678143,-0.274399485561478,0.49834435384362574,-1.0113604096913986,0.2506882228330639,1.1976002976800184,0.23826766302517727,-0.8152791489345401,-0.31621290516952494,-1.1916486312637795,0.19797211664509973,-0.7353173466470514,-0.5016119746200894,0.1130040159955852,0.5220221465134626,-0.8704833100013645,0.7807299305031712,0.5007158823130705,1.4222952171227492,0.44863974891175884,0.8385230406588217,-0.31032848389176676,-0.599584064317765,-0.280503295017404,-0.34067779906082657,0.6482617544943615,-0.6902847864431122,1.517188149944587,0.9178867180054524,-0.5046129718226532,1.3324479795551445,-0.36479656752836254,0.0417263467565872,-0.315322056725213,0.417091567766344,-0.8838872578904882,1.4500935454239792,1.026099774598435,1.537266020757567,1.2337822175111444,-0.4097588688871041,-1.0663237021970853,-0.4811053379123451,0.7497447066926282,-0.4549203660038213,-0.32880110747755825,0.6007464011834243,-0.43116983668353814,-0.46578157410475385,0.13752186476942196,0.5387041270765413,1.58714980388678,0.7766079576034479,0.9977550893685039,0.01982970439075933,-1.628283997878337,2.2650614082385863,0.03807507783124556,-1.5389805265523666,-0.31610240157698954,1.2488061849828147,-0.058825282734199125,0.4396537670836854,0.4039508924452915,1.2779082783110258,-0.2152368357844326,1.9025708125168599,0.41554959913329254,-1.0787200942139537,0.013212355808090027,-0.1176302513687504,0.043406432511201,-0.5551840954348088,1.894566241663359,-1.3373475916314885,-1.5533509488626307,-0.4937634515953069,1.53799736904892,-0.8813777151141513,0.10052111088448523,0.5325033099651928,-0.05414542060067744,-0.21505803355463973,-0.9081106000353969,0.6991687122593184,-0.6609544004279349,0.6476179321462971,-0.08495896997625821,-0.7287789174137833,-0.4896541889729722,-1.2097290463869852,1.5668045510553577,0.5818931014311444,-1.1986223133433465,-0.655270455036818,2.116773664937479,2.4665853082765414,-0.23792241919094845,2.210305606353319,1.8684285983128872,-1.447781403287697,0.25886010330640297,0.9613643723983171,1.1486189938005977,-0.016588747124398853,-0.1360456725721898,1.1864362623886269,0.8477569454494208,-3.2272639966139303,-0.05426002481065558,0.4282429918530425,-0.43820594301461696,0.5319813920281042,1.1341905182177432,0.1766985960679133,0.4807907889629991,0.709751431278164,-0.36806152599598085,1.1209708525056485,0.7911884856388393,0.4916542537016866,-0.15637646714777592,-0.08105169153073172,0.17562804660528392,1.6942379625652166,0.060631275209228896,-0.2682918890745622,1.9042087363674631,-0.8281562081260664,0.05406646055550651,0.13823898847769503,-0.2415900490415163,0.5488131983866026,-1.220085396909676,-0.9439517174304914,-1.294173076877257,0.9884692371139004,1.3112172249390497,0.12324979252056277,0.4594808465230392,-0.3029053134752338,-1.5249463526054274,-0.9367484048256975,0.30123260538742785,-1.2855600380414003,-0.020725002099565553,-0.18790097736655859,0.5825017478012425,-1.4095573260107044,1.6242960640523672,-0.3185572551990648,0.05622603009498268,-0.28173003243454553,0.4362740899337942,-1.9567337652489336,1.588052578878007,1.1754554691282244,-1.1580918023697149,-0.7901754129293687,0.043193813082435334,-1.1542173500078452,-1.0487277155342685,-0.03639060033853671,1.0079593686437294,-0.22782248825183565,1.1420274315750285,-0.466286333148833,0.47636008788661205,-1.3264519199019518,-0.832601429715223,1.2208308801746552,-1.3074209266020098,-0.5586792150445246,0.6856231610750687,0.41791329308781383,1.2044658333645644,-0.5396225508628276,0.05055789903231317,1.2114653537797606,0.13850877916778592,2.424646056715684,-0.13196296514342007,0.3823890030331322,-1.4628788754692599,1.033883165988906,0.03597655204823594,-0.9981553543237836,1.0840545112269682,-0.35479512563241533,1.8905081440052183,-0.18381641390191775,-0.916877676484126,0.1544567850319353,0.3477201531596327,0.09569663670164989,-0.5896037486625499,-1.9073697754492724,-0.3497288642221652,0.16511852663555368,0.36177200963080886,-1.0675261804680458,1.5712765223793659,-0.7950440333021062,-0.28323785069136076,-1.1890015663347655,0.7867651150116367,-0.17036744384509633,-1.348000399416252,1.1477528264998231,-0.06470388553702819,1.7079075824708352,-0.508823577894126,0.864773320511673,1.048688718827797,0.03529369783980535,-0.7545935613054969,1.6666574817318063,3.1904068147934828,-0.029530083756802904,0.025546591044755346,0.8703421888303899,-1.023129056160156,-0.208472940926046,2.1858783266699042,0.7545167186010454,-0.13081669877378596,-1.8747731400774488,0.05867383658370823,0.9423206783656091,-0.5930378562757578,-1.8223671032986422,0.8309674954188739,0.04379084475842715,0.9581855536763736,0.1665391436881771,-1.2790014847055473,-1.3926976044792003,0.660675130029958,0.8284648655816645,-0.6539868855992667,0.7465177580197403,-0.10011486137385606,-1.3569978121714548,0.6677650798019191,-0.42906766959086695,-0.5684934481678854,0.5055268090125831,1.5027564548098151,-0.7865662454914965,1.4983622711793554,1.083876853936498,0.1881500282143864,0.8846347779097553,0.8579561115518284,0.036378545514904506,-1.8166852672545624,0.6791110447157689,-1.458429718881611,0.4715000921057484,0.07295231181270258,1.081068953320205,-0.28119935585960465,-0.846360556407043,-0.2731687209113066,2.067248804048499,0.11312215188830538,0.14005157649173527,1.8835971792723571,-0.23546903139812214,-0.2528979096075566,-0.3663466151942141,2.1026969877935766,-2.4798506623009104,0.44352533846811015,-0.345920166087419,0.21146570732893982,-0.1953816534404255,-0.0022414784671540428,0.8454504154102854,-1.6394565985734149,-0.26757002150956544,0.7958764023410976,-0.7346363717126144,0.1073051704043513,-1.1868657259702708,0.922838194566068,1.0811129246888738,2.0669026639663417,-1.6039095478172558,0.12782561635097267,0.7947248254685695,-0.2072921118298729,-2.2683880815700044,0.4656163655082811,1.0213085930117676,0.2829765439227162,-0.5233515356997512,-0.035235936426502246,0.05019361590246983,-0.3269960378287563,1.260522953817178,0.1454298042625361,-0.9118991759718207,-1.161745600303662,-0.3441378677163423,-1.7098854554129947,0.9729879696353969,-0.6233370171054081,0.47822739654990937,1.4158475171415732,-0.3811731538035236,-2.009865101884547,-0.7197059634372844,0.919390175983772,0.047049423176723455,1.4772912808664047,-0.06325077658887837,0.8941756422448557,1.1681749574948814,-0.19861176834858835,0.10930462811147396,-1.1595131351452885,-1.1221664633563326,-0.7355705679499953,-0.5080730539815033,0.4018009367082425,0.5831141666296241,-0.8192275886848328,0.6742137916831044,2.2317228449627358,-1.8489477562176295,0.6060119534652261,0.3284887132090775,0.18762063794589312,0.11252442354168318,0.15796997651582997,-0.15298330660318127,-2.2007551314234743,1.689845834916263,-2.0099271021886116,3.4294632036948745,0.3164315342841716,1.2870882596331024,0.28935019193415856,-1.6499412277297376,-0.9328052136593278,-0.6501833016980393,-0.5628029454383037,2.241218861654035,-1.628351231565911,0.44828609991057095,-1.8869798858434368,-0.8267544174337618,0.27948457318583914,-2.848726142048908,-0.012164922044438697,-0.4500473960971614,-0.5403407902670178,0.7686064926911016,-0.5743364563374793,1.9555673338608377,0.6638205557223278,-0.2816389350120805,-2.985352367306301,1.5409801944270183,0.6421706720717256,2.0638349877877795,-0.6492467390086009,-0.7211412390201055,-2.4082178895588853,-0.6919227351856111,-0.4047513006135687,-0.0656369158241448,0.30559926743657656,-0.39703088140871523,0.5018247554213779,-1.3246543499186734,1.164464328478529,1.1375734614782784,-1.0777186849720466,-0.07991762071702237,-1.7106476211742276,1.0521878901155501,-0.48739198947870477,-0.964845302774381,-0.40603134416902786,-0.09184405295990102,0.1373363597689045,0.7404833705617553,-1.7954819841664482,0.13164224995234056,0.09019864143545304,-0.8832387510031657,0.9579908377234342,-0.22091596828327043,0.4933537274205302,-0.9887452676992873,2.264729559125032,-0.36223993799205445,-0.13058867738369595,-1.469984451289834,-0.6844999587961578,-0.021047123884443672,1.5033562026607383,0.9700078086496497,0.20441946281349446,-0.6861122075743529,-1.3185025781503488,-1.996842000934503,-0.08406482472001517,1.5551246262947884,-1.1431680380082792,0.0574150621122344,-1.5195023613482554,-0.8414795904217403,-0.2735177806098734,-2.340664630550298,0.5953006560246638,0.21603935534126573,0.17501426271274972,1.0115466377891922,-0.643297419696773,-1.5227655442459125,1.0561608847099007,1.0556541071217114,-1.5460191200242854,1.4568434033754523,-2.4959385519832766,-0.38511935602262737,1.3929715498844784,-1.2574220738659767,0.32965013975266627,-2.237116599581976,1.6498816453599854,-1.6315631135692688,-0.09824343593120188,0.8040939548661155,1.4527410343995513,0.3577782650294537,0.4950865920954146,-0.4677625700413639,-0.7206973529309271,-0.9237779481795079,-0.054476160203425376,-2.221835356349086,-1.203014609148268,0.24187778749343714,0.7844037225800775,0.7247960536328264,-0.0724666451385853,0.8973521536819988,-0.5425896225826409,0.4503748724344007,-0.3299906391097457,0.10152876815769649,-1.1828289930415459,-0.13094833102716685,-0.7993507953141217,-1.3568077443796975,-0.4989233892838994,-0.026158671033004833,0.6242754448726907,0.4366038217918973,0.8192111189363517,0.586869124827038,-1.2160133951455572,-2.163398805771475,0.38061309868376486,0.2484437935593773,-2.4170467967472673,1.8700888239592897,-1.3821469715945687,2.1366695875576434,-0.4799070991308041,0.9844707845282948,0.5278537080340708,-1.658604264979837,-2.7845884754942025,-0.005265881985943535,-1.0870953078559236,0.11235216670805773,0.9865116294327684,0.5042544667500349,-0.16872495265901366,-0.9856747919266015,1.4228792986542513,-0.34524864670398664,-1.298894488293483,-1.0794020306348107,-0.24980408817526714,1.8866388041284892,-0.526573355635612,0.265419937107945,-0.3390826552410795,-0.7269188877086236,1.5098021067149792,-2.3554827416049022,2.292299186568106,0.3278857219392648,1.3259778225274632,-1.5952164169559724,0.05945548061490316,-0.03694821456637379,1.9092828363638132,-0.3960977706762624,0.05777138637733659,-0.7400740264097614,-0.7015259014429703,-0.3273617586603309,-0.22473982002978737,0.3327316151398367,0.3020327543385682,0.002629863046427476,0.985592102712976,-0.40874135304137754,-0.28334284010249916,-0.33302477331837216,-2.142411815969441,-1.188814196288085,0.5336396960351911,-1.305606675356289,2.760497497284055,-0.6949206168442466,1.1786433466996142,0.31928193497810176,1.3252234802887326,-0.6755515464647819,1.209302963472754,-0.28511121459449273,0.8745005630655325,-0.7713740244130587,1.1348966366686999,1.2398091238899334,-1.2396727568815804,-0.04194781609568714,1.1174939040038556,-0.37287913139562123,0.15216175181762187,0.5089625534192057,0.04308688310181524,-0.8024776221093306,1.5487353687375724,2.003896426362785,-1.9633946479175468,-0.8771648504985815,2.676814315958752,0.07161808108083823,-0.43749369141895156,-0.12474780128881613,0.7012034810402906,-0.21049474188999193,1.5113235540068244,-0.8203821520648195,0.32511848234725216,0.15481286031440117,0.7445563946595172,-0.1920555437984936,-0.8038110574302842,-2.0615462303136556,1.5908544296613263,0.33073407282500855,0.2169734930240546,-1.5653026656456337,-0.25385149508459,-0.00732309480855956,-2.2279598806500163,1.353314161953687,-0.06934343922915226,0.3373968640891003,-0.27815327942994883,0.8136095195107289,0.8307920240603257,0.025105170689758954,0.9415173246605439,-1.038648376589964,-0.4651765802756685,2.036338276413705,0.6850284795130306,-0.9392504399092303,0.5259202819653293,0.33337904943712954,-2.7129464264580685,0.24045509166180012,0.936678155585054,-1.8679451008393788,0.3868816447512617,-1.2080263985233308,0.4725820285596887,-0.38055344448650763,0.6976207721312898,0.6127783627258653,-0.4696588206453897,-1.4030067526867707,0.32280420829232803,0.2582085420057648,-0.2708054598890889,-1.4912226444770145,-1.6947174343284215,1.0632742889741944,0.7942582788225915,0.756228835167418,-0.4657320410738451,-0.06634249366345572,-0.07024284732098546,-1.2616497765311934,0.8519161560073902,0.09964589661364827,0.9655578723632695,1.3321755156374533,-0.20736041888122414,1.5617289586471086,0.14169771112764368,-1.5695494027110175,1.1289788806809196,2.522453727338802,-0.13124389036490736,-0.019262455283432324,1.0003638953308167,-0.9851602609493003,-0.16793026794060956,-0.4555726391845726,-1.163319355234085,-0.13013607155743306,-0.34313221258250437,2.9645842085486853,1.0399025993959428,-2.2853992140758104,2.0759257625126257,-0.22902145241215183,2.145928083791702,-2.659456149184079,0.5340623103849924,0.34205562962918856,-2.422624568075963,1.2353904330260774,-0.7055027729851959,0.49372771547213157,1.1988541080853323,-0.6787349857641639,1.7545252544935506,-0.2652343202574625,0.5870114868417211,1.0657167874395237,-0.6904001807205741,0.41433448187326605,-0.6095322640562625,-1.9890613811982754,0.2737977448825514,2.026545453387668,0.05842402421091727,2.0938131764727697,1.3570419605281432,-1.1301014774123217,-0.5342223327931886,-0.24933424809005736,-1.2830651428500603,2.2817355542772004,2.418899642928338,-0.45124014020623476,-0.45055611338289836,1.7416598294728975,0.21676935124651198,2.228511282417873,0.4485287634666778,2.455438123381528,0.33017186195491266,0.6205674462958684,0.8008553932450129,-1.2630222932339035,0.7268913857176346,1.5860035078245058,-1.795381104585263,-0.07410799750553446,0.369710025043015,-1.2204599155018618,-2.5756830141596505,1.2164338987359617,1.2469291824509416,-1.4521648990777831,1.7464944699326048,-1.4307308446268905,-1.7732566044960372,-0.40794430286916916,1.018893930106895,0.2325551467479016,1.5861922880216734,1.4716748060762574,0.0914777696361359,0.08315710496120668,-0.04413626021048305,-0.08023670293065718,0.750031085505625,1.2449833553871132,-0.1310672204836902,-2.0819406362171136,-1.4955577582626243,2.612137352322439,-1.4562144909050283,-0.749020837133663,-2.73527279239553,1.0413242759979564,-0.8007153943457523,-0.34402739773064106,-0.23228222075492816,0.16371460260265047,2.1205357621193888,-0.9645812814104512,0.1055326211410538,-0.4361989485730696,-1.589172664373551,-0.4249205847785615,-0.6393426526268782,0.5935781023941791,1.2684559751978912,3.663583389564757,1.4668506742354257,-1.6314906385075605,1.4335744335295737,-0.6830238486457125,0.0759829095202109,-1.8966738428283936,0.8193153160838851,0.016968113010126244,1.7300839858257535,-0.430669982356462,0.42801916051831784,-0.8197610158435963,-0.6322802502301736,-0.20706727571154956,2.056799786489899,-0.7821636770291605,0.7614766256167415,-0.32239698112624066,-1.7141948793498964,-0.9663358179945117,-0.32131449580796206,-0.839481499830171,-0.5105443081825092,1.4017068838567996,0.6701967995433311,0.3073153639191807,1.1361500310789425,2.024503676695063,-1.7344833816817622,0.8220235723964628,0.07752108259311405,-0.6292871505693909,-0.7389928109373755,-0.210521814753085,-0.7065877970211484,-0.07129030271106584,0.7897571755505763,-0.8556619250360533,0.2162771825430313,1.4563816352610406,-0.7944980285367956,-0.09910477116528828,-1.5446567205163584,0.4787704653577159,-0.9904738295330767,-1.0395796055902533,0.5959180626647265,0.6864789889140197,0.36124319815596945,-0.9442031873642569,-0.10873206830894433,-0.746862318733947,-0.9783957765945535,-0.15733156834739107,-0.24159210788281898,-1.123823131507872,-3.06759620235291,0.7766695608903358,-1.1478777281660955,-0.17312303676208826,-1.5304357440873566,-0.05751281907770517,-0.7205312013692163,-0.24739711744654605,-1.431337042475929,1.4411007795009092,0.6704040514025168,-2.0309698690302174,0.5485829713838352,-0.19219645816701017,0.34717188811321964,1.002218341481147,-2.140646771567856,0.2629771248908552,2.3647663025575882,-0.18225375304363445,0.5923510177735908,-3.1756793767200215,1.3594619580380116,2.0415060337984885,-0.2339088726834027,-0.6801232440332733,0.9104742328317252,0.6053504665540536,-0.8287827657786515,-1.3723967541648288,-0.4894035131404302,-1.0142314474221632,-2.1500121881227,-0.831045528466881,0.24682637010145192,-1.3140865650985794,1.1088846105602082,0.511107183865947,0.15787711211065225,-1.5682055321348038,0.39822570314204686,-0.6109707051239445,-0.709275934535602,-0.6867261143713798,-0.85452045193138,0.6552367536247667,0.6945209081110632,0.4656268102883858,0.22943501970778596,0.7570943340237962,-1.5433268147086288,0.18033592985165475,1.1651442088141286,1.466373518518966,-1.8313481995280203,-0.6402178577829922,0.3803831363763495,1.0773536493830018,2.869321175034285,-0.35913177332914115,0.8346557467628247,1.6043382954809473,-0.0876529031429544,-0.2832934659206159,0.42730299186594095,1.8188995122584584,-1.2858987124557957,2.379972326373556,0.21929126350495431,-1.3709375134462967,-1.2656902375828376,-1.8561819698700655,1.388067768247483,1.0903178383661734,-0.784144692992284,0.6381369465103178,0.9062895167979089,-0.9449533647124012,-1.9984346480058115,-1.132824583765367,0.6718341350227348,0.6569738598472231,1.3311117552327623,0.6177973973229737,-1.298646715315208,0.80940462404954,0.9287108058986882,1.922284201154516,0.19622507650431692,0.18781383802121931,-0.6833651594040027,0.1839136019134102,-0.554243604234694,-0.7900914314413136,1.5056707055359344,-0.4891047802881059,0.2035600627392283,0.5407367553718425,0.3116448725598576,1.216522103004097,-1.6112298961178964,2.0190081792948655,1.127242422176727,-1.3975156108434148,-0.06472994116885719,0.4348726733110093,1.1670684889641914,1.74079803017289,-0.2556184254304259,0.8024648447265259,-0.8998912596733837,-1.0777175969535768,-0.40005923839601737,-0.9842637200381357,0.8633670608344766,0.3808265944546259,0.2204960178460631,0.12528105364563086,-1.6430293609451547,-0.8909596623628111,-0.5395218367756556,0.025984378359721033,0.3868478150382586,0.08680260773314777,0.2800383074789628,-1.635410539069392,0.954283681210603,0.3325727502197944,-0.02886207452993898,-0.6653656545151134,0.03545292458464383,2.5875303021639096,0.8257529241620942,0.865684703208878,-0.15815967133996545,0.07945027755018162,-0.9487986007047424,0.20635526828999387,0.41861394804984425,-0.8765892197919007,-2.4886777771050306,-0.39796750355079935,0.08759355941286506,0.046341610370858585,-0.8984591743318514,1.4404982973827718,0.08393612758445756,-0.8340924839756331,0.14422714578996548,-0.8609736906180792,0.424858771626452,-1.0940706261816262,0.0513993693066693,1.205911309392414,-0.3673422670948329,1.9983010119618203,1.2076480294751044,0.09443311533167824,0.37235985203647903,0.7559560393205255,-1.796478147232629,0.851498881049841,-2.0998587841916674,-1.9866548992338509,-0.9400713421006305,-1.9293984441445586,0.10402810838408885,0.8638935799318964,1.6082930484205764,-1.1673090779884223,1.0483135693682728,0.5757770570910623,-1.8455973823254983,-3.0739875708972084,-0.17094019393943896,-0.30740102210299813,-0.046006410981853874,-0.7586615110253172,1.0432290481585198,0.051335271264523294,2.2295370250404085,-1.3125907721079233,-3.457006977392546,0.1340265199183772,1.2356826031162806,-0.0267383133643724,-0.5296874672070269,0.774551979036291,-0.6275449224278846,0.34804238944564936,0.5012521629370603,-0.1881288337673452,-1.3761152816912379,-0.9553131740678047,-0.3618993246091011,-1.013237979318309,0.08856072175778967,-0.10184152166729035,-1.3751358639037563,1.1977277241376845,0.48609616871555905,0.41465228233196644,1.247827865179014,-0.24498886654451354,0.646578471253689,0.20807975689882188,0.8678262579884006,0.44368671259801745,0.49181402184038076,-0.4738902624868202,-0.5386824359264478,0.36260023936053515,-0.12538694029425224,-0.7656432806918155,2.408617813163194,-0.160147808141001,-0.09749353118216383,-0.7201272964134462,0.01505615697115923,-0.2689441556018521,0.9687967915470005,-0.8403262327161656,-0.9688237115130056,-2.8845170431389824,0.022051943684187558,1.139451110382077,0.5423522049879319,-0.8945295762277446,-1.1792429429436908,0.5769992225505006,2.5986042329823693,0.43932081053159155,-0.3707948151243754,2.0047531923062336,0.9686748480765187,-0.014044759847645485,0.022172317191783864,0.2379588556144011,0.6511353076609238,-2.198926472864705,-0.5961789953204273,-0.5725499380282537,-0.863772702396405,-1.7188037187134897,-2.9441506122420256,-0.2653502514506265,0.45566104160584275,0.7815285281250958,-0.46520664532437517,-0.11055131542060712,1.092522052075233,0.4532037271242224,-1.06545354523378,-1.295510905775131,1.0540356782978293,1.5736900295634877,-0.8708741980161827,1.1960272414963657,-0.11632488301350638,0.27319182685263177,-1.2618928530110172,-0.5308487448127116,0.34215074663891804,-2.9887154101506344,0.28423080584991095,-0.31912469720321124,-0.15684577961189058,1.490643550937288,-1.7325725486094952,-0.9232293789022077,-1.1344573235285638,0.6096582187787947,-0.3144741373418464,-0.7136694339046581,0.46646515709812597,-1.021651105300558,-0.5798627723208115,0.8756538791105469,0.8284473928424735,1.178134077429495,0.7795699906288792,-1.1307509446888908,0.3997591224104863,-0.5053716435496172,-2.0103959251061587,-0.06300214920899899,-2.1080610865548115,-0.6557696842801896,-1.620996405084689,0.8040302846992655,-2.0928565261121665,1.9126526015825118,-0.5458717555117841,-0.5292617517658378,0.04196985448114326,-0.6630863666661105,-1.0171725739590372,0.9453105560701716,-0.6894247808448859,0.9364023844988371,-1.564646520597483,-3.1410695255199177,0.5981329757792153,-0.1316865881958486,1.1946574416068185,-0.8166006425993754,-0.7047076135590742,1.366274794807362,0.29705390369404605;-0.18293848627388368,2.664068056544125,1.008271232219516,-0.3253914294161626,0.40283157941830405,-1.9333987614624597,-0.8536189210442564,-0.27355028382460095,-3.796139945902066,-1.2805694553050189,1.8441776204861704,-0.47797188344112335,1.6788165605384522,1.7824873338621379,-1.3509396775067388,0.26736970490432393;0.7291694998967074,1.8329390509208285,0.11383880816060069,-0.39354440098116383,-1.681396171399671,0.21635369188964498,0.3479309484735271,1.135023659996365,-1.348014716951851,0.4038073933262726,-0.6586592721202393,-2.554190494496034,-0.41647062893957687,0.6711184734349813,-0.43619269817985523,1.0189906702185456,-0.8802057536565516,0.9428378601390405,-0.8745511250929405,0.63205162396077,-0.42658298902855557,0.6138445886834839,-1.351140729708181,-0.055382911900385745,2.336539384304955,-0.37576127167515444,1.5314351270060347,-0.6313443945721045,-1.765675347238238,1.7549027800584907,-0.7716949528775963,-1.3343695165412894,-0.11035323547302943,0.608889737669916,1.7293100586433436,1.1643372881046046,0.7733408307190598,1.7113584562077198,-1.833883642524015,0.566466926251898,1.3767307047323587,0.2616553632375988,-0.3389588548101307,1.133030780509767,-0.35425840857143837,2.17674442439472,1.4284321206958959,0.35522155318026777,-0.550745792081619,-0.42302730882821415,-1.0898839278203094,0.1178410514030834,0.6645682309773802,-0.9225303345423125,-0.31270895570132884,1.5640136738208499,-0.6929622745561701,0.15461785354664104,1.273509427163091,-1.227462962905503,0.053384932908445065,1.568691662251393,0.5255110742731102,-0.9974948234366761,1.9740649686156657,1.1165526679350346,0.5683453615082767,-2.0868776560192552,0.3214699601214334,-0.3397887224570435,0.18133272355304006,2.1139641144559955,-0.2077010493614998,0.4115416325202427,-1.6772029241161546,-0.21887158065576606,0.5494346198620307,0.11834413002003208,-0.41467925524700944,0.33708974919047985,2.2215694292733676,-1.1610047023857775,-1.4810068997993702,-1.0944015055404235,-0.9947735810254121,0.6625229104471682,0.13572707431876527,-0.32835264416547366,-0.11064524911291507,1.0678637136492561,-0.6767217942190265,1.7134439530202874,-0.32846263150765315,-0.35377128063327146,-0.061104936117899356,-0.2989243093100064,-0.5986280365205512,1.4033556680115415,-0.3416543118833667,-1.151984440638506,0.8328781711123466,-0.04878139007062636,-0.6907825092036785,-2.4562054693685975,0.6890795759902923,-0.16679685438418593,-2.152328870876806,0.2664452466334072,0.4767638837899575,0.8723375772566929,2.065397568061714,-1.6819715558327712,-0.29800530609137765,-0.5417969131340103,-1.431942614824655,-0.31713703263977766,-2.0538250613554547,1.7255022831745819,0.004892865722333051,-1.0659985930295903,-0.32885570777713996,-1.294585336069385,2.2225011969803505,-1.2867305761489531,-1.420735297711086,-1.0001283115971613,0.3289785257750842,-0.04226152980643649,-0.1166131745763677,-1.6825183423717396,0.8296303997996303,-0.9581941283396145,-0.6782743202153834,-0.4889636036852833,-1.010671399601601,-0.8366226099285091,0.4988511150968481,2.0425074013871733,1.090563598521548,0.11693089108442725,-0.13393335779595217,1.406649959165674,2.9423345940705783,1.8289197097783068,0.5739042548471263,-0.6589695775695357,0.5585796444124852,0.3191919774400925,-0.02938343630384916,-0.2518474552017198,1.0603797818498395,-0.12775191214658888,-0.37511583683588956,-0.7468344680271372,-0.11358619975132304,0.9998715074757686,0.48820879989937566,-0.8912967310013771,-1.3204557654077016,-0.9253380296689359;0.32006898388499183,0.9439070101351241,-0.027606719527439344,0.13508173271215645,-0.24438476737763581,0.7959917312799157,-1.8672023766830068,1.5536175935145706,0.5722005224886393,2.221755442952582"
26,0.01359431183370946,"-1.5555731450702397,0.43391624678195007,-0.8008869696274444,0.8764126989488297,1.4135992531256925,-0.19478639022077052,-0.3792082784663493,3.2990394035114843,0.0627291830814771,0.35209777168195444,-0.6726341690499582,0.5213686910323099,-1.1084241282352834,-0.44696809033548174,-0.28806895767782165,-0.7457682444525076,-1.3678627404353652,1.159899432809823,-1.765953128773318,-1.165625530982495,-0.2898643155360333,0.1961273338439883,-0.596376253206347,-1.011322414810888,-2.2354272408202593,-0.4157353544077343,-0.19143259152056924,0.6947897380817873,-1.1648843316509407,1.2126232925035991,-1.9144509114312842,-1.1787429231648605,-2.309256490585137,-0.5524422622054405,1.0007939616515977,-0.2512974181626403,-0.7249502306591236,0.11581193474648474,1.4828665454513263,0.44740975030299,-0.1488094526401889,0.8158836956219271,-0.8704799730383439,1.6678527644327923,1.359503525888835,-0.7547728978767945,0.2201389311776873,-0.547115781459948,0.20392011493466133,0.030765180626262684,-1.3900950119548707,1.4427757502356358,0.009108883881652888,-0.2657444597259734,1.1213112075805471,-1.153589069535941,0.7420334825776002,1.393063373011962,-1.0425231850559198,0.5967409577982913,-0.28778501463837175,-0.6509569189133266,0.37440744079064486,1.7152277116572392,0.6473446915214398,-1.3934420232217013,0.17398660400184124,-0.6332779453434277,1.369290852780277,-0.595339127559606,0.70430919239379,1.0961782036196834,2.083241210800705,-0.17043831413232252,0.6723266969633959,-0.5897606649007214,0.24870322650620355,0.7437234688135914,0.3751370937217414,-0.6202898032315993,-0.03267535114974543,-1.2628535253541162,0.029868343163476696,-0.5659878104779992,-0.22981915343076453,0.2554322951752752,0.45056148076966795,-1.1249095288789155,1.0324916416406265,0.7336298638972312,1.601086321583557,0.7155380031785763,0.44062139410029416,-0.34067364053817606,-0.6223259818660022,-0.6408789313914197,-0.42771399201936394,0.7205336815309674,-0.8165635473592194,1.0804076183503872,1.1351012920013759,-0.39573632543385134,1.6374641653151156,-0.40871772021232455,-0.10038888559168452,-0.32115524556837305,0.6858464402133241,-0.666761576927389,1.2214787481488214,1.050481330794518,1.755914374142581,1.211147420981177,-1.0963666482435903,-1.7109011912442658,-0.1850530625370038,0.7960176349381936,-0.20539309257329472,-0.5110360886759475,0.23785445371464659,-0.19262370954506505,-0.35703895850506084,-0.19890465252171868,0.31516383119415725,1.4483673826523429,0.8326978198593793,0.8376778193836021,-0.1982598281964241,-1.201991313241404,2.2892251702517714,0.07849315298151445,-1.3252354305669845,-0.3061045686497585,1.1918671082059964,-0.5431023458517908,0.2480913699626513,0.6796385342161331,1.0812310940948064,-0.44785692001835137,1.6927986887650237,0.3945888098625514,-1.5477322089994057,0.03432269530483297,-0.1851431079616528,0.42240311549648984,-0.2651504746158282,1.9637064040580734,-1.9022675460424778,-1.6207527735163902,-0.22966848329978143,1.4191886300998295,-1.1032038913809183,-0.012134950589868701,0.23524919839039687,-0.006684045929590203,-0.09698581258815377,-1.1779066513748186,1.2856256957930314,-0.7428796583413617,0.3193411454466018,-0.004538539724213492,-0.8964033208222413,-0.6711927996736015,-1.3173271924237173,1.3976407061425873,0.4244024441536817,-0.8928059594141354,-0.5767792687312532,2.005454512147604,2.237754082061157,-0.1737646789763671,2.0558761804670507,1.920308877009011,-1.6454486864876747,0.24388503837222092,0.5894315115492915,1.497926624187661,-0.0016390782275999688,-0.31136399701495077,0.8103262799275796,1.0948197566014806,-2.8368691724841835,-0.04721226210844996,0.36719112404399457,-0.21928151180111627,0.7051930620882891,1.1339164787102194,0.3221292562613431,0.8589547111045048,0.2923246852164002,-0.13537325818168483,0.7347812551238363,1.0202417649097846,0.5218380689173021,-0.19949166953355962,-0.04693662379643794,0.2704513443024658,1.4296465475966131,0.3641851778684493,-0.10505889226378079,1.7449941221940475,-0.8121981723463055,0.2587203861492652,0.2540498500042212,-0.31190510505978997,-0.17366467908155425,-1.5508385142552843,-0.8944002882283177,-0.9941373601834279,0.9281673995661659,1.2420085232184843,0.20210172569376064,0.22206281982451784,-0.6749781482252565,-1.5314128621459435,-1.0394148862863601,0.5366256111818944,-1.2930775222789956,-0.3195511568296369,-0.11028832884959083,0.8647711735332071,-1.3584160534850747,1.7606110164056021,-0.5598967498015055,-0.09434274088155412,-0.2836935708052427,0.28060813498374315,-2.3231494953471095,1.5831109987126828,1.0414386095049477,-0.6536040498424707,-0.7944548959529468,-0.04546349130780536,-0.7294699893992009,-0.613873750488223,0.1578359263814239,0.7397907084193671,-0.3323175232225592,1.1832205987420115,-0.2970012217833532,0.10132147005924644,-0.9907974206118761,-0.748579110545065,1.1718647683531895,-1.2546203881672757,-0.8449552942205827,0.593322194783479,0.9010839034203629,1.3369197075484005,-1.0723788967834484,0.06211759862536681,0.8951262731448525,0.32133811981958055,2.6683512529486757,-0.7575362811602013,0.093643554788088,-1.300177630438585,1.2183383285198033,-0.025175876127534438,-1.038264148252141,1.224287894490726,-0.114586995898855,2.087981500295474,0.18052815946801054,-0.5344334627874221,0.21204342028528655,0.5469421418346035,0.21781433060677088,-0.7468511638561657,-2.0072138004145295,-0.6455544238510164,0.5238352578692433,0.371821110645745,-1.0278522202299336,1.760465630723087,-0.9346362024587477,-0.41653324469388403,-1.027559507024317,0.41348255119130783,-0.42125652538497965,-1.653500693453102,0.8908662123238771,-0.1536157414104033,1.4835640277950048,-0.6283266984565896,0.587903191207735,1.2948059910000929,-0.04359411957049093,-0.3634362072461197,2.0657400379657727,2.7314465458181187,-0.10746821901271222,-0.27644936791380526,1.02486388479947,-1.0455305887692592,-0.5580523985457069,1.9486124110691236,0.2802995299874837,-0.4191443633202755,-1.9602809401431147,0.26610136352160496,0.9504343676919113,-0.5954128007330545,-2.0135915552740147,1.112104219389414,0.5735124138036727,0.963340007455993,-0.09732515212631576,-1.3686278985388793,-1.306873024784488,0.7081128695741049,0.5796794688617022,-0.1665409910317602,0.6813627782858043,0.29636079891557277,-1.024908370032608,0.18341004930474986,-0.711496526451772,-0.8963158196644695,0.3479646735360436,1.1561344488443315,-1.1225751819259426,1.4775429484106115,0.9045114763825305,0.30037491566513475,0.8043398920231292,1.0090888099111017,0.3594067842338685,-1.4953305729623183,0.9582433013214927,-1.1518708048151955,0.17236490007106936,-0.10672690635409098,0.9603905509029049,-0.5813329880724115,-0.5895017815801695,0.06114331681681096,2.410857721761895,0.41960833148248744,0.6017028285059233,2.099885006047328,-0.036630348778754936,-0.3741061708961991,-0.47644319841336574,2.2852183261788666,-2.215158823189651,0.5833496790180654,-0.47026233671900497,0.48728968752818486,0.06444862153731921,0.16852407653342064,1.5029099748239854,-1.4552786063896612,-0.2140941431647922,0.7851609899340373,-0.40869238591863766,-0.01499970808576398,-0.9117452150338073,0.36522133394870676,1.0949335300499576,2.152048980171944,-1.8237047266019593,0.5370049475650162,0.9330045354251261,0.1246393568270003,-2.31127629635075,0.27405167182763834,0.9585139351706876,0.22978751709432782,-0.6368249268020065,-0.21376479224575579,-0.009512219562710825,-0.5182165077678907,1.3322617516988597,0.11230405190118448,-1.326087971125666,-1.089474259499647,-0.5525194933917368,-1.61186542682697,0.9214492261878703,-1.2076391410550442,0.5695887139257927,1.3747357584458573,-0.65523678753589,-1.4736486517593965,-0.6029453921772215,1.0697131688289754,0.26473598204092513,1.4160288082955288,0.4870721857479411,0.7779611696815835,1.426496907919099,-0.37390394022689055,0.5971406267159638,-0.8625257569904542,-0.7409766626846861,-0.6920019821030851,-0.3776261419735085,0.1937670900115571,0.6602102996546477,-1.1090265389148128,0.7269430296075775,2.305732975897507,-1.2955107886073145,0.3508186461275042,0.22566105411694792,-0.007631402812197027,0.12277978962810371,0.42187276178596167,0.190107803212847,-1.81112907789875,1.8703913831704426,-1.8893013846443756,3.439593701918734,0.1609317867537052,1.355472442639124,-0.12287227217860616,-1.7768679153945461,-0.4936385047623564,-0.5837929740504034,-0.2928475696396966,2.1131360396740853,-1.0312966467514892,0.8755081148567084,-1.781298172072888,-0.4712014767327559,0.41250854686084243,-2.529544065281362,0.22794365541525524,-0.3309068518299837,-0.8023199371534225,0.8401140247369481,-0.4397847513685913,2.226071253371905,0.5600073407542633,-0.2041708889766175,-3.216410604948924,1.2941050089491675,0.5716934922397634,1.9889646101279115,-0.6683457023583202,-0.37502525336891046,-2.319569052142567,-1.0264844204381536,-0.8696286433541934,0.08050380243695536,0.3788085276825185,-0.31944234318527875,0.18290950069776585,-1.2552802945030956,0.9751284692867712,1.1082067494927683,-1.4167018395583209,-0.27440186964306323,-1.6448008979312898,1.5869627884775381,-0.48831888783313915,-0.8930770370737573,-0.24412853521114233,-0.7295529053067118,0.47627086968841487,1.1587794026941158,-1.411670682069014,0.010279906829184421,0.10199169338706697,-1.212326022395459,1.4474890632574318,-0.08641883626835793,0.17971175279253543,-0.7083821374404621,2.3638032644395164,-0.046628015654602825,-0.3837003073862341,-1.524001403718592,-0.44272075826212987,0.14252528878961057,1.3880383505225087,1.0110037658427362,-0.18112083596498807,-1.0742369876897944,-1.1428790939029212,-2.026954956299848,0.5201038662862532,1.4693712821340355,-0.9727442810074586,-0.5658402386050485,-1.4411577446052606,-1.337762108608905,-0.14367682796359849,-2.0520751322898962,0.6186835133928649,0.24795423253862597,0.6183126405726332,1.0137315502330924,-0.9014737990521324,-1.0901695122355002,0.47121278354503626,1.345478531724108,-1.3598024607185761,1.425084348175866,-2.4388749674542614,-0.023351672578706843,0.9737839035460832,-1.1730414169481194,0.8091956305251055,-2.337191146067961,0.9083042240528666,-1.073495344098282,-0.026218484407384772,1.1777164193299658,1.2434605712742914,0.1676601022424777,0.3124517907007075,-0.6189861672886032,-0.4275318855553935,-0.6808597735669634,-0.14010658967484566,-1.879101276616292,-1.2694892083754645,0.28428692288634516,0.8148708285083787,0.39487532229962435,-0.13090733957079026,0.42944882493291225,-0.7055645373250585,0.35656719257951025,-0.7919578700519527,0.06530245465934179,-0.7706877442120161,0.20345180430518117,-1.0254146881721775,-1.3933682346288518,-0.2539211097483218,-0.4452779325023043,0.6103327636264266,0.5815987216455041,0.5562934630208928,0.6471865977797774,-1.094278916574697,-2.2986634748776518,0.40004036249445873,0.246572662548522,-2.2400110232574826,2.0299584137904345,-1.1697231613035963,1.6697876463025065,-0.3338421039039809,1.2047051283304815,0.17244031413619526,-1.1307939040033568,-2.8929954322733815,-0.026253247239741817,-1.2043336107509026,0.11854949293834213,0.7074540185766751,0.7478097153450046,-0.002940163566193036,-1.5849750190245409,1.278503503548547,-0.07770260432846042,-1.66696529546768,-1.2491058735764409,-0.27066952159646684,1.9931903201208059,-0.6827100209751438,0.1245197051345737,-0.22046041968900698,-0.40895148795148284,1.7016955043111393,-2.1648147130294144,2.3355382500323003,0.8254407179729838,0.9232638261097088,-1.2461711472393424,0.29236550505197934,0.19967021666157178,1.8112074767999327,-0.35928333864467,0.002693437335737403,-0.7128570065540267,-0.22412366366307274,-0.42960869238732463,-0.020807809098692065,0.0850800186553271,0.0979115158793621,0.23301585036878994,0.74176642529278,-0.7195042913284474,-0.12518653269277008,-0.2289500618831083,-2.086834100084864,-1.6434034373744655,0.3706008987351298,-0.8170713654103552,2.447031462714217,-1.0139652772217924,0.9115693109353435,0.5121531442494508,1.5960111941831359,-0.545857685718479,1.1557222451236004,-0.5267672462815307,0.3404203248042896,-1.1098877749134128,1.0012059604271524,1.484867583562879,-0.9073135465728286,-0.1604573207483897,0.6832950869749097,-0.3509306981117946,-0.09836419133465389,0.6530815660208031,0.1449318460230407,-0.8377517394591223,1.4408053138041823,1.888965079581444,-1.7013568615938224,-0.8729625188894312,2.5427472877141386,0.2150355698425701,-0.3859503683254442,-0.3932527632886597,1.3148949745751453,0.07571466415257502,0.9588656387834869,-0.7400208988801502,0.29909492555694256,0.48712786940160235,0.7349093746982116,-0.049744026355786446,-0.9278307008689697,-1.8532291131235576,1.726331397544081,0.2973405889825083,0.16047553170998827,-1.5069633987260664,-0.09867612294339292,-0.009850837123925482,-2.3393559849323746,1.5824790175746348,-0.1490220629152991,0.2483655730971228,-0.3422303871960556,0.5021753137459042,0.7674375274475583,0.36671742384167394,0.8419588770112565,-0.9121488249516948,-0.6156675496731793,1.5964574762990873,0.6067722334795617,-1.066382090918703,0.2895386468374564,0.029527100313682872,-2.8217969238137774,0.04173140654388394,0.973798748478429,-2.3661146653011866,-0.04757844208209941,-0.7203460334876646,0.7234935640534311,-0.36168523376595285,0.664047163760474,1.2257041834845464,-0.04784925403966289,-1.336514854329511,0.28178309666010876,-0.018805486212476973,-0.4004008071264559,-1.447949688489251,-2.071602902550967,1.2336264061341062,0.32597566256378824,0.38793658044730994,-0.7242947279914328,0.20587243579628994,0.06905431832616858,-1.23398503859206,0.7571317795856712,0.2823622165472034,1.2141228022219814,1.4856138609681657,-0.10935181934002583,1.4879651169861754,0.44128129426197316,-1.341821793886067,0.7294651096130934,2.1000287127938084,-0.05513385790596487,-0.16447535872722086,0.9898348646623537,-0.8764231266419545,-0.24632519428825678,-0.7093207870508086,-1.1232466398613359,-0.348869631897822,-0.45157116529949315,2.9984228094671743,0.7439878894541306,-2.5945343377254804,1.9550422172668551,0.009276065610107659,2.394757781469785,-2.6212540723579076,0.7121246894176874,0.7616923133290642,-2.2214216179697215,1.2770790670832821,-1.3018773968826907,0.7022440122775079,1.1943501320508805,-0.5165961900907271,1.355138613691312,-0.38822352807766297,0.6980692456732233,0.8493781209017002,-0.48891553444988656,0.7992266876754189,-0.5069007748463598,-2.2602344928518137,0.46535223926695174,2.229157899302586,-0.1412272812093713,1.925506611442139,1.5699971639647612,-0.8005054539310088,-0.6099971627432337,0.2318295857848089,-1.1730892586152,2.431768125546333,2.213037831997394,-0.6490006303023504,-0.4349481251448242,1.775942887378463,0.1470136340167227,2.130905688168767,0.8205754244214042,2.686943352723489,0.7633628006379457,0.8891614040460494,0.40056653570666456,-1.2662491004122094,1.06142912547025,1.553207178575889,-1.8445044550182341,-0.1451402083768566,0.5293230244977811,-1.4231095920119357,-2.6305159361807378,1.5021102936217652,1.6272381577598298,-1.656704059449867,1.9611769083780355,-1.7950887082376403,-2.537436557988539,-0.7660641876177584,0.6785095860263357,0.12402480480566441,1.307250697365368,0.8008301006853864,0.3248960511778304,0.06573964463687891,0.15020357687836863,-0.16403247116401998,0.8329077973482696,1.5537821570767942,-0.3363048168633014,-1.9150433213795954,-1.4915468392540792,2.5213337504085285,-0.9317261639020364,-0.6110371856206595,-2.8619229377861073,0.8395119610915149,-0.747128533414341,-0.5989357110297373,-0.2825574295788656,0.5157586557235749,2.262301814488462,-0.9516075954645926,0.23514217086818542,-0.08027469600592517,-1.5648323037220706,-0.4174993716158494,-0.14502491413705854,0.21653114300395745,1.2668427224846668,3.3521193658388584,1.2953511162460571,-1.6942615386170239,1.272839373401721,-0.40974812285847634,-0.17376821909517204,-1.894407780741723,0.8221334197928039,-0.27551809656811177,1.723944681620762,-0.6335476176838412,0.02131552421096998,-0.6188944822401448,-0.6842071729555529,-0.4797117400613424,1.8254265332698532,-0.8530508030545209,0.5731494707235123,-0.3748544453603245,-1.872221493404548,-0.971323114734576,-0.0986076032734774,-0.8143431166281787,-0.0731634760208698,1.734925369963202,0.577683822482524,0.8678027168177038,0.7926839867090496,1.1811886131187261,-1.5946101927670646,0.4305039858882075,0.019382155747388358,-0.00631462297387457,-0.8520229029515366,-0.48474639233721567,-0.7454592299970729,-0.15164305300254058,1.1786840003504597,-1.2921682752211936,0.36621303052630183,1.7181656617398389,-0.771780474472448,0.1422668836886284,-1.5914950667504204,0.7761604653404821,-1.3493816558057599,-1.1141380815529278,0.6822149151538298,0.5598035601836898,0.2885967676119322,-1.2445726174790113,0.3596492667574926,-1.0242598125137719,-1.0477332056580044,0.23546658229145911,-0.04740355579377363,-1.1248145357423183,-3.1515302337857354,0.5543779245809239,-1.1053369295111306,-0.1282988025309011,-1.4576702263072219,-0.5775994869215744,-0.6188426580957938,-0.16580013285300163,-1.5498447796866646,1.708070534138363,0.8477530952916486,-2.306219823911162,0.6428881087206534,-0.2564807156934916,0.5329466102076706,0.8623029236623533,-1.8197180253747038,0.18504646075907688,1.8611763606543905,-0.015430103681107275,0.6615372319293288,-2.7236422815616517,1.0634375255026693,2.2407517742105805,-0.2614275227897955,-0.7363282406549188,0.8092370652831814,0.7199267613681716,-0.3956251936968388,-0.9015665717213419,-0.2047403092097976,-1.1666283651257643,-2.1039810885218126,-0.7825939672092095,0.06930726251239072,-1.6521438526863361,0.6192213417093594,0.5236183757661467,0.5221724258137367,-1.699153781050343,0.844163580809683,-0.6795270263412422,-0.9165387161062301,-0.9572105154435462,-0.8670685168545531,0.8244947958592178,0.888651028057198,0.49253289330891065,-0.1435343439329701,0.4430665735841707,-1.828428379594283,0.48049387658700893,0.7271255250378225,1.5417344998018576,-2.0632474172811808,-0.48825934437794477,0.4854042954525616,0.9129948191141702,3.211760813109159,0.028778319587106173,0.7503369364497926,1.8154919371213312,-0.046398054420385346,-0.7502853426344606,0.3974837235167709,1.9896231205942765,-1.4407695274686692,2.086575391581185,0.0322166261039206,-1.5361554740057937,-0.6815987753663731,-2.2207273583557527,1.6650731249263904,0.8932687479793001,-0.9024458090718568,0.7004673189870066,0.9907950848214573,-0.9435064115613114,-1.7681001736341833,-1.2853774594363105,0.5899941335567482,0.953249614540433,1.3733651286084132,1.154504077965306,-1.0350373222756857,1.1807741435078043,1.0942854856531927,1.6159463229808324,0.12163900343045789,0.1496128847109657,-0.46443190918949856,0.1781943983641709,-0.10635101256287292,-0.5143689066325433,1.6045314092312228,-0.9403871334409535,0.18771403856197338,0.39496544026561603,-0.014059560261181159,1.451012591092825,-1.4573604339730473,1.8164229205803573,1.1112582930212715,-1.574109085948805,0.17144522532087716,0.37476604040575223,1.1432435441025663,1.4931605617630637,-0.09992723271985786,0.5933643009362786,-0.8779424111283685,-0.8715763802131918,-0.38015661914737814,-0.8144300747427405,0.7068096730929503,0.30827115522123294,-0.03979401329964444,0.41406008562738333,-1.356734662435485,-0.9324987453079772,-0.5141498801751412,-0.29439300247046585,0.06910154627346361,0.004656340440214166,-0.015892527630158082,-1.7677099372086422,0.8991923529098345,0.24425861103650348,0.29027550905721033,-0.5437006317135217,0.20926399788218467,3.018483745937397,0.2921069454959143,0.9501474654018097,0.27186473915396625,0.37712859475891336,-0.7400382444808119,0.3236104515520119,0.15920208401421565,-0.8730167779104641,-2.152420629562027,-0.9562987984136425,0.3401628253963422,0.11612453505594689,-0.7298988258974695,1.276774454142489,-0.26972690286289414,-0.8341334443976247,0.1421381455557613,-0.8026991062701454,0.24289910783656546,-1.2481254691327057,-0.11293991458717358,1.090237911764869,-0.13992254531096876,1.9097089058513557,1.1851401734946978,-0.33774087162890876,0.5614509502051619,0.8120507462853949,-2.5014422370005973,0.6331827012439463,-1.690312320533513,-1.993039219102289,-0.794420038003297,-1.8931953553408303,0.3621101442423136,0.855361901187256,1.4705562607915024,-0.9154460168446631,0.8751252221643288,0.7648113490797,-1.3514577511916874,-2.7565075132255217,-0.051248662165681406,-0.07669243065775562,-0.1265241240331493,-0.9615322266335303,1.2418334976603018,0.06892767343318756,2.39124608859651,-1.135126515964607,-2.810268266223482,0.30391459882365457,0.7989686816884249,0.03174704922832418,-0.5332695440335848,0.5403295187200196,-0.5719401738880764,0.6851690525743495,0.22914196974859452,-0.2569659795541414,-0.8852380146194634,-1.1141568261371473,-0.4040978598362215,-1.066820936285794,0.1078265573854422,-0.16325121622287894,-1.1621227805061463,0.7771693371657329,0.5122628628622516,0.41178478775811267,1.1231759236629795,-0.01893581639203611,0.2761081289005262,0.3443842305211143,0.9249652480414557,0.5789281077583996,0.8660410650947413,-0.12358218909630928,-0.8586670107364566,0.44950101137477744,-0.13449547753609886,-0.782300941934319,2.8442079027294564,0.23153406411400856,0.04012618584360256,-0.9725709533201468,-0.4457645842764939,-0.39154061300995724,1.0342161364483005,-0.9247358042874626,-1.0301310435069093,-2.711484492684,-0.05812298201940704,0.8529619597851683,0.15137996862214712,-0.6393609887861588,-0.661039940006333,0.8284087062328238,2.6103767234916297,0.4999170630892015,-0.5404931342097529,1.8702452859685623,1.0266428882643523,0.534741330937283,-0.34576019673591973,-0.07284240959993582,1.091497821849548,-1.937491473100705,-1.1673573722166823,-0.570105165392314,-0.6748452981158043,-1.7097397977039952,-2.7845805496292475,-0.29996963355478096,0.5367101028881565,1.2620558408457423,-0.5546788089651585,-0.091488403002974,1.3192275937112534,0.4773067723926751,-1.7195386345587005,-1.3384091581052144,0.7706722530847576,1.166343683920983,-0.9034768169774537,1.1952612176915776,-0.05443271462158594,0.2644397219093454,-1.59297966635134,-0.24910992193800058,0.4180243487580305,-2.959848610625613,0.280652221893061,-0.3154434176043431,0.07273776490258585,1.9221906685915278,-1.7707875916021245,-0.7133937237061622,-0.9717674511054389,0.2659019027276027,-0.345307086373418,-0.7680638907853989,0.783067347133545,-1.621267402398058,-0.6276993299774181,0.7431475372792358,0.527253012168309,1.2730118250188316,0.6882456038939049,-1.3951399516558978,0.48724670405749515,-0.6244641049573806,-1.985023382447561,-0.07897274725007536,-2.2670609344959765,-0.38554918915829406,-1.820329527157926,0.6970688755296748,-1.7156143449678851,2.155513732938599,-0.48351525919685795,-0.5520675926439977,-0.2844656080998081,-0.9053843168107938,-0.8400910924641775,0.844704687088571,-1.0400927353477947,1.0132990225492289,-1.4852205610345712,-3.403836901720592,0.39470327790339615,-0.4394833105398726,1.215338439450007,-1.3684346369974214,-0.5420310059703922,0.9524878656032907,0.5523052194775145;-0.46129222217251353,2.901688949826315,0.37736967975629965,-0.05787206283365463,0.5572457764495694,-1.8693936125754012,-0.8797605062159672,-0.18567588981693173,-3.890482684724393,-1.5254114578200642,1.8163523821365102,-0.7768765823042643,1.726389680967166,2.2463817638993757,-1.3594713455646208,0.23953812907598102;0.40970287795214655,1.6211548152689943,0.16288711241154624,-0.2949646946971781,-1.4987846637385378,0.6662195556698882,-0.01245331900390767,1.2497622282493128,-1.4123937541233147,0.7505481704653366,-0.6051815464064318,-2.056342205537548,-0.5991663259281145,0.2775430202826454,-0.33793887258546923,1.1473545134552263,-0.3939671268555273,1.0771717509347867,-0.9937090129008967,0.5882696927291117,-0.27113064122110325,0.9019704493956544,-1.3124323488390972,-0.4482795442115086,2.093094314118447,-0.6139847449573669,1.7299591433894144,-0.2770272482626053,-1.7980924792091955,2.1254867548841223,-0.987294540946336,-1.5551256971112497,-0.31914079215742813,0.681096608720869,1.647377285383803,0.9851374126297031,0.8557943448771376,1.6077012559278847,-1.7040806667108703,0.2756735032308469,0.7557766509990104,0.4827951268871623,-0.4472178023635589,1.5585268320474692,-0.226724274969935,2.400487890024031,0.9815063735813744,0.8375324663277891,-0.3110994350100361,-0.6895701170849607,-1.0976819018284851,-0.26277845391870197,0.7153680504678458,-1.1504430018866871,-0.22633237342331836,1.3375802424827528,-0.5755339645908781,0.12498222053808761,1.1374540413431693,-0.8600612385657115,-0.2584843540071011,1.5191759505243132,0.5375755962685298,-1.1068309445164735,1.6684672559485507,1.143307290355222,0.8068816812165319,-1.9483670834317304,0.4291873053579343,-0.575811865950612,0.09584144969841159,1.8121790691284425,0.10058007442626754,0.6737405265093728,-1.8358965285600344,-0.28381090146371896,0.40179809710201436,0.22348848363029605,0.17447965308152585,0.4582403718838596,2.2041367917725156,-1.0980104733585374,-1.5134112913275393,-0.6451021415915558,-0.8593934471545868,0.6667590789454301,0.16731708280141852,-0.4434459215952168,-0.3528959865671745,0.5701119587914133,-0.5154829609099398,1.84569845840473,-0.2216127327600678,-0.4678400107414762,-0.4186247340867485,-0.538496687766038,-0.023993344983149856,1.068820365180823,-0.5039889481511753,-0.8912532702762546,0.7655904279554313,-0.212234828400368,-0.8508733155476357,-2.367992271827574,0.3453903143515093,-0.17162808583030337,-2.626856642728669,0.4380382513091285,0.35958297008304413,0.9880024072412871,2.291895642020133,-1.4486919166707826,-0.7350463789359329,-0.4748067461817441,-1.1919317027504353,0.20003749845489108,-1.83304070364217,1.9264165145970422,0.37329942190774845,-1.3989030269095672,-0.04724777978425494,-1.206289132785919,2.095364255655497,-1.1088474924433012,-1.3114794493922803,-1.219192632123126,0.500930868457938,-0.1578399467007685,-0.4403008681753817,-1.7983706913872104,0.5494009117617338,-1.2194138060900277,-0.8094144525176536,-0.4366445034411597,-0.692463287938492,-0.5526142709962889,0.21281209173506557,1.8660981323552348,1.0118440233939805,0.1493880829048122,-0.06390487496602101,1.1622316025573096,2.9647954804412384,1.7752288537010132,1.268876277866125,-0.924315314602707,0.6724592606058302,0.8615515937476625,-0.0495337368759586,-0.3040957806005232,1.0698922164729259,-0.2249261896163151,-0.1258740411469541,-0.7117787724355709,-0.2359995445263134,1.0844336544560345,0.6619679836210247,-0.9450825739101678,-1.6114525880540904,-0.9614251440102477;0.40760461375193296,1.5014595871631875,-0.09157863893082663,0.27764609936466855,0.006408789064416151,0.7389015437227192,-1.4788473602248324,1.6515901416254999,0.8773053999120135,1.752829943487416"
27,-2.758694211559245,"-1.567149681443895,0.7688392332367581,-0.500893121833612,0.8823380458583475,1.1786909733274646,-0.09867043737279502,-0.35791009971060134,3.342371654395857,0.21385619390135863,-0.1161019813968925,-1.057651977390644,0.8843804419106801,-1.3801908744158382,-0.38530913714158366,-0.20079162643222745,-0.8439623223260594,-1.7526547262387047,1.080275844459561,-1.6494508394805805,-1.5846108109744363,-0.3091481971967399,-0.09027371351528805,-0.732710608719885,-1.2024164525085665,-2.232264033399099,-0.625198361417569,0.32692080859622974,0.6650621405533756,-1.3961742685821692,1.5351323776938812,-1.7294009267886234,-0.8088635403027558,-2.393256706802614,-0.30998911253950745,1.1004475427790583,-0.2408372915809026,-0.6553356858443011,-0.2134962498375427,1.3862603335060395,0.16846595582496324,-0.2761589625923473,0.7737666810688862,-0.980467952237761,1.5606491199737296,1.6388714126613457,-0.42838305215142913,-0.06006163234317967,-0.35924748314269206,0.5576696930613659,-0.06784955958397967,-1.3266882170531098,1.1111942489535314,-0.2968273935372657,-0.233870479859702,1.2005356989182772,-0.9396013072758157,0.9507919881230863,2.127641428310942,-0.5899201071903737,0.21617073875244705,-0.22709557544970524,-0.1611334089445498,0.613713676592539,1.3643661310209911,0.35301641998276384,-1.3424171408367347,-0.2405439332816581,-0.5309166260810833,1.1161891909489408,-0.6455379497441512,1.0153206185773134,1.1777571618295164,1.9459239258330552,-0.31233087396623643,0.47135692908443605,-1.0401071075219335,0.5787627663962782,0.8948637857168829,0.17097657874262995,-0.5856670185511533,-0.2728720494069667,-1.1196046777500623,0.01585859788293104,-0.827283943935264,-0.688778745340914,0.3786768077846333,0.5415948440685769,-1.1645701364852377,1.0296574868815211,0.36552192373465,1.8787247524384822,0.5824945923860196,0.4546657418565101,0.12095884503834903,-0.3343762751979118,-0.17236730473199968,0.0032473581485409535,0.769833755173178,-0.7027344731280905,1.288441808686625,1.0072102207389821,-0.4920677490947527,0.9665568136705435,-0.485976142254609,-0.2179728442438869,-0.02466153156220255,0.47724090562687155,-0.9926828684124261,1.841674762611806,0.9318547343040989,1.303313739638362,1.3043269418513481,-0.41497837723422265,-1.5120941993166865,-0.32586041747744243,0.9889083125518118,-0.3673543290411885,-0.46486778088087366,0.594229912040901,-0.3154727762019466,-0.4487765592852773,-0.09022027105120825,0.43685898561652053,2.0161006623402487,1.1647698295555529,1.5242230485020174,-0.14179880511365422,-1.2608500169750412,2.042628180713227,0.5092173933555906,-1.725540008049896,-0.42294280056438366,1.46252533706136,-0.7540278742783931,0.10752451840874211,0.38583067098723706,1.3075110887375718,-0.036644034198069914,1.8192246134995043,0.3382147964841088,-1.325449180981628,0.4529134767651337,-0.15351292013249063,0.26398648945666936,-0.08157096129517966,2.2984704004547774,-1.5082220531932626,-1.598003353625035,-0.9101771028114533,1.7375572865122622,-1.068140964332448,0.061771095517641074,0.1868469707167572,0.037837500460722054,-0.41690556486489255,-0.8608645001585992,0.9323304666213571,-0.6323170676422764,0.5983634408294289,0.29151437813875003,-0.9108085850422594,-0.6111262266025969,-1.3703146210933368,1.7304000601673022,0.7134949022252628,-1.1451884201532376,-0.46809862993748846,2.043034007838399,2.5383450434121038,-0.29898306341231395,2.361150080410889,1.5736940795571392,-1.4320731236024418,0.780857299385349,0.8785438540318107,1.5037462245038302,-0.42871405834026255,-0.13740161725851874,1.275776923708248,0.9608548204342584,-2.8926081117242126,-0.17093660020467302,0.3211527382061754,-0.5559154621250537,0.476275097479288,0.7637964239304946,0.14727655015760968,0.8251611170568979,-0.058019799248062595,-0.404279030561073,1.2408776846880922,0.8608101458213473,0.5382191313421754,0.3155746234516024,-0.163361255248336,0.2518089261629589,1.8102675500310208,0.060994958272429484,0.013729523583205089,1.5455905633755915,-1.200356555843977,-0.04031584451121473,0.28544954319019233,-0.4188849494573117,0.38919181130264463,-1.809430907665127,-1.1070190204864303,-1.1365397907710628,1.0125953574588438,1.5849810280433332,0.4829678597975554,0.24716692585719255,-1.0498553335599283,-1.3160000502266005,-1.0516573880685007,0.38609053947920746,-1.4326225365974876,-0.17933493444676113,-0.5732413776960434,0.5040968434715654,-1.1844444255779316,2.0106144858341977,-0.20984047902208627,0.49191624384149246,-0.10660767390611492,0.38920309418515814,-2.0353948133570103,1.163824540425919,1.1022890747283123,-1.2251216311220128,-0.7341954205529942,0.12743525792920157,-0.8990029155096774,-0.8507856004408169,-0.22956684973602118,1.0001589122689474,-0.31705287037154084,0.985193712936981,-0.6238958488301631,0.48205557980077973,-1.508931054163271,-0.933322105536585,1.4729123903127836,-1.3644026866117676,-0.5108008882392497,1.0642379344639699,0.3419770097959079,0.5566221312032119,-0.3026508581778486,0.1129459825825205,1.206925848007495,-0.06893507396459697,2.551675369955931,-0.366117788031332,0.49481545855904063,-1.1111797238055243,1.2114687663632255,0.17356901469038838,-1.0073129056407315,1.146133538237795,-0.530992707191624,2.114757904236609,0.191587628217086,-0.856947629960018,0.2530648994712103,0.2663155220245854,0.2881308782511457,-0.5613287050538226,-1.7063045889524293,-0.4765120849784413,0.4121256318534864,0.6560159250106182,-1.0058852047116862,1.86977983029484,-0.5312128029629366,-0.2439060535014467,-1.1486483479686231,0.8432993201659398,-0.3670210285013399,-1.2132142277743796,1.1064529855265886,0.042358033894937905,1.8798113171975812,-0.4047463676242744,0.9004721695999186,1.07649844688878,-0.15543399460517876,-0.4865792997392341,1.7913815701200535,3.4216676651876092,0.22409393269373085,-0.4466748804989943,0.7446989300569815,-0.7399056714906984,-0.1408256877329593,2.1632507433258956,0.6013231328198143,-0.37841812563084465,-1.931642852705127,-0.024366252409660664,0.5213436958646733,-0.6535771259849967,-1.9427204485409144,0.7659816825020377,0.6044701038561665,0.9271084880650924,0.3519922487166955,-0.8270366802831556,-1.52207269566381,0.7488568650769896,0.7880345978131008,-0.739798627713995,0.8896335955327421,0.1204911534052331,-1.6254057894146081,0.16261111833647318,-0.4715452504494418,-0.5199902851055802,0.46427058331479765,1.5101600738615362,-0.555159902651746,0.9807276943973773,0.9631645029246875,0.049527033257463215,0.6256201531592646,1.2055485346362542,0.18687187506340416,-2.087229195993853,0.3456577755941548,-1.5876032653735028,0.7867136994114416,0.13008654466843209,1.500668122900854,0.06995625745200663,-1.0046661093505662,-0.3837650942842528,2.2872655122651717,0.2522575611463141,0.0734940514832566,1.6807429815017465,-0.12669596764969931,-0.5869650398442329,-0.5328075598197346,2.4660674016581554,-2.434948349506815,0.38595714458786723,-0.20396594882282107,0.3525446447721893,-0.12182648410301322,-0.0172355761998243,1.3448132686945957,-1.2158653008611977,-0.14181648975990535,0.8158887094020373,-0.5444375429024453,0.2280862851713809,-0.6140856712935433,0.37070419328545096,0.9634301484414893,2.0994678887480545,-1.866435952581288,0.7873113246480671,1.0993428209894835,0.14592067013004803,-2.394942860643614,0.6320468146539766,1.2796489054595388,0.4188934771065937,-0.754333596039686,-0.02691446364762992,0.2326484919866436,-0.04168577212574538,1.1086830141007396,-0.06760791622157751,-0.9302822361111618,-1.1711012654596278,-0.4590951657977942,-1.5377315660511146,1.1614980404225583,-0.9077037134977108,0.7172789547268199,1.2746925543164256,0.05400365661320325,-2.1869297820998317,-0.8455332986939328,0.61563245092605,-0.07932135262061035,1.4929813670322485,0.2288796544749353,0.5636490981657802,0.9303840128236979,-0.17099422400498812,0.12311818366015191,-1.0652112791892057,-1.131129476272374,-0.5224417513555144,-0.2592640965974763,0.24405831397647174,0.5164305413076122,-1.2605382296634784,0.6273999492272387,2.196043461040525,-1.870825119358249,0.363864272294336,-0.003070968650070338,-0.15239166653386463,0.24299748282277558,-0.2445529969447238,-0.0013197529457310876,-2.229708307261518,1.5011358080752581,-1.9107603139438003,3.911697112366206,0.45059121535048535,1.4615958327950935,0.22046633037256363,-1.4001158082613425,-0.8774468821598959,-0.6269127048873883,-0.6709573066671933,2.4768017107654385,-0.9964444491475795,0.435076589489273,-1.528386100682341,-0.905849993125156,0.5036873756207839,-2.889765284457527,-0.40729842464309235,-0.6645242496073498,-1.1487822644667551,0.38357201132599816,-0.4904128806158833,1.9890316622722057,0.6287513491518287,0.03982130481376536,-3.1415156171962613,1.6151657080659252,0.7072742295161292,2.2352023340228757,-0.5228720456622775,-0.45043865149834156,-2.2273095360391735,-0.7902074689686388,-0.2547179513849161,0.17196267241967453,0.48234888374421075,-0.8961038843686527,0.36920828106450077,-1.2730687197264723,1.2869170283326528,0.9696013940311178,-1.0170783303411783,-0.2450106775603066,-1.8118757576078308,1.3449262532205688,-0.5297468705963899,-1.0671536520037121,-0.328698612096783,-0.4048413751066621,0.1859927964821035,1.1536517584576829,-1.9324289157248309,0.3467432315967468,0.18565481698894054,-0.8387545762494485,1.1049383507827881,-0.46177986530300635,0.2134402825192291,-0.8087261743102573,2.4386208180915263,-0.4262529002569111,-0.3164442794205015,-1.4355833227721395,-0.11932514051455706,0.033412251736676585,1.475177063499836,1.0844569852953692,0.27231361159511813,-0.5046583311235874,-1.7609908835067258,-1.9551927668386353,-0.06582520653206167,1.2722614846289242,-1.0105777902791413,0.04409603169524112,-2.0311871418451446,-0.9399540749534478,0.23540112040914907,-2.3064450455071017,0.5662600646488775,-0.22852766871097896,0.19349818449890407,1.1819974576202648,-0.7221010405063032,-1.6932864509870207,0.6449811294529881,1.0267952150113344,-1.5435005600773637,1.5370928218738744,-2.0295376947357364,-0.344565987373638,1.0879197802105065,-0.9430372722486988,0.38168045689574054,-2.1186724944852138,1.274983583460278,-1.2986777933844222,0.08467522522727017,0.7783901307086607,1.2775484349021256,0.10950969190374667,0.09171053676962503,-0.3301387464222937,-0.1391920166228761,-0.574506385083896,-0.1945850113444353,-2.028150438809114,-1.2283835122610909,0.48310996977673004,1.0097578498645574,0.768579145166596,-0.04218211219702263,1.0081471279035323,-0.9132751890910104,0.19786467175632155,-1.0298339460262285,-0.06023409214187484,-0.9693562721286246,0.1856811397293439,-0.33829066688762044,-1.0983777877202452,-0.8809342697751993,-0.37596908355383996,0.4080267635681938,0.5185474575117421,0.42499477152122184,0.5256516113653539,-1.2589980592134529,-2.0021255918973386,0.4114536922334613,0.14115772481858369,-2.3543880092426543,1.9377438787412566,-0.6975965333489907,1.9681790608363332,-0.6352508361736595,1.1977900240319233,0.6480080290596459,-1.6224161457005606,-2.397232122678353,0.44264148965480266,-0.835478612677429,0.1282455241860876,0.9924867033707447,0.756862384275126,-0.11150914849276908,-1.0989349143761542,1.3062021434884963,0.09552020968832536,-1.5335184113298874,-1.2163899109458618,-0.33513283955383,2.121778745987147,-0.6926573590240683,0.3395972037104583,-0.14653852080094848,-0.9023394508327081,1.5949471219002245,-2.2127576766096464,2.09277356944819,0.13401348343854744,1.877620568215653,-1.5484222165094583,-0.04428368968361525,0.3325502940732367,1.7487687215427132,-0.015076967808859032,0.18528581210319695,-0.7351274024724059,-0.4968424636192682,-0.23937837063486475,-0.2626690987565735,-0.09843517804146779,0.3634302967320676,0.19452046549791457,0.7845211289457846,-0.8798594372783958,-0.14771011298097422,-0.47252018256433753,-2.0959486296517635,-1.3910244566110885,0.7219806043829287,-1.0990867254657095,2.716243052382156,-0.8250501815216331,0.7468355257702465,0.7553199724298653,1.4272717543138747,-0.7650300877203255,1.3035213033080688,-0.06966182247047693,0.669654534950513,-0.4428604310258156,0.8019828842949634,1.264835801274871,-1.4304313280336174,-0.13846326290190386,0.8127766677111983,-0.7122137843560101,-0.15972122512388734,0.9669159391016319,0.41356178229816737,-0.7130813250643122,1.227134073931309,2.0435968457383558,-1.6847320207498195,-0.7901000999662969,2.789052975692588,0.24297890749844525,-0.6174073341663144,-0.22676903363403075,1.176583117887051,0.11712355202721644,1.3899744737484623,-0.7740035190064469,0.04751372720045739,-0.11321222727044512,0.46610816523558796,0.2141422605982004,-0.6267370902489366,-1.853792367119396,1.2642979878345253,0.7194214985532832,0.369168733569675,-1.223398766370571,-0.4615746591548099,-0.21495425246122846,-1.8438584821773139,1.2077122979085888,0.08728177089747224,0.1859296200614234,-0.30733348365055846,0.9837965601313561,1.1276364108809556,0.16963512108806983,1.2206596168383843,-1.2182501355430617,-0.24295079810662568,1.695136600047223,0.5614043912006367,-0.816901466985173,0.6760216911600496,0.6742891787180464,-2.889740590303022,0.369398150665094,0.968522782602837,-1.964305586076308,0.22227307037901373,-0.8499041444031444,0.8478784479881052,-1.007493901730779,0.8554994865226567,0.6443567541012448,-0.4274152820015049,-1.56651281466421,0.06095652392765808,0.361580498511576,-0.3354508162163308,-1.2767166620419625,-1.532455380826192,1.1829276472297614,0.6170347730388466,0.7542085750168462,-0.4657415261602038,0.16116335890076067,0.11782369818389496,-1.1512614092139863,1.069405066915891,0.16236574169920778,1.129336797562626,1.539919234785174,-0.2359573032107414,1.6673165901768934,0.25113269089399554,-1.5809523207525753,0.6484268682682248,2.721850910288843,0.13211380205244216,0.07513950008780429,0.8733397704939989,-1.102439961330246,-0.15757712594027978,-0.7166093880541291,-1.5038172696008072,0.21470954801451908,-0.4719381903947499,2.84697343035097,1.1501700336956038,-2.448340150258351,2.250641028661134,-0.20797359460748313,2.056865079181029,-2.6518568701139853,0.7055738837466685,0.488260125669713,-2.7651842587785564,1.3950356125393697,-1.1490984786969038,0.15036998241590438,1.3251528371649046,-0.6141527960617444,1.7911866627461897,-0.5674421911245359,0.7341356418935299,0.7278566647590492,-0.34152693621217045,0.5498285051979896,-0.475073470295187,-2.404906167147789,0.25622360511961567,2.363676589470855,-0.23471700317175864,1.4075997168328473,1.469501599466385,-1.117507258459121,-0.36283203309190515,-0.4212224095344468,-1.551613463114328,2.2263927535043777,2.65195741825843,-0.2063390519208782,-0.3719973120994896,2.042970903350756,-0.15028278478833854,2.0163326848870904,0.7792987221190221,2.3419035269598583,0.440619131768182,0.7326973116622645,0.9180955272699184,-1.3204156390872441,0.9076075462579176,1.0791257068012015,-1.8937461269720175,0.17882765535656434,0.27214012154626444,-1.2001540256718635,-2.285488185808285,1.6467699289154565,1.4861683187292445,-0.9122663908444667,1.3839779112480455,-1.069559243009835,-1.5147299139593775,-0.6494847886869888,1.1124736953852938,0.5342348341369965,1.0397949874760275,1.1587896320533924,0.21834520655697642,0.2785107526257477,0.14180037931507838,-0.10529606244591735,0.8607764782803621,1.075717382159824,0.016777125964876155,-1.745679169825026,-1.6901181499254565,2.5475277297609953,-1.6827028142260274,-0.8198792403831217,-2.718034204643853,0.8708196101971273,-0.49526608386850896,-0.5393677727896585,-0.40229064046654683,0.17915274792546912,2.1303501473746964,-1.0404073908146314,0.016907351780633226,-0.7268736488923523,-1.5741569662242942,-0.8946859261154422,-0.21487577756526238,0.2994836705715822,1.3745428437355642,3.703838968184536,1.1591088512132464,-1.6374295771405243,1.3660229276981437,-0.6588982556246077,0.33065768587372624,-1.7418653250841147,1.2530667400698907,-0.06109225734858929,1.777650321729052,-0.051205427014770835,0.29188810803748755,-0.5998268876295609,-0.6217432224630945,0.03955089870054247,1.446177993282839,-0.6326417571778221,0.8581537224238556,-0.5342106168094931,-1.9501451253440476,-0.9967217648347041,-0.3711761124200379,-1.2046482425891498,0.041209740686494856,1.4464215210136695,0.8638300760750485,0.4740052348974061,1.0970552737388068,1.8186456647435412,-1.6054695366941396,0.5187096721448657,-0.054705842133227614,-0.3379377819428456,-0.888961488306506,0.03234433532759784,-0.528438192446535,-0.4167239013886017,1.0459605002956083,-0.9306603158997936,0.6842859658973522,1.904827198441298,-1.3743166161057205,0.09620224353025605,-1.68635929141715,0.003787840718474156,-1.0268155684962776,-1.2021236587279742,0.308543607597937,0.7730738883998634,0.4597808736771151,-0.9661309331811399,0.20756490817132206,-0.4995323735277772,-0.7734539801614735,0.2478860281489637,0.16718189019152485,-0.8877872943238325,-3.1478040944225185,0.8866170064776941,-1.4170903939895938,-1.0733520492117967,-1.6011722913268478,-0.1485622292555906,-0.9010508443528783,-0.02529297658904754,-2.078296385876456,1.7149376364081894,0.7951964193401779,-2.3100908824570845,1.0158590977551236,0.08130287167649597,0.6969150087072836,0.5466008030464602,-2.2467535429654277,0.48353158309808986,2.2619935419972945,-0.11380219886612995,0.6192938223240904,-3.0020978348112832,1.7015052313648942,1.854768319676992,0.08116493016846539,-0.6754026296357682,0.8498973948069471,0.7101867979578113,-0.8521177504751654,-0.655549083394158,-0.30018342274423787,-1.1300745759368125,-2.1092729278245965,-1.001139435833355,0.37790854758981834,-0.9563169702393199,0.9133296595045014,0.40894013397010126,0.02688568858921986,-1.9330898615069823,0.6441383720562357,-0.8472175625354006,-0.627454110894418,-0.6726093048382514,-0.5354340811498481,0.962948645648361,0.7579126582214127,0.3914901787196914,0.1320837931993307,1.0426821025985757,-1.471519422282968,0.23420838822881937,1.0291318897481885,1.076408492575129,-2.1501334497040587,-0.6952838768100588,0.6327322575354574,0.7853116578328118,2.710825240098106,-0.24197948229001642,1.3378138151917305,1.8908378340821919,-0.48403527352537523,-0.4517556835515589,0.3735306975128372,1.8770475294750566,-1.5512858098131301,2.262665109696998,-0.2135193699097544,-0.8663775931615617,-0.9898365829869263,-2.169894478821283,1.4935915028802436,0.8526770963991734,-0.7751434473548822,0.7939840772464186,0.8932014716329463,-1.049464266556074,-1.6232195438050347,-1.1612437190240061,0.42343278672554885,0.9153809643250143,1.161796801244065,0.5805969897983031,-1.7157768415562737,0.8873166398866322,0.47809989541845566,1.6847644732510776,0.21557038578996357,0.3037953138731055,-0.7651933570384564,-0.022847050250217812,-0.22220473589780423,-0.9067929959462059,1.496552736978302,-0.4982724409243514,0.3111818745397482,0.4942200059310221,0.1487021672720434,1.4942223670167336,-1.899699222866599,1.7629020150426795,1.3081719666039295,-1.330301507263946,-0.31149899340049503,0.20775856964304082,0.8560184520944228,1.7921818683488207,-0.3153224625159511,0.6870543297625431,-0.5644900111730022,-1.2170861315766965,-0.6266183975539452,-0.665955797364654,0.49890701892419687,0.498371138102937,0.45058022417989757,0.6183841005221583,-1.711809121269434,-0.8401887548501469,-1.136086407722599,0.3148358295360293,0.3251056787860508,-0.19689797972725262,-0.018024891121892858,-1.6934756121870138,0.7044618038890204,0.3419651178250536,-0.018091739996861797,-0.12515396163879997,-0.006325008696228707,2.856232030185681,0.7257079638067749,0.9123775032141659,-0.2330704729805397,0.012437512614412831,-1.0442923145699448,0.17529378496552228,0.030963780941496044,-1.240326004087586,-2.6458366630054813,-0.7816656794726212,0.5535644267073073,0.1493267268534455,-0.4471716216468643,1.4423358704045461,-0.08678896440144664,-0.9348876618545159,0.2619982268502492,-0.9825797608715445,0.3642794457291313,-1.2771626736117991,-0.132537332280402,1.2196363172888973,-0.37091099783931425,1.74895101584297,0.8622106113245847,0.3003011804704553,0.6097593109724513,0.9266473677209092,-2.0604030510924614,1.1210781442250823,-1.8587826018707212,-1.7555592429003306,-0.7778251567351568,-2.064426387969451,0.2352318942692743,0.9234807300084531,1.3890700062203554,-0.9433555039213948,0.8668102046257993,0.6418217175717283,-1.4937093199281983,-3.5502442644353764,-0.34326847079884615,-0.43048762802857216,-0.016078882428450486,-0.7171871255275833,1.1245313733583147,-0.057507201775317596,2.487333916091193,-1.2272460427682277,-3.409283748519143,0.5088592534433289,1.2826217232773072,0.04990936077219418,-0.5430416224665033,0.7209677856167095,-0.4595534624589923,0.005692817209567977,0.32362899210332974,-0.1196304023364262,-1.3905184687971723,-0.5142483137370436,-0.21338874319521992,-0.7753172676777986,0.28199896562462723,-0.16051373816652667,-1.0929813011484666,0.814859263554827,0.5894795948464315,0.20430852144859202,1.428662905880773,-0.3066627092123894,0.5441638368411468,0.03285909663552206,0.6182337115054068,0.4784404385035128,0.5607018142250995,-0.2692640533318006,-0.6369459598189039,0.626036040707939,-0.0029627357679263,-0.6368116435058526,2.945250186684898,0.2263386784228977,-0.12405461796782338,-0.7499536277091726,-0.27463182818497567,-0.22955773685420747,1.126027119421143,-0.6851751223818696,-1.024229929169534,-3.1100193934804086,0.3764343367607159,0.8697456961225235,0.20712862912296248,-0.7494082894567334,-1.1804196717763065,0.5560141855023187,2.510484664407459,0.18368480959692252,-0.24689711841111764,2.0771581024679895,1.0320562809051155,0.2522158399576784,0.2538529226194363,0.04685881112217874,1.1750768838410046,-1.894479509423519,-0.43336659707772907,-0.5088213504941966,-0.7741794178754459,-1.7286430136199962,-2.7682487598144885,0.01760760742102005,0.6158747868658,0.7281454392805188,-0.6258749262648591,-0.6280888209313654,1.406373906748552,0.4365161777857371,-1.1165893032973162,-1.3371466696979022,1.1991771025017297,1.6868198717013476,-1.0567311697710096,1.5860244397913523,-0.5819449255804192,0.07167747048844408,-1.2500972102351742,-0.583725980218019,0.5381298239957679,-3.260867454579385,0.35421735715217756,-0.528507440856667,0.12997220776875784,1.5536529916604218,-1.5765754430278718,-0.6337200853384656,-0.9751339641986853,0.45205969762303,0.09548283329574993,-1.2055405480750634,0.726674872664058,-0.6667570267210019,-0.2962263115511334,0.8135403895589746,0.9973036535616094,1.2448900526807578,0.8869016742467195,-0.955378076376226,0.16947585134016857,-0.5380561860639234,-1.9288433620471603,-0.19109119957369566,-2.3857185154356704,-0.7863167756862918,-1.6270274960258346,0.8676781026698869,-1.9269778481403523,1.7100667617785963,-0.5242839160351588,-0.5015540185315777,0.009421456475796272,-0.5439934101650439,-0.6890408542243734,0.6884381477376714,-1.0395492225608258,0.951720488538389,-1.4961325856219223,-2.9179068434114983,1.1844065103415875,0.22317914200493902,1.2498474080458684,-0.9479926639298986,-0.5592109047933034,1.0597288806409182,0.7901914372004312;-0.5640736974723833,2.8212542769609787,0.7866447311787633,-0.34813054233857166,0.1843166096290771,-1.544704273258572,-1.057290451440671,-0.41699777133632654,-3.8348872149223348,-1.6078936038903755,2.008989434821607,-0.3918275679494288,1.5862544306330424,1.68737012688057,-1.1820352039245936,0.12594461010363406;0.6590375320681794,1.6006121584199313,0.1306900650956403,-0.1747082657331123,-1.5060239232453783,0.2719209490788509,-0.06073740576865542,1.174434561907452,-1.0964687175851082,0.6110134753736219,-0.5237718221469955,-2.4796667196548623,-0.666603139648356,1.081514759617649,-0.18532468585188058,0.6389908773368548,-0.4449218801883148,0.7413541557068863,-0.931212010358014,0.565374262174659,-0.7894087313800864,1.1295402092041906,-1.5588915594520205,-0.0931615963245799,2.321107532982425,-0.43097110866214083,1.6568581384516756,-0.5392115633653847,-1.7079111543516086,1.751452435272393,-0.7939846697104469,-1.2188530428853126,0.2730720832223909,0.9674739933809268,1.9871212216342495,1.4103125964173941,0.7841455782245138,1.7936106605271271,-2.0300037622622975,0.0707363246141268,0.9476981323753556,0.18085773211376693,-0.24305714939112016,1.2007778482091167,-0.48238531634232035,2.0881460528581903,1.08421482596495,0.465591515403487,-0.5466115735521693,-1.0538419136760377,-1.0323220845124284,0.2504261164973195,0.3294502767105984,-0.5787222055727951,0.3074211842460773,1.6129761218971348,-1.011497199097372,0.14247525797304836,1.6790652285694851,-1.251604604700078,-0.14527000155066266,1.358633929335584,0.7192867082204693,-1.0313898425949102,1.58392649986756,0.8702416066118933,0.7192935605703652,-1.8358316466639097,0.2422794751704779,-0.601041693133828,0.29589305233723695,1.9815517288667184,-0.4149587118075014,0.38106138170311854,-1.4355546291500296,-0.17860901171002705,0.22610177261028291,0.06811620068052757,-0.10415669594535018,0.5339301469323046,2.402238050889005,-0.6923865026374098,-1.1447133737151516,-1.1398208489128612,-0.6905288991119212,0.6912096987999825,-0.2632032970222236,-0.2374728331825985,0.026226315103126112,0.9601851415069219,-0.5099665825841538,1.6125011637245792,-0.18926212058094136,-0.2227864532206401,-0.4716665354418168,-0.395023319939789,-0.16391320225337308,1.660285895364434,-0.4596062681671102,-0.8763792364708378,0.5123382915987785,-0.0658065431233103,-0.9168752074999768,-3.0030683790285937,0.913694472452211,-0.26576322261597396,-2.2147912817758484,0.16718058340159517,0.5880031913299983,0.7490403458883669,2.3284774515929887,-1.6682284129415519,-0.36907823038496457,-0.0598347601621798,-1.5638840960888365,0.036651854267288245,-1.7517741807508775,1.979678321120463,0.15660504372096276,-0.9249008842343761,0.02003815336205437,-1.1536600810440523,1.8952224972936773,-0.8718818141906293,-1.3364280899717382,-0.9408489899450512,0.1028830431497497,0.028511209119922692,-0.11466292873005349,-1.617699050668857,0.6785721420588147,-1.191228999101837,-0.7843211979794698,-0.8050976625043931,-0.8364302355208111,-0.3952778604644992,0.6194006203548892,1.8043025937900696,0.8341566482674361,0.061873181870555925,-0.2567022295491149,1.078894593179898,2.9074932751440796,1.2984997282277555,0.730076750107528,-0.4269623693998778,0.2791378215902844,0.3148712259069945,-0.10166063369460786,0.0019615891173813717,1.047968362688601,0.08488568003038459,-0.7288928327279495,-0.32286685606092713,-0.11531671248310404,0.8094799748139672,0.3661741260416272,-0.6349347907095922,-1.4925431973863583,-0.7989997641506064;0.13469641822668207,0.833539917214159,-0.13757245502291354,0.2543527796302558,-0.10752165124255128,1.0239187473946032,-1.429652467932434,1.497734770699444,0.7190768015721474,2.0401462393922074"
28,-2.9351539880683744,"-1.87090327390724,0.9472777304357892,-0.33625857321629593,0.8714924612223263,1.264773731763965,-0.1150652241965387,-0.3757337853737624,3.254852036248682,0.014540895796672004,-0.3348256555483764,-1.1567042003884214,1.0676057576480054,-1.4390700387446913,-0.2928324004250778,-0.3278493047755481,-0.6395790201106669,-1.7355258216096947,1.114791569189217,-1.8102821582757382,-1.595229131787973,-0.2438635481058237,0.13550156561271975,-0.7124548118044426,-1.3910150756784645,-2.4235803505803295,-0.44622192535259164,0.19300537006444968,0.5676870828254446,-1.364411212028879,1.6665034367403622,-1.7097241172813011,-0.8458951494873621,-2.2234790886346043,-0.3950009103932327,1.1739193278527882,-0.24621529037853723,-0.4433599291580764,-0.026438863660815284,1.4643504617804681,0.08288622085109881,0.0074139871398094526,0.8348509530012591,-0.7601505523558411,1.5919051982454975,1.5316204235549207,-0.7160092052147266,0.05284984739861037,-0.3947538406667637,0.2725878964048627,0.018393292158286653,-0.9809337467596165,1.2697178074023663,-0.204966628080959,-0.3494808546385869,1.006035693823084,-0.9740554135563183,0.9550575876118745,1.9837250895274106,-0.8698284206796622,0.48983859998352186,-0.4888674107445883,-0.2319029266998844,0.5257557848892984,1.2818211508861816,0.22626959606091362,-1.3467597200629529,-0.32628295503405125,-0.614635019881193,1.0459066220640243,-0.7958026274341466,0.9541001603474186,1.0987034914357072,1.8509374092294324,-0.16836124791677165,0.250274576777741,-0.9538766454553573,0.345310147409197,1.0131428423279154,0.016645684406277242,-0.562461106094919,-0.4031369202027145,-1.1525397844746765,0.21404902824193084,-0.8249465486221744,-0.568202376538952,0.09728205050152774,0.3533879448429567,-1.1223276924238539,1.059402985951804,0.501301092659582,2.08717821103946,0.6816015882243852,0.7556527854786382,-0.03441721837323525,-0.46140022921338797,-0.1841990332562673,-0.07623998517828125,0.8936581555737505,-0.7861968989514592,1.42185087490309,1.1005156206423012,-0.5348185942910478,0.9734328655133742,-0.6307256933714224,-0.21072932887862278,-0.06796519196836878,0.3610210250296314,-1.0044268019653189,1.9163883475452734,0.8425591816813549,1.4603373156791948,1.0134973307887882,-0.7476411426729259,-1.5631063021300773,-0.2005852331967807,0.9565729503125443,-0.43232407768170594,-0.3350651829424812,0.44851444781772876,-0.45169064940137515,-0.431104399317282,-0.08366559307004637,0.39906218740817,1.7656072328609478,0.9483068672898176,1.2174162212261337,-0.33391354217206326,-1.254247883933662,1.8609492256050246,0.4052007221011854,-1.845764757551408,-0.476451892156902,1.2950545020579431,-0.8522245468917109,-0.03439947773596974,0.26680966375212367,1.0406851312071792,-0.18837524822723783,1.7735384934274776,0.474861381448582,-1.4361689648676206,0.4651583184357381,-0.23395032081121753,0.3421451022368489,-0.251333134784583,1.967214472598958,-1.4596658894514356,-1.7192642479847298,-0.7901927107075767,1.7579029626899685,-1.1044500695594766,-0.16558048773366066,0.10197080729142183,0.0241144614759934,-0.41349158763908367,-0.8036050627959634,0.821638155475914,-0.6383441520649081,0.33472383038385156,0.03432526595104271,-0.796882404320066,-0.4451656054547143,-1.184309348382157,1.6712673155275248,0.6560319089295079,-1.311274661689327,-0.5214350945953912,2.012163452685699,2.6568729108691165,-0.4417606192414223,2.472493733475088,1.4998261559838963,-1.5113700251808608,0.6847270562152261,0.8892410846087294,1.6053419828001851,-0.1985596803039452,0.015131173659150648,1.3936898625904244,1.1645281304115322,-2.690571355463544,-0.14914590696456204,0.43167934087119747,-0.3782745813977217,0.546136929969022,0.9717664954354787,0.2403098801638288,0.8018908590158258,0.07137905399517193,-0.29757459018494964,1.0332389603371601,1.1140505026470846,0.5574574762900523,0.2112641124807512,-0.30196681874430564,0.11619857065226577,1.6058830406745106,0.19278610019036793,0.08929822892862074,1.499610877204688,-0.9839474590801408,-0.024239818623994394,0.14801616149368685,-0.28230777801870416,0.21295550445220807,-1.7482226440206694,-1.0021689565149796,-1.044013271249944,0.8632133936200044,1.6677140983089427,0.46468755279228385,0.10432143926026816,-0.6040505320163378,-1.6127422814298908,-1.0338396864838615,0.6599673263584268,-1.4202842985420026,-0.10080215740697342,-0.5029562118779207,0.4262099142291137,-1.13484373086692,2.0915708506631554,-0.4676524931072035,0.4466542829895131,-0.053882324169849005,0.3603943905054015,-2.1927163445779896,1.190851133009115,1.2584359269810035,-0.9378478226661828,-0.6818427288191524,0.02216928419672709,-0.8470866520055752,-0.6762557306828764,-0.162731374035504,1.1872856000286223,-0.21479779241461217,1.1635926950221749,-0.4933291800870362,0.7459521266940018,-1.1577428534180314,-1.120019718992442,1.454940665301298,-1.2939755002131108,-0.5044197195713065,0.9380727803550518,0.3973456421089234,0.535614389038723,-0.5228734878865162,0.11601825012125211,1.106512706751804,0.06035459663354138,2.523550059520037,-0.1686205458903638,0.40547819249819406,-1.0693434414186183,1.4227595268366762,-0.027783834823212207,-1.0392402153140605,1.132756532340838,-0.5573385831799572,2.1665464223269377,0.1467617166140908,-0.5874429277561191,0.20573416748918735,0.3760716090995214,0.31518147223482096,-0.5725546360938766,-1.7099842264933531,-0.09372838640635534,0.21696738918524014,0.6396901011846864,-0.9097065544899943,1.7905121651313516,-0.4689248810327181,-0.03661802229341647,-1.0586825581348407,0.7874754710935244,-0.2116810872472908,-1.1674084432545073,1.0935695902938292,0.12114063664685276,1.9140195680119476,-0.38976310241982454,0.7912573098246307,1.1010788314743443,0.19362254282181945,-0.21165938106270313,1.944331620637452,3.330776608554357,0.07906623552639552,-0.01440648331300251,0.8032601419380928,-0.6672449545653717,0.023333374213231325,2.1075365815866878,0.4603502186855821,-0.2781621024364418,-1.8413904052734134,-0.12763996211602202,0.7234664131458911,-0.6482449584581128,-1.9680850593035732,0.7058916400643117,0.39782208305285494,1.0346142631187307,0.29548249751046884,-1.0042094367645986,-1.4172938335392917,0.5317242059538141,0.7921976929668312,-0.5619926571461289,1.0183899259406608,0.04582914232854768,-1.5188459418390188,0.3389218329403819,-0.620123419617769,-0.42820419193068593,0.35962313519796363,1.629264677930079,-0.7099784634971075,1.1494153067588682,0.9268559930755722,0.04909106127744337,0.6132443035781168,1.0771718055951784,0.09083331651009943,-2.0244870648927193,0.27143703585008405,-1.6096784147674275,0.46372867458518363,0.14734830712576916,1.3439219908040394,0.14374973917951672,-1.0062769804952256,-0.5022494899134412,2.287590341164265,0.33125758591986787,0.17057560120519766,1.6183573934784858,-0.39819598320579214,-0.46799180051827216,-0.535947361921324,2.34266845324424,-2.5247387906180636,0.4589377021620168,-0.2783709097067989,0.5699140474794605,-0.16280774145028903,0.2347577322129662,1.396636570360287,-1.6317715748284902,-0.18671667658980506,0.709116918513787,-0.7457031118161459,0.46349655837982306,-0.7861521671954572,0.4211441956222944,1.2282392570657024,2.187688874408439,-1.803860276460611,0.7722001277928053,1.1171507642187104,-0.15859459658670366,-2.193495679051434,0.4733564276226516,1.4870814751254826,0.24682496068181878,-0.7070868300958764,0.20091186028206676,0.31809458240659777,-0.24392541274184054,1.129328568620754,-0.08913425561195461,-1.0807809967411386,-1.114435234431835,-0.5185541249637736,-1.6444359929575627,0.8992186957526354,-1.0011810156247654,0.5572565172834226,1.4298472601524184,0.07792121914283859,-1.9257369789686292,-0.8663565912931236,0.73031979027338,-0.027564432549402634,1.3377447779012126,0.13855643001027845,0.5591538294772446,1.0372357074924345,-0.2544058631763866,-0.17455331976599733,-1.1350371539784028,-1.1240797235789155,-0.5949232720674111,-0.3178805666017774,0.27164340883909127,0.6016907639963726,-1.3209768311472858,0.4889934542005319,2.1765132976488197,-1.5714092787188725,0.4881815846737877,0.20035552054669153,-0.1069752852055233,0.5298517769879583,-0.12620237605369017,0.12545331286402928,-2.2289607828957347,1.6018022202221252,-1.8307569649214495,3.781621696839603,0.3541979123951644,1.3995189285425493,0.12856358790428213,-1.629286175858303,-0.9157489232133459,-0.5498342584202951,-0.8381423660918907,2.2788318696624716,-1.0791619185560952,0.43392859705952125,-1.5639187348127461,-0.9965911554232337,0.50183663538723,-3.1034810599144236,-0.3734617848082475,-0.46157766921023047,-0.9180330552070046,0.6026150011880519,-0.7448801790235433,2.1587410250752326,0.555023867837995,-0.32221703298055515,-3.13997474505261,1.5464866142140818,0.61722516998917,2.284688207875971,-0.3334102647733027,-0.23559545691973593,-2.369003025745025,-0.8840615316636616,-0.609007408422124,0.15573036750553662,0.6583590057275086,-0.7998831060552283,0.34354740913947346,-1.497551251566144,1.542958171049281,1.0502917366587847,-0.9569370870151812,-0.10523069363707765,-2.013993644495965,1.0884486897023156,-0.43798037064970197,-1.0706016668921823,-0.2995011062331254,-0.23867856348199612,0.11304377275057981,1.0112248925895904,-1.9889946793426796,0.4307735780056938,0.2147742657320009,-0.9378066472910489,1.277415443752099,-0.6429552973832133,0.11449185139083409,-0.7956209310261352,2.1040309893874536,-0.5435561176906462,-0.4232868235614927,-1.442566176889724,0.05720371626367218,-0.1594598339796926,1.6403014333929957,1.0529232184310606,0.0587559822702136,-0.4572854709577876,-1.6832137604012816,-1.9945749225891307,0.04010934044854901,1.1014472782046256,-0.9612230081550986,-0.07087596749566472,-2.0116977824749362,-0.7032465238438937,0.07990479611972977,-2.2841344475563754,0.3670195100143963,-0.09803109480690568,0.5164130483895516,1.1939873726909551,-0.6742048686625386,-1.6181957082402998,0.6141201775520313,1.0143529428370543,-1.6574044586258037,1.5953626567350685,-2.210079489278864,-0.31948016136928786,1.295330812754121,-1.1098549347410227,0.31468128738347095,-2.299679210335011,1.150493463676721,-1.4113127013104252,0.45736450317102206,1.0234360281043549,1.164916552566395,0.06125943707954151,0.16220574010170613,-0.4232083112771102,-0.21944816186615948,-0.7050265140682312,-0.01758867396783667,-1.9999451973055717,-1.0545482389920746,0.44990783338350765,1.0951964516500377,0.5265787512983735,-0.2704317282797493,0.9489650693906613,-0.9899611225984336,0.3477831378865015,-0.8804305072230272,-0.0808978493341746,-1.2912431337953199,-0.14750241655256985,-0.4722686816785049,-1.173074805045888,-0.8108856191303184,-0.13223787094695175,0.7214080110141097,0.5212842314828459,0.40929068224805243,0.5376761219638735,-1.3722563122503737,-1.9404963693331063,0.2960233293768046,0.03609367635282626,-2.4902515513287145,2.0023119169954984,-1.0027312409652782,2.0569430500830386,-0.6216916951872989,0.8389560143553899,0.6100628803929742,-1.6524010378724079,-2.5560354338286264,0.6122984897309232,-0.7826756951707958,0.008871583524117072,0.7093080773181517,0.7186597860032781,-0.17848442532072337,-1.0129687016906477,1.5443010273531634,-0.0509766689817316,-1.5106023413019272,-1.255296003659802,-0.30696658371752705,2.0715172072755474,-0.8094427791132306,0.30183931859684365,-0.09853042732663182,-0.8722318197847075,1.7186296182591705,-2.0259664623092033,2.19607176112289,0.22589431114386563,1.6574228174353292,-1.7130838583383616,0.22159743624478118,0.23611958482610568,1.6513182525379104,0.17803433889228373,0.05258023748927832,-0.8125437358195827,-0.5239691275348441,-0.0170885261360553,-0.1770724087945827,0.04648877039241725,0.2901201722821475,0.10509098462692806,0.6618887522413511,-0.9413124029385597,-0.33908335646212606,-0.501809039394411,-2.3015315060105146,-1.379469294121365,0.5973299991262044,-1.1978327749189965,2.7827382765204525,-0.9724172686229634,0.8094631251018571,0.7605710092309067,1.5135374073348493,-0.6652644817829024,1.246776467008211,-0.173196221368301,0.6518234885177764,-0.590351099575736,0.9295657589039347,1.1540784638449066,-1.156260899558897,0.04035015270926874,0.9625302033168114,-0.46709277564818713,-0.24651890191157308,1.1103324869499924,0.6021120169627225,-0.7231047730930454,1.3767707436798957,2.1024448408920806,-1.8043774165817583,-0.7551005211209333,3.0473637475748987,0.3641902615707787,-0.39705584162810287,-0.13097317268987235,1.1344356185394917,-0.02860984125828786,1.3400064526487725,-0.8684680403620552,0.0989912697290053,0.10066163051295358,0.4104345271753254,0.17388097885220358,-0.6968025447050598,-1.8428420558964034,1.256912351898258,0.5188697229336218,0.28463723425321785,-1.3479312749786763,-0.35342969481649866,0.1308206676742059,-1.469000717392949,1.3254509058853976,-0.0021157016807389142,0.20587029758323222,-0.14614283251720517,0.8418895425913705,0.7727869668850909,0.053399355058284054,1.2640147138700621,-1.0815284570238408,-0.40590558512268965,1.8786446122351048,0.5312444395824946,-0.7613689443060219,1.008609841186517,0.5448555725862089,-2.763504905227742,0.4358376869020589,0.9362767532787829,-1.9199107397542794,0.13286279730756004,-0.7489178775583138,0.8859795490963941,-0.7563209381945575,0.7818380548408752,0.7714937947764058,-0.30383991449520564,-1.5937786437306793,0.15192592018993412,0.456195912439761,-0.28400281478604084,-1.0613677566945898,-1.8432699858962256,1.0757918306897893,0.8759550967873141,0.8929041981575672,-0.4499504578943989,0.21761010161058317,-0.0693683428119578,-1.3180662996309433,0.9382825659920786,0.10276642224394511,1.0496761069295788,1.4296419630368136,-0.0568062446107205,1.7456557077345924,0.2072557539745603,-1.4504856448866115,0.7864193768993611,2.871942703837669,-0.09963058536047195,-0.17938384866249812,0.737775608145845,-1.335539785494452,-0.262323049843007,-0.6023522787195442,-1.4603740297899965,0.2584095852449151,-0.5310313959313502,2.9017255861861138,1.376746408452191,-2.5745961438567466,2.2706521291282447,-0.18017483123023786,2.0996995035389396,-2.37218706322737,0.45042024460754715,0.43606813402673245,-2.6348366874903246,1.415027613745266,-1.1684369851701502,0.09707536519799823,1.4125638943208312,-0.7487163098296212,1.4985050326184146,-0.6130726028511257,0.5357047529165618,0.9112356953994579,-0.5700309273958769,0.31995927487983505,-0.4024031816644725,-2.5148344558996136,0.2890181788340336,2.396011432785692,-0.07267596252419968,1.5321781894870485,1.4769896571180647,-1.0899418861533887,-0.18253965550670143,-0.31019967522642955,-1.5618234803930287,2.449074930619184,2.645235303613699,-0.40007975840256876,-0.2847533549479071,1.9380698723283993,-0.09538560439573995,1.8515819606287685,0.7221470810646803,2.141263028745592,0.5674891770045022,0.5997853474443519,1.041502721376716,-0.9889597836410629,1.0663707517913648,1.2365698440835102,-2.123693469309794,0.13670002434557438,0.4324140096124589,-1.25455228520635,-2.2193240529165914,1.6807964536154971,1.5533568082511253,-1.2875320725713748,1.5775250993670855,-1.3603819285215613,-1.67873813326352,-0.6207262033256365,1.0461105853239376,0.6257758704167855,1.193929744291327,1.1473245069045643,0.24982846263097047,0.1372205043730546,0.12190071803986002,0.07812150336985725,0.8221632520525985,1.0219040188003956,-0.1194393572063295,-1.6828307948753805,-1.7066882271279602,2.4388074196738683,-1.4891450279672638,-0.650711917682826,-2.6086730302836987,0.9311387202578357,-0.5544475517192997,-0.6507165215844986,-0.2744239199367946,0.2129443056027726,2.0782876299471784,-1.1172987911803312,-0.05911311885347141,-0.7738413402299661,-1.448363631140216,-0.8938430067040507,-0.15800545872237412,0.05967797232814348,1.4514850582791328,3.706502743785664,1.1771082565660513,-1.645646672247171,1.4380968592844408,-0.6432890143770216,0.4217720352108397,-1.5937040636733595,1.0144275750353355,-0.0220630456074616,1.8144726062714371,-0.121800140830889,0.20067600559603782,-0.7378857620012012,-0.6323759454246378,0.15310998542090615,1.4133206932325664,-0.6471360324664868,0.691330308115457,-0.5598547936221145,-1.959637258613171,-1.0047192213211913,-0.37889588823639275,-1.1913084340825761,0.2034957055856666,1.4003598584739514,0.7848196629836774,0.3601329570630254,1.139346304068747,1.9761865772671656,-1.837039025952856,0.44072847866789533,-0.15209064995834806,-0.4337659504095696,-0.660230531667399,-0.1033979014769035,-0.3249167293609093,-0.1538648852958204,0.9790453244921101,-0.8470363176871667,0.48666101014292407,1.825134862980268,-1.244360262458838,0.1483548297572877,-1.553797427600138,0.23221340973169957,-1.1240734052546943,-1.049921797164565,0.28174378173830517,0.6800544053640771,0.4004033100885804,-0.8804026138050519,0.22853452505021687,-0.6256084323538518,-0.6753584352273083,0.28496960013897227,0.10509642174152883,-1.0163378155022647,-3.1624312040531968,0.967566376323585,-1.5210859366695768,-0.9622995331901737,-1.5278532822202553,-0.19950899365006156,-0.8486176599140023,-0.19792311840117632,-1.8088891153548905,1.5959387596869596,0.8648086573602847,-2.4508083609996247,1.08992088775987,0.29189607987459965,0.5083238556144393,0.6761409138632839,-2.1600653098345557,0.21665903977736675,2.0960505293999976,-0.08080852446322188,0.7733629768069469,-2.8265553539008397,1.9347300664815525,1.710372662037446,0.03930165072363708,-0.5439230047141534,0.8168535963773909,0.6422807073597695,-1.0769749747991102,-0.6974026291294408,-0.3250794857696607,-1.1960529102836805,-2.1313495773138436,-1.120573399601106,0.2627557412781983,-1.0036679925097358,0.9723544993517705,0.2678264343699309,-0.06942101095280775,-1.8684821304982222,0.6844271447454806,-0.823908524354867,-0.9260475613054524,-0.7196213231065296,-0.5622493004770994,0.5921710973901446,0.7039365554761485,0.5290394732258092,0.09011145028149568,0.8015821908171528,-1.7474004171046578,0.30328605022738003,1.1107824830945068,1.1871977922814188,-1.9774455704902827,-0.634517520872715,0.3948677245364983,0.8092015670783371,2.7361136882364843,-0.31656475549121776,1.247262074898788,1.935661491786635,-0.23238140206678015,-0.14694596976263521,0.3381666111238366,1.9720559947013554,-1.5475240642841945,2.302003352619436,-0.08468123335285543,-0.9213036394235141,-0.9922528039107322,-2.096450598120555,1.4925532760263824,0.89612224529029,-0.8216894872756423,0.9855940785693856,0.670645217733027,-0.9595220524697867,-1.6289286334720354,-1.280592277360602,0.30167825742908555,1.08408253476633,1.1559677910076287,0.45853539291908846,-1.519402750403531,0.7133030221152402,0.7246540867031483,1.5955922337182025,0.1770074247522507,0.4790573395429286,-0.6945284756886495,-0.08433124291646937,-0.19541556523391676,-0.7556299981797717,1.6909916795151223,-0.47851780750719775,0.36572193618389875,0.3462637508140875,0.14528690646526463,1.577929856822215,-1.8443411440112052,1.6451965568829792,1.2650489450077256,-1.358391771440565,-0.22228114305269425,0.31228642375332516,0.9568193020320059,1.741100256280755,-0.13219104945016819,0.9410654644976172,-0.7349598914713679,-1.1738250975141336,-0.8032850675064758,-0.7245248024070802,0.5552153279601995,0.5427066861974036,0.2869973556026898,0.32765070055320555,-1.7060261453890329,-0.8097276310666415,-0.9412193612060012,0.2481670494189943,0.41314333980133366,-0.21952319728137276,0.1938729904717243,-1.7016861788148752,0.7144903258404167,0.31100147506825004,-0.00390441525634061,-0.29788708051193347,0.032984521904393965,2.650311398687923,0.7593627394035316,0.9067933944267691,-0.12354310879471064,0.18969985913839754,-0.8136076073530584,0.47543144782410224,0.22150258688133592,-1.1510390534190806,-2.8510828520944904,-0.5549406192699036,0.7789939688701268,0.18614957742968316,-0.6593108027921841,1.275786263726747,-0.14013295167195078,-0.7732004640587158,0.13623312832610793,-0.8116359068223855,0.2934776329521604,-1.2396112595842927,-0.0745520246032472,1.2638375930013068,-0.5712875712815679,1.8082128912667865,0.8894689207403316,0.1324689877907946,0.5577221391707178,0.8144544857906431,-1.966758786356499,0.9765653573746962,-1.9660526752161869,-1.8261209866452113,-0.6859715188458084,-2.0913220928994223,0.25091300435630265,1.0172777459670352,1.6879913243072022,-1.110282638424952,0.9054014429080632,0.7830750445891269,-1.7272334183188411,-3.493488011759768,-0.3133211747990069,-0.4198704189728148,-0.3200384788282266,-0.7035381595715002,1.09575054430782,0.03959210105641843,2.3623933835370954,-1.268225267022198,-3.5251157187293183,0.6123027726525526,1.4173401092234525,0.06856661440908537,-0.414134819156682,0.5435455349177317,-0.3371702402854858,0.09716317163240626,0.4879873083943571,-0.3311665119499667,-1.1675984097547325,-0.5342773129873944,-0.23045591706682178,-0.9961051828408305,0.05307869639889856,-0.18403322625308358,-1.0353675495306838,1.0874253699776935,0.3418846458584801,0.13874369670715095,1.4168856751358156,-0.19079706468111698,0.7107778716681978,0.11340109189407506,0.6861828669301276,0.3668894636455438,0.4163647564270526,-0.3229945805040963,-0.5604228722337132,0.6428346980609971,0.07784949470855991,-0.7669928703123418,2.9671129820858555,0.07795134947173209,-0.19432339446038172,-0.8130660688741693,0.06516481811410926,-0.3383126751631072,0.959237891611266,-0.6436765484295695,-1.0449779069357277,-2.8696824133428134,0.3049709538625807,0.9064018735298823,0.14023137905175986,-0.8793596511411269,-1.3434939441804923,0.544166290214447,2.82571837439391,0.03829564526101241,-0.14630841841177916,1.9482045312092326,0.8456343887219796,0.21920853814438626,0.1224238429780915,0.15814237948949536,1.0637897229583408,-1.616022592253531,-0.6192449834856893,-0.3388294734950353,-0.7395127345225365,-1.7350875235549545,-2.8162781793597333,0.19779733630498042,0.4877822741853099,0.9213714851177375,-0.5007780166657595,-0.5275902283864313,1.3191475408620454,0.3479937028950638,-0.9881381136578641,-1.265698073887665,1.0017922829572559,1.4321296046245129,-0.9332137174375025,1.645261600289719,-0.5191345604972564,0.10448122476450956,-1.2095073132861824,-0.49931115848120927,0.4377893269762996,-3.1551638783442115,0.45268640425197787,-0.5208050271552234,-0.0012915677310839507,1.7768437718986925,-1.6173203017874427,-0.8351357008433372,-1.123834539234348,0.5930543961992576,0.3766185839058376,-1.05041545053822,0.8427508927899243,-0.8904788821630514,-0.47749021260566515,0.8465017780906117,1.0268719425618,1.3036371094473769,0.8333695321274303,-1.081494042105129,0.07223057135185648,-0.312659122866661,-1.6379625542322591,-0.28079864024289275,-2.1726930194819003,-0.5802950697761972,-1.7289575449061563,0.7794436217951656,-1.9434020752131977,1.8267619360535936,-0.6925890369136334,-0.2641235349757139,0.049820339422349674,-0.6737368486948676,-0.796409528992603,1.0505497243220785,-1.1271423475922326,0.9606346910703145,-1.512501141757047,-2.7808611020291676,1.1967681111918325,0.1866287306070919,1.2990594008234975,-0.642426504800286,-0.687398470167887,1.2155424834422057,0.674172687414072;-0.4881867530870999,2.4715716042003164,0.6909848144699813,-0.5133829161635284,0.2955441227038575,-1.7036649662626981,-0.8288953239407267,-0.22725037147980506,-3.776794006751249,-1.6276935084688533,2.216767093344912,-0.06482405650163137,1.5693412175214931,1.818461288920225,-0.9893580820118264,0.019589418840408462;0.38323798193947245,1.8052517919541968,0.1082068326542551,-0.11296826756017497,-1.6128592171484764,0.09217347813066122,-0.06966628484649258,1.3085161052975647,-1.2749986473790815,0.5557612628177679,-0.6697708547908512,-2.3826274559048617,-0.5398389484190259,1.0404921732075616,-0.0970729127448941,0.6475152671141466,-0.4186332286751909,0.8842678221390399,-0.731777092536519,0.5395808403509489,-0.8026382308038847,0.8758077234090628,-1.478441385356121,0.0293727580270349,2.248901408946085,-0.3641537864026004,1.6531321248747783,-0.6195138526742455,-1.6919695381331747,1.7693305543797073,-0.47352418249539324,-1.2751331040626936,0.302993764836501,0.9343636998388594,2.0906937789942286,1.3388108140808082,0.4872375623840386,1.8744770078939825,-2.005313434257736,0.1827721308637814,1.2328598246315954,0.0688357576851977,-0.44207856928096384,1.1803982908219988,-0.42174074322849725,2.161527824787156,1.0789338034185456,0.43894290509247336,-0.6178900816725656,-0.7950834477649886,-1.1421640619269198,0.2749230899781117,0.42672564695260784,-0.4779863591308482,0.15897191856917098,1.6523028074992272,-1.082688019138,0.11975250144002446,1.5146862700628445,-1.3254137100133006,0.07510767218495723,1.1721376861387538,0.5474535412187803,-0.8886351130285268,1.6517150139865069,1.0676947670784502,0.6557554495568478,-1.9480139869508906,0.3837837320156753,-0.37511192133470167,0.2785715002455722,1.8859485545565626,-0.5175834109295239,0.5733180057668987,-1.6258054144304201,-0.038146119894133315,0.27950662739158627,0.20802859828992,-0.2274148045516152,0.46519913101278976,2.45567606928238,-0.8112803430407787,-0.9368973222633076,-0.9973965830967952,-0.6958278309203983,0.7159836339244762,-0.23109665208053567,-0.38849749271129286,-0.06936099401850414,1.016620323004776,-0.5576364129061304,1.675609411206943,-0.18829663120414714,-0.40428917807069265,-0.17616103850767947,-0.43785022117802924,-0.3752480336423517,1.7653861602217416,-0.558156913135627,-1.026821151707571,0.4356332629834238,-0.05808724172918712,-0.8984665151115533,-2.9036900871367686,0.9005703410377977,0.06514077928915157,-2.1815354986067548,0.07117868555493975,0.635975428991584,0.8986681975452885,2.363896971865307,-1.5624997854466671,-0.2727637880869126,-0.08065625461758229,-1.761740314565895,-0.06562503255623903,-1.6912511200599225,1.8626725170220222,0.38209202732192876,-0.9877657430842729,0.1345261874089328,-1.2092930538410578,2.0623003070601986,-0.8635991374443529,-1.4622189673839414,-0.822014212435546,0.28920189519885653,0.022171864832566474,0.06265747069403466,-1.6781951485991806,0.7096150937797069,-1.0786059321507668,-0.8644763998371721,-0.6378146239403054,-0.7443223471798357,-0.6024083788269176,0.6274952166021307,1.655473427510777,0.8576987510388898,0.24972263858130328,-0.22833885611806043,1.1877485980534919,2.895954045408227,1.5381730777209044,0.8204467687180945,-0.5820561282089965,0.29786351394609306,0.19765288138448092,-0.18942337770010878,0.04717646135468593,1.1629524467008774,0.043882267727923405,-0.5326046338552427,-0.35782289485083635,-0.0699356179848891,1.0996121686460683,0.2650500857209625,-0.8024982235584169,-1.5198109663415,-0.8669921705714171;0.06791125755627042,1.1680151278335538,-0.030862473375183233,0.1946404385417012,-0.25629491051027886,0.8061120941609987,-1.531749772075862,1.4961201976958818,0.8525391748841665,2.0417413031112734"
29,-3.0030759995476544,"-1.7602941508762502,0.48703698682509583,-0.8472879915411338,0.7368048351865796,1.3694784957282833,-0.023224850176251227,-0.4520237441311271,3.027522184419336,0.0846373999772545,0.24205932959286044,-0.8205108735489085,0.7297557910872117,-1.1302163257460036,-0.5198369193001382,-0.33338888052817284,-1.0206023381426523,-1.4201004578158345,0.8410058079474159,-1.9116166620622832,-1.1746401063875185,-0.11899154922925312,0.18778888325783114,-0.5721928530433306,-1.0281620435236423,-2.216245678709795,-0.24192383856119895,-0.1570340701673309,0.7548216849614631,-1.2315812156359887,1.157507800869394,-2.0010878755373027,-1.1939336144067125,-2.3733789496261184,-0.5216081410636101,1.3014901280682487,-0.27545957812813454,-0.9644500929796942,-0.15760096796878031,1.3981419283600331,0.2604646255446108,-0.15493294557956994,0.5695716010326485,-0.8166075866773339,1.6715848664271493,1.3663542854571566,-0.7700383289288187,0.1678302648707722,-0.6384043581698967,0.31459146623380546,-0.07162415755004924,-1.453594682060215,1.332794317998196,-0.2137976299549521,-0.21041528345223828,1.3732129280711984,-1.073809097309815,0.717057765503929,1.521051309947418,-1.1920781690929048,0.8638998738915906,-0.410972113385378,-0.608251981946029,0.33903774901437533,1.4621752309605307,0.834679530494894,-1.2622205705083245,0.001638492558931809,-0.7635014353036872,1.1603693597219353,-0.7326545536935928,0.655666408163976,1.0037255979814335,1.8955343966051394,0.012283775185896073,0.45152824123167284,-0.813101933787914,0.4588116763593325,0.87655933185131,0.3161108692806019,-0.2692673735145319,-0.17264340277385096,-1.360910539026493,-0.12101582911158451,-0.4416273603654396,-0.24322512629175502,0.3967510667429728,0.5559295473855292,-1.265008482571604,0.9856900260041508,0.8271920087767562,1.5927645118680829,0.626852719397006,0.5816890524768671,-0.15935940443922514,-0.6543329894508987,-0.462859645219393,-0.4082157939688418,0.8523871565913304,-0.620216778281664,1.1715881561473582,1.3629501592831095,-0.25231681338587747,1.643719944100033,-0.4657411676162384,-0.21595605804476475,-0.3103849213359745,0.47737268473962186,-0.5946281189285226,1.3012074021786075,0.9619096491053872,1.983550731742123,0.9869577778785698,-1.0595480932912777,-1.7796960961659014,-0.34242794979757085,0.8826206747032224,-0.11997704882800792,-0.48029051410524554,0.2676081985150945,-0.04750222686931438,-0.5977301189809787,-0.11713999291514579,0.3447727877058132,1.3776427760816723,0.7213705426174102,0.7166786986278723,0.045338652431762355,-1.3617027910672987,2.411392708951824,0.12339362769359136,-1.4401550566024583,-0.14245985360819485,1.074003186579563,-0.5842547449304254,0.037141379375378314,0.43955099697868577,1.2480702232337597,-0.5505449638272615,1.6437196910595298,0.3798492778414329,-1.6542012545325355,0.10104448678176484,-0.26493153626606036,0.34701041234350605,-0.43232982763750355,1.8228770743710538,-1.9863787392630512,-1.6451540519504655,-0.25621225121122787,1.4601721700045969,-1.2033632644817298,0.20584510813971943,0.3779405686176138,0.17048767063321035,-0.114085727379425,-1.0868341258029506,0.8914296182563557,-0.7492374614053943,0.2534782272714676,-0.09092723439264444,-0.8444777137500479,-0.6389305067339813,-1.2420018748540824,1.5309190280324965,0.6189740339734096,-1.0451198935579717,-0.4258064435595569,2.045721985040079,2.382558789541487,-0.16321316930544064,1.9087129887902727,1.8631538868445727,-1.5891065251648337,0.04198937158721594,0.626155059024787,1.462454440258961,-0.05056745535291206,-0.23358933856610775,0.8409418891348105,1.2597299369978578,-3.0404798844469045,-0.023386206364292218,0.24333075973524299,-0.45372678637624686,0.8927879629528954,1.1422737608741456,0.4987993970475257,0.7459464494822635,0.05743481128030653,-0.10515828665357647,0.7677127290376883,1.1030710103787837,0.3041642244704127,-0.37959337474082144,-0.05626351534600638,0.13280239283535616,1.5583046430126248,0.27944042690299703,-0.12794798684877007,1.8626258136291198,-0.8023765323547316,0.24220859321640698,0.32482112548586284,-0.47816969779252905,-0.23842134516640756,-1.418676180149125,-1.0560180791592908,-1.0254075500988786,0.8313644111002094,1.3983230607171302,0.6101900390708621,0.21793803310015503,-0.6083967979475126,-1.4622540203066965,-0.9706377008157092,0.48708232978339033,-0.8757009479946002,-0.05498121701483763,-0.09623876545930235,0.8452416154434911,-1.4483894314095613,1.8353529167493525,-0.4183191481794779,-0.014685291029540276,-0.16306576537379128,0.43939219461032875,-2.514821312546102,1.2341204768907528,1.0034507959402648,-0.7747107560197372,-0.6540964662095998,0.12224023537978845,-0.9499221952185543,-0.8431236378706918,0.40280380075797817,0.8872793347850425,-0.3319334794539426,1.026125381180774,-0.2895920352526352,0.12296227256904756,-1.2811731583963195,-0.6279867876822505,1.1880303842653173,-1.2983945936248256,-1.0227349981622778,0.6087631325541424,0.8927624218544307,1.3125790373491735,-1.2606255849196089,-0.001433937566896683,1.1409760711186145,0.43462858430724416,2.5510369943390345,-0.7527005763378298,0.32025025632833815,-1.245451203931326,1.239564725641871,0.023077305146694878,-1.1120649767629733,1.1634454530878784,-0.15079825932259924,2.3006027389211257,0.04536605609619228,-0.7002610410915459,0.1118108766499599,0.26997963330371044,0.22701912528110355,-0.6657337500079632,-1.965879465500698,-0.6276883470069241,0.4602822006033608,0.2853113260652963,-0.9104726325884336,1.885427268873284,-0.9728115851777399,-0.10038453582578738,-0.8738737149431278,0.23205947072005043,-0.41652094386383354,-1.7293910893521214,1.0733583172327306,-0.15387138667404482,1.6455305357574146,-0.3859462905887332,0.7753318776200806,1.3102538838779032,-0.11380451881775927,-0.5350270047235064,1.9855029854403534,2.844553807669197,-0.03017598488418849,-0.3168352279834108,1.0628278461393357,-0.8276959194651682,-0.6315590466459566,2.0166509315260583,0.37246679957834694,-0.34478759561601985,-1.8165156551587875,0.22979846278151464,0.8019092313121741,-0.8462008216684261,-1.9423900092356834,1.0150541127304002,0.4743338785401237,0.9187388474998024,-0.25205604919674,-1.4281881125951668,-1.3699054628847493,0.7927459963647062,0.6578507172831054,-0.21697559166197355,0.40944077026164943,0.2166386613231497,-1.0078305750806458,0.1717037843753866,-0.9000934738907973,-1.0353763480621394,0.37735588619035776,1.2343604464340485,-1.217197418279772,1.2033250433490899,0.6701906314513447,0.32649073899913306,0.8479104138430902,1.0314533752459876,0.27888540311480375,-1.8660526273359954,1.15720844528181,-1.2244351535741835,0.25835902045486553,0.008571870653910324,0.9115136365759162,-0.5178593917151049,-0.5829290423435973,0.08040006684026332,2.2377806051274858,0.631070987682316,0.6113171124233581,2.0015238940432503,-0.0777516508739553,-0.37363541261624433,-0.5265403175947825,2.227339568738734,-2.27197062494247,0.6856030475511795,-0.42362736078930213,0.487369732770586,-0.02949918320317472,-0.1074585485892617,1.211226629217107,-1.550970527520803,-0.42346314819507286,0.5585235368060253,-0.29561573371131405,-0.2661653739438156,-1.0543455316024557,0.5142896978346148,1.0185461751873628,2.1865684279007302,-1.5888655871304154,0.49603896214466203,0.6158961845922706,0.13989224734279787,-2.4464966485682407,0.30332459936373546,0.875568828680033,0.34987635700043385,-0.530203709189358,-0.09530733755936482,0.05313106912114812,-0.2029428743730516,1.2239090233947354,0.021898129837317676,-1.147364559602096,-1.1430436271810265,-0.6073197360825593,-1.678389102982051,1.034686001170201,-1.0634952474660286,0.7661908120414724,1.5127674528990716,-0.5447759395271979,-1.3076562783036845,-0.40271615761528123,0.9060018172966159,0.37631933069771256,1.4932238197839232,0.22791436506709448,0.782540614501132,1.4164673478209053,-0.38649588789618106,0.5740823187690234,-0.7493698202145129,-0.8647510511265614,-0.3440128671296148,-0.46229564405790313,0.14018287619177605,0.5762273570109214,-1.179492115036266,0.5619806256602952,2.5103119453932137,-1.3413114297328885,0.42054145468542115,0.11503172910091396,0.06656421333776302,0.1530199973752634,0.2819426464410279,0.234213428753245,-1.979561794428571,1.828851027766429,-1.7959391092353492,3.4477339602269894,0.10525698627832433,1.6051327273283862,0.047097352625209185,-1.5386325994884664,-0.7167926608853954,-0.8101405733530482,-0.4538981747563158,2.03459859746237,-1.1114537571852778,0.9203895161103688,-1.8511280268205899,-0.40740017945008383,0.564043468915078,-2.6942722429878723,0.19025398459686793,-0.22138856886631775,-1.0134292641918727,0.9429267700986539,-0.5472765197453694,2.1775724038894,0.715120425106805,-0.010284815616266318,-3.224351537606325,1.3301609732369828,0.6936629082585158,2.1223211549603387,-0.557915401896972,-0.4168152284294951,-2.378437495292118,-0.8885499639787664,-0.851572999939582,-0.10955528211558904,0.41264998715867623,-0.387325447351491,0.0340144426464579,-1.3886697389030602,1.0149635771539278,0.9204983873928496,-1.3350946817859926,-0.11665971479062462,-1.8032649744682892,1.4464741532927943,-0.6459322043759,-1.1343021875423451,-0.34816683706484225,-0.41947945191955294,0.5595736289506065,0.9501307175588425,-1.2758803908525396,-0.07637477147578997,0.03195453215711225,-1.0844893547147154,1.5142888714978697,-0.17999063850233976,0.2772780501832939,-0.6697706135184135,2.2402058934372393,-0.08595312499613655,-0.24912620204328118,-1.5734736002861465,-0.5541244173743833,0.004124761119877335,1.2373626003467155,1.011747581146626,-0.20707749337046832,-1.046422218507394,-1.2304300146588927,-2.0803155286955377,0.39100914359501343,1.121695808808026,-0.727193501674536,-0.31207145342213033,-1.3301684133009757,-1.341958917334605,-0.28280905632831277,-2.096819212495503,0.4592112249006431,0.235785666505404,0.6703641151452732,0.9170804156625219,-0.7597624526807916,-1.1980586029965838,0.49090278307570545,0.9379939997256949,-1.4724630829196288,1.3661190270005954,-2.260175956501027,0.1832429400483844,0.9240463380835244,-1.145934557139287,1.0246140752468749,-2.2251933413118308,0.9242285588170992,-1.0662246453391666,-0.041982046163395424,1.0298462366893213,1.508792666623456,0.12536581268400493,0.17371108227839094,-0.754588087239681,-0.433765844159262,-0.8801093734473615,-0.29591177839267074,-1.9058082979915878,-1.2607445366277243,0.21563739492836698,0.8484272275663796,0.5561686162338431,-0.38598449275830127,0.6791874485416626,-0.6927515655220652,0.5394855463494418,-0.7076284769659356,0.22824114758394975,-0.8145764604152737,0.09738455037755606,-0.8896133403871731,-1.5827512012424458,-0.34226604974903035,-0.4717675240160841,0.6750765860076203,0.6658782867177979,0.6515890568177937,0.632413375328975,-1.1361468623370843,-2.1206791862354573,0.49165817950188295,0.004813868910615388,-2.3636078865074857,1.9914621704053144,-1.0843260837248931,1.9260210845480323,-0.26717067073252615,1.261124777714149,0.39464559477877487,-1.2126790643115462,-2.916303408656546,-0.1555835574010799,-1.1000177078114506,0.04124007373157011,0.7570742987484976,0.7661571238965819,-0.01863170338340216,-1.5964930131920583,1.2850346406072943,-0.08303472887125539,-1.632178525835953,-1.297167524882638,-0.32473399911616757,1.61680228233452,-0.7731377388058076,0.09420333149863824,-0.16162885855893494,-0.5105435241691771,1.6250863582562771,-2.1608332200944287,2.2826294330098653,0.6226046939454952,0.9781841739620019,-1.3202565853878747,0.30005824974859757,0.1099181850567318,2.062682614348942,-0.5711406327715175,-0.18128927712737686,-0.776968026860266,-0.3654843221874999,-0.5999553188535522,-0.10750213295924294,-0.1426931502682921,0.3164471464336769,0.14086957234310288,0.5403159989775996,-0.8518170285435746,-0.07285772095761059,-0.2476841893423209,-2.1746840882039025,-1.5555140902736249,0.5412244210538367,-1.0359066900311118,2.449262003112693,-1.0139543081331757,1.0436471762176927,0.6784095517952231,1.3775287521724515,-0.4690019379751136,1.0908704814376355,-0.42790520160152173,0.2781205985311364,-1.2395995181619959,1.0681662307916908,1.3000253353690856,-1.0663595488782653,-0.345597201322114,0.950747266914785,-0.5870341457060233,-0.23916440486478885,0.5418711143148789,0.15272056365077274,-0.820485490538227,1.6849738204440503,2.0234705748869146,-1.8248714319096424,-0.6335731281296717,2.738981678138391,0.10129402368252212,-0.34745356803127153,-0.3273749156003568,1.395309989870735,0.051492144288158126,0.9037028655289496,-0.4695156407657969,0.42877602504195383,0.5483099147973713,0.9385878962947545,-0.08971075046990612,-0.9347882321094383,-1.6907878031276213,1.5561485707457021,0.36108318756450875,0.1855602712384622,-1.3557950253530875,-0.26476950983925596,-0.09921487312403293,-2.357963462532783,1.3968906375935033,-0.078051588908743,0.1954954482409625,-0.26083661448937817,0.4460885867517105,0.8003084430074499,0.04218943787238791,1.1426776920877577,-0.9883713093025042,-0.4594900123432632,1.7175893898323136,0.5065802439972249,-1.0920284660984663,0.47220586720379226,0.19693830013068345,-2.741189237070095,0.042058921616535544,0.8193703637879538,-2.440080712929321,0.0955719060157488,-0.7341511753353027,0.7802873438215461,-0.44425638363397024,0.7307166767759652,1.0397958253651582,-0.2769631668450342,-1.3877178391370952,0.13176274975922855,-0.2183797343538111,-0.28631077184146175,-1.4337891975717845,-2.1981165278709347,1.1774608398421151,0.205173558766664,0.5549605468500138,-0.8737031484443621,-0.06268509495735902,-0.26133242088751846,-1.1311802069379602,0.8404793808673274,0.44100275520145776,1.3088816698098393,1.2863070737775555,-0.059573090195327104,1.3347546657080376,0.2685561117924954,-1.242492701479897,1.06605244659593,1.9419824748147372,-0.06083548971020174,0.1388633433374415,0.9032217094355167,-0.7619409954701613,-0.19414732235228252,-0.5505780473983488,-1.1092131208219558,-0.34719027535806574,-0.48679576808486585,2.9536069141820054,0.8482077551909282,-2.7896908238487423,1.8129261246868111,-0.15637606212885488,2.37205530471905,-2.764940394796623,0.9074234651302321,0.5280617299640304,-2.0271166957991715,1.2383597281304455,-1.0965232608815667,0.7520628185246195,1.3230042618735345,-0.871642746666558,1.202197490883929,-0.4394367491703411,0.772382170115058,0.996310269313047,-0.6294945392965723,0.6739181831558178,-0.5361277167310181,-1.983973648415559,0.29311042880777083,2.329372385506804,0.210955218481242,2.055712836813014,1.6708264176992638,-0.9007121758161439,-0.8733561517326404,0.18731040957425515,-1.2593684299880066,2.469366818380768,2.2645487218821976,-0.5559701952874115,-0.2501470738588213,1.9091972228894691,0.05146212884421939,2.1471068302756042,0.7185565295668327,2.5767091769260917,0.7795947418991843,0.9612227955045622,0.5844322977660358,-1.3295774104203986,1.0950983143859132,1.4086864739247336,-1.8625842626604645,-0.17508575407094612,0.5813824654045872,-1.2135896392064638,-2.6576842677705157,1.819571351670941,1.7467156689713816,-1.7997744501439612,1.87399113793991,-1.7884289446380837,-2.3959158033993777,-0.5855374592060838,0.7014592787629653,0.10030884019608814,1.5247058569592624,0.7606242539475858,0.35288921402922696,-0.026046641614232063,0.1916647373972531,-0.03193960568054588,0.7390489311878788,1.4465802638446428,-0.4687298147792272,-2.002102618814268,-1.7048494997922319,2.5425485346916825,-0.9986855700803556,-0.7268109859337631,-2.6902891466488397,0.9627599109106197,-0.6751541413257071,-0.802119720169072,-0.47767283610611544,0.4786624881704349,2.237698214811627,-0.8154662549244941,0.14176457808949924,-0.09409956795627994,-1.4566829995796227,-0.3382863148571204,-0.35986111194854803,0.18136400785673235,1.2456186806696345,3.333844153807358,1.1655495279548505,-1.860595836503303,1.2498312971048846,-0.07911959960629389,-0.18665579808900135,-1.8194905042862186,1.0997335861242514,-0.024825818900633345,1.6678660568646158,-0.7939697986369402,0.2818386606594166,-0.869290896741884,-0.7363533898150758,-0.44100710071786403,1.653719802388216,-0.8861076145697774,0.6573773098622032,-0.3137318857088693,-2.121943392773005,-0.9175302713159473,-0.126788249413209,-0.951296473547638,-0.06552351118197182,1.532184209926776,0.7787090923255291,0.7747520481535957,0.6988058243540343,1.1515799707508272,-1.5180839398652104,0.6394689779032278,0.05297886885137134,-0.06656396475949466,-0.9483457021511704,-0.4395091257216995,-0.649078184834938,-0.269661891445133,0.9181946779598684,-1.291950536235515,0.26085181156897325,1.6311682086999137,-0.7050202969369707,0.38143136134488287,-1.7069934383552952,0.5552884137402779,-1.4911786321512286,-0.9669644784403238,0.5773114993172969,0.7783082322788278,0.12572206833334537,-1.201638834046139,0.18311181276877883,-0.9615014607533049,-0.9566364362308346,0.2683183475903661,-0.0027393578303190613,-1.3418140744506413,-3.093838062645155,0.5669439671165466,-1.1771773836157244,-0.33212643851239576,-1.512830902517298,-0.7527385077750011,-0.6267218070276617,-0.26330517513785556,-1.5612739176778236,2.015088410397121,0.8644340657864957,-2.12012633280791,0.46973275958244326,0.0567240236353425,0.5303049657052461,0.8440921985720947,-1.763421226112323,0.38022053207811835,2.0913485751736163,0.18205795814665332,0.86056914133053,-2.9117769622900886,0.9630188038352443,2.042856206608163,-0.25654344212152536,-0.8320533295870822,0.6752819439874402,0.7472626878051798,-0.4837031861911829,-0.7674392647301067,-0.23132740226865256,-1.0382799479726155,-2.0202991611822383,-0.8216816392631436,0.1592258949782267,-1.4986084477179902,0.7228411408047638,0.8497544906321555,0.4048522302020926,-2.206765865103029,0.7631422943775638,-0.6616061023870857,-0.9608993316755997,-0.9649396141901867,-1.0384460246797973,0.8175605860960659,0.9645608929071433,0.2840380755986438,-0.008612963571245857,0.5829266791956875,-1.774497288839307,0.15378099467666803,0.7303645209355112,1.4541386878443914,-1.8728317297683146,-0.40613877364032924,0.41235626761408195,0.969765942693777,3.3180691837230607,0.022689673665245946,1.0297418551978854,1.8308500026822305,-0.05430507981105437,-0.7084373791118218,0.20595296867384433,1.94915157611773,-1.4201652346456566,1.9876046828833989,-0.12614613018814536,-1.6543790962136793,-0.6870697746188124,-2.0897719182168246,1.669098496558925,0.7585065930524251,-0.7603740813469516,0.695219084934761,0.8599615724893446,-0.9145223543333287,-1.6601723867003177,-1.2152111762488287,0.7012351023919943,1.0561742933202936,1.6499400468057672,0.9336941851856895,-0.9872996284375294,0.9979330746317024,1.0266581556353256,1.558352837449265,0.2517581302867768,0.3688267459107653,-0.859914251149225,0.14880603740275578,-0.15425960181335102,-0.4356831653334197,1.4786843697870928,-0.8707604969472889,0.25326468358977994,0.2687239412020201,-0.011505702900251978,1.3188365207975488,-1.472809947579169,2.1022631233335263,1.2601322359397868,-1.3968402581353452,0.12410678183243892,0.03303009512019453,1.025937593308438,1.5996549375848939,-0.06715386650943858,0.6541877634779251,-0.7568751653885037,-1.1331957068758938,-0.3885167676047512,-0.7705345677701458,0.9596320375485733,0.396960673288348,0.08890212476646739,0.5620200225364431,-1.3782769239957644,-0.6331508225198242,-0.6973149763157237,-0.2362669030991536,0.08156150421572372,-0.14660059684451687,0.127811749239167,-1.559744475791948,0.6872870234210356,0.08457822447997906,0.271873726989766,-0.6297456121306008,0.1001282706233445,2.8253066159904825,0.2935542290894757,0.8752271234126912,0.3042844995770994,0.047301251652978715,-0.7813723036892731,0.1691510152695729,0.3458392176375522,-0.9272622896790307,-2.112007733758234,-0.9121605485871981,0.23291574551635372,-0.024143203700639514,-0.49399417857505284,1.5206880980241817,-0.2759519673635464,-0.9562800746886783,0.13055780033492406,-0.731082208804199,0.3790909963004402,-1.4182615290660274,-0.11609113150099155,0.827042423852585,0.07048757649998992,1.9852552370848655,1.1517257738342217,-0.1392155018613668,0.7586397479694176,1.0013356467066932,-2.377692934135542,0.7500996804081572,-1.4325258755539054,-1.8316542589545792,-0.8210900858464387,-1.9493523652448157,0.3271083480079082,0.7645839236826458,1.5560793369229668,-0.8912808220292036,0.9525350436820379,0.8989444705476711,-1.4572749707558517,-2.7141367394656237,-0.25938647507053436,-0.10522959374729418,-0.11263516374957738,-1.0194639934179914,1.04855133867557,-0.0734673270423512,2.5807846265029073,-1.1241550580538213,-2.9083150908147286,0.22524721791369143,1.2893008653982607,0.056049974282599405,-0.5313070757560764,0.5759492921133736,-0.4365024058250393,0.6508573262222401,0.27943762378609893,-0.43031896413463444,-1.1699271517007903,-1.1266589093757464,-0.7134608105512211,-1.216363474556282,-0.009080387883004234,0.06454268408712305,-1.4076316677323328,0.9679736961433699,0.6583255661731501,0.4964620306726338,0.9036484409028528,-0.029199621996442517,0.24819778223605765,0.16444660319949134,1.0444934901891112,0.5709499415374769,0.679179750914368,-0.050701582113552635,-0.6740853640451112,0.39083968395731844,-0.0611315980203036,-0.6995842839232882,2.813216280144576,0.30142843352169024,0.21831037999947456,-0.8020478720773314,-0.3772163266576338,-0.2530505956876519,1.2106121121902025,-0.9399030392143293,-1.0544298333406592,-2.8642636582414776,-0.021292048506101557,0.6932128638493216,0.2103061283884943,-0.7564960507100037,-0.9136065900261411,0.6802206396130746,2.411562342827301,0.43564225581424915,-0.5275658989924462,1.9063311368752234,0.8682496527269461,0.3691089773861988,-0.1596268315558335,0.07470729410474525,0.8831245414773308,-2.185100603385545,-1.176957794909977,-0.577809423256546,-0.6004658990899621,-1.7743993347857743,-2.914909787470026,-0.14144518834351055,0.45359120551748594,1.0876293201075133,-0.49300712354463017,-0.15991507089003884,1.2214736380980746,0.37539105959279284,-1.6221287478603852,-1.168299610336496,0.6378923853668049,1.2830679772868723,-0.8286812931454303,1.1359484441942842,-0.03926157528698718,0.1636139715406683,-1.57368476706872,-0.31960943354687565,0.3766730632538211,-2.9649403393887743,0.5046986846942355,-0.3138780991562787,0.02044057264738655,1.9322555544212254,-1.6030664741473635,-0.6957292263476808,-0.8764760250754474,0.4843614826746059,-0.24316806632343113,-0.6891177430512407,0.6537718058396772,-1.590950324615829,-0.6989071375095546,0.8723531950094702,0.40631249383431217,1.4200983214363179,0.8768070842092202,-1.49123836049681,0.36592346822363936,-0.40080964505353733,-1.9613358006460695,-0.30501981593799027,-2.2332975544681917,-0.23470189472650965,-1.4538435436805233,0.6491006746431058,-1.7438454122705243,2.099656553012897,-0.46881906906787435,-0.32204081173964355,-0.2048123413256277,-0.9182388641733608,-0.777429979535343,0.752111489224913,-1.2271961240898135,0.845730039915053,-1.4914010556554471,-3.407651295663191,0.41621125241046164,-0.4492022824017011,1.0441507378570611,-1.1135961985729212,-0.3549250583126336,0.9112687985494917,0.889065542046936;-0.4498311157932434,2.8641920778439576,0.3463407347759454,0.01831268897016238,0.4171606323357803,-1.9436165379992993,-1.1053605640510253,0.0015139769307687956,-3.8016816093549304,-1.5066552038866352,1.9252813000239843,-0.5213034516787671,1.6165177845724994,2.1220165421779704,-1.4311016316324452,0.17067584972068964;0.22290605449448578,1.6973356573886358,0.10116908015647175,-0.4504071058716024,-1.4382664356095818,0.684558501315619,0.15607510320115217,1.1653961407540268,-1.5014164387087572,0.8259107507006768,-0.6788747007911049,-1.9708541084429272,-0.6515229055513585,0.5026760880906233,-0.22458565212885773,1.0572007348714185,-0.39421729598092864,1.111607421525267,-0.8837176001730038,0.6612263301260891,-0.3765043777108326,0.936681936396001,-1.5419904940519402,-0.4195330837232602,2.178340865766297,-0.652015208986223,1.5165081790989918,-0.454221210916631,-1.8181382982943506,1.990324382511034,-1.0348483060030764,-1.6035982107746332,-0.19218854724934448,0.7063199795096335,1.6778237583410127,1.0884565430919078,0.9656973753001088,1.6223820210762716,-1.643022973512463,0.42571158028866063,0.9246253717830718,0.3857305264108163,-0.2778838880744745,1.4288085767542116,-0.10370894237327993,2.2444094029909776,0.9871759989485187,0.8843225370387856,-0.24095560913457442,-0.8826196243200238,-0.9555942163631872,-0.25932620191829975,0.7443989149999714,-1.0080768382183143,0.008970867524837833,1.4409096344734154,-0.48220995023653734,0.1308802591758757,1.162481298642048,-0.7583186131208385,-0.4569207097517908,1.6141779933414664,0.532555547252895,-1.2197032471788818,1.6342019354222472,1.124460852658167,0.8384563025982519,-1.9088627267642195,0.4266647892132065,-0.16596565042885925,0.12572286758066176,1.9303722862018609,0.27010925589198787,0.5313707008199154,-1.8644464752409518,-0.3037739529495429,0.17370218882482913,0.35924659148496707,0.05915216213226739,0.8389110707213263,2.1979003591999016,-1.2447341698892584,-1.4321345022928142,-0.5599991690214319,-0.707682118830098,0.5449321591704577,-0.21025560228063278,-0.32061160910093645,-0.5940400645866628,0.5765236997402301,-0.5645171240896779,1.975379955740822,-0.17733162546111603,-0.49744969107878717,-0.4773512524056313,-0.5870889879956603,0.005382299053793262,1.5408027248020222,-0.5755950972069777,-0.8055806153014717,1.0549821550557847,-0.08593564159823865,-0.9679520726140882,-2.148726220033918,0.2903871706785254,-0.22943766238855198,-2.353330643591847,0.4217653572090573,0.4485236736499523,1.0535476147438672,2.150493094573352,-1.4883101375832575,-0.6961321414664128,-0.005703104100454354,-1.150400712927907,-0.09150190085507473,-1.826335203535661,2.0397066933321604,0.5167296160486792,-1.2540110146788488,0.02836249765779076,-1.0762874267003009,2.0442041289316446,-0.9175393823713558,-1.2137153287528657,-0.9062089321447131,0.48056699429281435,-0.1587999813587774,-0.2858042209529223,-1.8215345762701343,0.3437309413982721,-1.2406698091431163,-0.9380774497017831,-0.5606631006626359,-0.7435404651504958,-0.6096566312649414,0.16556237476074503,1.7209918042070456,0.9698985803748595,0.1899817044696656,-0.14450720493375985,1.177177331956496,2.8611716107468617,1.846675873375229,1.1968124513284948,-0.8577545953912136,0.6721298987098108,0.768065084805445,-0.1761253479248193,-0.3293086149935796,1.0805235526832995,-0.1173545563482877,-0.18672145523773184,-0.5083547630384573,-0.19669525550231237,1.1323801945897802,0.47176171846611403,-1.0922067569951,-1.4647996922002349,-0.7610424651067614;0.4251774577547049,1.4576885424326254,-0.032852145004403255,0.28380142738949543,-0.015707581427050823,0.7738266295334459,-1.5958419367562189,1.5498465133370303,0.7713593691384938,1.8592310393512943"
