Individual,Fitness,Controller
0,1.889118439513488,"-5.924045169636081,2.974537756935942,-2.941726420123509,-7.848771132239548,3.965804558091768,-1.7837308292336935,-9.332830873260312,-2.862956426691706,2.8946803502871106,-0.7875880649974722,6.509826062036002,-7.463048483626012,-10.688867451990749,-6.95555048127308,1.2800663045407226,2.1916936186128386,-2.256495032816169,-2.466125128201092,5.0452516651631445,-8.671177556126738,-0.841756955093563,-5.075884005337991,-9.997659474820395,9.9207915840981,-15.688033132951979,10.453222451572412,-5.320080507708572,-6.132277511030658,-8.923935401927668,4.69876488967043,-0.2864875673868996,-2.75992676794303,5.01838388321314,4.674200280698673,2.2275595638861465,5.5646935284816,4.694869897087291,-2.726529763760306,-2.14982447983473,6.964161489142608,2.545347863193635,6.061945833555934,0.17222809023180535,3.4990531669020934,-4.29446335078528,0.40415747179316897,-9.830833719071055,-0.5071689599455498,-3.887644800156786,-9.905199430933482,-1.0779887819829856,7.40663365099649,3.6476691682092914,2.4343246391609394,2.220950903778034,0.286938814586835,1.9401204455875707,-11.635195385702028,-7.302775543092018,-1.9370128120187555,1.9699779761843783,9.415514687922771,2.5531755717949514,-7.589918971937545,-5.398748457497325,0.028307673796503702,2.1262747460530576,-4.242643011638721,3.4084260970312603,-3.1338910643998963,-1.3740943277995794,-5.95419704582344,1.2264286429544713,5.725548955491311,-10.530955914402819,-2.4797688095092347,2.3219805862763905,-1.4012240353384189,2.3679818767128906,3.919227212108055,0.4082575714641361,7.347494563944917,1.456102752902677,1.3539983280869394,-7.54935037025537,3.1176697420425534,2.683062632532183,-4.0780046373674,-9.276823806194127,10.227300750722709,8.769614739268293,-7.85128490132258,-3.083714289662156,-1.4515031494318387,0.00962627282217321,15.338561431171517,-1.2731644168406484,4.831036419932664,-4.278751531026114,0.04136346272942282,0.380158591880316,-11.673453942267388,0.9241879459179789,-1.9112869518961937,-0.9077604912654805,-1.586485296212335,-6.906348165209723,5.141966844417086,-2.997970980481689,-1.266195702568172,-1.8550670772107145,-2.3896699314444514,9.06819005879398,-2.8221427618483608,0.344029264541157,-7.49405385690746,7.178652045976595,1.657245233707936,0.04502856824629985,-0.2694854341774009,10.301337501598026,1.832648242412206,-6.381867431059727,3.195123641265023,-8.049375977550294,-1.7456556756185888,0.5734305196768954,-2.1287865932290915,-1.8570810567280285,0.45510506641418613,-8.313733867616984,3.0015549224832325,2.099349858925181,-5.781789007001433,6.091820404631237,0.24276300387696692,8.922468921984757,-1.9592906567132577,7.074525364223021,-8.776821549248904,8.657151243877662,-8.716833361054299,2.0480802963270452,10.088132418656897,-9.174961195199653,-2.5372220362529654,-2.671198718452373,-0.8998073351756455,1.6555377817084311,3.730486713419098,-1.174082459409509,-3.4221389617868154,5.717321869737451,0.6504702864360219,-6.86445121833791,-5.154554839170242,4.137246571126223,-1.91645522374013,0.6005998051586334,8.332450873418237,4.470663836744787,-2.507415839512318,1.262497119402087,7.440141055836135,-0.2030858737206931,0.0072108720838632845,-0.8105031801009785,7.131818344392029,-2.418382356873261,-10.17796006332439,-1.058218424600386,0.2649741518736336,-3.527517967024762,0.025831253726777526,9.53177820894949,3.348470389470989,8.537793852312728,-4.483154595014174,1.1565390359705574,-6.611818774224005,-1.4552081765445184,5.677759255252036,-0.9312076218038173,1.2856643195943873,-2.4393290087164,0.22197239725676615,-0.14465228786864603,1.2274150116731457,-3.638383095118797,-0.4370184748033785,3.245208866878137,-10.028909904048124,-0.4398920798979914,-3.367695167356887,-4.934223202357792,5.327383900004875,3.1796517222964646,-2.1624421163852947,-12.702611308439785,1.3173205746823862,-2.655073616675448,3.373258867461928,0.47019289724527447,13.778414956387175,5.299651188139997,-2.2635928271925794,-4.6565453635708,0.31550595476170495,-2.7419830674321277,-4.373163696150276,-6.397903033135827,-6.649631685427476,-6.4043286376770965,2.150711740582776,-6.359906817874899,-1.2923287422395369,1.4060241321850566,11.234279701151076,0.22651980274315187,0.6138037999853813,-2.579854901296636,9.003395821595396,-3.179322244525323,-7.293142572976585,6.166246638399026,2.96168585126153,0.7203590121685419,-11.010748696067278,-5.795713524992839,-6.131557705189055,-6.019707699566552,-2.5753982586752935,4.6802236077443435,0.15019992981169272,-6.973983383978027,-8.131012757279233,0.30252953617472167,-10.449872522499394,-4.530224718963991,-5.793551798226279,7.3062919451005675,-3.4066620341667853,-7.712081000450583,4.527481983047384,3.2315174975297682,-1.8759217986718966,0.9797205990654775,6.804784878673104,-6.883327757782441,5.803383340859203,-1.9746072686322018,1.3248641398547973,4.6700380955741,-3.652510471038709,1.7665505726268973,0.8261261173362153,-2.3013248194786757,-9.523635840260516,1.1325191063609588,-5.874636013486221,-3.4894528492386,3.970906697064362,-2.5998660754459233,7.4371527490058025,-6.2061456826128705,4.104828832569373,-7.379837901787929,1.6058040498474608,-4.309576227413818,3.9809682389731758,-4.511682627883238,-0.3206347218689489,-2.8558614251459433,-3.2173061415879003,-5.46443886582939,2.5842219479443562,-0.5513964076879714,2.7490369783546327,3.472572499450946,-4.643052501139085,3.232672636072941,-4.713395246761861,-1.354322600617123,-5.397898174827898,-5.946496323140785,4.571272453730537,15.42576969531461,2.2965564082075454,4.5730526982533,-3.190439718551879,-1.0472620373220682,-0.39604240491358556,4.035782839524239,8.874752789829156,-9.657231179023317,2.2965567054937446,5.9346243540010075,-8.080205805438947,-0.7309901541345535,-1.620367953075943,-2.6404091451645417,-5.049800657637586,-2.0077567577828592,-1.8908936471981752,-1.40823540363883,-4.88046928114642,-4.775643457318752,3.4688134429481963,4.647597998632005,1.6303524457773877,1.2172561129456425,-0.9243297624346714,11.027937879290251,-1.3819960062401548,-11.621619908762288,-7.375939298908564,-4.812881672589823,-5.133353139603221,5.403829261200166,12.361568008794862,0.37931216723553063,-2.0986900173229692,1.5558612888903536,-5.795679632295401,4.559188626964307,-7.2735205493005655,-0.220669678335907,2.312964433001654,7.938158338651082,1.7562425867748295,-1.070209930513843,-3.3306781988187324,-6.861073654496853,-1.932599565446823,7.500098051740646,-6.000219711003915,-3.2835245941098403,-9.327836636054144,3.34660958433815,5.053867699231194,-7.7860728889381905,-0.2901433656531022,0.11259734219919998,0.0821291750779346,3.9502183636600807,2.681665628158716,-0.6132000678748737,-5.661245889852479,3.494190485640595,-6.316794180536277,-2.9832254903578868,-1.2969854018214892,5.224322560158639,1.0677354505438104,2.293856910079057,-6.696116410196703,6.089293082461571,-5.575153272632402,7.547209522773855,-11.388438673526377,7.883832301808143,-4.919663286735337,7.393433140698941,1.028767566611566,0.5082899602937365,-4.030157701993282,-4.916455343583912,-3.5078802758467194,9.871222358972917,-0.6941811810487565,1.3954343314764062,-4.722807500605435,-2.0753399260047143,-0.8028875362880621,-3.9880057765758865,0.33748475263514166,-0.20115907732262872,2.8146737295870046,-3.785113371244863,6.900114745598769,7.623600573883557,-8.155633672545633,-0.9534330821291674,-2.6943241098844863,-0.48944038097455195,1.1309691296218998,-12.172747860870981,-0.8625094938290153,-2.269969920385398,0.5910815959009628,8.89817848832593,1.607763113420536,-3.6511619865796154,-3.4534490609442634,1.4916232699978198,-9.344090888409136,0.7530863396983378,4.039867789489589,-2.1666245952741745,6.752675899405216,-5.646462218035555,-5.955634513962408,-3.5319305596377064,0.08243106476827022,-8.199210853554591,-0.17637954031656816,4.266752681433103,9.708125546738293,-3.716610890040763,2.402554915818591,1.6605384880369265,-5.275730100692607,0.08155346447426348,-0.8869614015758124,-2.094003704575451,-2.1406245857354462,-3.1124605197486925,3.588086195278094,7.6000579192626745,9.465899243437343,4.415387812508315,-0.34341421669402594,5.999041448777355,-1.6768408707944822,-2.1302446095117338,0.9721058942565173,-4.776685085232048,2.834611030996313,-10.285095201933299,0.908707289142958,-2.875168369179815,0.9964966918241791,-7.695236567966033,-5.7675449867007895,5.383658023326374,-1.3699519863656648,5.605002394743934,0.2682534994762298,-0.6335253870545836,-2.545828565920192,1.0643172680437865,-0.8624935257083659,3.518368670601473,-2.0305822304344123,6.457892167446015,-2.1282926500356902,1.1600767501290323,-5.628118391688433,2.0162733150581897,-7.3382324347739285,0.12939258437955597,12.408474538282533,-4.273502128990694,-0.9489335070700873,4.743612862923194,4.8959932109747735,8.329262463674278,-3.599069087674081,-0.17687658526009237,2.0493631239207812,2.4943112270223478,3.4064539475963302,7.976816823402917,-0.08122630635146377,-4.676614243767198,-3.81547814732626,5.500254832985674,9.493533516506018,1.449061122504958,5.511412475023869,7.110271937967283,-1.3966485071942263,-0.6688800353126583,-2.5773393974321124,4.725657972123502,0.26581710261631786,1.6901236509621937,-3.0021208608130117,-7.915942924856447,-2.5581600950949754,6.69647218131016,-8.77513093497333,-2.638706571036297,1.5547929794199855,1.1110576673858026,-2.7521081265973653,-8.170569493524551,-2.5518282108592385,-1.994747134590457,1.4184371062249028,0.08185547548896843,-4.387709002270432,2.234360705064429,0.7963891662023923,-6.52867408183853,-1.2012259391767226,8.772111611467535,-4.3430179427649716,5.312394476309767,-3.3248298640172975,-4.710557664479452,-0.7390248820136605,-0.45323496304971267,-4.235208764988059,-2.1724607592361145,1.4299916102279278,-11.138795477524951,5.52529052834724,3.886721028323904,-2.762169974227393,5.812680838037307,-7.602248859755989,0.24991277733373274,-4.436740469740377,-0.30461647516251966,0.7143186722358641,-1.738511357220773,1.030032508819275,-0.5058404918204599,3.033077316366617,2.415434453284111,0.1418890985175092,6.263865000126039,3.654008253115841,0.5874766786574055,6.606115261107391,4.18354114418412,3.1693957999535707,1.3602338796076414,-0.6900024998459044,1.5102288304326825,3.2310188791256995,-4.412967553486076,4.467475661438078,-9.543106473393332,2.9594909090728523,2.107995925818748,3.3602515386924,-4.85837276375228,2.7733652552254378,4.747769569895382,1.9387857812284337,5.534359429547601,-2.692124311595408,9.600892781252362,-3.8430061412206196,-5.517058707390785,6.470012429055987,-1.0504119066554192,-2.5172442933385115,-7.3707866688076855,-3.5520972629397107,-3.808845803184456,-6.353787074377304,0.2546972754403871,2.5501626484841013,-6.315749016643457,5.640254235009326,-3.28553969279725,-4.463358014965314,-8.922267898524396,-6.637662970338473,0.2992327579579755,4.445870635754917,-3.05610437815793,-2.2464422302866494,1.729441380023778,-1.3102004979425361,-0.6872636832006511,1.7339543152953598,6.813771614413223,0.0719626858074438,7.476768688773939,1.792684397952381,5.437737486722019,12.983764693458593,0.2613153936203989,-8.924332968795113,3.613759121789272,0.2544312502895405,-6.095350091879832,4.825929119633272,5.3319614356666385,-5.685968991415933,1.6387138344705754,0.37181721389104516,-7.257667371642364,6.315832579905301,5.084951778048026,5.577705623937279,-0.43634750917394616,5.040178854849646,2.39725757538111,4.743937933636696,4.382414453643484,1.7306323031386004,-4.304661568654847,-12.77629591798999,6.390969127250655,4.319353927964821,2.0830731193187546,-1.0632508513540295,-1.5167748688677838,-1.336915379457666,3.4329150183068218,0.20987488511697572,6.548566283601071,5.506321992721962,3.6006810839785106,-1.9427578869941011,-1.6155693432305513,-6.433343452176278,1.5874342715402343,4.552558152735495,-4.1523444150293205,0.8094548548612039,-10.908879794551277,7.594189364234891,-8.450194246364656,-3.865314708429022,-1.029838531967925,12.32220754589105,1.720253999626774,-3.139044038396924,2.615451838526053,-14.41832766111714,-0.5266462471699962,0.790848159608829,3.143085305673024,-3.6161070084244287,5.746316643128143,10.56990643250088,11.83048158007093,-6.648244628717126,-3.8541001592883184,-0.5569568315639315,0.9754238698073627,5.150763153205752,-0.314409010512932,-3.2028551191290604,14.5605573853707,9.460156642086561,4.675966616515582,-1.0602554763436212,1.0846321216477568,2.9217515845478927,9.35390118965128,2.0137393017955043,-5.250270674526769,-11.304787812563513,-6.330278953836983,-0.3947026200020267,-3.058315279591562,-1.661392171391706,-0.5961844001492387,6.182883870384891,2.3007421028726798,-6.884010108518434,-5.384543183791898,-6.275478227145539,-6.095028024098479,-0.5805074202985459,5.929824836792893,8.190969837948366,-2.515287000335208,-7.25903943478921,-5.838347260937913,-5.703264716823282,6.421654946145547,-0.2461899198700821,-8.864220676884784,-11.163485779740064,-0.30158681298246504,3.576822741608614,9.196519809183258,-2.384503989220638,-0.5975399295328372,-8.7968508428911,4.091092750922151,-0.17034799316513444,8.798917508301411,0.5732823692978706,2.621347724800022,-2.639294271985714,-2.5735869482550773,-2.392798598013487,7.178708853225814,-1.0499757691072642,5.456198486195362,0.9066228019775875,-0.2839741303469444,2.2816047463074627,-7.56351036165043,-3.675987750910541,7.416175180658546,-3.172895580431095,3.85213689148529,7.23306832127695,1.919437498275117,13.220244986681626,3.724317665865268,2.181029602056095,3.330019562925819,8.087754971140765,-3.37408936763214,5.646603232310068,-1.9720799175858281,3.108494158545418,2.9909592511801035,-9.68132232857025,-1.798753170692573,-2.3351863850864167,-3.599599633805427,-3.300185697373668,-5.7567497671476335,-0.8801781095230949,-1.7476543411949297,-10.602452604102758,-5.436182969785672,8.84192438807252,-2.0317834078424544,-3.4614989832601006,-1.4428789717824317,-4.813891254481476,1.2854533834377966,-2.0038434781388577,-5.059047834106318,2.341639711607256,5.664970380653934,3.711744188451328,-6.057024622684011,8.170652837455096,4.4613461319706245,-4.893534717225286,5.159518657457478,-3.134073338800617,-5.255903795230251,-1.6750366051539058,-4.9307423127673005,0.9124559195934914,5.710092996617651,-4.6472080444298784,4.5303803516462935,1.6676392676265657,-2.7329326286803006,1.3998520754461983,-4.278124406290373,0.7386645626204684,2.4115931383947595,4.581118932782584,-0.9131258689435723,-5.859650971241265,-8.295486385727061,-1.231180478936899,-2.140230160686013,2.5151263937893296,2.9551603030618026,-0.07233434215134493,-6.492599699817847,1.7074066925527274,-2.2235956240198536,-5.785433070766011,-5.427182041912539,9.801994410451954,3.2241950442936695,-4.621875956095856,0.9025409280702869,-4.688679749088496,0.6376195933494274,0.39922904677368154,0.19633728248258797,-15.64592533253099,-5.578027119449745,-11.766167114008471,-0.9890581250771463,8.788374632355,1.638336885608568,-2.8054030712118787,1.5475310847105068,-0.629580390419326,-3.8870654694135824,-1.4905034618206616,4.925240282055758,-5.592812158704076,-3.884791297000341,-7.954753938271307,-3.605894158305767,-0.550077431145365,1.6599780725012885,6.185835637007232,-9.02372379710431,-1.506163078137434,-4.282453346826019,-1.284401756676099,1.9041817118350512,1.3690710794811347,7.917272110158332,-3.1596308163041966,4.940754720192289,0.7558833743759329,6.975384358580607,7.789536622136948,3.214516515396982,0.5357843870931256,-6.3657812310051085,5.44831487549464,-3.173106877588683,-4.271728562452589,4.4964778538071934,-9.24264703247254,3.9182235954230413,1.5834133689966987,-3.3431090120842386,10.428242206218139,6.15829716195534,-4.839523954335496,4.5774003348633165,-8.29409296754974,-2.8329641684168516,2.7521189516841815,10.269618113735277,-7.2680241946172055,9.222602286269613,-6.893402195649426,1.8735290847345727,-4.600576807152626,-2.4211051733340305,1.0074940325888462,0.7889297087234478,6.2628455537278365,3.099412924892201,-2.7717554696356297,-6.893519269038692,-0.587851076971235,0.10446998567690774,-3.759521226664224,3.6104855721838853,6.198802357738897,0.7538745263303926,-11.400468484246916,0.8435026715973207,-7.250763979963213,-2.625441020708069,-7.017929336115947,5.638063947839091,6.5163955065343995,-6.637287242048975,1.7687268085030567,4.070008339905563,-3.4060044030668712,-7.069838418344034,-4.101581716875167,6.00411468415318,-6.625000784023755,-0.5535807142662093,-5.711635863734175,-3.251541953461194,0.30374485220250946,-1.588886694526714,2.337796233605041,-1.089703303956476,-7.981904590526482,3.9345803487871303,-1.885150980760855,-6.294335478323914,-4.150591039206763,-9.694287613023064,2.0643010967307425,-3.830884262302375,-1.3970820001745108,0.8597726114767312,0.97454726978721,3.0312776465864073,-1.5254228540332373,-2.435432667728835,-10.0564931922378,1.9119818519329812,-0.5168524715337601,0.5819221905028524,-3.8550358532830384,-1.7656735075327528,2.35627414854993,3.325638027142938,10.432893897778202,0.3481554065238891,3.9653700323405463,-5.239096016824954,0.05924199615530584,-6.620000308533507,6.321297396840084,8.256614143516446,-5.423662113147371,2.091694246119407,3.978095399635988,-3.575749803307356,-2.4199340530489546,-11.436823294351385,5.898349570296851,0.047588520303966764,-11.668970799981016,3.469361793133844,-3.5943749227778414,-3.1762109982465674,7.6087363903690175,-7.780553942037203,-1.6199394578381145,4.309039848984367,-7.850509071539788,0.2810824219656875,1.3909304955106006,-7.23934586815487,-0.8154470889678249,13.101321344946284,-2.1037086214718417,1.5554602825621147,-0.9391945073734955,-0.23804951131967117,-0.5853738859913604,-4.383159779906718,-1.5875620598903724,4.569077274974321,8.952960867988086,7.647959722692155,-3.921028764806353,4.639133988571551,-3.6994679706150837,-4.4677168363828255,5.761226375179024,-5.896333375272228,-1.7759174558651858,7.732324217190977,-3.4130616163539123,-5.350468586399917,-4.436909005042585,4.810816301223567,-5.785935407706144,-7.635248811463807,6.48776797920925,-5.983956297244745,1.237260103597224,9.654357410792986,-0.9225874287892997,-4.586856325342202,0.06713473272221882,6.936818766024061,-1.1705766698884752,-0.5206570559214246,4.992633039205573,9.913568772107384,2.070484824275021,-5.346187310679493,6.242187867191307,8.960521963248931,-8.227833021244145,-5.044068938815796,2.80392943416521,-0.6934735464962459,-10.699782133273827,-0.8528984024528958,-4.913585566079731,0.3187607262685985,2.445906503042684,5.145658601954458,5.020520156218579,-1.9107017031615683,-9.20724283295798,-15.815637590197383,5.751236517726252,5.015169959048545,3.3101850533599464,5.279285647489811,3.8541989401951477,-3.488679276474402,-9.262911991598918,0.7870092861751374,-1.8890622851413506,-8.345489898743473,-1.0424704054534697,-0.373117590337656,-3.86680866063998,-0.4012212151388215,9.395486709700604,-0.20045528143546265,-3.953522611862565,7.670335295213744,1.3229687670384165,-0.46270231848061116,-5.087305681349912,7.997948993037988,-6.448656851301281,5.935969381389648,3.969893629297336,4.712489247042169,1.2434460234089326,-6.2333563040870885,0.9223748496602319,0.9269507959824733,-1.4145013944988314,-15.309482689491926,4.4299672753144375,3.839359927834639,-2.4049319716821653,-4.105358523353143,0.18648003380481648,-8.283104452348315,-6.893554876502085,0.07469748917143051,-0.808468340162902,-4.4759538147584665,8.437451257362492,-0.2965068254046909,-8.083147542374629,4.206436256947881,-0.558139576458913,-1.9390512330375482,-0.9030347895372073,4.15059700284735,-7.262208465153434,14.249637514055497,1.8885662636887732,-5.87432725735017,-7.16048007161835,4.748050680790623,4.90875119562862,-7.580573880688606,-12.33078069772651,-4.9084659529340025,-1.576468873016194,-3.814951561086589,2.22020594901812,9.341317022115156,0.3667654808847068,6.0017822431491785,3.472373819617251,5.828966697800425,-1.781721376069446,-5.41525696945886,7.098647375053306,9.97944397337055,-2.981615530774584,-2.159884246590497,-0.3423445457686509,-1.2499134040222062,-2.4169719366721987,-2.5868053149955332,11.026463051229285,-1.7841840158370754,-1.0444319736241723,11.9433774346633,-0.25335294078261383,2.9664429495756535,-8.195566023045384,-5.649626143896877,2.6512835244717188,-9.845828423223477,-5.999901737667264,-8.400227492075587,2.0821063878150357,0.6967545905059095,7.656026878899519,1.4478073429639235,-2.4764527774722747,2.888174182886104,-5.095622782679862,7.9553100354545485,-6.001471588527551,-4.5717549426544135,-1.2500460878571653,-3.950562240005072,-8.289530632444558,-5.631826985070372,-3.2640331157816402,-1.0062332261962468,0.6642736733721762,5.972490290646132,-2.1340758955155934,-0.4861747857351288,-2.4238735512252254,-3.8830718842816396,-8.937125227947988,-2.6018181094748907,4.836555091768553,-1.1460286918764173,-5.872408661094373,6.648434853440117,0.45171855215725976,14.399103079124657,-3.979588351167249,3.1628343763384015,8.812663705882166,-2.3230988483768615,2.8939014137470016,2.1281607663078477,-1.5080215563048929,-8.650666451517697,6.405159846788768,1.8832133238123991,-3.5893315962479777,2.7879307297355385,-0.22677519445272604,-1.1011230474123577,6.124930661348927,8.048825319193021,-6.102068741054726,-5.465500769029763,-1.4297688901882997,9.835933943028508,-9.364975301410992,-5.136017638317342,-0.9048050445818748,6.760019732373841,-2.304279866871978,5.017405748277081,-6.678961976952516,-2.215816098907214,4.559716166586326,-1.556193896523152,4.788307807057738,3.0328331787107343,-5.60617995632764,-20.260190049335968,0.9695251783006682,-1.4922855508234556,3.438108574489377,5.296235005523502,4.330789324543345,3.7442376212638258,3.9769685748410284,-0.2882338559894082,1.2006771436603558,-7.246428858979419,8.266666586174688,8.37453059156903,-5.562280996978788,-4.508150375432632,-1.1416758800381461,-2.3082223191699436,-11.445355110772649,-7.473205025006143,2.3857843147814912,5.537045621027333,-5.429153429413536,-3.9229758736774754,-1.7730142480537485,-4.439995240275092,6.280668335757663,-5.750052430442572,-10.430876679866977,0.6693891864658716,2.8568790542797986,-0.6953739065155643,-8.13925042574815;-2.394759818056214,-2.7620050076919838,-1.7560911170246825,-4.126598662091778,0.5307228154712968,2.105361400084774,-4.235902428172637,4.723078803197557,-4.38564994976725,7.123831036800098,-5.821837217341937,0.9132835697173873,-0.11373551914764418,6.674016832571951,0.8418460045763292,7.985628198592115;-11.38006271751163,37.55619971193474,44.93019731774865,9.354046143552843,36.78235432068456,-1.4654075800140571,2.627371823687009,-3.9861759435686195,2.0742746370560035,-13.816409663586914,-25.445268045167566,-16.101077761170256,7.572384099101914,8.551431276310948,17.10647424224536,-28.704675165233482,-20.196875673482346,21.26996338542746,-44.371142153333196,-3.9952641803126587,-13.13415323829281,23.011268307429333,10.955721169255257,-45.34328671261602,-21.584603207753695,16.77936446561791,5.3979927022488905,-4.525630185154969,-38.86243245962237,6.13081226831952,19.749219068056455,-44.32748589389897,22.494592595917638,17.203442513842212,37.33860671104935,18.552084714853365,11.44017577841884,-15.966840909368011,10.484972242646538,-10.228640943857211,-13.019351375206742,3.4457387676234434,31.491721755937583,-46.72376271692664,21.558234673214734,-20.83290554627431,-32.386528175074794,-17.640867515272454,75.91100746348427,-27.609768994194052,-5.869876228932537,11.456751933808539,-9.20903578117232,-37.42439144966451,-9.833031393132217,-15.244547151659098,-70.21191011590746,49.97202758550961,-14.541450560707128,16.676370617382908,48.350543128961,-21.85231057140021,-1.6044233353478194,28.37476246425479,-22.865763299195176,-13.533996169422975,-8.965248085795512,7.582985273942794,-24.427825222203673,11.534559814056717,-43.56574510722928,5.082615662654588,10.375272738591747,23.845010061484906,-26.506473243854067,-18.13969617662093,41.20168070561581,30.87608350633044,2.014426395513298,13.30026058466046,-29.942767825130744,35.924561536308495,0.6688148654987273,39.52961262631857,-18.10284947651663,-2.836554965199256,-38.9469295516174,-9.7206400319938,-10.91677028485052,-1.6559493077596894,21.27152101979537,14.834116294798736,-1.7665410939317026,22.944941937750702,-2.7366334391949376,19.76742423817616,5.319976654438149,-8.743025255223884,-7.123624723272024,53.3880411758659,27.31224882639235,-23.174739845544515,-48.05324918686091,-35.53593543620988,-11.141515006245333,-53.08463327303484,-21.4747574849392,1.3942769477377102,5.9940516008351,23.075818426166684,-55.78490699094145,6.244630188630277,7.281656011720415,12.042793254851514,16.963180000704185,14.555903119741098,-5.270909330742898,-21.263663371902474,18.94271151133745,-21.457817300576515,20.97381411405928,-47.32173110910733,11.963565472537104,-10.282006883647583,6.63865369422159,-62.21959615405386,16.085868623299326,-25.709944520807568,30.961179455092363,44.10423898061349,-8.144047731907492,-64.05149308416192,65.60148023446803,-3.862426185443052,28.713753992249806,2.89928260389653,-9.252262089110857,-5.547020537822487,12.288147603195185,-8.44590627074554,21.937459662163356,5.933558443933039,-17.36031199562125,21.075845734354417,25.79433328631026,-31.717233114984868,-57.91096369225947,-7.537115082018094,28.618270033445896,7.431536868930433,5.31194336400634,-28.322013319900268,44.720128076501105,-28.2745949856084,-5.340096289812299,6.714601514097757,22.2786354938179,-32.3636814460597,-5.970563649516068,16.71311834336349;17.41503754988486,-0.6778761739620394,-7.093562395200612,-3.874135421667084,10.874409258756227,15.432973974628155,-28.3325431520215,7.1565354414346025,-3.4092126520897503,3.6638959025424143"
1,1.8843016902154106,"-6.171476291802119,3.2295572233859757,-3.4478009441239945,-12.22347911104808,6.620975702296121,-0.8571867801701851,-15.437471220730309,-3.8183023642701017,4.495367400859548,-1.18647174360588,7.051490124753368,-10.563545785539972,-13.696320030285419,-9.490930234764802,2.235368834492449,4.31152865412575,-3.4284039626168634,-4.007711600698025,5.444739455741049,-13.757124917390389,-1.6089534090330022,-9.186189873450099,-13.531966316881709,16.562910994933443,-24.33032776081029,12.173944535701144,-11.467243693982446,-11.49900156909666,-12.590734048794882,5.797964629526784,-2.7970256679850882,-5.050466323320025,7.526030233101853,5.673770147779106,2.7206902661445076,8.292819899318456,9.383517726934274,-2.4394366361040563,-5.115458606217967,7.426268912525092,0.3842459150113364,8.37905754505358,0.4315838992535363,5.812973518768587,-7.04313278238915,-0.24617066627141282,-10.260901737404614,-1.1175646344870764,-5.6431432719547665,-14.550844706543057,-1.8081501962252902,7.53357609387635,5.171216742014945,2.591914090673805,2.875576914175871,2.376130232539444,3.7948455778674304,-19.305241710453792,-11.426667819031799,-1.1514216762195972,0.6070730311398618,11.76485421519941,4.403352775803435,-9.448716118435796,-9.944116238471285,-0.7433402639543524,2.459512039272005,-3.7742183068207047,2.936552833459829,-3.6219811968612654,-3.812213108302091,-9.6731817331721,4.920238680689077,7.483934119707724,-10.390885631385359,-4.356941746760937,6.211788208928734,1.104278101455464,3.892837867048482,6.070261134948423,0.9084512410720291,9.89624458641982,5.0044617467034485,1.1629334597658962,-12.468490312369847,4.612195658691962,4.711588868034626,-4.702809200137595,-14.841335738795124,14.48992746979841,11.51035594363465,-9.012939577579552,-4.786704016454838,-1.9330820042688168,1.9621328068748063,20.4078240732632,-0.8815251264398245,8.128098093270108,-5.075374310802356,0.14365516788992444,0.8835762732527401,-16.41178596646364,2.6726365782555757,-4.362090776982245,1.5662679207428543,-4.252536682713515,-9.772947599631449,5.920604063237383,-3.7065596062155013,-2.155356801806911,0.22282741998910915,-2.758902173778491,14.49047736260672,-2.821226362818769,1.5888866075024533,-7.442048206692711,8.223949207129225,4.6598944725388,-0.9421509679615868,1.392148602164943,12.959171956313432,2.532293486948878,-9.009200643806977,3.3416711206623315,-13.032250083600882,0.5473194906850685,2.330242315202437,-3.0790434975502015,-4.520659646189577,-1.3127668779228476,-13.862613753305379,2.6549653264067823,3.195901786454958,-10.243210707989958,8.874558079575642,1.9842026964857538,12.342840781827341,-5.861452004824326,8.487856991190137,-13.394375667482734,11.989319291694112,-13.02825951294664,5.180735443147892,12.904585061564502,-11.941611969539704,-1.350254116853075,-3.3408614285733425,-2.29876598023095,1.7380749600563121,3.166493052049805,-1.7177691501392032,-6.225426729951495,7.0102092799424565,-0.2559933945232411,-10.858262311098695,-6.2473958886243,5.054239419242437,-3.7058208902744427,2.4749519779746483,11.625584295017102,7.133699660744294,-4.224453259026156,1.3218787066625357,12.454678805344251,2.004982625698301,0.9606936077209318,-1.9139210615036915,12.880910958270306,-3.461238393200022,-12.418337834199383,-1.5977130919987563,-1.4804031459756954,-5.659661753581172,0.9245146070481354,14.629394165899974,4.783099100394955,11.351866740211666,-6.84782415406781,1.9706947029977897,-10.727874082013845,-2.7615156418563727,7.75319946635404,1.3189203762649409,2.2752477846599506,-3.271675711474815,0.7362717407576527,1.0898378560930513,4.713786403562805,-4.0488689753590466,1.5562484695328915,5.316679196571801,-11.220506390368682,-2.4274405943298856,-3.7450243932880127,-8.153084902709278,4.365358484180803,6.471584617915653,-2.8335882641902796,-17.727033276008374,-0.021054288125821774,-3.2585420382409467,5.82741090717745,0.6313420448776323,21.03157280344105,6.125136304441868,-0.2531639465283946,-6.751386920635182,-0.6812831238535245,-2.209347108300163,-8.256713008063812,-9.590304273370158,-9.985487056796762,-9.792550318377884,2.087151774519405,-9.730378431099211,-2.0152037471256317,2.2587454016684503,17.148576052981277,0.9337438764976584,1.3733441554243255,-0.18271441173095715,13.039097829029838,-5.148291483053782,-7.823430704837535,9.297168778358126,5.4231805241596485,2.172776255308432,-12.413861900753346,-9.138831069491193,-10.744558129861918,-8.209824249760082,-3.652146983307069,6.97502445379031,2.97642069570265,-11.152957516574144,-11.20153942153352,0.3209043702385133,-12.028350739689076,-6.421333278600714,-6.792232860207368,10.67769164316013,-6.075908757250771,-10.371146631615192,6.357881318993904,1.8049685481231965,-1.78842590099219,1.1281940537175663,11.396611206619617,-7.607256552956441,9.251902527751719,-3.145917056435219,0.4052640278346199,5.698335358111803,-6.596188756793335,4.982988160863633,0.9613741572522116,-5.139211634309225,-14.750153021594958,0.20257321580229526,-8.386090920436402,-6.49014356195784,7.880321604615814,-4.67779156530013,9.287238344908758,-9.813838356102856,5.366561762933021,-9.506571686498402,1.4638788425926657,-4.335247728523156,5.250409042277969,-7.551235950616194,2.646564218947793,-3.013273990490445,-3.0598786186831557,-8.745862544167998,4.84903726951503,-2.0855534783999556,5.26986716991053,4.953365589922505,-7.85454538345725,6.253406962262151,-7.07688606071048,1.461976020260693,-8.176401217252605,-6.758528906681413,7.032205768015496,21.82287002361597,3.7268021187074147,5.626781155413884,-3.422796193986285,-0.07681224659068064,-0.9888620491822045,4.802910373507241,13.154180994003102,-15.095246479147509,3.5255053205593887,4.065101366505536,-12.33781228734006,-1.6098637907836113,-1.7497403916756957,-4.087425955973397,-2.575697078470572,-2.9813264437471325,1.4326994374331399,-2.204627909039745,-5.658079529384317,-6.786714782420182,4.6699618965688225,8.255362024121206,2.8064113745090005,0.7022938054335313,-0.3663325426898366,17.478547661421835,-2.482809223880211,-16.59783501098714,-9.684069499811054,-5.243579473401997,-6.654051405549525,7.196071443148803,11.747641730633546,-0.13747562874338493,-1.6498347560407312,4.033979075378738,-10.098272825658157,6.471104015640129,-12.476494402066301,-2.375854813229666,5.898888690975349,12.73120514012209,0.73004360717474,-1.9511000773051324,-5.476240460905884,-10.813392125177547,-4.351820971001099,8.736835571966601,-8.241140250250352,-5.774346674391441,-13.400964864684822,4.9097664525933915,6.796766204299747,-8.789745057186128,0.9221234823765727,0.48907915439302285,-1.1493598749147917,3.854521851296968,4.716243793197229,-3.2831384741252996,-8.121176496425946,4.397126316277588,-8.83080015220176,-3.1743731296833655,-2.6581321650593877,8.626786187234133,3.924332801014315,4.845392579373996,-10.762172937526064,8.35379531783984,-8.424426963940714,10.758110721398326,-17.774608689974933,9.201181928505106,-5.25203827310131,9.069084887938407,1.7351951753488009,1.89083958709364,-4.377097242604012,-7.327248159972883,-4.184312113850653,12.60581635853284,-1.0479490826806228,0.9280986211228375,-3.9941649841652938,-2.601284934542901,-3.8598407148013703,-5.3948794175148125,1.2288515026653024,-0.7602747385338968,6.9191904731639315,-5.134682407340629,7.944093781202849,11.387651310923491,-8.458782529655629,-0.8187272289647616,-3.15302326963009,0.8597748763356672,3.395871603137997,-19.157334275192397,2.5684692264273634,-5.574443198404843,0.5589937285614799,14.976955948919718,2.955052451632789,-4.65364409890786,-5.944091833025372,0.13639668276859673,-14.839203278497713,1.1013791947595972,4.436636406903071,-2.778957497818363,8.536483697981376,-7.950766880057349,-8.361159613010523,-8.295687806764303,-2.2527201174198836,-9.263532845494069,-0.832192222495344,7.381719685199641,14.816288607263886,-6.975478207117717,3.770409193617577,1.690051404833398,-6.014121273713882,-1.0026692220469757,-0.7964738712897796,-3.314092585396688,-3.3660955244155693,-6.053245388032802,6.07552028013368,10.883864236125042,11.239194276349535,3.833627187874993,-1.4780196346622219,7.84920514979186,0.6745124820448196,-4.456012916516886,3.0166799019978496,-4.550814285133912,3.673441557205987,-16.122644630395364,1.4115890001067999,-3.575011180018323,0.6185586154944669,-13.90317636111807,-7.749882794906155,9.543600274466012,-1.7164242425475151,7.8485189896814305,3.2895055026542654,-1.238876533207523,-1.8791824635242058,3.4884082828625065,-3.3524156423364437,5.247342787672203,-3.8954896711606937,6.905793261443432,-2.8402621797190015,2.9978073342927587,-4.889118906794502,3.0264215313378235,-10.690974951424396,0.5894960870541008,17.548571543232885,-8.386062857594075,-1.6215062148561332,7.947038159236123,5.23170422811255,11.006156018874083,-5.1191379020083465,-1.1294771394024856,4.204572835544945,3.1396426765380716,5.634305515040138,10.666452933958283,0.5629417478230544,-5.69282392313492,-6.820627709671188,7.798578965022637,13.30433936123897,1.965195325313036,6.3214680206328655,9.581180392986841,-1.7197873315917576,-2.2044490984443676,-4.687751681071395,7.225160800272503,3.4732437769683187,5.3659156808306445,-3.7820705798212115,-9.824907754404899,-1.8119328325546484,6.0781687253850185,-14.684646290448136,-3.685227773451307,1.1322209754566102,0.9948355984276477,-3.254003700413784,-10.557690141477341,-3.823192126859925,-3.3452418009969707,1.2635743271154012,0.2709819833277227,-6.912629776004459,3.4312253377407123,-1.5342306007378497,-10.182281571302155,0.11092334741654919,11.79414520212285,-9.480232928933102,7.611706788476241,-6.2998810638545315,-6.261062202300504,1.3925730980909488,1.2580296282699166,-3.2326937486007257,-5.715427555219883,0.06705188645578253,-14.314712389980645,6.01566239713714,5.3112948543195095,-3.9993197328766357,6.826619472119541,-7.634043568007127,-0.6639258682086802,-4.313402806267021,1.511459455869709,2.1757547387615563,-2.6999176049057247,1.80633598758009,1.2779218727997925,5.345480021543326,3.736324535430195,-0.4290918475446873,7.098689590275754,6.943347582049315,1.819550230754862,8.378543628937726,6.121138161065359,3.1663663516584086,5.033041947479393,-0.9572443167646199,2.3754920233501,2.741654652998093,-3.0629870047325216,7.030357114883965,-14.93543214300162,4.83360707433854,4.045582910669364,3.5409936186051225,-7.400123114228229,3.734814814445004,5.411542357017841,2.4873553590461923,9.059739255857998,-5.173241117253747,15.879044676050945,-5.925661885646029,-7.082207532769858,7.853668694234134,-2.7244473874797572,-2.4318222890279584,-8.659265434508,-4.862920155273303,-4.744694952172537,-13.120206630224828,2.856316795166744,4.452306083985792,-10.609519272887148,7.8610704505516535,-3.6637725975607767,-5.418204084229593,-12.181049686996754,-9.342190601855442,0.4634562101635501,5.99026928837346,-5.4723155350628305,-4.1122079525169895,-1.2400341112357351,-0.1858262071108967,2.0555522224247316,1.3096737248542774,10.84908285126027,-0.3263676190381274,10.78412089794593,2.32971503381387,8.669188038596136,17.309409176086568,-0.8161019823798099,-15.115259037808018,3.3347071685498935,-0.41139766092346053,-8.156499613306504,9.789647823048998,8.87269534190377,-10.79834013566908,3.840662678169108,0.8880137827265671,-10.52517304530231,8.231283409641168,9.432028250264683,8.576125335475815,-0.6724284450777037,8.770183655817512,2.4812619099420528,4.87020102497213,6.425764373639537,0.8121347774436755,-4.769674546525049,-18.385602262342402,5.167477825432765,7.153388841639005,5.839633017561548,-1.4645272204186384,-0.06750428029092537,1.261664721759784,5.014190802835953,-0.6956970830163104,12.251787074858882,5.1721271517987715,5.045209155136746,-4.177601824041979,-2.9630921667456196,-10.239252529481785,2.875342644580406,6.409020140814786,-6.637778924895672,-0.6654008637287059,-14.940266094915227,9.603996040975044,-12.955962365989325,-6.216583615063097,-0.07924080240271791,18.08119342543402,2.849419824607166,-6.826325572043671,0.8384599675360118,-19.334128797154698,3.197422563573837,1.0280457693169642,4.908550024166346,-5.731651942600053,6.336116043159597,16.447285318865706,19.610520520794978,-9.025065668516016,-6.546116699671794,0.03973703461673728,4.875367143820168,9.138412789655334,1.873814703101888,-6.177729325690094,21.44192997558292,14.611181835866857,6.174146254119496,-3.67462098464321,0.01082308067957527,2.4936801657625915,14.514946163650539,2.0700451890580798,-7.0563319874909185,-13.620294150803153,-10.775157325973279,1.6331177455312451,-4.539304651649086,-2.3723866481048876,-0.16216684218014,5.840787263621957,7.147624367873798,-9.095643870314964,-4.989146044584097,-5.229353161181715,-11.527719966543373,-1.9280585275270083,7.722744793705137,11.381943856137118,-3.1722511706284675,-11.493763435179963,-8.89191367183788,-4.786576058074708,8.003212591141404,-1.3583124786760046,-10.900397756294328,-16.522483301377413,-2.5389896385182995,5.027290907639594,14.688763572305852,-3.255755343577846,-0.14939291149605433,-8.228701668833764,9.640570052567991,-1.1246707816123107,9.073270925373349,1.8327888682356748,1.7637446114579416,-3.0604333424161902,-4.591008234416822,-3.2532764566169656,8.040000228127568,-1.3667689508147014,10.338239589257217,-0.07050210847096727,-2.2746264172650013,3.2998532180715574,-11.14763781177814,-1.499387991287597,8.11414779465103,-3.1644534398198996,5.070001258914766,10.66621050408147,3.9074304902515533,16.10889465954829,5.976343500646394,1.142250301131462,3.933173278323527,9.939433312659212,-4.0956531430896845,9.622977121896879,-5.997095624171543,1.1195444509895103,6.36507719214416,-13.959400757188472,-2.6654349701050366,-5.374488760895872,-7.059136449690957,-1.8459653003024044,-7.156821340876165,-3.2485414318077885,-2.6664700537073096,-15.275377629797735,-4.393009183464038,13.13798786603914,-4.507625881401638,-5.615110482729776,-2.967000225948715,-7.278429275441798,2.573387894717999,-2.2160525120590044,-8.742150454846195,3.9119628208867896,5.3274566102408425,7.411947396779045,-8.575875998371128,10.899542307368664,4.4890732768442225,-7.5936220582817375,8.558331415261664,-3.4364969628488367,-9.958625093614302,-0.6841259520400296,-5.956914795580362,-0.21982043329432632,9.644138305774932,-4.1684959811670454,6.436765339957737,1.3711873141987914,-6.126866496686347,3.8651207518913844,-3.642285816098587,1.3113397127092803,3.9217231626142923,4.538205144332205,-1.1196522275928609,-8.618449923910608,-13.491225659606464,-2.443279130741396,-2.6597401798170726,6.07179434959458,5.185367183095826,-2.5161072269163114,-10.415845989467325,4.549455990823301,-3.8637519556542124,-7.965285085534349,-9.21184092251258,12.497153739849843,5.32022899237624,-7.2635140705175365,-0.32359283949637796,-5.739624793495487,1.728786823284381,3.9510550714583066,1.4330645001278994,-22.177959183058444,-8.20685655495408,-17.341762222579554,-1.3050375375908723,12.465594722311025,2.1406869872943455,-5.382494361580048,3.207708976332046,-0.7929442676985637,-5.0184735526533935,-0.6819403639722408,6.922507239251946,-9.19095778724702,-6.979525117039537,-7.747080569966625,-3.258296469462938,-0.6636632549436857,0.9413456284011713,9.353461159803565,-12.464195589088595,-2.27967842389217,-3.048304975248068,-1.9665530528130417,1.2890457388120162,4.057024801675457,9.584597924387655,-4.912870645801757,7.7922889139641764,2.243502932700958,9.582254666516874,11.840194068964074,4.880713994763038,-0.46521389691025017,-8.208777105576067,10.539431853479819,-4.456938580575358,-6.75540075011401,2.6403152403425807,-15.710325204244615,7.358361000808383,1.6863977861856283,-3.713484258583431,11.73210554689892,9.027625783799138,-6.045284654255868,7.993749707184396,-10.966014439491323,-3.8233365281817298,4.275941507966057,12.829029234521407,-13.99880779532516,14.50564968062484,-9.60921854210369,3.96484600019614,-6.270770071793173,-6.132675671459516,2.6364218391270224,0.22395740899849037,8.905560639215475,4.103849670287646,-6.151628150961757,-9.347626315299221,1.3991586275600025,-0.2685571214950131,-5.722653319972478,5.324741967369199,9.793661464609599,2.2307463469172855,-15.323706958943518,0.28150451197371806,-10.424299085291842,-2.5713148435708826,-9.266953390124193,11.012352690198924,10.071283806004908,-9.708174050919155,0.5978523071624184,2.500051805391686,-6.106557296021927,-9.008494214447897,-4.24153171200244,8.878591021290177,-10.970136787081683,-2.182253927203725,-9.651939561919901,-4.862800228174146,-0.6092066017656691,-0.4943324007441201,5.836442245165427,-0.2626474728687799,-13.182448391194214,7.610841982458039,-3.273203757605695,-10.190811591818182,-6.688099361578225,-13.333287325095334,3.073207084190435,-0.46752559126193294,-1.73163963027784,1.4393703050409576,0.8138957998550762,8.28722823421657,-0.9136832601570097,-3.787534003456427,-13.594330149283522,3.971628186859048,1.3332087653194629,-2.3923001035522145,-5.30972112276466,-4.818763123031106,2.618280518037945,3.4910545559694057,15.36751000189377,1.0407964526407256,7.7166537525898145,-8.628626910078772,0.5650865180058315,-13.460423617915579,8.981124131184732,14.179811175070517,-8.043050702670207,3.8865030336069943,8.261888090809144,-4.923132125711106,-4.248879741351786,-16.74627089967653,6.873018370462595,0.7943625712646418,-16.624297106668042,5.6426578333531685,-6.227349902915412,-1.405424649773346,11.208037950618095,-9.961486064482475,-5.560891062833953,7.037000154959923,-9.207809713116124,-0.11130121186665909,4.871327647126276,-10.81438546966296,-0.05983085477226602,17.204444936495264,0.28491267727020686,3.773791701271237,0.29273909431257183,-2.6890932849624094,-0.4099002228170687,-4.202017751433324,-5.5903508954429135,7.038061622971245,12.926847406900187,12.755812803859335,-5.476429124317297,6.274939962078883,-9.539610479516206,-6.80077809848042,6.174733360679774,-10.18412293489686,2.2375759604453456,9.168657177930355,-5.628425646812374,-6.589771671645675,-2.7718627675876113,3.772558320913201,-9.358408867859287,-10.480641502932105,8.728614525516175,-7.33014131265063,2.1622626404813285,14.903216039879258,-2.503659335726481,-6.743939359992438,-0.7100470194269475,10.969827859257624,-1.7843970184301734,-0.8660947732193142,6.112469377550979,12.091768912648188,-0.8760668812904306,-6.175970123743954,8.545672822135641,11.716444562428654,-11.58386942350267,-6.931150583736486,1.9732715438742217,-4.476770016074691,-12.376545395378006,-2.6352361923285406,-8.314602803146673,0.8549245402328614,3.642215017470814,7.517272159012839,3.8273574932003855,-1.7946011490573643,-10.941770995186069,-22.838360252184778,10.87894913735344,6.539482505873648,3.6194256179812996,9.163186538443846,8.239283214081498,-6.642773616303911,-10.421313625760694,1.4945490525704246,-2.5394654660443035,-11.999087971579979,-4.180038105887606,-4.611762048959025,-6.983393674973518,-1.1264901285108824,12.473592168397335,-2.1089280286008076,-2.122240707249051,14.751130917450816,0.15345452587973063,-2.164636149786308,-6.935134916672897,9.963643931760597,-7.261720091461141,9.43814919526819,4.367864084648346,9.567241674620075,4.380109453312848,-6.862833587576772,2.8584462462373703,1.7038350569935496,-1.4138431394917008,-21.471747915596744,6.615482933362517,4.520160015948752,1.0458485840317597,-4.493336776725343,1.9315689292508886,-8.918082126594685,-10.131840906561239,-0.6658415452059535,-1.6920544717647978,-5.929800131357218,12.622501192440012,-2.418847372228864,-12.131907221174579,5.532200738971299,-1.8856397463483223,-4.177812605572384,0.6053856401490945,5.8289572472848175,-8.602113351382403,19.07076498847069,0.26657845435016525,-6.313462053075764,-9.696722406549899,6.7716900653731695,5.178462810425721,-13.630806540080322,-17.786777076293045,-4.792392613518748,0.3374824682846449,-9.246065189732455,1.4877986684675104,12.234105683393057,-2.1200397356441973,7.240822958440049,5.388659700731072,8.752707708727318,-3.1781767232365024,-5.694295760673437,9.237990666847015,15.75281336975578,-3.566091290542144,-4.177389072672696,1.945290835291814,-3.2531861023507336,-6.403495789476572,-2.21042254360773,15.779184349482684,-1.1195813482342363,-1.6047002126315022,15.695444990991625,-2.6431513261915534,1.8030382444979425,-10.006602716604597,-6.177434810741341,4.161075933206911,-14.137818565774355,-10.302828221863649,-12.315470034338048,2.7357474160364896,-2.7326136015866505,10.868577224726057,2.149519886985866,-4.434240726740345,5.7319124311609855,-4.311784423648103,9.580262031335979,-10.120434230549288,-7.167450370771593,-0.5079835725993472,-6.172796740358681,-9.736728063060994,-9.220632780345825,-6.040884760379362,-4.946776684336094,-0.020181661249821792,8.438516952227964,-2.2088381781898567,0.2201304313585501,-4.243064933251551,-5.164095120367893,-14.45964176366817,-4.9587793165995535,6.322294339769201,-5.267666074037564,-6.407145241549743,7.100937914995351,-4.1579015886680635,21.223126559362683,-8.436655316022946,3.6186963863041237,11.926780102088475,-0.792169499584412,1.3120547964662699,4.224307390979883,-3.7656637429278126,-10.043494223061955,8.542068184037582,1.3175938665302755,-3.927831614521305,1.5933693797098767,-0.6286010874394956,0.15320687175008962,11.735955996666965,10.976029919982402,-8.478254315214649,-8.012721916650253,-0.3032732312890991,13.097545528598504,-11.561622312730092,-5.659638384830809,-1.700017055687518,8.153199560889576,-0.44870198875250433,5.597337972567981,-11.352994812885807,-4.793656021581921,8.519487990785183,-0.8614905657960757,6.258801014162339,6.538294520901129,-7.679043173542373,-27.086760237980428,-0.9262802815920834,1.8475573009735258,4.921079518137015,7.084630825846105,6.641584189400772,7.102244028754554,4.8664966136003,-3.17450871889046,2.7039376761964764,-10.305799326949366,9.248887274423387,11.083343200879394,-4.413580359898411,-7.637941544837685,-0.1287225105238814,-2.3958734168493363,-18.960209414831212,-13.169217706026794,3.195169230471119,6.5834591872831165,-7.22306637169063,-7.104363177212196,-1.4435165014860079,-8.238997804750117,9.660428324280344,-9.863434989957465,-16.115017947475692,1.3208861394422606,2.8672127945301398,-0.7698843181884721,-11.451304908023967;-1.3980369526321976,-1.8471755489462107,-2.169616909447579,-4.546779544050317,1.0948912551580396,4.191484101347315,-1.406601275163877,1.6498122753941282,-2.4038707939102886,7.4240477483617555,-5.3644089017048096,-0.6773587291785099,-0.9006388278702195,0.5573963229591627,3.341039596754693,2.771194040018927;-4.805675384320432,19.556027517797073,21.896386246440297,-2.0705577999297735,19.144891666107533,-0.38831729134877924,4.799441534072759,0.9475951009765518,2.463323021569547,-8.594661232207237,-11.683988401013757,-6.461555861519842,5.081057079948948,6.038435387895641,9.686858386007508,-15.375431628574812,-9.924964529931708,10.079681683266442,-19.417646358013364,-4.395742288440817,-4.595001328606654,11.157375774760368,6.798654218374894,-27.532880450205948,-7.038850324987995,1.968118432609736,2.5737983961879514,2.981915621103827,-18.61148440792968,6.802184153021138,7.235429858875252,-22.515208550242075,11.831027837790668,4.26874500215844,20.8693572807974,3.907350783369444,7.402321141313438,-5.778464874859048,6.524206263383678,-0.5409211213010754,-6.512619331619685,-3.307169479821254,9.070772039268629,-26.042007469158055,8.916072419156318,-8.181056136598253,-13.66208348678175,-12.962241031835223,37.19933297086093,-11.67982126663239,1.2450630042369457,-0.8790131374634411,-6.299937089058238,-22.0130704627203,-7.399137717323793,-7.4192902889537775,-31.451326582334357,24.102659508544683,-2.4272738989183082,8.839372926794908,19.19216910818154,-14.555943752971771,-1.1554127202429725,13.928838132909554,-5.7002756991235675,-4.009650635579091,-5.696906398624078,3.2958209152598092,-8.215561674270777,4.901591998814387,-19.272212328289484,2.433383304310451,6.523024758567532,9.261584155066688,-19.304736926306926,-3.2963857435032136,16.177959084165956,18.73531614522873,2.304888136018682,10.37115709463739,-14.642153966149108,13.797812062589756,-1.1436048668251548,16.190676236852603,-4.061712506550737,-3.0255937389384138,-19.63137711010841,0.21173364894707225,-7.595976153805021,-0.26700036335273536,6.769204512835342,6.853997816350519,4.522165496919426,9.54442795702192,2.4263169812839287,7.810196786411771,3.572464313041404,-5.613454574128409,-4.708735403679236,22.398310057519886,16.02404288949441,-13.785399661531097,-21.540328166784953,-15.038626174608718,-5.137529638980474,-20.551509239655655,-12.50883333996925,0.6071690336430292,4.46031446873831,8.515896572107156,-19.4874529623944,-1.2576852276122095,5.000205145075928,9.288243648812117,8.296283921317919,3.700456759365616,-4.948653134032295,-10.85224358168009,9.859830321106633,-11.075937068026906,8.395865640626855,-20.677517582672547,6.493338488281402,-5.126808438438184,5.770424985793355,-24.808228910208623,13.583652292445702,-11.697297259805847,14.763794637585743,21.40588597371743,-3.722396241547386,-30.499308609606363,31.161932256777952,-5.088043673557889,13.446532806164335,-0.6867996144333648,-0.9360219444146001,0.19423269811839527,6.411609377097277,0.4030673460398533,7.37692759097511,2.3873582735410808,-8.124512228005784,7.0208509348343995,15.940889627771202,-14.81193042959803,-29.511038793085167,0.3228017451809757,12.961041542991484,3.3496133159762995,7.717741301485789,-14.447830517362423,17.784533224157563,-12.810047793549641,-3.287258843765037,0.038165002183631724,10.34511416293148,-12.138681067485004,3.341669744728686,4.223565229264254;14.908216202664764,1.2902313996573334,-5.640211994516163,-4.923460250689839,7.803879332395932,12.032977273541535,-20.01943453888249,8.841879980927963,-2.0208272480682696,3.041197395450433"
2,1.86243765188219,"-7.642726940225437,2.474933766399705,-1.3102740896096454,-8.741366086667107,3.6248813311248886,-2.641643786504374,-8.707192673838655,-1.8562915753520184,1.1005835498821623,-1.8630118105544482,6.3689373366968045,-6.666502614180802,-13.994876972786905,-7.956669195087453,1.6306336788912523,2.2120054907326656,-0.7111320454156962,-2.6492988245844655,5.167306323073711,-7.173633356220921,-0.06921949964064167,-5.2947744816703795,-10.071175770410312,10.376894932961719,-14.643833684258723,11.503316060792962,-6.2486476465034055,-5.632736344725526,-9.435279317448131,5.38713828947131,-0.35178357397524174,-2.5692443857714182,2.940529107651395,6.173148052832335,2.112906426905579,6.776843931711395,6.005952617556954,-2.720000137734054,-3.3105469023347474,8.592703534787145,3.888019568569608,4.46339243452737,-0.4187523951800037,3.241025096117128,-3.65756415354801,0.02191745915704124,-8.140624925068568,-1.2525276905130858,-3.9961071109206,-10.629288997626809,-0.8257733150297428,10.522924592315023,3.7059651638173836,2.687480825756767,1.9874335438389426,1.2231483118034883,2.643860081636406,-12.335889756668688,-6.482649009404084,-2.9303516712117097,1.1275456149030538,9.60513734468736,3.272928133715814,-4.499586161804667,-6.767110172241845,-0.7855387587296329,1.0344873519170172,-5.2912294462441904,3.833157775180997,-2.59867071618525,-3.3877298684477535,-6.039349976897017,3.6193150404137464,6.729428810653559,-9.990760802456347,-2.8185599142232283,1.5490935509225365,-1.0510537462185305,1.5557899848389452,5.189834238504464,-0.42591272655180445,8.389444722606767,1.6158196290926443,2.2253041321758236,-8.23491077868398,5.037379104154877,1.4765734962889017,-3.229099371773267,-10.235639205928871,8.987852332787014,6.882145389097946,-6.175415395674786,-1.973218624434419,-1.9004118135522832,-0.3897035905812456,16.292601571573417,-0.7451956879746312,3.2575009682493565,-1.9220128692966467,-1.667794796471037,0.9080865553588311,-12.217363178324762,1.5867102152494972,-0.8946355910987067,-1.877957197016153,-0.08336272334764772,-6.6010634655834455,5.723981847118606,-4.021436084280703,-3.076682028710722,-1.2482756043255867,-5.96204093530236,8.830795315986757,-3.6718714924536147,-0.030374578254042328,-6.033737750164334,5.691597400750364,1.0748176481410479,-1.1572142320674261,0.5621392240471541,12.331937945140032,2.314623850752438,-5.791956591163846,3.300260147495915,-9.633361381631811,-0.323191137578876,0.5755803397819509,-1.8721465623326337,-1.7259962332335181,2.5575017779420426,-7.077756775615876,3.898911486855358,2.4784403708213993,-5.640332959131035,5.053901552924549,0.13999858803055842,8.23051232023844,-1.9955134296245691,8.358144873262685,-8.751962514368419,8.641605451678535,-10.051045904444305,3.107473214457813,8.946840181096068,-10.010478904278568,-4.586615791090324,-4.603352747854469,1.3498945090884633,2.613998960891907,2.174248982020197,-1.535962632880473,-2.5773154768743605,5.2555593216279295,2.0815071534487872,-8.429676575491968,-6.068588353069714,4.051234152097088,-0.7419163960599402,2.6579126949276515,9.320744580954955,4.155038211287826,-2.434808968640993,0.2954049698835546,6.392318556116387,-1.0018333389283445,0.3662158852249372,3.47562430807355,8.699080689253435,-0.2624051792226658,-11.59466701566145,-0.9670594328371664,2.176446046666274,-3.7026995798611306,1.3370800925680704,9.995067537566756,4.6360364533079785,9.698044977648813,-2.5418504631582617,-0.9991612929688722,-7.576480695301884,-1.3853997921319812,6.2850090562098195,-0.6478858100111775,1.015063351418189,-4.343935757673738,0.9097477444476428,0.009622867280531189,3.0722778760081333,-4.728372022986088,1.7874077386101572,2.079412067713334,-11.40753168955811,-0.34632965125600634,-3.941858411702039,-4.778717218461545,4.25725684437717,6.141234249938682,-1.8821942969566978,-12.625530625126025,0.413454445671366,-1.9809707953709297,4.3361925390477145,0.5987308570180205,15.27394968342934,4.021683731592538,-2.941140305210733,-5.325931937847822,-0.5884558623559836,-2.7995778884674563,-3.3247529103585967,-5.416193358129322,-6.419347463809721,-6.2647790714122875,1.1273695395265368,-6.475574152680664,-1.6332963467277857,2.190921256905843,12.213582464774198,-1.9958166728672047,0.4012722983086982,-3.77951808239476,6.420949980139347,-5.188681209308823,-6.666343502383066,3.5392418917597004,4.166328341748261,1.5198631519157517,-12.942035499065284,-4.304259768955465,-6.651510746580575,-6.452752273840758,-2.8634829732319123,5.062888964937598,0.9029096586483771,-6.662753567343467,-7.538362787444379,-0.18762474599557627,-7.778701614980196,-6.556088324573789,-5.24470005266069,7.524620721142429,-1.9204001698224955,-5.47813710425444,4.013790574440785,3.064382665386303,-0.34811945139154166,-0.1766634595652097,5.628723578893274,-5.005678035498038,4.876329306026442,-1.8231118652774487,1.431577129886546,3.5586933619469656,-3.62639312316168,1.9462176096573796,0.9306065652243314,-2.1970907195622007,-7.809975424480454,2.5628821249295246,-6.74976148221822,-4.9651351888057205,3.2699051049070404,-2.8812664400337162,8.225967695666537,-5.335990575949454,5.18025200702922,-7.585346709834338,0.6258014177446656,-4.672899486270733,4.180731303819992,-7.594749489771312,-2.497347569890573,-1.8409987096335008,-2.2997755227744197,-6.587872753480802,4.2039044319631484,-0.19992385118932418,2.8009777158987843,2.5606647389614654,-4.767288523698024,2.9601505330463107,-5.16810371225248,0.3629191155274614,-4.968935154074495,-6.221004582410154,4.995079482036695,16.075004590451698,3.52579101682879,4.738038469729584,-4.403519670642815,-1.9241596956245937,0.33917983071102786,5.0902370136905555,9.681946132370802,-10.940927751727825,2.802458924781889,6.69178812957065,-10.464710195405614,-0.3970216938196858,-1.9475486695533786,0.05483629708913007,-5.8245170160209945,-1.3491441412757026,-2.218453173676272,-1.06522684813588,-5.1598508848597,-2.2141064573183304,2.944765694560303,3.9249771704952536,5.127115667191436,-0.652301821761226,-0.360897743107738,9.59760486697786,-1.3828377281649926,-10.029569633094441,-7.854869903370465,-5.2302057886134365,-7.924588499207116,6.163196208607584,10.564282255321661,-0.6768927526429781,-3.377476574730847,1.2597324918971777,-3.7244129438584803,5.37999396494696,-6.770318470121471,-0.7021733773488426,1.4629707386405446,7.811263317699898,2.29980512882599,-0.08729929459800778,-3.7820248340537272,-7.312737291355507,-1.541355043185793,5.79114717580198,-5.071824170762602,-4.930446732951841,-9.178182073859237,2.562357632719599,6.478099923790506,-7.501214162306072,-0.2201701323939494,-1.7502770581292584,0.34255256012806534,5.592622142136793,1.2657844208282907,-1.39415005903511,-5.423312851451071,2.1234054021870286,-6.935248088895264,-3.4820976221813846,-1.3363089223996925,4.765407918754386,-0.5051842219018383,1.0857149779320072,-7.933569732179947,7.254682417057956,-5.501722100876182,8.745379987823744,-12.598045737398996,9.944075944852798,-3.6769322154901807,8.411043378773405,1.1389136791315835,2.3006848241612325,-5.138279212617422,-4.784315950595075,-2.1843826999555027,8.280758063030735,-0.766160566191751,3.102890028343039,-1.3820929528910755,-1.248476244511492,0.7029713008261256,-3.9139404977331207,0.874166898923741,2.153898519572901,4.031498687316713,-5.064587082397565,8.661253106352758,8.39476910940641,-5.733769825890148,-2.460265577219694,-4.107464628363666,-1.3773336562962974,2.570990339161496,-11.954527283780724,-1.8811566848256804,-2.3725464902386784,1.3120132941363596,9.551224020870718,1.4598792226104602,-2.0569478068016886,-3.9579126628534245,2.409994378813998,-9.285602344077503,0.24426228826241314,3.030387345834423,-1.3307074171007913,5.57381379763768,-5.453972429888247,-8.222224999245578,-1.3163531928436387,-0.7209845488502301,-7.936730357197935,0.08370756123038925,5.15845500819249,9.908944922346915,-4.133769713919023,0.9662334732134885,3.8134554433421113,-5.3382980157282045,-0.3053274698027896,-2.1298206127066024,-1.7219286222708885,0.2587858158403631,-3.095478585889267,2.407732382931982,7.166181296020534,9.843682010471479,3.6622919785161,2.076020052208367,6.9349822937744,1.1729897919503847,-0.7140477235140064,0.3354595580095776,-7.436950499972179,3.2044626872746984,-10.425588792593679,1.0616570464095947,-2.8249085163557224,1.8708095956091522,-5.401528063399492,-6.552862629970321,5.440876061592178,-1.1523351379577884,7.333889574075314,0.08492109542349269,-0.4341485949934143,-4.694286158026078,0.36157041279296953,-1.8938666061169533,5.281066098519249,-0.9865004712497849,8.0250275018426,-2.290900981978221,-1.1298443470738382,-7.482513653448808,3.314287327867291,-6.816060366328552,0.32201848613995376,13.916041567738137,-4.105490701795877,1.2031166456970044,3.597273157935443,5.1946605407291155,6.454700866879852,-1.8777041478431553,-0.7933576094781011,2.8764900952516674,2.032468923577639,3.944001326178466,8.85888159023117,0.13286589743345312,-3.8854641979356996,-4.710187692870569,3.8362112835906874,11.35402008322655,2.0805095676913017,5.313702789912718,5.039438581267906,-2.745549311673071,-2.6685701630091945,-3.1883893707861226,4.437359656680099,1.737221716556522,2.6652887310717706,-5.033267880267954,-7.1757018686508545,-4.050710637061262,8.02795613309217,-8.312517456013829,-3.0984777634588627,1.6446161728027615,1.2637427294815606,-0.13813310586850913,-8.065444873822738,-1.7781699825624604,-0.8514524897162512,0.57210807218392,0.12184298276191402,-4.030630542354227,3.19830150562593,0.9431506269661898,-5.8537842207042505,-1.9528977612521128,8.367220839070422,-5.440177779102344,3.827143370891718,-3.713234690753563,-3.6791902367190987,0.1691604808150754,-0.48156081467113987,-4.002990091335305,-2.299702073827552,-0.0032156655665426803,-10.861694618757571,4.990393108401973,3.6571224465434926,-0.9341514469483161,6.942265824930075,-8.09182307561643,2.090316980623262,-3.2394754480923194,-0.5163954094199618,-1.999567437908849,-1.2363935942250874,0.7353776321525498,-0.011521504119424153,4.557434909843307,2.952353242298678,2.398259934424486,5.159556482822532,4.57929805246456,2.188711739967846,5.930933385993455,3.242310935616829,2.482057275736163,0.4320619714955176,-2.544803969724282,0.04688554265443723,3.7388835484925425,-3.039015000247053,3.2322851415383895,-7.639465524551144,2.8160583821847966,2.5800795205378666,5.134563279263749,-4.804208519195544,1.05635967296556,5.865091898698559,2.7085131106894726,5.730474435259302,-3.950051443817643,9.617507656249465,-4.127764653520411,-6.674051302756885,8.18054497697735,-0.736224345893985,-1.6409031710073791,-8.040628821998993,-4.92940919427655,-2.9189556696958254,-8.264996397423891,-0.19243257034958816,3.5735048399097407,-6.119130148213625,6.253245548140121,-1.0990478214141173,-5.016519237189618,-9.960069159377262,-7.924668667379069,-0.4879789997816085,3.8489804481484406,-5.6008372383797544,-2.1088528956273453,3.5590380627710774,1.8627517536969294,-1.0354155702680137,1.6323489915692213,6.855755087915798,0.06851471901358153,5.785388993073483,1.6270264348221746,5.894537405890949,13.698106891665,-1.1685132601086132,-7.344779794740822,4.5653988370230865,-1.045236214638713,-4.193779568774846,4.931530170877426,5.725771867623056,-8.828809725498996,2.767661405679879,-2.6412298912079866,-9.174432712790463,6.309151007327333,5.473667679968658,5.111319848052632,-0.5109146387781248,5.5642527287448065,2.668490567101461,4.97707005900861,4.750425087439511,-1.4628724382659022,-4.101167563616898,-13.121523437820587,5.419816645427966,2.4519566090150278,1.0128023793000929,-0.22586701676945387,-3.517945474504886,0.29462239287630376,4.119784333328247,-1.1950526006922055,6.218187178393559,4.113584835913857,2.9451693966848587,-0.8596677175094682,-2.002394029281017,-7.122044635516022,3.2029024435231412,4.284083889001564,-4.821447282794612,0.9658697814470657,-10.557234569444077,10.171679213514185,-9.12648524036113,-2.0511132028683714,-1.6353903454828922,10.290124266609947,2.674157467223736,-4.27047364876082,2.1002721583573045,-14.212319145607445,-2.2393600433510823,0.25389910366251833,2.9070519141407236,-4.671721446696216,5.437661159161801,7.7241596023924055,10.270436534796843,-6.579747425740093,-3.748549574013496,-0.4023858363712878,0.1510754018255427,4.9461033887491865,-2.476496475422319,-3.815406976346858,14.694627909446076,8.529003319382298,4.489818085137383,-0.8544985281858819,2.0185038631682386,1.6761765750086552,8.917376572950637,2.332596790485772,-5.147263068971657,-11.19686881478072,-5.910209203855998,0.4776939525996018,-3.9496465019794345,-1.3548735908084346,-0.5845848245157895,5.868876831767101,1.854769769266312,-6.7197906489414425,-5.30537639166625,-8.129994801881805,-6.085173535639669,0.4364062047204694,7.096801599850597,7.591218017369185,-3.406484852132223,-8.013518050724857,-5.843904661049438,-5.019198367599137,6.872234553811195,0.5857599517205808,-8.883639553644906,-10.94223063983667,0.571259294782541,3.757833059345836,7.580083567921509,-2.1736436746677406,-0.41684382694238153,-8.327892561618308,4.1189925873769475,0.6401594846811798,8.577314625556266,-1.4861816545424116,2.5627655337276316,-3.7074662404397514,-3.6888204199476156,-5.447455781174346,6.433615183712244,-1.1724353714903848,4.616288510505058,2.3309921331337584,0.4096390226577944,1.0068972560451002,-8.741554310537026,-2.2997662953082925,8.58264450495921,-1.8802340494884164,4.548913463867476,8.051776263115997,1.4639158431152517,13.875646001008167,2.9702831405037746,2.357200875070766,2.826383256317437,8.996396996156527,-1.5605077037633053,5.277660627048714,-2.3849852142641654,3.2081074187034875,2.8371110239371546,-9.888900360012638,-3.2367634859968755,-1.3861487680384919,-3.501529752059459,-2.960799119920242,-5.714951201002808,-2.2604846036570634,-2.995652253664626,-10.730737894040548,-5.405685856980463,10.293445334473105,-3.3436962896070828,-3.357773798032588,-2.9504453694990858,-6.285666534320551,0.7706049894596767,-0.4117011847131352,-4.437902343077075,2.3247361312982493,4.949942976140864,4.9783863468620275,-6.745576152688677,6.6491868226908615,3.321067051318928,-5.414090731796692,4.606801760437854,-4.978550312345416,-7.733890190751242,-3.0465427102558342,-5.139968043142026,1.6872022904142856,6.499064913293971,-4.565472163572999,2.8834664391956677,0.9461232708753426,-4.743621353805258,3.290090348903645,-4.462067317496247,-0.35391148999926125,0.6654513666854793,5.78785296692356,-0.4755149273088606,-4.722049501444988,-4.747188596076555,0.5903259297507697,-1.8513383641779027,1.4397902224717467,1.2101838675155623,-1.5892956093984325,-7.472789895389047,1.6612725320863988,-0.9510723172410465,-8.97746664427753,-5.480848343163023,10.376128100532203,4.035498690964634,-4.175678474985283,0.20707488734156274,-5.482571289414763,0.47681995737726424,-0.28704401283392844,1.433820020030409,-15.12088791716997,-5.605751032251446,-11.09976272653402,-0.8346889457658957,7.231545565177278,3.455581486148966,-4.434042776676352,-0.5501002266481425,0.12967294100653415,-4.856241366109056,-0.940592457269551,5.160756305964966,-4.345390775971643,-4.092830781835432,-6.655996240084112,-3.0005739762690915,-0.8245860955340987,2.019633298213818,5.960030236379659,-9.504214541666471,-0.9523294627436854,-4.422252714821392,-4.352939204000524,2.181227083580002,1.199169609983701,7.2065460312366385,-4.015637163505638,3.4777949375494686,0.8235301470688853,8.1279572371093,6.559949731011873,2.969966499407321,-0.8016843318713448,-3.338493788970484,5.206861348291007,-4.969462949976403,-4.747937152193318,2.4925811104891817,-8.594788944288872,3.5372350798513486,2.3657952925109504,-2.6978209496643117,9.130906214059518,4.770784543585306,-5.214418999700115,3.5232186882718044,-7.792255915994077,-0.4070371140409579,3.845448191530063,12.81967986308987,-7.941557535739843,9.011829561027607,-8.164311268881287,4.227993298778047,-4.33559317537882,-0.5209515340873159,0.3471327616476092,0.6221735566675975,6.175904799977773,2.7845848352891753,-1.1238912789037099,-7.254060353054974,-0.15915524415847698,-1.659601953976555,-2.6495960468682114,5.8337401765641985,6.689566560793551,1.2533574270470662,-11.396124380100002,2.0162682858404164,-7.615061639867996,-3.843952266254719,-4.506130081983634,4.353482656948853,5.689336680756438,-6.560346090486181,3.137261009040322,5.948087050486762,-3.5163617149076356,-6.157684055156314,-6.465653859911613,4.406432094426487,-6.660206542723851,-1.744512064076112,-5.647118977549514,-2.9091738384538375,0.8993878060970489,-1.6031993787263854,1.3612999792377845,0.021932956611131926,-6.07014917803472,3.3737471781958117,-3.2568393810541028,-6.7066256241687725,-2.494540590370971,-8.439503168297302,4.552555316697632,-6.111942428039883,-3.2796688580913402,0.49151378074477214,1.5446510933752005,3.657949168791103,-2.023010212923883,-2.768271023688412,-11.465999193550614,1.5340813950481267,-1.302560885087976,2.095325279117799,-3.1296277069745138,-0.8435248611851174,1.0962599391684125,4.974701385295655,12.481718091379687,-0.7943541229719958,6.604673096696942,-5.971062922280058,-1.1769831900708358,-8.569334531356047,7.495435800147695,11.248844403407233,-4.793511665778411,2.03707096498703,3.972475134977839,-0.6593936689947486,-1.7796517753278975,-12.445646894024732,6.501041183439005,0.1814595011569129,-11.225620771999449,2.4072153671857253,-5.159949495351595,-6.190585198383774,7.161404336821555,-8.3299333541771,-2.113401672315799,6.792030068273815,-8.159519125866836,-0.05831250751483892,-0.06754206316538092,-7.82812050961657,-1.0402293304359116,12.909803431549328,-4.638393561117811,3.1095016437745366,0.5259656528028913,0.20226998582459765,1.1877388910541533,-4.546004518703912,-3.4600373312630213,4.289161366251568,8.802319380072717,6.856096229778673,-4.131052425417451,2.768227749895468,-4.443568111237239,-2.46498319021825,6.197455749720283,-5.230066499660184,-1.0489018478267718,6.769707178515954,-2.1325802789799653,-4.843841418150878,-4.539353574376825,4.831540213366712,-9.453054686675555,-6.422040862245451,5.911955117668733,-7.705244694321939,0.03385352160375632,9.46620963749638,0.4833893417997024,-3.769144430108935,1.1845055686102495,7.933957991535534,-1.828560850867159,-1.5936368382457515,3.9996831118274505,10.449712010031401,2.288960714626441,-3.076685111869366,7.694565777659356,9.064606085729764,-8.103522369734002,-4.190073709686338,2.7304530825761275,1.4656466428279118,-9.939117002082265,-1.3732337998644093,-4.923890222064003,1.5908007559053912,2.018377266594981,2.922422839415756,3.988022409683024,-3.34006571081652,-10.60474293412442,-16.12257379897771,6.504484700802702,3.5372212090524013,3.8885862397459046,5.107700842218264,0.9686230513876399,-3.4236099151587407,-10.284805230374607,-0.4267147401155802,-3.7074534246924404,-7.813365564314909,-1.3418907161612534,0.02516469973559543,-4.018581522990916,-2.122815789348579,9.734567674047028,1.7058743532107725,-4.785969779827301,6.995491121005973,0.8303186611168107,1.4663549355348418,-5.074250739149804,6.539362563696107,-5.268203664979854,8.46241326721152,3.1354715776260385,6.398157646821897,1.3046593099566275,-6.162344990225583,0.6768427856793013,0.9331756140737318,0.6816797192517767,-14.269909927016757,4.235817916218073,4.08956800114934,-2.7789719946962554,-5.874666664046291,0.8025488506564095,-8.449905086580078,-6.802094216561547,0.5163652003401077,0.7187063139148805,-3.342799902334996,9.168158583168772,1.318725462944892,-9.823580968365663,5.373370450630445,0.8882586769535323,-1.9067587878625643,2.268850381332812,6.108426683029187,-6.703682713520765,14.464683138186343,1.2847884188434784,-5.155063173410311,-7.681259693775884,3.608028094160862,5.478665752963865,-8.51266022375244,-14.00334924527526,-4.921859873890951,-0.361828740142222,-3.143950904894182,3.4437301842174897,9.887365640858054,1.7342775650927822,6.768419194388936,5.1677215509447745,6.805109166520203,-1.454616132769157,-6.064325328009673,7.081481913991831,8.156778787463313,-2.4001141890004436,-2.8545049867088914,-0.7043228251872136,-3.255251083885688,-1.641636785564621,-2.600209100999196,10.976186358470898,-1.6667512343374362,-0.6846203039049845,12.723082086988537,-0.3581047545258724,5.110258351273393,-6.806023172740796,-4.595231954895243,-0.0691344284633515,-10.40503066671426,-5.335194973953284,-9.710249961881447,2.411653938657993,0.7045298405985657,7.5782006710473135,0.07425477667400315,-2.1518250107630488,2.768778767520005,-6.580919296056254,7.897431714458278,-4.9563569251131865,-3.4940920392631414,-1.952190923140219,-3.004430691847265,-7.907654397812592,-7.090214738699215,-2.712306732344544,-1.0176201251997388,0.7653538517097507,7.623324814611155,-1.9710906243824962,-0.07071846676756305,-2.8935226178377085,-2.0973967442101156,-9.502533244587928,-1.199200300792791,3.776601177810024,-1.4325512680186434,-5.41828234346493,6.262236451815253,0.5513825916895299,13.99667033775017,-3.5073604167415002,3.5573247108636075,11.202088143477173,-3.39580304431127,3.643925756385492,3.1936113378395006,-0.4114631380933309,-10.70226982993213,6.607954114862262,0.8524115154953527,-3.3791622866760234,2.3008487587724646,-0.6381893317492668,-1.7613705924589427,5.690915637258323,7.34968141567327,-4.8977069257854815,-3.632183387971153,-0.7197951745120467,11.728391547519129,-9.234879949165077,-5.467266842407862,-1.221061435248171,6.835809780134357,-2.425544926439623,5.281930611952189,-8.494422144104208,-3.278752836171291,5.48171582308229,-1.9390498266382241,5.777321468325695,3.340386790507679,-6.438316434543315,-23.00957773495011,1.8181212935260977,-2.898363378558186,4.954281860482022,2.482358956698822,5.798243523787594,6.4730929936693045,2.8035095251372804,-1.2046316339314287,0.6269292037741511,-5.8889859702900464,8.001105350127501,7.3099794071552235,-5.730855439821101,-4.049047093371669,-2.943454664548631,-1.1713918869431672,-13.017152084168247,-7.5574739796979475,2.8755844198140816,5.1159590460384035,-3.5958535331592314,-6.09870775223105,-1.8431231996090598,-5.312039954324602,7.787836952391536,-5.006344982723283,-9.753840077268084,0.9410349598613259,2.3131136526621905,-0.06439179312518434,-9.977322651582439;-2.8622485255218035,-0.9308620285521096,-1.0528914123149842,-3.1593483165014202,1.4729380221350832,2.0115122785974897,-6.704730214303623,4.796226582009973,-3.6929291006105984,5.596195076058116,-2.831330105986529,-1.1566818473934606,-0.3310122151604875,7.524679934698442,0.4497222385099062,7.706877369384281;-14.63398613651321,46.70896054760664,56.401709706187795,15.256579086250753,45.839766515994725,-2.420871563081435,1.473980023148561,-6.505442461412393,1.552940584723122,-15.46324761492449,-32.49975943062271,-20.251059720772883,9.327966735076167,9.436427419279148,20.857564606063182,-34.57154665939893,-25.566280417544995,26.84090548716547,-56.98896653579259,-4.367634755344343,-17.139558047628242,28.280655758044986,12.855467488920919,-53.998321703308406,-29.83614690791203,25.11365492729204,6.6746907358218035,-9.076430882514124,-49.22125437163325,4.6399332577802905,26.935859236335315,-55.07307488551256,27.8163074892473,24.510616471970017,45.07341905670634,25.042688595028405,13.422233091162811,-21.090368508032377,12.722524166896719,-15.914019777038003,-15.657761479960056,7.2223895273605025,43.30279134349202,-57.274329929927674,28.110370891683385,-28.12101265973249,-41.62858956579267,-18.923542294232124,95.2679781594476,-35.980494342154124,-9.418013371533549,19.05465656795877,-10.374539312800446,-44.99957930998447,-11.447962616446208,-19.79801166651369,-89.1060773496229,62.74523226396562,-21.194417342673276,20.348609352242253,63.268305667158856,-24.750024843739396,-2.709189563061673,36.17239945723786,-31.56899343424857,-18.58246984800909,-10.880629468466964,9.82759894986693,-33.011007681688675,15.82124474356554,-55.45151382578939,6.491969017111599,12.54658947538966,32.37684565112538,-29.815655841680343,-25.99487823632745,53.507361122758994,36.773966397545706,1.6292763816783085,14.831115423222117,-36.97746684129002,47.60974530036495,2.4962036987159357,51.85068554133654,-25.240804094962954,-3.1076559118637475,-48.382831117267585,-14.958694907212202,-12.378048984656102,-2.3133086647825145,28.811675863710043,19.04437977486696,-5.0336569874573645,30.483909472731902,-5.826721402761057,25.662563679244474,6.344979113850709,-10.03371427367881,-7.912801354468954,69.62975637169342,33.867342125990916,-27.471037884428064,-61.8923865562747,-45.99172950692835,-13.964073806369214,-69.93284728732223,-25.83335202576568,1.2508030019509646,6.763185301032822,30.40297875019932,-75.00200727377438,10.171826325474012,9.011695091998202,12.921416765127384,21.613191261700702,20.301786336347,-4.461799319488183,-26.539330987506176,23.465325714592574,-26.580897455716332,27.377493235964508,-61.86455193259232,14.62940560921239,-12.665211927457925,6.516926903040677,-81.85555829696845,16.857043537090675,-32.56727860725446,38.269971582303825,55.260710956507694,-10.266750116661962,-79.71055924994184,82.60402513860369,-3.7210580281707553,36.13319928737782,4.177793000416228,-12.972207430120676,-8.913971170296472,15.752201899460717,-12.720878693220378,29.226569121702422,7.705889125257825,-22.145513696403853,28.661828922335197,30.90646941889432,-40.73554536007002,-72.2738137808486,-11.285589526914956,36.627171514570364,9.35060358975116,3.3337016411622837,-35.387585759001226,59.29974134136758,-36.79355638381802,-6.379047351557528,10.092467647545682,28.914127552986358,-42.73022069252796,-11.646767880283045,23.17595629191885;19.454985576692728,3.1070179396083666,-6.733166697709441,-7.370052611147715,8.91091745964338,15.924992389437293,-23.534628737130824,14.498850815067714,-2.8854758431048926,3.1472292520944367"
3,1.8498681981135203,"-4.871604458264795,3.015709541766469,-3.185309983083474,-10.689925885798946,5.860302061674943,-0.34031908260420596,-13.871804481351193,-3.6248156184950577,4.602256873819023,-0.45188652876499225,6.208621621785016,-9.496289996418824,-10.818166489788604,-8.14680727085836,2.2075456217902985,3.912213249085903,-3.5044206842048995,-3.5862355449601,4.693373841033685,-12.790637987539185,-1.682390363953348,-7.956583801950372,-11.925344286872186,14.679436579386765,-21.978118065940684,10.610904396906927,-10.045718974207311,-10.33576206205148,-11.101281497519416,4.891934224392208,-2.2840634382027503,-4.505102913796543,7.415879368493757,4.548083884328742,2.29207573473976,7.039427679266166,8.356838077977367,-1.9498783153649668,-4.413017131148946,5.7435035159165,-0.39653224130991693,7.83406399821544,1.1431272316300272,5.372542930954745,-6.4765213235118315,-0.0970341052299021,-9.689799041348925,-0.46699461329415404,-4.656895963439043,-12.464516572467005,-1.6744257014653847,4.9934818859279275,4.549465128040326,2.1355176690975384,2.118126845460032,1.871152728121348,2.8246504910607646,-16.59450860761173,-10.261870437465372,-0.5578897847544865,0.3666807643399961,10.243197313616088,3.6820073633040336,-9.556564747406732,-8.573369315485206,-0.4198494752581095,2.6090273644602653,-3.052570084879961,2.37151415100699,-3.4108501844136034,-3.0588428957360025,-8.174540612638644,3.401344221404071,6.110596385580098,-9.381799632934989,-3.5722214658080924,5.843056401140285,1.2110712917468285,3.632376243742167,5.180338897834191,0.8022042657602141,8.610946892712533,4.1083713170876,0.8245541641566867,-10.852652463919881,3.2192908202967407,4.581359623938097,-4.491818597016328,-12.756340290102848,13.216837098958642,10.59063065988279,-8.15813984860034,-4.622028385762381,-1.38973726503476,1.8299889505534812,17.68555317416215,-1.0007615086065462,7.458826522476652,-5.0692765987226975,0.6656448274659905,0.34133585781532694,-14.38756339298934,2.5572770641437823,-4.398882368535704,1.9742483594576372,-4.166304661627051,-8.85271403113442,5.08431798144984,-2.848810388523506,-1.5351807410868132,0.5174518933201724,-1.4874061482837622,13.014527559507027,-2.2955158647255125,1.8551223371835888,-6.54036639864637,7.532254430020733,4.51354768926331,-0.801486971823078,0.8943161977499277,10.855128426579224,2.4066140442839226,-8.386125285039586,2.5561022556047566,-11.277526058105318,0.24671543673745422,2.0896032040710146,-2.8429891469870325,-3.879123370931544,-1.913863028867127,-12.753379932852269,2.369639618673556,2.898019303078523,-9.485140334013149,8.125907092592547,2.0039485893973463,10.862999716653748,-5.2816214019616465,7.189044073367287,-11.876869431449666,10.50697679874281,-11.226475467411916,4.323193944104469,11.90447256228669,-10.438570576866468,-0.2524863354001381,-2.186177330697384,-2.6764616263272467,0.9551218636878861,3.0355577197755825,-1.2312394504658881,-6.09676905408255,6.425903312854312,-0.6330916056800546,-8.881844235067511,-5.59952895953635,4.5941597180157485,-3.900055805931967,1.5206372929306817,9.76563527346639,6.516342348831823,-3.7961207426048578,1.2418020918050323,11.3735341746476,2.309196442552688,0.7957772295331329,-2.7736830369446666,10.842873296645639,-3.9015935612723123,-10.46057926656913,-1.464150293069461,-1.9511848103839058,-4.26154300462464,0.18597443177732942,12.933693196396584,3.6092162373592362,9.51698355642762,-6.63040772016309,2.723971086858642,-9.376837149155815,-2.4763448532855,6.717892312961141,1.3415721119535404,1.9503828686920064,-2.379987810680099,0.1748297965391017,1.1732722984033865,3.573238502646399,-3.1577546093358917,0.5575352771107779,5.320855865547238,-9.464020736518052,-2.632256326762612,-3.3567604375742053,-7.617979050796813,3.859982235201837,5.025284236509285,-2.7534094486686813,-15.626880708449256,0.024077332500860395,-3.130260569024416,5.03406772364199,0.8246801110768295,18.376818881424764,5.713329513779075,0.003431753189234499,-5.838422480558809,-0.24424419781174667,-1.7841936545395136,-7.90105933280355,-9.009357800184869,-8.670499196126691,-8.83301288415278,1.8993242736356923,-8.362587956755334,-1.7564405575322328,1.4508255176940583,14.954967328019311,1.7005278407020206,1.5044745196952736,0.299924192331727,12.108352453479537,-4.141071628008701,-6.947475518223222,8.861984961105685,4.689180936717695,1.8735129115038194,-10.059503988341909,-8.368992187762704,-9.602349012736678,-6.885381734374009,-3.2401926425077736,5.95305150425912,2.337187124530229,-10.091785723824447,-10.221116835459961,0.3950151713152355,-11.184164775405277,-5.25339990294992,-6.433854081335192,9.302192818559945,-6.068089593044219,-9.680695182080422,5.889985429565292,1.5520091710458752,-1.9757033080103623,1.5092793432973208,10.514956865613255,-7.4665033801693355,8.251107517527794,-2.89160916558683,0.02576911754184169,5.362448408394121,-6.02134611130423,4.372077385990967,1.1536725647962827,-4.582708033868888,-14.060949220798154,-0.34542427762563466,-7.245959674874008,-5.23033781568851,7.374728615192681,-3.744149692717234,7.887558674083517,-8.90327196507776,4.247056937687843,-8.150285944393975,1.6899037171478353,-3.693277944561829,4.485696675310768,-5.737519245183888,2.9636670051167386,-2.4217741890664737,-2.834552042664574,-7.296848537188426,3.807904031063205,-2.0443737767889125,4.845910800909096,4.496071628504905,-7.069627362363316,5.796148696059656,-6.153546931793332,0.9399808134945334,-7.597454748623927,-5.951107121544257,5.945459004482875,19.146766968669443,2.8181327093363695,4.5318657116458185,-2.5082881250996367,0.278768295995636,-0.7602297507609743,3.6282902025775003,11.432546951845374,-13.12012787917299,3.23626797069881,3.106914671308477,-9.716534664567167,-1.184549571857972,-1.284296631926475,-4.107736489918381,-1.6174106216704551,-2.6783247214051444,1.5956638173898086,-1.864801779395306,-4.5571508889657855,-6.898307070063695,4.126549133424341,7.532817642899495,1.5489807252091572,0.9423456641821201,-0.15705743693487154,15.75465214488372,-2.187412784303041,-15.024314672096196,-8.395607921894713,-4.459244625207311,-4.789600864303648,6.3668724226312055,10.70459277525952,0.35931542620787715,-0.9999063175861265,3.4525481833562193,-9.744608247942503,5.790786940850948,-11.383457978667346,-1.6515917854937725,5.452254600597785,11.553541441017819,0.3283051125050975,-2.6695788866099437,-4.763443256927252,-9.254475739032463,-3.9370324482667156,8.208784009580494,-7.601909019744207,-4.647575220930686,-11.82681529744418,4.702723304286061,5.758123062659528,-7.8797813545473945,0.5248686831277214,1.097465507814651,-1.4446325769020893,3.2549664985437845,4.692960036619631,-2.5973655866229857,-7.348701225941406,4.42613107071469,-7.618969894113579,-2.683927254289849,-2.6913390314096093,8.16772090715606,4.107384965317976,4.607416665823784,-9.289421905949059,7.484750117391005,-7.463736354388582,9.06269222555941,-15.448666179551243,7.49500304145225,-5.015925156981515,7.5696477319980024,1.490888347864851,1.3374674515754155,-2.9687459121161135,-6.375092801763241,-4.223317228439132,11.180172886165852,-0.9977500338231468,0.3686095699616275,-4.19614237031211,-2.684403604030477,-4.2244044461999115,-4.892691925030938,0.9899540783354066,-1.3575342979844987,5.860890485444603,-4.198035281429755,5.998079162788644,9.873498642661291,-7.509479617700716,0.1252743234321394,-2.4747000645153006,1.4150702070138865,3.0796704136832447,-16.783931935890127,2.8031454901031805,-4.823886409493141,-0.059225315993408745,13.117049245527411,2.6412050436166528,-4.746358843816117,-5.066618343775667,-0.19404751435582757,-13.229847795990954,1.2028761032841324,4.246646174537459,-2.5981885196461154,7.8128807850773825,-7.289665587736321,-6.416126084432442,-8.080985527327892,-1.8945403318898044,-7.974901715160512,-0.8476305874250434,6.288977408250421,13.29527238058282,-6.3662208900562245,3.608431297969448,0.6153950340000864,-4.929595513425449,-0.6096338969542066,-0.22600626614832553,-2.888176660352462,-3.251670395618375,-5.105647749075237,6.1127254355364595,9.738415246194164,9.68598549826645,3.42386350843555,-2.3037939445831928,6.642556247550676,-0.2006081992168781,-4.635290802138875,2.5775733125471567,-3.0584376744005866,3.279585823063135,-14.387031495598196,1.1375692001184938,-3.06403341445382,0.0369736490654462,-13.200156589654542,-6.90527788701276,8.565316042344325,-1.9624799154267805,6.571212864902911,2.7529669409646296,-1.0992700062035736,-0.9098353652943347,3.3144277915706954,-2.927797161430478,4.5543042520845,-3.7140199263842613,5.173023268351655,-2.4300738997459397,3.0607965624888864,-3.5342579844009094,2.2186354846333476,-9.513568871264692,0.07893223886624234,15.061978908147918,-7.437901799744824,-2.2321527513327934,7.360792167143481,4.396853818792894,10.16303371552691,-5.103338798076427,-0.8445191315474754,3.464432612000459,2.8570823085876356,4.726991497166412,9.134738722729827,0.68836462394781,-5.370365313448345,-5.877210688687908,7.1503665838984976,11.221947582152715,1.5486810891622798,5.474968062453931,9.113056738278,-1.4311136304814926,-1.1696138307201183,-3.831344679405164,6.366290305232425,3.0327423807926133,4.610991314638475,-2.976705722861251,-8.824474616111988,-1.2066496461798595,4.6951681409146016,-13.258082933494856,-3.2862803368891864,1.0732804649832652,0.8097854269059176,-3.900775693026122,-9.371273827328626,-3.7097834959123586,-3.228383300551847,1.5094351470139404,0.18257671934207864,-6.229229934458201,3.0479446287485086,-1.4854789920643534,-9.662094517218433,0.4174644569006402,11.003904024804608,-8.141179445741658,6.915346190597571,-5.356562445188735,-5.974068537958485,0.9932387475991914,1.3093228122935334,-3.0897235742827682,-4.919399539642643,0.038842766835696034,-12.530316857707716,5.311824907107238,4.977421504249135,-3.9838740315819625,5.541988115979483,-6.479422984694708,-1.3032529684862424,-3.9853727392252583,1.3788734074223183,3.194081709598013,-2.309205901688884,1.8741649954223798,1.1157636658165,4.149701217286447,3.3766061193877777,-0.7275394196003933,6.538619660866967,5.82070851747271,1.0814019356072806,8.108897937903421,5.787980570917502,2.3095785815427634,5.056929564674393,-0.06446743184654213,2.484943314120126,2.3542418552557045,-3.0548848311843644,7.121787636832186,-13.939848823868346,4.406663341365079,3.7599557367287244,2.881389271831712,-6.5708226031362384,3.761303938628202,4.212408325712239,2.0683964008053812,8.332700916477839,-3.8356050936572985,14.483281939802353,-5.215363946193968,-5.697485356500417,6.030104315249283,-2.755755654905182,-2.436488435139383,-7.180599662935418,-3.846209198215818,-4.189781345515689,-11.49587494009364,2.6822327718563566,3.7249142599888896,-9.491344532988357,6.352052428859541,-4.031138820208402,-4.58102894213726,-10.569304408433386,-7.724560399054031,0.46317379684382953,5.481332362321222,-3.7998818088736392,-3.89369535362116,-1.5589433999370408,-1.3833748265771744,2.0617804768641936,1.3788824541389466,8.993839537644307,-0.42133812165685514,9.787022573927494,2.5863732287163623,7.356337382388274,15.201391968090157,-0.4529123710053967,-13.604360377377489,2.8448144646754643,-0.001549626733158893,-7.748134898545489,8.803095610340893,7.542455457884907,-8.814865850482958,3.2047261469414448,1.5973625564797564,-8.782362104730309,7.02502201681304,8.32076540291382,7.9684206836576745,-0.7237681526907994,7.68101480602881,1.8397621172798782,4.088440424053696,5.679848421991443,1.7952457713918513,-4.072794134702312,-15.77469125105955,4.756644748824156,7.186296159778494,5.990706184168733,-1.8213979612479287,0.851419522539359,0.6428066487301302,3.995148177874932,-0.31226383101288163,11.010938448435923,4.862875062549021,5.093465678024103,-4.0590899188291285,-2.366620753196711,-8.94735434176406,2.224524462824339,5.9674715016466795,-5.726240818082238,-0.49082185953444657,-13.825000615779427,7.74117066454607,-11.34995320251531,-5.981493396931947,0.39114356253335214,16.52128569403809,2.4884425947559046,-5.54427594611157,0.8791695885652715,-17.022867206926705,3.593974643197438,1.374208695252307,3.903355249243602,-5.068732868079003,5.765070685508885,15.651777173678203,17.555083895050515,-8.208823534141901,-5.928601217064935,-0.07767816805569072,4.702275445990461,7.803618655699174,2.4726254902982947,-5.52645861881043,19.000818044004532,13.433140394289815,5.5124006409452555,-3.4445604404445245,-0.36445838655904905,2.5845893655504413,13.257824686737175,1.5906077770096372,-6.208682320391999,-11.979576355503422,-9.932784990446526,1.051796305731865,-3.655325198237941,-1.9490385085209172,0.0023037531264631095,5.214119043253307,6.627412966862414,-8.149892951547365,-4.070082809180532,-3.843172695366416,-9.962437378500447,-2.1700711576576626,6.1854236662484325,10.258959541216196,-2.68122357425656,-9.901593324316849,-7.933212746652256,-4.011190377779345,6.801185706163133,-1.2785027877401183,-9.203231912078184,-14.657220372729903,-2.356232500828314,4.163230896466696,13.533040089196323,-2.618423041725395,0.18501569677413687,-7.129657965016565,8.876533891420639,-1.255088840381304,7.897164662424075,1.9675447522493037,1.5056230506088073,-2.256731473756359,-4.163076878761134,-1.9929386258085342,7.063539839606662,-1.007769052135827,9.147053972657359,-0.23261804841560105,-2.274095387442836,3.2032743091104687,-9.395888314758727,-1.741241605643421,6.715462901172218,-2.9747451048210674,4.334363896067726,9.042216601858037,3.8005842812198334,13.87908216131989,5.784319054441037,0.9500633674414467,3.41782284101833,8.038796576860047,-3.760871688992696,9.20512111478489,-5.134075623767753,0.6210960443815834,5.99164354815479,-12.07914863789027,-2.0197448851959194,-5.320479267569176,-6.152353015771201,-1.4698637144443416,-6.29056636495565,-2.5627890647928093,-1.7590391238241665,-13.490534089824678,-4.050860849372317,11.34724752090885,-3.5457825416830047,-5.36536598293258,-2.4290247005356793,-5.8871132969159685,2.4033226844326037,-2.6425112338302466,-8.027647983185947,3.6529366772793,4.865124637146652,6.471826703065783,-7.619189836092151,10.131628520699232,4.378652157471758,-6.961654231433971,7.8904148064452455,-2.3605267787103266,-8.295211242183985,-0.014475528754189226,-4.963138881206969,-0.42556303759833536,8.355696398503815,-3.8119835014267913,6.3558248391161385,1.5637508988529945,-4.9628939624365485,2.8471927212534363,-3.180002584917502,1.561658622600311,4.0892092679779894,3.266309362169112,-1.0117112544817908,-7.947594652939308,-13.431941304493678,-3.062104042423083,-2.391021305457873,5.7601781014450335,5.392001954919786,-2.4330690884223865,-8.658416260021907,4.366962120177696,-4.240971773963826,-5.825945958021398,-8.425333533406596,10.68937057163489,4.589619439318035,-6.835007494140128,-0.21610889667470806,-4.730094862130432,1.8564514513698673,4.125088869024734,0.8447179344889262,-19.828890109701852,-7.153920985501984,-15.649286118031993,-1.096922552393676,11.098237566378382,0.9659888959204901,-4.226507334192817,3.605746401764065,-0.9449749977997157,-3.9670782681137644,-0.8614423690199071,5.775508863561638,-8.517730246621369,-5.80597034269015,-7.055749670662204,-3.1981093031780556,-0.5864296327906773,0.6178784223424612,8.538313327363596,-10.68207129594288,-2.2668920160524992,-2.4682300801990165,-1.059232535572324,0.9397448968395161,3.7442081657578288,8.169141813984373,-4.310145527213209,7.600208524559121,2.045785466383168,7.777638453989655,10.858138449692092,4.387764814701492,-0.028260837767722313,-8.098888653939646,9.970138507990097,-3.336344280576997,-5.72543518982476,2.6826436785247254,-13.910384092427341,6.784153983001304,1.082398361790151,-3.688906106054719,10.437753039980914,8.162796891667805,-4.98712255041465,7.344537751128568,-9.729403873027755,-4.552730169367017,3.4095561055483667,10.547060143158578,-12.343463962792303,12.966596350008803,-8.283789829115287,2.6358616093800116,-5.592146094665183,-5.901078171310732,2.793459980529205,0.03373225666468979,8.034791120515028,3.838151914637088,-5.994703566539683,-8.017202934421482,1.427751019011305,0.06355509149311395,-5.512300959642449,4.215070053664453,8.539792139319117,1.869841264473793,-13.294134828665442,-0.27442361389020176,-9.075879118651727,-1.699500001186971,-9.25922816458541,10.23596004434114,9.39188702289462,-8.381284430543094,0.43696535573241857,1.4604219485453174,-5.665346881171428,-8.187216268367859,-2.5985341060160794,8.267089393588293,-9.9667649180188,-1.3093831750010447,-9.090477206037898,-3.9931199733442377,-0.46934410284136596,-0.14892731257698832,5.478336367186043,-0.7309405111877036,-12.49394938473813,7.237080440617448,-2.5688629935869045,-8.672011739704837,-6.499058836557941,-12.329093908490389,1.8380423553073446,0.4788795702831178,-1.0748610837704025,1.346140456147121,0.7122291874054597,7.3618909213647115,-0.7076079827099464,-3.3930517871847132,-11.47002643688643,3.776235980127799,1.9835979476453762,-2.283991176450835,-4.761158967417782,-4.476151955558253,2.456880738483406,2.153319986314327,13.06317884483102,1.3051090870789086,5.872922104185654,-7.1432282539420555,1.3703587345966395,-11.163031239516325,7.568143748510568,11.665166368256834,-7.300227139181288,3.391669296555199,7.578811988913442,-5.569779185623828,-4.37716961307781,-14.584693729652978,5.973023497058211,0.7837264128752484,-14.773041372448564,5.593228022197982,-5.409594005961722,-0.1680945571633472,9.927291077353454,-8.412382184793021,-5.395161169415365,5.993140267670204,-7.92943921335422,-0.22247935151432388,4.971339321572921,-9.1485221577701,0.05924736470570788,14.741257306696681,1.146956936621966,3.1715571537925236,-0.27846054504484485,-2.893582270073347,-1.0620693610158611,-3.670051095190721,-4.639219481520142,5.990106495510705,12.08308667235142,11.692315212711542,-4.7145617276810325,5.8616141002380635,-8.323880289500119,-6.691877101278221,5.354715815549649,-9.095388333741193,1.5809282751713272,8.059325620545534,-5.393985608810624,-6.001551741293018,-1.9627323670686998,3.1585540379777655,-7.173800007843597,-9.572768064613143,7.980802002414986,-5.891963508426368,2.445557423991266,13.189492564707178,-2.5608456529826698,-6.327691147102932,-1.0566982693341793,9.297770615263369,-1.4064165288914614,-0.631788704900767,6.202734099611944,10.254517026496883,-1.04220290353605,-6.153466607892948,6.77636195563395,10.003816303793808,-9.943612391444137,-6.137602537589133,1.9450812990813569,-4.6846270784772726,-11.189484548267695,-2.3638608205057228,-6.938880089561739,0.5056598208707558,3.3878572301501277,7.55280074467077,3.4281966662302983,-1.2822332464167228,-8.9912968078357,-20.210698932042018,9.4779803813699,6.135454784695017,3.084540466755441,8.48647541242346,8.303740417685436,-6.069399775040036,-8.603431472874231,1.6720069694974782,-1.6376461748481868,-10.621208825658748,-3.7658881411733223,-4.3499814081786194,-6.011517751120318,-0.29989307296353673,11.280485688326692,-2.776970663241975,-0.9994366002110739,13.258277961288698,0.3213872975690383,-2.5317370095679212,-6.294432261439281,9.267360352498095,-6.9325245469168495,7.211787281673087,3.981932031512574,7.7183387451178005,4.224742218191305,-5.966922564373947,2.8081465802590304,1.5724211779956385,-1.8012491586819084,-19.12998492131142,6.074451982493596,3.9045690465692244,0.9205142175208676,-3.4245531132164673,1.4141063894896133,-7.679477768957481,-9.014023924879023,-0.6282074214619117,-2.1632825690431634,-5.659918958810698,10.893021667530329,-2.8790273043150316,-10.094559507010844,4.351478318714729,-2.4008936584796086,-3.554516332391773,-0.28996083793770366,4.830593820709343,-7.86741765321678,16.396590242576295,0.22808118129322363,-5.2054904700276,-8.443015444042626,6.527039925680839,4.542122492794641,-12.168019866195852,-15.088391470344973,-4.216037053390019,-0.06339387690462361,-8.580703223961049,0.718525201533874,10.391669579221476,-2.6626685830653245,6.098272028681135,4.297293836147244,7.568845456791067,-3.207628772548977,-4.998586007519834,8.270063048288502,14.37159097482473,-3.3993384649436944,-3.31971423713035,2.052836454176303,-2.5598339896597,-6.459301865616838,-1.9680504609067682,14.02238663148838,-0.9683072759313069,-1.8520834990895338,13.658320943698858,-2.1380045622926853,0.6443718190975618,-9.010835160583975,-5.952437699883908,4.488747927566072,-12.352352411141736,-9.38889028994527,-10.468808001103364,2.208177363277347,-2.7859594831787815,9.14862932547026,2.4327953244217535,-4.155287043163943,5.059607143189722,-3.2142676759956026,8.184470129573329,-9.519539975529046,-6.737017319935759,-0.3330358788558757,-6.2281276472956195,-8.64430555387218,-7.519818329414612,-5.644338347833228,-4.792009279748287,-0.2904571925222001,7.211723545891586,-1.83463121684537,0.20325607506572702,-3.4283364750290923,-5.147760327731329,-12.646438685213052,-4.757981796949919,5.9777781961404,-4.6966286078071136,-5.532214741126727,6.464977498367145,-3.819662772187452,18.9819651442371,-7.841816541766599,2.945613916264204,10.025376218153042,-0.5227967268538756,0.6522436185469985,3.372286162176084,-3.682900866455349,-8.413454332905799,7.191557927208435,1.1324656236286241,-3.3062296010357186,1.6521989863581403,-0.1654749430588962,0.5744261606774965,10.53640498773837,9.838064612191609,-7.815932770018433,-7.899226864618603,-0.3761949370004987,10.752971935993394,-9.809988238550917,-5.086875213335208,-1.5822086573513932,6.967218047376209,-0.42139035831352134,4.899985606560644,-9.4580207594271,-3.9019091767749408,7.668600105143076,-0.8548933201261292,4.951352998969618,5.597759708478521,-6.5749577203437735,-22.833077897520482,-1.2552071495272479,1.9444395189615766,3.80037095892428,7.085115757945113,5.4475077947396,5.710304089034284,4.77996316609444,-2.3257150215703937,2.531089909942216,-9.414681828352025,8.334736359037764,9.945219259271227,-3.695687581537326,-6.982939969900872,0.4073275821759966,-2.6229186342410387,-16.461597270691197,-11.925994172925074,3.0383346612075277,5.694335798287738,-6.771355911812732,-5.441294172353715,-1.197174961480194,-7.063807005452499,7.808741085521913,-9.248997117370475,-14.205874330567607,0.8038423868242098,2.622145856136933,-0.8709032669426041,-9.859520005068948;-2.0360012607388684,-2.420474883624966,-2.9264823443154557,-5.7358943525561195,0.7024441683862492,4.969234026867712,-3.2492243057804893,4.374453848604782,-3.746481505080079,8.99193287688962,-6.568352108054337,-1.129384911237447,-0.47943448815001377,3.601794918851936,3.4441635380257245,5.384166814331997;-5.033160669942874,15.93712345221235,17.51476391867673,1.0140213429517821,15.071601107313342,0.8579283633886081,2.734822289648013,-0.4675404172881179,0.8760136310406007,-7.819220751779195,-9.973301913577524,-7.073531093444806,3.3656911375266128,4.558077245848954,7.28540805952571,-14.064809716572453,-8.818061808221477,9.26086142608987,-16.937221389257715,-2.8862889600310377,-4.579006913902862,9.25576725757832,5.283183708604523,-21.069707759930253,-6.2728323325448745,2.9167140357049735,2.245982588583871,0.6907997677482017,-15.280271218702179,5.702389599578489,6.473466955352723,-19.762835870453912,10.103744672647533,5.0604260883008,17.642876640137032,4.5934517672197535,5.339412014623264,-6.125319921707897,4.924559099690252,-1.3970432326733575,-6.1341715082912085,-1.8325947747070777,9.140196769470023,-21.624848438724246,8.938301714140843,-7.640215093771001,-11.43317684040112,-11.418121927214814,31.0035229566991,-9.9237185524536,-0.6773413337374952,1.5266966564074758,-5.182993073022814,-18.982949555208823,-5.960243407176574,-5.282746560190253,-27.609911468049297,20.095579326393427,-3.600147666823554,7.4608493700487735,17.648636724568263,-11.262283385589248,0.054913557594527096,12.460851199856231,-7.0278299740219605,-4.048095400897287,-5.056436749946983,2.974007471369893,-7.062624732636378,3.248763531000387,-17.305342585231415,1.4970944952296854,5.300698106879711,9.658415730804832,-14.269850419057631,-4.965711143495142,15.441316380413188,14.99431168681931,0.6122279730325033,7.735838228282057,-11.809991477861445,11.849922417298293,-0.301866054042837,15.042972628286275,-6.461024338144591,-1.8525495050468108,-15.634015047964581,-1.2754316648184036,-5.890815119031597,-0.5899118057224056,5.239816328041053,6.768092571796466,1.9696959580277011,8.913352027858503,1.7438292133589106,8.336271996319438,3.067829671353699,-4.785727138670762,-3.108349679182608,18.663985126338808,12.460833588733555,-10.366742477113053,-18.704177828068506,-14.67701100769184,-5.348089365508959,-19.533675882030828,-9.341106270915219,1.980049040611714,2.9301615608984317,7.56981233549925,-18.35870394686824,0.2979499716376506,3.5900046233497616,6.103579323494701,6.873539196860269,3.328867461988175,-3.4043921707847344,-9.260906636506638,9.177267932959293,-8.546693988310647,7.5630630155408936,-17.314677004265597,5.341779166015211,-5.311709123659636,4.233656104436134,-21.40988464005366,10.908841599112185,-10.751960947499892,14.134277285859469,18.529651521946263,-3.4560616292715296,-26.43934058224193,27.04191026582715,-2.1815796756296435,12.21153534440915,1.1726592275240315,-1.3914914102172986,-0.8674356878090643,5.557983223335126,-1.9876778000500095,6.934239682088878,3.0032852450785503,-6.477586452972384,5.957468950426766,11.734643537516764,-12.474890234515392,-23.58231321142304,-1.0594224079907526,11.361326865633474,2.2036850167123716,4.675372291563812,-12.582380337515769,16.35120984575569,-11.138838003422153,-2.0863749617622522,0.7886183458824989,8.153395420321782,-10.107207589423817,1.905142571727243,4.219132184214483;16.410027445703573,-2.8528433133125177,-10.592376930257458,-5.4029951458218815,10.018596216520757,13.07447150873376,-27.24159539230858,2.0904027010087773,-6.5390418111913995,5.602457866243558"
4,1.8437811664323671,"-12.149424870374867,1.8174446875092896,-5.37349900173546,-15.328411502249109,6.6915590509429155,-5.001832742525178,-14.78939083993924,-4.428059938377571,5.269418012846444,-4.187795454529021,11.36403903459981,-14.261801800045216,-23.873102733925407,-14.741111618686782,2.715812533977202,1.8507185078538257,-4.80628422726727,-3.3356228763814055,8.248242548862455,-15.050928307971134,-3.8505755856139725,-9.301334595996979,-14.755329850959567,17.57082529919702,-28.906978769242237,17.7778078366985,-12.15947806751095,-10.660197759148097,-17.29558697828438,7.669985552733792,-1.7471006102306874,-4.294602893507257,6.526883479235597,8.062197263301677,3.3732845023312223,8.94038294096958,10.78120206618058,-5.965181219447954,-2.3605790969780296,11.986568470938446,1.61545430098061,7.61208298925112,0.28876262488331644,5.28404213142102,-6.283391483011234,-3.079677463791599,-15.72233390133626,-0.47675924314099893,-8.46596741204468,-21.431970357367877,-1.1518803064594239,18.59615562899596,5.282752881157985,4.0827763022907995,3.7965461142063406,3.855071709838871,10.189227428537581,-23.879734754101104,-14.394459904859627,-3.259081049415768,0.22399659034165836,15.402484146190107,2.688592122990938,-8.262427646314846,-11.567509973377847,0.7787367078431094,3.7025536370588084,-3.908484448263228,3.1523947791624165,-3.7872243480728405,-2.9368359720592743,-12.512943877102897,8.821414710659289,9.265405012041697,-13.595460908855541,-5.479833256448977,7.876740095342724,-2.2298150990361956,3.634816482869156,7.274922076516683,1.9528356723735243,14.206634640379548,7.057189791220518,5.810370036014767,-16.64103401320299,6.631838648328251,2.5852281902576872,-3.8224293688528674,-22.428290683498183,14.654009556559728,15.604402567313155,-10.611608247595782,-6.391867477724293,-2.3523124243784803,3.7235902066515356,31.11946760811668,-2.7947389570463925,9.664722266267622,-7.302502153017686,-2.8796204344864478,2.1459159784984863,-23.743093901887114,-0.18341754260811016,-1.578052184866431,-1.4785244326504454,0.7543321784370238,-15.600893149808677,10.104531062302271,-5.3634653268644605,-4.421506735828669,-1.7355078804577675,-6.2719359277617315,14.367641074376003,-4.559788050807631,1.4239631144818259,-11.89141505417016,12.330393570090902,5.80167125251803,1.2089227903893,-3.1169985374099514,18.46725556824261,-0.1346258864052794,-13.979510436063919,2.5697238035931123,-14.7409543175319,-1.292567726692195,1.7417753895271293,-7.54869268621494,-5.5071271119231024,2.677067485968741,-13.884459392741414,7.087148545672644,4.145969778420831,-13.779629111179727,9.169037316453487,0.7056204360024871,17.816225263423426,-4.38930643131893,15.406441437358104,-17.9346890721968,16.023029939783406,-18.963858116963486,7.533975359305076,18.735121685310077,-16.015884287504687,-3.5748914454051945,-11.28477546483563,-6.2642205531978,1.3869090711756462,6.036622752356951,-3.1362489553408266,-4.1787481326044755,11.301296011420595,-0.5282036134916919,-17.045619124929853,-9.526780758284186,5.902842845902697,-3.6542518134542865,4.278026621980441,15.805714638563108,10.211921530495376,-2.630109732321776,3.91464713538965,12.752911546296811,-0.7936977861702456,1.1071220415065905,2.492115334364234,16.657280734870454,-2.766535428968636,-19.783270975306387,-0.6360959963192356,1.3513205254093665,-9.388710157750204,3.0695298318684228,18.135358834831145,8.247343373642162,18.568784344387733,-7.306850596387065,0.12756053882818646,-13.299308776708259,-4.667630680043672,11.47171757024889,0.573131512639777,5.250575576158452,-4.7257107968787855,0.4459281035940301,4.7141437040052905,7.2578868586584395,-2.1813311233884245,2.7998238198896135,2.6271643074242093,-17.03568189216355,3.035648366055339,-6.360193647531814,-7.971691800141375,6.283450957621604,9.265939399205681,-4.959672847619417,-23.88354315627165,3.2414164086011246,-6.622747726266676,6.6611843041438785,-1.73200701247327,27.361985912465386,8.331625590648333,-6.066655843457772,-7.8068589239489175,-2.5699707734202564,-4.4373631483515705,-7.182597948468324,-10.831730080351564,-12.462736827891199,-10.781527399496918,1.3529288621032343,-13.225399247024317,-2.146704359344516,7.127311990230023,19.17008457578664,-1.4985035064090755,-1.5342320033969084,-5.914327461317431,17.917862126923914,-8.128874627039554,-13.674367893492956,7.450420539943177,6.1391282835202965,2.180400914664756,-21.4158212837567,-11.367937880900852,-13.261311901056214,-11.518656939030404,-6.486057163454179,10.808336400577284,4.851162337263451,-13.523047038517287,-15.34336072726875,0.7741824855711334,-18.496065582847315,-10.46047955751117,-9.089569768980157,13.497567520334227,-0.7413383779236535,-11.682933718021218,5.676988479364838,2.3901592149322695,-0.12639032381850301,-1.3693102863793807,11.500790443173994,-10.072925910894874,12.315101333234747,-4.266119256718573,4.039337531862382,7.189228013478489,-5.649385789745141,0.275507280152971,-2.716123211264944,-0.5266576653484354,-15.099786816966024,1.4747262728420476,-13.81679140824668,-8.779852181970476,5.188202684380364,-3.4585120004144154,14.685472473189915,-12.071773261493842,10.515769625003578,-17.179523838015722,1.0524258946852088,-7.243988574173221,7.219627574198848,-8.784993222526285,-0.23142663705049454,-2.7487650262723213,-3.686107810420551,-13.274239448725137,7.060336743914609,0.4628897509547243,4.284128666045539,5.280248087731914,-7.299389098128921,3.409816117767442,-8.445570831394958,-2.1748296391891566,-9.804437330810382,-8.695327218676763,9.302622025937193,28.069025891954077,8.27802518624246,9.052095697102182,-9.160159739042724,-1.4519295746008098,-2.629328921992193,5.02646886790822,19.59613859287395,-21.554441937464198,3.71889341013248,7.153523344454529,-21.53922526168992,-3.4347941782384837,-3.8543381281426488,-2.3173238837033434,-10.057598423337545,-3.8558775604750233,0.026944203695277502,-4.998706353556269,-7.888660048640307,-6.3762559122983955,6.957820552060273,8.983124905412621,4.977293418614734,-1.0176214914068413,-0.2755665053042293,17.350092757010092,-0.47859792391520906,-15.75629989587943,-16.268469799003185,-10.194609891232817,-10.61689686213358,12.542784113580083,18.123912458921758,1.5693736146416228,-4.420646771701318,1.2412921938759327,-11.406742751087377,4.6503669010085975,-15.175429118223258,-6.339648835568946,5.005514327596645,16.813704503075765,2.425121674349584,-2.254465458573069,-8.264249870419196,-13.339994747312732,-6.158411923604225,12.72721755938316,-8.459682769373433,-9.384127497028848,-18.436179500872683,4.8222690149617025,10.3971238980596,-11.68069654694336,0.6806953905307986,-0.11800998969218379,1.240145705287512,4.798667620290328,2.402723817278644,-2.5106579910178235,-8.465774691461863,4.865012261325177,-12.705807504159676,-6.030930612474317,-3.8078476372134125,5.6406743819212855,0.09556010510680313,5.289707529766404,-14.599451720667876,11.73603469439004,-11.787658527043284,15.748939190151372,-22.676759382078934,13.68443044307161,-8.992381912350512,15.97660722940782,0.752689406910716,4.809810134219001,-9.401332995606934,-7.829588617450325,-4.252720323270357,18.325851676350474,1.9840366404943097,1.8361887878999716,-7.414665739684921,-3.8189158617112797,0.0936389080615776,-9.022079487374684,3.631467842000343,0.7445362120422141,7.230973105636999,-10.951942650177212,15.675477490043047,14.062433626292629,-13.657507802961323,-3.738149343431861,-0.6771477254566678,-1.1143230858106488,2.967145792039262,-27.53505156334587,-1.2270518845416114,-3.547208392382735,2.9831057551389293,16.18050041605149,3.2900896366862455,-4.314719050407852,-9.679080326647137,0.2997117501326749,-17.519832578581926,1.7376220934707751,7.910059395613987,-3.0476480652101423,11.438561403036044,-7.9308459854737015,-12.841023163809275,-1.949596156091636,-2.620021389092802,-15.123979430284786,-1.4674949913261521,11.63977211012573,19.240461296485854,-5.141669997527536,3.5177684176810144,3.8011022292352146,-10.07865415278888,0.48106167378335934,-2.4315350557390873,-2.215287938929675,-0.23520909986313698,-5.2932880790584,6.337490394859338,16.52672830914143,20.75366385959866,7.805202560427694,1.6132923585486845,8.391917809866204,0.030147225669469035,-2.623872108268426,4.064515464757477,-10.256512668906336,6.435851757033598,-19.878342685599854,4.845378256083759,-0.7307909862049962,4.685975271510074,-13.683366039696969,-7.39073822543582,10.628682576004637,-1.5171426370065264,14.051548034569029,3.3059432114049327,-1.4694594439725,-5.57522846370018,3.6277276612482967,-1.7880499746500227,5.786769743477738,-2.403300227150578,12.831596105068137,-2.8855815584810753,0.855942075878411,-10.624949755197864,8.276106237549236,-12.969257750347829,-1.5290926290371325,21.8012547275233,-9.859516151374542,0.6214171870447294,10.984195523213515,9.69887863741868,11.635307646281898,-4.210289725290905,-0.27927847215394297,8.506591178902022,-0.10724462368241228,8.413723679071511,14.114068753055884,3.0283277075102,-5.429738947519929,-8.169268678155877,8.512496568490768,17.20038861060868,3.4824756383295843,7.097361076233807,9.064436287361055,-1.643898553813238,-4.186023834736604,-6.423101126626891,8.626966470011777,4.032948094160232,5.628425236993888,-4.453566122687268,-11.105686549195365,-2.0484599617370014,11.866111309608169,-18.77032415354372,-4.777970989055985,-0.07529004519006277,3.0494452551317948,-2.47070529790759,-15.488906597141131,-6.972285947494425,-3.50248889083859,2.411715973824106,1.4887522925478307,-6.297184265961811,3.5165060224955784,-0.11264637122498351,-15.735220060110901,1.9025675403771127,16.687120054903783,-10.94547540037419,9.106807942904013,-5.840934241241957,-5.897071746488349,-2.5372096525196897,0.2934535779840361,-4.949840068727657,-7.20419829425119,0.8636034808664729,-20.80588699229213,12.100704828360648,2.3032563291447588,-6.709033547171442,12.283560245463843,-12.941052799064252,2.0636071067929627,-3.2077733836912627,0.7411092254421827,-3.08609406981319,-4.232086420077346,0.637149134329859,-0.10094915870029036,8.471883008744772,4.281777182198156,2.196882970050603,10.821168026879374,11.390751422859502,3.414731233430157,11.95733625364699,4.28207763072721,5.970379386767603,2.6450555631691546,-2.3110167571883373,2.087341917392823,3.773484240803078,-3.063353989351478,6.994403945998595,-18.065521595091244,3.215768260069276,4.261314021395441,8.012276383441183,-10.861750848980812,4.912607472706927,9.715107063531498,2.4255729407921915,9.525601687134948,-10.576804398723919,16.867565469766355,-6.4821779093984135,-10.125794950486755,14.020998830663522,-3.1298328305208676,-1.832040308903315,-13.26073759195899,-6.1408435603297775,-4.2692376103584815,-10.670385219633062,3.01444224136059,5.846261760271956,-11.212781213329913,8.85093460641547,-3.7995544427074095,-11.858688857746621,-17.219823211360612,-14.314845474095932,-0.4828600524588523,9.222633730928242,-8.641273764071029,-4.746876802227566,0.6286430287998083,2.566735659284506,1.616559077423582,2.39809666765806,14.702752817231225,-1.6149503769652815,16.000770181332104,1.3739982541615385,12.977168684006411,25.334690432118833,-0.5358976947235715,-16.659924157840393,6.237002106730092,-3.2994161794800965,-7.2662639118886885,10.629723956487139,14.193427729752838,-13.395752677705486,4.106024455810583,-0.42600513552174973,-14.464641486639604,9.859655531580763,9.76988928893462,11.5588478947791,1.3703887041332112,10.201786160793095,3.1150964805617414,6.261586650691099,8.254571282119812,2.667523776277897,-8.432924493215793,-24.803633212796132,3.3510209350834934,3.347976550059018,4.8591191373990785,-3.026726151573879,-2.464331587389326,2.9181271093433576,5.616726875292443,-0.7187942391137303,14.481674329078261,8.835620123676904,5.907661327629575,-3.5851686888448855,-6.749941109230624,-15.524890746626006,4.888256281206715,6.5299773378792345,-11.260689095126324,0.9119758091318961,-19.12576508853556,16.638871377816827,-13.259848728539934,-3.274524221125357,-5.330198617028939,19.72954480177829,6.203547479734039,-10.080587465247618,1.7643436994949617,-23.420448977147213,-1.6399562268937695,-1.6958810463241603,5.816848236486185,-7.0618600438372745,6.2246130621643765,16.687880383620563,23.038622664027887,-11.082246861662604,-11.695875237271743,2.911856197502064,3.152596740915622,11.69852132529904,-3.5208314641763927,-7.958532812437513,28.161326550568365,15.537911475141476,9.544816478147098,-1.7694822291680667,1.6220987574358974,7.5423611932509225,13.364473810026212,6.3638664367603255,-12.027444821547999,-18.64039034250156,-8.32959279959001,5.976782739354617,-8.05821202454575,-1.6499714392143658,1.0696662029762891,5.632847987315172,6.008628045502782,-8.817502947180845,-8.602509914316244,-12.357546798572077,-12.713325819285911,-1.3928541515401602,11.949487797755719,14.109531146593458,-3.2968589095986878,-12.547015220808929,-12.308301713536405,-7.06007383155443,15.14015109097696,3.217618539772819,-13.528364075043992,-20.733675347885764,-2.051651112564419,10.973351252948685,20.11568862771272,-3.4442596538047536,-5.710851742019815,-14.584706973807776,10.392544671917122,-1.118192761160195,15.529070123474654,1.2497268401385826,4.947246160299373,-4.405999176624194,-7.299626016528794,-7.644867012234286,11.445036713013238,1.6133583964181533,10.292451264861576,3.8379349729334518,-0.42177089419979247,-1.7485376091266254,-13.629735841068946,-4.735943153566662,12.329103033671752,-5.830046672346817,10.193277843865317,17.346668737036897,4.6736234710915685,23.993408063415536,5.298581777239834,0.7780845286326599,4.40594039034249,16.40696655793252,-4.251034329240635,9.399294606486718,-6.086405097342397,3.5297313841668103,7.903802268301154,-20.314812089771745,-0.038840459583254106,-7.981868629684319,-7.343563467660967,-3.182639794338675,-11.323385211042218,-5.062514414338656,-2.596450718542842,-22.18068699520709,-7.082650835083737,18.21074708407276,-6.349805640832233,-5.297262778396306,-1.4852095554692881,-10.192616555388666,0.29251565272143965,-0.31851265786374816,-8.056871640498064,3.135019460569426,8.14961636670855,7.764650304933558,-9.31415555058562,18.518116868740382,3.9650895168881384,-9.88398199071149,10.725795836531356,-5.18653899884961,-15.79040259210501,-5.435880552932262,-7.131332753279914,0.7813609351047273,14.759299629225099,-3.9726372230890434,8.027393914235647,-0.13097604371928817,-4.727500079081969,6.5290258938956,-8.870480761323032,-1.2266592947063177,5.37338386775142,7.058288636862203,-1.0419485614984503,-9.349731668868003,-12.247827115078238,-3.9937680698329925,-6.169959451106666,7.133492064884251,4.877228221519145,0.04942517145299963,-15.734500091278452,2.0571848766545853,-3.2347993779863566,-14.63451627554055,-11.382599957841874,18.303880736022137,9.177674488078924,-9.458106822417868,0.8869324603743876,-5.634701568730145,1.541643093559878,0.15200813917496858,2.3209651029596565,-32.821273565395515,-14.563246679229238,-20.241461572397405,-1.6978250220247861,15.769868244595493,7.136203752689281,-3.688126115930665,2.181239819618146,-1.8692272965158199,-8.723926273271339,-6.50107980081067,8.55422232137077,-11.313672358324162,-8.300513439402906,-12.842074815034227,-1.7893295139840601,-2.054293147403302,3.3565784112249726,14.254164365494592,-18.135679922763543,-2.401286978989205,-6.642903712901048,-3.555087573517159,5.5073566037529265,2.631219577522433,14.91666513313853,-5.00009132100572,6.966736950587806,-0.2919827519281156,16.25971483428717,14.76088344685944,6.465954304313174,-0.3900490878652564,-10.128928401023414,5.271899992873849,-5.386750610185093,-7.423956709279789,3.0314232202153493,-18.211154558859267,7.956178511363551,3.6570847527720796,-6.8994599023786,15.677441770004267,11.356915310849024,-8.089126923513506,5.982307445622094,-12.375014263616654,-3.3108743999622035,5.393584780389306,19.239266974904112,-17.42640686354868,14.34183051957379,-13.08513352992361,7.676543748524944,-7.633817210496547,-4.837206198427683,-0.7350874514250854,0.9544703234805689,10.516017929090516,7.7011504705572325,-8.088865235322942,-12.701007823998442,-0.4423504267907168,2.251030133069687,-8.128640350182957,9.079891402900854,10.292465744958706,0.0278638436639691,-19.118625202160338,1.0323753011111523,-16.43048810614756,-6.996659638737036,-4.328911010145397,10.15448230336485,9.957671039945408,-11.734189064388383,2.196737486682171,8.05578936410974,-10.744048322872501,-10.236181245043904,-8.330014648375869,11.462377485200436,-12.817644826732783,-4.093249848346949,-8.641130560475144,-6.147821720467004,-2.3302877046810355,-2.2692634078597296,7.756810064633656,0.1648612564358761,-10.850403826186666,5.978141126578531,-4.166804934074959,-14.47684939610831,-7.737478405435237,-16.523369875121386,8.823259067917707,-9.721503542159688,-3.327183102761672,0.9711519099383776,4.640829775477721,6.380915442942544,-2.3338872417009737,-2.6642585054783967,-17.85991276277269,2.558909042882323,-4.820309157007074,2.428871110534235,-4.504537812773417,-5.692238956133839,1.5039963849136722,8.107265250634182,20.651988459949237,-0.42022368239294244,13.47596010396246,-11.922800462272164,0.39749985105264996,-18.710836376595513,14.80784270589161,16.75896400409339,-7.890969277453554,3.0610479185736987,9.223228709883434,-3.9997301957530915,-2.1537553266198985,-24.307196158123105,9.580045404703093,-4.081680324628646,-17.807123285554837,4.78704562407631,-5.900023936755228,-3.5402403138833995,11.84144142438223,-16.850717754959952,-0.8256090402839293,6.471164344605689,-13.801414786315977,-0.04229413906396402,2.890761016431713,-17.077072535658353,-4.911565484414788,26.276313252006197,-2.9312747516339632,4.047179161577456,0.8767080918394056,-0.01439543738640281,1.7939559640070515,-5.886015121890098,-4.094883046928569,11.34090615707332,15.829434440848745,13.02454840136505,-9.146541380805083,2.710073078097424,-10.742509121773304,-3.47542086448781,10.318103453006207,-13.332908025552449,-3.3866127112593825,10.465720984504912,-4.553415815527778,-8.774727017591726,-8.444418611583256,7.400929262695101,-13.096414963865767,-10.545466529988968,10.776654307566515,-10.182718364985885,3.4740582636383506,16.42249156745821,-3.3950285690295763,-4.750281906736591,2.103638258919389,13.63215129734551,-3.9552856427353023,-0.41200741105661254,7.158103701552291,19.40066001400886,-0.1507188192200517,-9.965538637501743,11.668559690110545,13.005327958502736,-16.139512044835215,-8.863224303792602,5.610528345305645,-1.429712168530795,-16.14286263375977,-1.7403856707162801,-11.90374897588228,1.878861343136564,-1.5389429218848696,6.150391586432516,6.7555913443724,-1.421850677016978,-14.114885195401927,-29.72345243994051,12.331026239345515,8.977593848842924,5.2332836974582575,12.319718018617236,6.17224093505456,-4.880202400842299,-17.078464790801124,-0.11839157286763671,-3.5596366255751293,-13.021574541928384,-0.6389088491253492,-2.408260223327459,-10.725376965378787,-3.6459455473305233,14.17826467083959,1.9037036555434794,-5.501097866465489,16.87449795639885,1.8093395072533327,3.882766880341403,-9.607495309037365,14.025649532575018,-10.807197902473249,16.615316461143163,8.377714939640594,12.783685409019194,-0.5252998574323879,-14.338853233377353,3.3214929310239025,3.0079990865795336,-1.967139036139033,-28.500712967511873,11.418151363760325,6.3142922760462294,-4.825167200659841,-3.7181472852672304,-2.239717666318714,-14.762257257444789,-14.937827855669552,-0.050271009529759214,-0.08233423345710511,-7.391761709262134,13.362522591480502,-1.2195838848784382,-12.341689457558434,8.725787149864761,0.44442883995759763,-5.5235672266940945,3.1974578362690034,8.781708164420573,-10.83555012411079,27.887072014366787,2.5102875370241162,-9.420773771545342,-11.769313848477045,11.778114461144046,8.154506497455522,-15.314241532729145,-23.429326116577624,-3.3518322854712457,-2.7219114807057734,-7.539750669792992,3.672920548388783,18.348481916335952,2.2698248119899893,9.489383866119713,7.878832750006205,8.46270928763412,-2.8379825988319136,-5.986300018616966,12.601159017847856,18.414257936159455,-5.094018971433353,-7.573464880602339,2.2009850801086523,-5.084989960317618,-4.432928767666273,-5.96774394572736,18.942513814261815,-3.2690917842432925,1.3686380493213448,22.307642835760177,-3.938219898364366,4.839538984772445,-17.35069409829651,-9.085313191948178,7.5598567975956685,-18.021535246408686,-11.181878282734697,-17.91321415701882,5.409260949473607,-1.315285316403187,16.856365099898387,6.366261859072261,-2.8483180190001463,4.577180416181043,-10.05894176370841,15.226503609697367,-9.745979555780286,-9.491421469250195,-3.2780898650644765,-4.419644228216311,-13.829950431706969,-13.049469412400736,-9.265703434368586,-1.841999709554859,1.2158901658204908,11.472709307234675,-2.3815923915398214,1.3390592728474517,-8.953921191101763,-0.3182948857160235,-19.51787566449166,-3.926201660714712,6.328529932193198,-4.02808209505193,-9.970618914265902,8.64601531653493,-3.369314131484195,26.99855640059897,-7.408560719381742,5.920169984584217,15.39175813932285,-2.9162462448265587,6.75455163496251,9.058807329886816,-1.4822471925810534,-16.45636804416963,11.041560307107117,3.8991219570936693,-7.991669669317732,2.7452770076684114,0.8231532253424756,-2.995639085770176,14.486469499887175,18.013334674164657,-9.472735677681216,-7.390013150427061,-4.196329147763127,19.50982612429374,-16.224876591169533,-7.407089396443552,-0.6073204308466196,12.913580684157978,-1.2089734353551638,6.533792601851104,-14.387948904423132,-5.4520057653129035,12.73605577457451,-4.492097043417287,9.407582809042978,11.028900007687637,-8.437436036086858,-38.75268417347212,4.117907433501406,-0.10416179323233293,4.995055207647227,9.052779960714036,10.81850809968957,8.119205637470628,1.8787095302342476,-3.842796409453073,0.7847520462672333,-11.590494652660293,14.179068062386255,15.807717722081538,-5.203047822877567,-6.02668665406541,0.23349569210108767,-3.148253113655339,-22.921146151789326,-13.786630125978272,3.784152536457487,10.956769665530661,-9.146249010731168,-13.167183876853652,-2.601563593799663,-11.970944686078852,14.164405305145133,-10.903307487277553,-21.99381131085103,2.543279933392804,2.175202068442612,2.0647475142406155,-13.123788726570158;-2.6084044650230984,-4.980050765642011,-2.4173824206211503,-5.353713493312153,2.3510306628826605,7.785350871858449,-1.685811463473139,6.299022752110691,-0.8606533784233574,13.981863901568914,-5.471953669958386,-4.372395829167747,-4.74266477270052,1.2261525729373917,11.953312574301687,6.142364422110248;-13.331803866047363,43.956750172439044,53.472749320952026,11.556807706446406,43.94036204973739,-0.9686053803116301,3.3285154030631405,-5.198215358017655,2.170534512018142,-16.629591281274745,-30.358417024504757,-19.554368882469188,8.552473663995974,10.185858142170574,20.34203049942718,-32.71145623265453,-24.004513244478186,25.422765999436038,-53.02618652471231,-5.68790976328987,-15.91901600506349,28.985585838032925,12.84266510216615,-53.53329147777158,-25.538226793413052,19.70910453407396,5.871058412433821,-5.008845102356163,-46.743028967342674,7.966175224721968,22.85754719913361,-52.175859604934786,26.937777719242256,20.709828542622333,43.42611305123351,22.53016870605439,13.197297873895339,-18.713023084477108,12.069988631291311,-12.044732895071387,-14.765173588501634,4.249304175348535,37.47362630370323,-55.40726349984725,26.718569105563827,-24.5317417643081,-38.64863706397313,-21.00426561041879,89.10117039202295,-32.88679048112638,-7.2734270456552625,13.407621923283747,-10.414517854787293,-44.589099971785984,-11.7956180058377,-17.76869451663774,-84.06550082548556,59.117116212116,-18.026978071006493,20.10029940222761,57.34616673424451,-25.49972530855464,-1.5837277339396807,34.213539304281255,-27.19056484401936,-17.1283751475347,-10.78427911058274,9.418080464744667,-29.638534838084464,13.092451537942724,-52.13394865842003,6.917656262619947,12.335571677015531,28.71580859730177,-30.90225724668106,-21.56084145620611,49.76110577940001,36.19611778389642,2.674836586421848,15.09548677976292,-36.26524902445363,42.8845340825456,-0.12110935473345397,45.90914192326433,-22.14447481138926,-4.035465672795633,-45.11220950296996,-11.26240092480521,-12.868052465507855,-1.9371174288083868,25.17445878053558,17.070586786030667,-1.9276288787741669,26.685507607538412,-3.2991454588044222,23.1989061627515,6.876882443577859,-10.482898952843318,-9.151716949671485,62.59511596602351,32.680689856237855,-26.539449577475978,-55.967746073406204,-42.534340854443656,-13.079230400210875,-63.98348262915273,-25.92380223643311,1.1260627118299982,6.447574094543962,27.496663866968166,-66.487156672533,7.868942834230974,8.116375789722614,13.77820902084198,20.745040155363142,17.467609401135924,-6.592868325935221,-25.676529167378003,22.088799821482695,-25.631919337171393,25.22741543040752,-56.00828339592641,14.295335898177452,-13.001416891504743,7.526553876801069,-74.39967219826198,18.764098679136616,-30.412532432971805,36.53961885142412,52.40617111328177,-9.828331593335136,-76.52451655913934,77.8227962901643,-4.96795791842597,33.758410340068764,4.078805272688364,-10.523743506485882,-7.2365282280819745,14.581718283580857,-9.540822173256116,27.329398625503906,7.080867945145915,-19.9171612381282,24.208565631537557,30.46661404501776,-37.09979932874063,-68.29808476439203,-8.633395930252918,34.22196086979367,9.879304293672174,5.825460778153909,-33.232163195511156,53.7614115207296,-33.410437883554216,-5.819060467374265,8.339231010608312,26.35238583341179,-38.468256527950935,-7.47310881462807,19.311528286499364;18.351026480866086,1.4987154378173118,-6.866715949487862,-6.246464997757276,9.32884757828542,15.02254977125549,-24.618072610010405,11.362400880795903,-2.9443130245268128,3.155641652776273"
5,1.8393131776547667,"-4.273097918461816,3.5042323172501346,-2.2588277460204553,-10.838618581335759,5.5628275978242545,0.6784823551001983,-14.3420728347088,-3.3290569450012075,4.722263448413939,0.2475554071420772,5.552237242881522,-8.99488504077583,-8.656919202966803,-7.705220846195918,2.6372623685619514,4.577839251011832,-3.3762242856116385,-3.9291800482292967,4.373810509487354,-13.008778779603189,-1.252592239928967,-7.7629552170615845,-11.990081390418041,14.915044254039831,-21.967775796751887,10.370629491609254,-9.818039068709892,-10.569260795712289,-10.732854040515173,4.863924623471817,-1.8437094753664307,-4.582837145962759,8.233043910365568,4.149676902208534,1.6986454259006198,7.313696861648398,9.032484556163777,-0.9056006273018529,-4.9291621973809585,4.655298001408211,-0.8090407562438812,8.161370725614223,2.712489445170985,6.120973894839008,-6.426362251729463,0.405298222315981,-9.671829993828798,0.2939698251696642,-3.46070531306085,-11.042705300309063,-1.9043870839963755,1.8327372136201738,4.526534297796256,2.0071941137763214,1.2456690004286861,1.6778571352285012,1.023845411665783,-15.315243918106649,-9.432849921263378,0.025619868398723544,-0.1787755178484743,9.689542937327658,3.820115321018993,-10.774528141679298,-8.690174947593892,-0.7026397471721756,2.6134102609087155,-3.3022148629009336,2.221598428146259,-3.653028342611292,-3.857973384320016,-7.038335426187359,1.968758876456448,5.232554924575912,-9.477801311660787,-2.714965380288885,5.811029929983581,2.278312829641462,3.6507144801541327,5.328823989895824,0.14985986023084813,8.541446417104591,3.0181959500265645,0.442077858860956,-10.321296777399468,2.2868827908437614,4.9203912455998315,-5.011320344986777,-11.030951012736375,13.656103521970119,10.187494383909662,-7.734507917919821,-4.763924147790297,-0.7687026836852279,1.4503760302767525,16.20502457101816,-1.1017848436320383,6.671713361604084,-4.675940801037035,1.297109479711336,-0.6559307269665027,-13.614139159048547,3.801935718277907,-5.228229551321182,3.0623030707275207,-4.643303765265511,-8.344466311612768,4.893818523803926,-2.247600722048868,-1.6602793851687476,1.66610682049268,-0.7743471772717916,13.368815515732837,-2.0067413631653515,2.546952356817383,-5.208867096210614,7.005327215338056,4.651810051302812,-1.7020799990754631,1.2018793460554145,10.375392354863179,3.3616281425761247,-8.194041762078301,1.8200231865996503,-11.288630422880747,0.7756624315324727,2.1984831954226305,-2.5474728026096525,-3.1134206687048853,-3.0233609408814077,-12.911209446976587,2.298801328157233,3.1323797136825706,-9.508473189947692,8.30620888405475,2.5335018006935943,9.489562306997762,-5.76573538193874,6.4350195890550586,-11.332107892264986,9.720712599148538,-10.612040083996362,3.8399399916739667,11.457784562907204,-10.304856382083395,0.7699322694870616,-0.44894113595774443,-1.948995994099661,0.502762948557669,2.2142860430509854,-0.6781741553055937,-7.503218000221688,6.1624080600457125,-0.4498835088252786,-7.200878447040625,-6.010650393221447,4.792970369882505,-4.525379513068739,0.834976516754412,8.965376753758445,6.162234142602076,-3.9727139554441826,0.603242914257008,11.658095793172645,3.231778197520017,0.9697261319624567,-2.8424755524664014,9.943476326038171,-4.446211695904504,-9.427758110459067,-1.6837450214154424,-2.536543739688004,-2.105750969499101,-0.8577109722062324,12.634100834115204,2.440998045802548,8.1325767704186,-6.639382162608719,4.037524280172256,-9.215992188230627,-2.3485458132073807,6.338254665805338,2.0476361036178057,1.0162549308256634,-2.3356390873926087,-0.4160016313975924,1.146924517986963,2.6393148986948396,-3.290800997224062,-0.309226370223582,6.207342606830764,-8.810233077167062,-4.55917376036355,-3.7247393494170886,-8.558662770919316,3.364218049436294,4.733663185640316,-2.785172220737921,-14.72487958569102,-0.9101837643216012,-2.9768862424946634,4.894351896393201,1.6505670129711834,18.168725269211063,5.469398831948823,0.5819901614356741,-5.755750175056303,0.38417615806290195,-1.1905953891138668,-8.829786023779596,-9.553248951673043,-7.898783550613832,-8.993883803802948,1.4108872661614718,-7.44965795957169,-1.8554395379312716,-0.21888194421122864,14.843752640762014,2.4863034664238355,2.4444089129711695,1.3273255797014125,11.025697149744566,-4.226583776141707,-5.952823108119233,9.014474560093808,4.9654463025936355,2.3586108935065404,-8.097959766565276,-7.866412758802941,-9.76758219576689,-5.749233783821617,-3.1659229364956194,4.891218588684041,1.6231744716974887,-10.392466569838183,-10.246206875797371,0.43590440476005177,-9.963939807577297,-4.884535077018507,-6.836915996074387,8.880974718167673,-7.71651258042321,-9.800395114700214,6.394205626980453,1.7230783153987668,-2.2917398482517815,2.267327135165417,10.842863982599576,-8.059945858192993,7.151585457704929,-2.8206204763596516,-0.7126753537773343,5.374673141214599,-6.6357633804632385,4.747514119966013,2.5240856512178356,-5.319074487277867,-15.40704236073512,-0.6459897226586468,-6.5677626806122,-4.532083899807782,8.09243303981303,-3.1722740372218903,7.398462974372618,-8.557656291112298,3.0952010142716992,-6.5781633226075895,2.276785044165937,-3.0829933656692123,4.02110563417552,-5.452721747355954,3.12060423813499,-1.3840138173860979,-2.579853971495333,-6.384168155365087,3.1857107548462866,-2.586983960070281,5.555427765255,4.3664317586979315,-7.542326005243457,6.4080611279948805,-6.040224131624001,1.4728093112207836,-8.15843506585344,-6.107549490435883,5.229161368474763,18.489371600424096,1.8601273837173906,3.330866136482627,-1.3364066745281407,0.3404273260376288,0.1253759272413905,2.9357511899977804,10.634454847576942,-12.403965727135702,3.534213398637401,2.5379835902646755,-7.121890466096833,-0.11106896132974034,-0.6063550796686344,-3.7620852380488294,-0.058632735288873805,-2.2814225523109477,1.764571260423375,-0.7103681946763358,-3.465024093176383,-7.474808560488816,2.9962297304059393,7.509227783847335,1.3102751658209246,0.8107347217910411,0.5079647893993089,15.406964295920973,-2.4323354912947197,-15.02245016196368,-7.245787980692764,-3.644101129676197,-3.636182936729898,6.137660584548383,10.030247628316268,0.2742205360713898,-0.3472708733113554,3.4510665412635655,-9.877485445851605,6.80877380704532,-11.5029954892444,-0.30527792146787436,5.059422035487584,11.762448965959006,-0.0015687782763489366,-4.151325187750861,-4.2759536746796485,-8.720478613613013,-3.5174401009225824,7.628311911281058,-7.937954489156629,-4.0368573057670005,-10.910436135723323,4.896621192328963,5.97898482842855,-7.747988365925945,-0.061328022182285905,1.527866090066905,-2.3805119393262455,4.051626237738527,5.347837909719162,-2.3447064176358237,-7.816258458822995,4.6674127599174815,-7.102484993252229,-2.282957203220439,-3.3634871084254936,9.579686508418463,4.861076684087362,4.459593798750757,-8.829390104498636,8.053967063740478,-6.919736360222415,7.833027732488243,-14.819456801950114,6.9712487435962815,-4.538604266680849,6.196738066302605,1.405415286307707,1.5305755308415008,-1.1032533411022194,-5.907987636453037,-4.637343477536591,9.585710850940323,-1.5528980559763963,0.5169556568473817,-3.361814390134229,-2.9610221353539403,-5.482265468315816,-4.815491478807396,0.6606070807151234,-1.439710101255381,5.542958974025387,-3.6312630157633783,3.7334037288955413,9.582766992102398,-5.572098651970032,1.57770842623319,-3.0317183501619986,2.567485759846166,4.491543022760387,-14.793975265858982,3.7022770884183984,-4.731586286221798,-1.2536618870696696,13.000129908967358,2.5146230159401535,-5.219342708684238,-4.163365990455655,-0.1347962561514937,-13.194923460866143,1.310938682843127,4.076153992029056,-2.3927889758007344,7.33779124669606,-7.886023589038974,-5.109183636036962,-9.051254898596579,-2.2077463834713766,-6.888922869619837,-0.749984585377064,5.677314534803102,13.22763697845944,-7.30600782091089,3.644330067468795,-0.42456783772715867,-3.6782875411596194,-0.2908631169544683,0.20334844484807046,-2.848096741589765,-2.6791597432885936,-4.6943412561401185,6.947464501609243,8.87550307278483,8.180090535661163,2.7266822070861156,-3.8033611732392734,6.462299091533231,-0.33068513488011086,-5.607733856423884,1.6135343810885443,-1.723085836280767,3.5367009370836486,-14.22454582245803,0.2516860353146281,-3.5464977493301775,-0.8680163078915633,-13.80328141409133,-7.77215019553451,8.651671561378329,-3.013462435990106,6.048672270156035,1.936228573375057,-1.01670761593864,-0.16108103255257245,3.1672422617900704,-3.310836691952327,5.438140985647459,-4.044745412586252,3.2472592320288527,-2.5112697391626173,2.6780579220945424,-2.4112295201261214,1.443027175274716,-9.082202859687275,-0.391149765382543,14.580203880779912,-7.170181401580739,-3.1892379151059034,6.971341341355352,3.498205756828526,9.926799297626497,-5.525487637310685,-1.0020197149813819,2.8857977776486714,3.2689709636823516,3.8612473652394215,8.454634236331064,0.6729034114453035,-5.6584359068819925,-5.857401050310655,6.820262899941458,10.840259171829656,1.1484550685115364,5.328684726365599,9.580588925852497,-2.5005394892295554,-0.01868912846825066,-2.9572728245645563,5.822388331714431,3.6243482834916176,4.933746322277094,-3.7249848102961773,-8.575631441211709,-1.2819052395279869,3.570295424639913,-12.780035421713768,-3.445087037150679,1.660609762418055,0.7660157189549921,-4.462578623219789,-8.851181625010826,-3.8376085297602547,-3.104794876327724,1.7897733306644525,-0.17572473373077038,-6.598315750173411,3.635583314166673,-1.8880877631922686,-10.300762510079313,0.18677927363306412,11.697243761397097,-7.647365703261899,6.287778321281144,-5.078384146276796,-6.363478182256569,1.4490927120179062,1.7919128908483477,-3.783180465598509,-4.438718666908921,-1.0227306358484525,-11.509805858059366,4.386600649113064,6.289094939619643,-3.5363514366514552,4.420240498980853,-5.855223034206362,-2.0713705046372657,-3.8904218028109545,1.3777123026767688,5.0458264205847385,-1.5882898138421133,2.3447991391767005,1.5056478568439902,3.1510454682628875,3.5406852361742605,-0.30810552854070894,5.958027704572083,5.197361727065587,0.603766147901533,8.712376349450157,6.319208222963871,0.45716726601231633,6.149468792132131,0.8078798607410029,2.475036479310071,2.6589796803339647,-2.939423508460396,8.355975899079601,-14.051729167773402,4.796696901776555,4.120407891552066,2.6659073007165874,-6.204975872261922,3.734944496000545,3.1325458403323516,2.39298575809175,9.305867530295277,-1.8561637124047752,15.180715504522574,-5.051846588792779,-4.907701521099009,4.4181015082188875,-3.272822507798424,-2.6190103769607123,-6.197605421404119,-3.516920655187596,-3.4673046570326154,-12.686930841833464,2.3906066439133227,3.562469830382901,-9.471684910418084,5.291742881008674,-4.446182675250174,-3.7253025704783784,-10.355339537221122,-6.582879495819655,0.3989884639945483,5.028849122177127,-2.3940762901403208,-4.217446592701667,-1.3682078965649942,-2.8381479230062014,2.2545256878250557,1.8919677906136239,6.843730967314898,-0.6499641879365062,8.39295648900563,3.7560837550987722,6.28702016780184,14.477950639943657,-0.8733690861962753,-12.9856006120121,2.871477480755305,0.08465657741324717,-8.093386737237175,8.994396446931258,6.091707987117092,-8.532212346138921,3.4525773903494286,1.9329659337250669,-8.322216725895197,6.07866530735798,8.298982263739488,8.319483502083195,-1.4010605636428048,7.6050320281950565,1.0885368498173742,3.699449630103314,5.775280508771871,1.874913228161136,-3.144292949619221,-14.253326859421847,5.07240965306197,8.676446031770492,7.270835642625644,-2.282703703305436,1.7873862771154159,-0.026138916731361816,3.5850686143056922,-0.32836358855223774,10.570603259010326,4.4226367876508474,6.046310955272907,-4.366178770030627,-1.4180390307532158,-8.294778276667373,2.0603434487750723,6.513996245979147,-5.107333848879243,-0.427503356320148,-14.484473926058463,6.692855840718355,-11.74700737250626,-6.552073628625312,1.8639950489635686,16.20178654584588,2.5645695202267857,-4.587968676621305,1.0564012090958925,-16.492197072425604,4.743922376046986,2.7792325308658787,2.582468707968168,-5.700775490616697,6.276340492596688,16.37998279700541,16.34784018087994,-8.822058691296206,-5.371684956046655,-0.8355613251808103,4.9918496206254,6.659945714742089,3.5807559241108153,-5.556111452253187,18.251929481043128,13.779195245885528,5.325073893479024,-3.87829379565149,-0.8742798923324339,2.0525840808252447,14.180239687676947,0.6553153910143781,-5.228611952699228,-11.148980104061618,-10.955493778352036,0.014047768306308883,-3.0379901508571026,-1.3131537310979253,0.3104451390367179,5.746043248341895,6.896956459220958,-8.444094726728878,-3.0367466283945976,-2.540987973768761,-9.031701020087684,-2.542971039187232,4.9428875780180555,10.083526902989592,-3.0605063505807273,-10.041221929985511,-7.760831158924363,-2.8498263336503276,5.51511120208244,-1.600049342624186,-8.06857212343309,-14.037920707251713,-1.9917878788178403,2.520101170855757,12.800823141228735,-2.0655935199473303,1.842008791833456,-6.00459028393572,9.324636789898111,-1.5343986550667,6.774521604674592,1.237172436080767,0.7616005021960337,-1.6567374221038638,-4.839655663659636,-1.3400716834287185,6.238418441791872,-1.1670661109027392,8.520581200269326,-0.34984726537774247,-2.481359723156577,3.8874762449963502,-8.62093417578866,-1.5793700089621767,5.972412805069011,-2.037565146588927,3.517581584397073,7.781641302169388,4.23998621954372,12.641724158609197,6.519702757914109,1.0426117833244806,3.3166261595393065,6.113506396724614,-2.931646640389138,10.630902850629681,-4.541712806165132,0.04448269599366028,6.387398768014871,-10.775781054489446,-2.6722155895431654,-5.308060918669392,-5.5448119458277265,-0.923787839247711,-5.611141779440531,-2.4246157623159688,-1.1310849034413744,-12.61699102237149,-4.640196849254331,10.993421169546625,-3.119823331347985,-6.2942029750970825,-3.0434938534353306,-5.033002510424671,2.772858651341921,-3.6835415906168527,-8.322434020776683,4.137308873787012,4.450398777458327,6.780720369004727,-7.976130540967392,9.122338922356125,4.793416208716696,-7.741548788514961,8.340034668045716,-1.7271074255631866,-7.7701332664161615,0.8848846887894692,-4.513836811896735,-0.5730332816893152,7.80165215195791,-4.419319401144531,6.536141772823209,2.4190715560573137,-5.30975218077111,1.9633222147532812,-2.759535058521662,2.3603638419423048,4.1772215963904715,2.1591441462393073,-0.6551847969843698,-7.777050373444524,-15.000097095376745,-3.838603494437179,-1.715374729378028,5.836123143392388,6.224465307391684,-3.8976465726073055,-7.241017932555062,5.464488514913597,-5.390430699118481,-4.2290445003020425,-8.73687494263707,9.722751487176197,4.269145097097846,-7.158281074990567,-0.394772429552671,-4.41819690243446,2.469912965128389,5.545313385929134,0.3712249090736557,-18.396540789461298,-5.943529973113716,-15.763640711192345,-0.5212982323485134,9.946231939612751,-0.42943071908314434,-4.292206926607883,3.850986268041855,-0.7479333263254371,-3.245251981144925,-0.20169422639696516,5.0071252352434525,-8.484507562457985,-4.753620136268538,-6.141355903613751,-3.942053839045151,-0.3905007728197001,0.2111984627687712,7.996269204245856,-9.453773261017616,-2.464933632377474,-1.8480823085069022,-1.0200070405875639,0.703791350256647,3.9128119766556404,6.666538048700685,-4.866641697126178,8.486394317662285,2.5068419939344917,5.824408660407846,10.689397014239223,4.118402288662832,0.1539750995838543,-7.989930928744977,12.052901888457619,-3.0266401124986944,-5.391340617118512,2.65400303685659,-13.055614073051135,6.887701042142042,0.43728266610062394,-3.6030633972426607,9.518637592669085,7.511303720251189,-4.1187192071588985,7.863379263763203,-9.328134560652718,-5.499224238088967,2.8951135819252793,9.671291914473318,-12.037733791624015,13.17143697197736,-7.983966791836583,1.306993644959239,-5.490572334516814,-5.819122250061509,3.9894774428570017,-0.6113695120248211,7.941621030761867,3.8507025057410025,-5.8555976734188135,-6.962202171931534,2.217851165280557,-0.7725746510221212,-5.4321059078998815,4.117507868402644,8.33998036186644,2.277432202559432,-12.175877374633444,-0.7237915054951141,-7.966334179565921,-0.66941908911386,-10.915579514674596,10.563713036032379,10.403594218880688,-7.893027847498624,1.2234017624872608,0.16888827922170968,-5.485218645192101,-7.780274394135342,-0.8742052466018218,7.848592835732527,-10.013220652877656,-0.030513134468813763,-10.437426337189816,-2.8867149342024088,0.41295345697012004,0.763959359892892,4.931336988678236,-1.337501318602822,-13.443353229897589,8.231919529934785,-2.6757999579991227,-7.517791447290106,-6.809585149947575,-12.402500554048018,0.5416401919867726,1.7917201012627517,-0.9384689310857908,1.2259910747009266,0.4645941872538597,8.020485112069089,-0.8195995661347106,-4.0282139626534255,-10.545497622154272,4.527285417525853,4.372344087459165,-1.8595516527128808,-4.7375834814491675,-4.084187598753839,2.4749823877129824,0.8169891175628403,12.21971315703419,1.800306723050686,4.577184598164874,-6.0051780600661235,2.606830802199597,-9.903670188584695,6.631164563155004,11.103879035295705,-7.22119721103032,3.609749154192426,8.110822071732185,-6.733406006142429,-5.7894839242146325,-13.679452178937584,6.172323257776332,1.5607373704765912,-14.529711431186554,6.681402179824525,-6.114206740058987,0.6679086164988095,9.823951530046031,-6.706801859370557,-7.198736769696631,7.022874577128561,-7.023166563954188,-0.6653812244299115,5.512667682935457,-7.7268108981087105,0.7530616847752579,12.539975001079855,1.8964035266302195,3.6825538373631534,-0.7537425234630232,-4.3669654938376565,-2.0585166490559077,-3.6588115256130536,-5.29787567929689,4.422362304841159,13.305392169150572,11.925983666171092,-4.037682537803947,5.955499833919128,-8.069268568333118,-7.732133771771654,5.01621797594815,-8.312246891377235,1.6392473070737743,7.163595530050891,-5.650403181341476,-5.963076454172415,-0.15953182264512722,2.374074262052654,-6.40347499023254,-9.440748103901097,7.926905066504699,-5.198625333398274,2.635952498908396,12.51200905705101,-2.0950071290221888,-7.078996978253016,-1.611473940541802,8.664672730732775,-0.9291762015741469,-1.1717929414929276,7.2841037133504685,8.84923476409542,-1.2273596180178339,-5.727160617500945,5.525164095861111,9.192907248852157,-8.688020980514349,-5.4938946158869255,2.2395415828921683,-5.174082333559048,-11.256130272102443,-2.8580672976648227,-5.3303423202659745,0.7350382150100419,4.245772498238791,8.11646388784763,2.7312162313614605,-1.7744528988342725,-8.017021367348097,-19.797151270411938,9.635687177955718,5.771536646351441,3.0718089193040035,8.983574867444027,9.266841797302384,-6.61709252412386,-7.1826787641162735,2.1598709449800553,-1.392503548557975,-10.4571283916573,-4.621452077668858,-4.756800534544745,-5.139374869863149,0.7286367321763259,12.176877658751302,-4.083027493064949,0.6252160890090113,12.735511278985381,0.3613302258105044,-3.5545246665203076,-6.239427820691809,8.920031514989084,-6.849034674905956,5.148819552453386,3.0893558479861163,6.283124123527104,5.996748014508869,-4.7533073372468895,3.1879753009362926,1.5452735902783612,-1.7756038348700955,-18.068501691915383,5.934691735081877,3.6723451003676493,1.1103330030528897,-3.60823710866791,1.74293472479022,-6.675281525648289,-8.150245708105889,-0.6334983458019753,-3.0054758195173585,-5.6135307742183596,10.530291464446409,-3.453788282589764,-9.781716149693029,3.2860506340480926,-3.572412237595284,-2.918284618045055,-0.8337711697851915,5.031546071463861,-7.997794906989169,14.468680746386212,-0.2327057132843675,-3.531953459162049,-8.353018541602745,6.187663327770906,4.623120167983863,-12.65482266062785,-14.061987047358988,-4.42524436554763,0.15080299997205648,-9.303227942537623,-0.20904485292172348,8.980977608492633,-3.959319514117313,5.7308578636648555,4.109747726935893,7.844081742094833,-3.9194198927435346,-5.492747708932766,8.422855908245845,13.842390107409365,-3.814241809476476,-2.085264994215914,2.600574364749721,-2.646365923018437,-7.922292211536094,-1.5867336120992173,13.73449944439981,-0.7620790245372561,-3.3453433595887736,12.837207317240502,-1.4701348506483387,-0.3292231205672309,-7.463596661327678,-6.352399836803404,4.3648255651378225,-11.95889443320355,-9.296264146103088,-9.405265655277026,1.70134804694329,-3.6001307365294983,7.347628298173741,2.102697041697432,-4.613274217266558,5.168490009078024,-2.405290289249671,6.693172728973167,-10.181764611552454,-6.594324624110568,-0.11328888570707185,-7.927874241872263,-8.2153443515117,-6.598136601006158,-5.498081898054172,-5.967205570823035,-1.0791926819304336,7.343045666349489,-1.3861906175132803,0.4603125963019476,-2.3217327036578856,-6.161881375623356,-11.910510883469334,-4.939071969333556,6.217136661980341,-4.460344373153542,-4.789546485420729,6.615607868873516,-3.8809337623272495,18.31556270922707,-8.339974503600809,2.407053948066132,9.987776601984141,-0.7454105959776547,-0.565504679820604,2.5716471786457547,-4.057211497123518,-7.757444721138038,6.348772426395181,0.19312725218074367,-2.122799802521466,2.0986373608195574,0.3010777522140291,1.6976486849209582,10.082391432521227,8.930487118362052,-7.4848018359477875,-8.834643984684956,0.18688418208064503,9.400665346912753,-8.406466163795496,-5.310760697192919,-2.4809262578287345,5.479918459438699,-0.7831149512191251,4.960590024519333,-8.495765406788607,-3.8415423488280105,8.2156128697881,-0.7930625678961035,3.600747974137956,4.267033081245466,-6.556954330362092,-20.463410003747963,-2.397642133945432,1.869808634362702,3.5898419201451204,7.038470923867186,4.785206877887712,5.821100870516682,6.109764972310448,-1.4767704942074555,2.968992260335985,-9.518688090921286,7.995461942812508,8.957329967245059,-3.406005317080601,-7.272110264431943,0.2600203250107175,-2.945959218961625,-16.057183893092162,-12.343010178635327,3.9087547354126,4.725534046089311,-6.31282163875201,-3.834275220166322,-0.8102831556261954,-6.7142548015516255,6.56035183010963,-9.819087459938377,-13.064225411516041,-0.14859365661537993,2.7931740122236732,-1.1245618316663726,-10.249782660549956;-1.2679528944473848,-0.9382348861439069,1.4323711947751896,-3.0151562180713816,1.2015829746589228,5.961764522923964,-3.2667706349057,5.372056618095207,-1.2372231832607599,6.0092437148002045,-1.478972854047586,-4.400807911133753,-3.9875961869859378,-0.2268694301858205,6.692480255889987,2.958681224940332;-18.38346928510598,63.16680237859448,75.97797355556354,14.45440062061634,62.15290479643397,-2.920429804405358,4.783676706797236,-6.25572605634598,3.587686076831689,-22.73813327246244,-42.07837899377563,-26.63211154133632,12.68544769081374,14.45426875694451,29.31892370458851,-46.883697393364535,-34.14539195204792,35.93535712552015,-74.17478180291145,-6.600290157493648,-23.032191881505753,39.27663201425618,18.580635015297208,-77.16384920290206,-36.41127975303026,27.75844422510279,9.564124871214553,-6.828146963476718,-65.61549637081649,10.579951131368691,32.46708166077894,-73.8032142251439,37.54082605798318,28.490870965779745,62.25684814079413,30.78492045265974,18.72555616853896,-27.503426090265357,17.830217304434598,-16.36731411508802,-22.000938768097974,5.416614809369634,52.7213685701369,-78.07787848762065,35.988904894913794,-34.42517638288318,-55.28810972647433,-29.41026226390339,127.8611907513114,-46.249072739411226,-9.545586000880519,18.447047331202747,-15.595819825857792,-62.57636965427942,-16.16273660313373,-25.578145796999316,-117.59712102577626,84.2834929394291,-23.84678396525346,28.523326268016792,80.38819132811147,-36.852219798695835,-2.272877638911969,47.24015931549033,-38.030638822214854,-22.60765042961996,-15.30600970327944,12.512432315374923,-40.963269922637124,19.453597916944545,-72.77319342673033,9.050921007209467,17.340977503019325,38.69201717984813,-44.76514528462266,-29.918602002002828,69.21020176715555,52.15843925176101,3.524461852161939,22.032297586825393,-50.591572475964654,60.915185614178895,0.2632955749621135,65.45023288232338,-29.563590473231386,-4.693510822319796,-65.63084740644163,-16.169343776540313,-18.478876954964225,-3.035245370937499,36.23304618469784,24.641836669893262,-2.2402878613272623,38.05212608523628,-4.339046288669982,31.837656704995737,9.041652869767505,-15.229883424553776,-13.058863976439529,89.47867452989513,45.69718790888966,-39.37418165386955,-79.9641147729103,-59.28550233374985,-17.72165433256403,-88.6129844966688,-36.4783859701544,2.067733158898793,10.138703517521343,39.05831297457099,-93.25451725382618,10.540537153541397,11.66042553295258,20.56106316440299,28.82507071935718,24.7911119721224,-9.602722460091929,-35.515000574904064,31.552386370619942,-36.34101094022774,35.27622186436331,-79.63076314438916,20.231600910591684,-16.579393429498587,11.067194334066443,-104.32056923825027,26.832253996373787,-43.130019114483304,51.26272428313821,74.02729250276927,-14.123813380461053,-107.54265575736792,109.94705025720424,-6.703882887223222,48.72562140355126,4.950502989659954,-15.445066107442308,-9.286411472939726,20.22435427088785,-13.306424553231246,37.37518252012079,10.279060451059443,-29.58705259423149,35.474920411103405,44.02433689460278,-53.562204726090954,-97.43809484166995,-12.508746717880339,48.108181122190615,12.807917989659426,9.145735628012156,-47.21801882721734,74.88887103108063,-47.50229410378738,-9.195510260526541,11.272677561702825,36.72200126842218,-54.21675765654183,-9.745578399127144,28.209115229021165;19.762417078470865,3.1033296689747107,-7.475945265327832,-8.186781755477167,8.725080913209121,15.766258466200762,-23.089351716411272,14.389747862840604,-3.289216764026124,3.5036967050602854"
6,1.8295550181086784,"-4.2665297913138645,3.6438391585793997,-2.900493378063462,-12.911980236777257,7.691780183611774,0.8969933877818643,-17.899626386450965,-3.93668442260337,4.736216308038116,-0.4970149026221411,5.915160182928965,-10.497616102497837,-11.484602359640697,-8.692139262385492,2.506244917401253,5.845176279125691,-3.3283231938034215,-4.887849988692611,4.647467478281543,-15.220285475534379,-1.1925885527933966,-10.979921615911387,-14.345998188418797,18.801569140710104,-25.806074152845962,10.848231842038576,-13.858621796722922,-13.979576315422479,-12.496617530867088,5.462284273975486,-4.489078058780315,-6.434113123824933,8.513752641784711,5.413688012973097,2.827037645416937,9.108672637354978,10.675437076056978,-1.431499245289045,-7.440758682799386,6.100573904444372,-0.8799060971570938,9.280482087668696,0.28507645073021615,6.688706627268726,-8.50918748053001,0.20403761076846266,-8.098459609312329,-1.7831218269910152,-5.644518290785885,-14.120752976071334,-2.2005596433802106,4.1935844516977925,5.889206492161526,2.014409256514421,2.7638441524309547,2.8905207448903933,2.507275273164022,-21.166456840209065,-12.451556670557043,-0.12881843698999362,0.23003622383779443,11.225434966547924,5.9108022601901276,-10.340676568714999,-11.159153889456832,-1.6554267677823828,2.1250938140876556,-3.5713998187452587,2.6108610262687537,-3.7549144044181433,-5.100842595815737,-10.422254956072122,5.227149691788324,7.959654044417952,-8.868853072382308,-5.0135174263123625,7.111828515034486,2.972623244388238,4.680629576677086,6.291587939346042,0.7493209100686626,9.218899234290642,5.79265914463232,-0.737290132633359,-12.822841464647544,4.7664301561370745,6.268397666026756,-5.044321889570983,-14.63421501439025,16.00458616732787,10.851269207511875,-8.563112161247433,-4.703322110692414,-2.019556214084058,2.1050124672749844,18.548356916451553,0.05871811536399951,8.838379681558433,-4.406084050533295,1.035823210791876,0.9138646402023983,-15.815926994322169,4.185615242063339,-6.27063326582951,3.468369601442148,-7.403469941226436,-8.892402677373209,4.824008466046548,-3.608293246031602,-1.845429282701173,1.7259415017536164,-2.0917423310886614,16.69140607301786,-2.397620629053341,1.950504485952054,-5.884884704236541,6.826976975125865,5.41458790966054,-2.2291857538473594,3.911794274183307,12.04630293159012,3.5921040015406227,-8.229382910363526,3.8017303815285985,-14.635408061449743,2.1434763455613863,3.2478441174081025,-1.6435993546408627,-5.4637319534030535,-3.1309991071267156,-16.05442293237599,0.9580438172329853,3.1719651385520167,-10.764487887127995,9.749475608624868,2.8028312980349908,11.920849813840794,-7.872019244338292,6.549042409902718,-13.738476072828906,11.865502001250746,-12.674461691932756,5.852673240965656,11.62257009262926,-11.574837688696988,-0.38259064094247486,-1.0056409493562382,-1.170296816776218,2.1746351511848943,1.6796214093269426,-1.7758675970456137,-7.649894865150371,5.723173338503151,-0.5251027560202547,-10.687733054418347,-5.309473777942838,4.909512669302017,-4.366790050149211,2.7995276999459455,11.657972474306717,7.047964517439625,-5.359169714554039,0.2425756192193067,14.290974538278219,3.5982928203621105,1.245538784942553,-4.129408162529901,14.008985283203927,-3.8482305942398,-10.618076518728882,-2.0838201284469466,-3.0691769074800783,-5.551040373931171,0.8515132742629493,15.379419227032782,4.469583762270572,9.998175097605428,-7.451346292051202,2.4927888081575564,-11.606317694439461,-2.5581628387169357,7.219083184871099,2.3126394243365005,1.6948594391346976,-3.1268363304210025,1.2198707735124028,0.16674601794830468,5.383212340610111,-4.979219316307957,2.264267463959924,6.948267888721492,-9.869745964886732,-4.928169450947383,-2.800575583021074,-9.293685467471542,3.152212215463644,7.054337806234226,-2.2012174362474166,-17.455601525193174,-1.8287728753515844,-1.987146997844895,6.813698316653045,1.4939806252332541,21.4424117707142,5.440588461629195,2.711928248528759,-7.401423968751143,-0.5615469545301989,-1.2322890198903056,-10.011446631954293,-10.094656230937307,-10.643893935243982,-10.63919393024829,2.4620283100073435,-9.893719262732,-2.3902711241929384,1.151288009641764,18.67691167320802,1.8738460773066299,2.5543931021325466,2.8613558674931885,12.887350652420068,-4.715371520345271,-5.886888063836811,11.20523945973803,6.2615344466158955,2.8257230758440324,-9.978864989578323,-9.55062653527576,-11.574367489088363,-8.025066588775525,-2.9549369199774542,6.912085347874903,3.5687180861488415,-11.710258317991514,-10.703970069807296,0.10487204584480972,-10.257654312474454,-5.8781062317576245,-6.108886951402517,10.953652955988057,-8.819289584387725,-10.835960694735476,7.2335639789925565,0.8808427520927135,-2.2309688321828602,2.002737624022635,12.898359448699786,-6.588508141367398,9.763422221827991,-3.2072587445515763,-1.2187610728400453,5.3938545745979365,-8.155805611565809,8.151681818930811,1.9535622010271145,-7.98658363503284,-16.166863419634737,-0.24766332587306178,-7.4291586281584685,-7.152944094967002,10.378084268089403,-6.0421880781879045,8.18550082876993,-10.520575668471318,4.340409522771047,-7.822023168725663,1.3785425277305468,-3.4278795059698384,5.198529641163455,-8.536187515798895,4.93076924707527,-3.399093635480623,-2.669920233701157,-8.856960952150441,5.140122928204979,-3.670344698371291,6.54006979924038,5.38426129850236,-9.192433548412469,8.5136307981898,-7.624235439817969,3.844311463452592,-8.773369412505778,-6.2333916501825986,7.386422448940337,22.290515307151882,2.8124198427283327,4.942420827459264,-1.6557601465461984,0.8599873892352079,-0.619237492112573,5.255087132581384,12.517412100786746,-14.96073122697551,3.904942123660329,2.0062654360958683,-11.449229366526636,-1.55817539039492,-0.9178504882144216,-5.224351115756007,1.0178491776121321,-3.0012899784250746,3.326558462164508,-1.684775367189307,-5.286809735664852,-7.315810061956912,4.372767030656362,9.552743368824581,2.653076415682569,0.9616873506326707,-0.2143403005651974,20.031792255645836,-3.612377516596805,-18.72293672598006,-8.503034135954227,-3.712695786232774,-6.079786447788768,5.906942054580046,8.87534439237872,-1.0558935236637284,-0.8004110052461318,6.20021888732643,-11.195288289503685,7.71337567583872,-13.44632736667731,-1.8724653156502558,7.731038549502322,13.052086679899933,-0.14534646406979324,-1.8939565121931325,-5.514863363307617,-11.548193591832543,-4.5985034925017585,7.662464174380812,-8.915012729211625,-5.651509728449455,-13.330808745262319,5.530052491434703,6.070133375715044,-8.161085775382727,1.7060690691493046,0.6209135305636133,-2.5562047572519906,3.168397245411091,6.1435877220451065,-4.704286537196793,-8.682218539963717,4.57747796769989,-8.619320689652922,-2.183609288494014,-2.8096151027595697,10.840391171499915,6.1614665085304505,5.778365133090322,-11.021808610398782,7.969525036594582,-8.44229599953225,10.439667682685775,-18.565772739747327,8.366770502734468,-3.996331968595764,7.502830646021978,2.515839389573292,1.434175901848815,-3.1662618245786094,-8.310817915942271,-4.247466933099541,11.821203729171792,-2.1942278788500276,0.543076419550959,-2.1305380595826366,-2.0666432730347273,-6.419914148639503,-4.651846663009257,0.8048502658411087,-1.650188807571033,8.649699375045216,-3.715928434597023,6.135039353150867,11.9663203059335,-6.717437415954345,-0.09499553988618459,-4.396914661337867,1.943852977800131,4.209468178406492,-19.096442841755422,5.243634728912801,-7.657090654919274,-0.1694649085066332,17.093955663837647,3.517459131745381,-4.720395278574393,-5.778825845413249,-0.44558742355309444,-16.1204845075162,0.8245977764644316,3.262147248407997,-2.960151401448663,8.157840727943322,-8.83812497462896,-7.978139988879698,-12.390295456715034,-3.2548627085034534,-7.6204925669169485,-1.0388117618021215,7.232365352117722,15.219494689546178,-8.92540119875222,4.101982961903162,1.3484192260448942,-4.903173235696013,-2.1435059199182698,-0.14946049848304488,-4.211664228097798,-5.176635974386853,-7.674668030953993,6.793735740910597,10.248086486678485,8.665419003853412,2.147759159214794,-2.6763126228679224,8.720217336829927,2.2826882340841506,-5.671156098855617,3.8365873735226512,-2.698826830257728,2.9359326169451587,-17.133788993400298,0.4233332635215665,-4.838235597615627,-0.9349276049427049,-16.107378054571942,-8.65029788579726,10.820104545279227,-1.7125502696460926,6.533283151888114,4.6709496892083475,-1.3314554569272243,-0.3644687794879369,4.520940792352653,-5.036608148760774,5.611952898733803,-5.019119204096754,5.266953312541098,-3.1315582938268767,4.567761186473689,-2.9096511968000716,1.2948559134386364,-11.15757717521998,1.6704398303069465,18.258196528543664,-9.77192148287077,-2.419740446355278,8.040797695134467,3.935109512348922,11.895310714872531,-5.938073125828104,-1.957675967217162,3.5479862945340894,4.456242362301426,5.6812066480060786,10.611702031749877,-0.2438410288917846,-6.052540410194618,-7.61939782491566,8.4026190102848,13.473122179019674,1.8560685759050517,6.138146795935312,10.602047285645899,-1.592323608122509,-2.6286637367411263,-5.039452754921209,7.643236293779688,4.616991813586006,6.81447375276304,-3.719941757415559,-10.08147174597627,-1.4303339364442977,3.948561000050126,-15.625846591111026,-3.841631491416475,1.3713079556681995,0.011384010088192897,-3.433070714736785,-9.63570562781836,-2.9447647468985902,-3.9188492325653765,0.3778872573015106,-0.05381143410414091,-8.280475583432505,3.9038386808017864,-2.8825367497365013,-9.446667565207964,0.18164796482077283,11.010782368136342,-11.23921078345283,8.02955416909304,-7.890484152894088,-6.784615763252284,3.6708720745695316,2.429819947617727,-1.8335435452793156,-6.580674358883878,-0.600135144942354,-13.258311663471115,3.897435454393587,6.5260668722389745,-3.653623751945844,5.475981547526456,-5.488336480333693,-1.770004285040714,-4.701740536763592,2.4544795874583922,4.084826269939374,-2.7644202165758607,2.4295753696291538,2.648970778839826,5.505745386184204,4.093722845996279,-1.6182221804463603,5.964424671867056,6.675704129638261,1.9673346369832956,7.761034548008973,7.597175502368507,2.3406731104875966,7.067474475629697,-0.9135830142417156,2.6272196188644283,2.034993668202156,-2.3429211248365944,7.708272207749411,-15.65103950433712,6.1424935911215615,4.821892484424229,2.05107256769635,-7.363751665185208,3.492436494046599,4.412254692155061,2.682275306690715,10.145494536238015,-4.768580221388138,17.939552429443797,-6.9213843739900796,-6.768916137260873,6.532630798308881,-3.145649861044514,-2.479295827405843,-7.7435723181905685,-4.962344849439145,-5.552509377859995,-16.85048974291238,3.8419409844400874,4.875117859905496,-11.961508626372442,8.624715552648103,-3.4395100675207906,-3.5935411548847247,-11.468892522907757,-8.944915395645229,0.8820957035304984,5.458123160258772,-5.752598537891733,-4.744896837696676,-2.8438522267190285,-0.16170536784958822,3.403844310103974,0.6416098908505281,11.676345910387937,0.06531774826801129,10.37254966109337,2.6312201960865744,8.540491021424614,16.229273062539498,-1.4027610793299308,-17.09674879986326,2.1166783493878683,0.44184199655585665,-9.014199274496685,11.449367096093244,8.673726529408233,-12.15464405149028,4.54490961437005,1.113214968144482,-10.620369764244277,8.616055848719398,11.053101987881865,8.601005953100143,-1.4628163145446718,9.847682159561161,2.503251201349789,4.692865692736843,6.6147357130526085,-0.4470588961668739,-4.019686532242392,-18.595267262494637,5.4914129839582335,9.250287833939602,7.245026717315159,-0.7793630278223221,1.0577698464167826,2.076675335238653,5.5332659185293185,-1.034162780832101,13.773000607063876,3.5940620715962313,5.090210757115876,-5.291628901786763,-2.0976399620572743,-9.9359497764958,2.7276730243293947,7.152264060044389,-5.9323244650725755,-1.9630792878330816,-14.755696343960462,8.030611857845392,-14.578862014457124,-8.084318758292508,2.1887278032657522,19.935257594016928,2.11140943896184,-7.318647805911065,-0.42679862693990156,-19.60351715851863,6.179009002157546,1.8772048844441052,5.492115442674702,-5.8984665439775315,6.424782228496124,18.560112888060083,21.62728884086412,-8.868558267387682,-5.692466591351454,-0.5413823246176516,7.090733090426383,9.870161030553284,4.6562059490017695,-6.418276401899475,21.801276446909267,16.3555515170719,5.44852313483331,-5.432324778836838,-0.8482017422257743,0.30400445629453854,16.85127397794815,0.6251156595218337,-5.875367052905007,-12.905854260676676,-13.265890572754817,1.1136293400665351,-4.157741271400542,-3.217200786512806,-0.4712244287062835,5.51349932858931,9.591043415917591,-9.88881388425585,-3.6439791613990486,-2.3868580283736986,-13.40439404188261,-2.4759147609392262,7.102010786260817,11.425588379454064,-3.3107089128181078,-12.819779852590425,-8.865333213968793,-3.739201399615206,6.032545828233706,-3.763173759993448,-10.985770605199386,-17.03952230948606,-3.6065668503788784,3.846474357833019,15.018056508631217,-3.5512000837104623,1.8346606621301664,-5.867668627428783,11.418860455426609,-1.327026223132361,6.7952460030722275,2.5601155354529785,0.2824772129325077,-2.828673701657151,-4.173882570352263,-2.4985977137119155,7.286472036876949,-2.459161828444643,12.637949339262326,-1.9751712470529332,-3.484808775242781,5.420099307542111,-12.013927565606114,0.5965440491282301,7.019806963633906,-2.2770675759861265,3.8706397769827916,9.754760222743439,4.137122226445796,14.601867910452695,6.996089009681025,0.9657814701260127,3.9010716986790444,8.580444608358496,-4.332268418399711,10.76904755089234,-7.840539533576141,-0.7314401437376712,6.927939921431563,-13.474429202016141,-4.038146988846156,-5.639526732254566,-8.618747222124334,-0.8539412208841358,-6.22369741227282,-3.5654357718275302,-3.380525980280332,-14.599540221856318,-2.7385665512172634,12.987269803669658,-4.899853234896077,-6.444214679430121,-4.344148730763536,-7.477387275348198,3.782160442469769,-2.4663656059959687,-10.638833478776876,4.821667318183674,4.263766158581915,8.742185452954574,-9.269534935689519,9.154926839248787,4.333055298005267,-7.641694073471353,9.026728568899632,-2.9785032966920486,-9.898148667634233,1.463364748037619,-5.969248283903807,-1.0005707650402442,9.494813358663158,-3.8170102686144793,6.580275386067773,1.6693942942421205,-8.193430989320852,4.198401864042868,-1.455174140412904,2.2468416747019146,3.8208298708519703,3.9042927103975904,-1.3570146180475275,-9.576056444096926,-15.473435068796881,-2.122818282660055,-1.6887350625878468,6.965973688112149,5.960938040537984,-4.3697980953103945,-10.54543667749437,6.457999982166758,-4.316729146003985,-6.875685301188861,-9.818487823529704,11.501661545145394,4.756947616846802,-7.335307121721651,-1.3944371986936455,-6.257024516920728,2.0220186866829155,6.4939564592679915,1.8139444368469595,-20.966926518802683,-7.006358503977532,-18.347189079111676,-1.4877755196479803,12.917227181414116,0.6038579978994738,-7.3805384063334,4.241349010069047,-0.48985115558801084,-4.073972547520648,1.8769577279151695,7.477619702413015,-9.713337386290371,-7.904507539548904,-5.779447368474188,-3.5186674482194493,-0.26056603863902317,-0.1881244782648991,8.999554172600877,-11.940945013928207,-2.3816649732289825,-1.1895353168127907,-1.92626897202799,-0.575166576603614,5.8670794484615545,8.344893711551531,-5.643094457534121,9.0612171849694,3.802502924093055,8.515197710349973,12.241928880811033,4.8419949559562285,-1.146558245540728,-8.156096667791047,14.167012997027712,-4.974968602935589,-7.642113959725436,1.7121439950832213,-17.56022299441021,8.43007548770108,1.1700136870851305,-2.589829753363597,10.78494553331777,9.376792220282363,-5.99867741103553,9.914527955259649,-11.738329885062127,-4.007286713169323,4.544103209262504,11.653153200386306,-15.800699517721261,16.598191477574787,-9.598799564707962,3.862047063734811,-6.528490240521909,-8.120690769071635,4.395596580300691,-0.17833230508957826,9.49169325833003,3.0539191406929413,-6.707552751583629,-9.419716625318275,2.786064913698274,-1.4297230825720137,-5.725115496491642,4.765353878883049,11.265339696754154,3.816347696036429,-15.777725002889586,-0.08226857870797605,-9.607921380543948,-1.3791776163359977,-11.532335460130827,13.55690046974503,11.274902741111294,-10.448246797618053,-0.5446639995337235,-0.029139000924641945,-5.489196726623731,-9.407863597178423,-3.3231547344095684,9.04296139029397,-11.99408943722829,-2.624144915080303,-11.408253033966101,-5.094116188921542,-0.4795205571280161,0.48368026133428843,6.719453540832955,0.20267030838652372,-15.994636495674062,9.210974068951787,-3.38030824752132,-10.202358905233998,-7.05683291034714,-13.423868376068125,1.5985909272309415,4.2776067671701234,-1.240506519129717,1.8846310713061032,-0.660382044617221,11.200629547009473,-0.26301549432420057,-4.7833349437438315,-13.651698602921352,5.088706587844943,3.7991146353288516,-5.502739505535853,-6.131721380981237,-5.771082171458677,2.9408818892274096,1.9589581437514576,15.668886918388639,1.7571065174197713,7.5391050296284305,-8.819376232931633,0.23582425242479943,-14.842908729266155,8.242767140277618,16.001142992568603,-9.145032161360545,4.900020647178729,9.449508877919637,-5.415808578709246,-5.339530051549328,-16.38824435437107,6.032809988317235,2.760822727287869,-18.325566544455544,6.513652688706211,-7.620829162332532,-0.2928232106702988,12.290861327029404,-8.56712158604026,-8.831240046659317,8.310153611491621,-8.074406482825124,-0.16010602211171907,6.820503730440558,-10.168305903370435,2.12270772911631,15.956508643103422,2.1884582605326313,4.486566050215874,0.8408582522213898,-4.294400238153175,-1.005562749316855,-3.428912325629381,-7.73039815076681,6.670608848728153,12.88426446362709,14.5948571747421,-5.022725692996799,8.15665428431521,-11.666522172309449,-8.472048111825066,4.627953668869129,-10.998863778009097,6.2621689018913855,9.18638175143626,-6.736180946355546,-6.265692239540359,-0.4688598093064398,2.2349107876970105,-9.704131303265964,-11.597470741754808,8.687959978386973,-7.0040027190437995,1.7936397890585645,16.676272559297743,-2.879254501675379,-8.243540600496702,-2.0743602550631115,11.834624023240782,-1.340404506229179,-1.2094854523491483,5.821468290129634,10.476761033457239,-2.310003037449805,-4.861732192060215,8.822556152356162,12.583076769039952,-11.359358922106063,-7.069395667883523,0.08748558772648574,-6.872332074975375,-11.42889690615145,-3.7394103135585732,-8.740902797281178,0.4806743594791605,5.903466113901837,8.856474951667877,2.1744764068721265,-1.8784123039797862,-10.599575757905225,-23.13750987621636,12.495264605870627,6.119274592914901,3.067830173265489,9.505142136464734,10.410797969952391,-8.314517832937597,-8.749199423702185,2.3458667800152453,-2.4938247204781403,-13.091064627692363,-6.757237008597109,-6.879865143349727,-7.043509721813092,-0.6583681124092883,13.009076165130148,-4.04142585618009,-0.5166446116240033,16.735532581281085,-1.0147192741282667,-5.114256241771483,-6.918631625429183,9.125688049225733,-6.051837469805926,8.894444949131165,2.9459551978350564,10.823763001030683,7.054360457591379,-4.491837205877376,3.4638909367678568,1.5056496243709943,-1.0671276247743053,-21.46756065532942,5.731582528668595,4.206726980196754,4.853165394191393,-5.055692316617257,4.200786990710699,-7.062340037591429,-9.93485240167436,-1.3114490402295524,-2.183867885919668,-5.731485011260094,14.096731104808654,-3.4647843054262015,-13.9523419643751,5.304284967570993,-2.7932731358130933,-4.72977281203616,0.6330282978741867,5.250949256747539,-8.346731734138547,17.99906062902355,-1.4429834120146465,-5.66068768415374,-9.94734687728026,5.605269372910253,4.00002746550986,-15.266728446931765,-17.953225330279754,-5.444020157523339,2.697014803120744,-11.857355459785325,0.681835056833036,11.279841976213966,-4.478235673109847,7.125655181009524,5.304921686316486,10.10479979045359,-3.8068354531446285,-5.5378729350136,8.862943766444078,16.89336163885594,-2.9842152446649566,-3.965891359145905,2.605308583003332,-3.426973500863276,-8.461551015429503,-0.5449941966357243,16.3830539867063,0.0683046329054573,-2.626845118336255,14.841939746824895,-3.1160136036703316,0.40603786290331745,-8.13240774113103,-5.120121704472391,3.39235937906934,-14.488561817121482,-11.825709901847825,-12.112489379870928,2.0005878057308597,-4.5368772410225695,10.16836876238257,0.9438580585295917,-5.972399735129672,7.5352371262797675,-1.8232911208048335,8.35256358507074,-11.598813955061217,-7.270733878131339,0.7431276150192881,-7.339977774751187,-8.874499951113918,-9.313466405471708,-5.804774884299095,-7.519016308527394,-0.3717569038086327,8.479775842238064,-2.3423440333730166,0.09986226785796463,-3.2808959623607334,-7.265757996352892,-14.814726374892041,-6.164659574106532,6.9036634604644185,-7.685474431917756,-5.350440031452208,6.596208474575723,-6.519954790627766,21.559076936323763,-10.434450498883281,2.8762929789145844,11.96577242457622,0.5853796101883355,-1.1621106515153212,3.4631869467428844,-5.408661402585201,-8.317663692395476,8.591288726940947,0.12492714853302944,-2.6994457932048816,0.2980135903550505,-1.4460111727778715,1.5891819523074175,12.942611388679442,9.43967819980492,-9.09539501004045,-9.089236679798239,1.6047272452446915,12.392400535700162,-10.95171809940848,-5.116763886543258,-2.3088877347669845,7.171833537547223,0.6612865573141877,5.361820565272288,-12.395110460305967,-5.5826303642252055,8.45190668929352,0.7764297857696659,5.9034451757403295,6.465467508301071,-8.396523640660815,-26.140219340085366,-3.5320786055158955,3.934523245071063,5.499585059634754,6.7740942572296206,6.281162510681224,8.407702391459914,6.038287385272434,-4.406522713185619,3.797686229052491,-10.95959000695527,7.929102786574834,10.265707580878013,-3.5604671270212402,-9.471383648335232,0.03713461897707479,-2.030811770498971,-20.742195853998318,-15.241577277354725,3.217095496177762,5.577987709542615,-7.285440515645801,-6.623596785269243,-0.9110603230124356,-8.667717547345191,9.63648792739662,-11.038646980918806,-16.292760001261733,1.363675735357596,3.15448307284475,-1.8838015098977712,-12.070801631987413;-0.5835567976992379,-0.6577022106786798,-1.3457596522908046,-3.229195639145148,1.4054052766704974,3.979270724813558,0.12841972527076995,-0.42994310238472666,-0.9774671286829608,5.370033493869503,-3.399648977050748,-1.0325275238439493,-1.3776355353430054,-2.90033575753163,3.1909235821378714,-0.37562956630417865;-5.403643796045218,17.621362738743994,21.102580978113153,3.4681161959829274,17.202521668899333,-0.5352036017069979,1.8421341440266645,-1.223270759136351,1.5252048948237409,-7.151017640777329,-12.222339353073348,-7.32253945691851,3.4945036232912745,4.555252083093661,8.016047355346185,-14.300298376806229,-8.970669333319567,9.517063205587348,-20.29533263030725,-2.5201495516037307,-5.0261472664949745,11.155275962703136,5.465198430923797,-21.7502666591297,-8.777965338962641,6.5023330126444305,2.2764104687371507,-0.7047371718096168,-17.871746942924375,3.944853992108217,8.503409383551713,-20.71025705049793,10.643853178261395,7.01678474962203,17.96937748768587,8.216128977913463,6.173603624650445,-6.248836782212674,4.946753424311839,-4.044476207269635,-5.7786743911646985,0.8267093240473804,13.080291922355137,-22.121508020041432,9.751948093008398,-9.006117083753463,-14.404903578062367,-9.324848017264173,34.92119287116739,-12.678872628052424,-1.8656859967499952,3.5903370540900372,-4.412709266724395,-18.025028518063074,-4.701866890605782,-6.819919569968272,-32.58715166512328,22.761920374411222,-5.6874667702558614,7.656538422369545,21.468432312801973,-11.225232775663333,-0.8641943864396625,12.834756711378374,-9.422186666159618,-5.833418798102707,-4.020540705431342,3.440179404940717,-10.872521553222725,4.832562227391305,-19.923508742086078,2.3609668904534358,4.827537729774268,10.401240795001053,-13.411641612056382,-7.161724618278687,18.31661605727392,14.998459357383872,1.7798434508946754,7.120851584619099,-14.256467026424534,15.277343380091752,-0.04280566986996348,17.571211761005927,-7.33199412345385,-1.780950740668152,-18.47405757096285,-3.379787631618332,-5.246971284708426,-0.2693839952893605,8.983111396533783,6.283362011986241,-0.16034944874219045,9.971890855002876,-0.8485837028087697,9.170964268713789,2.4715886413667434,-4.143455870123034,-3.5091791791841036,24.196358453093882,12.874290014590034,-11.17413276917581,-21.837684348668677,-15.949475727518038,-5.429144884105375,-23.36889403697057,-10.281194893719324,0.4076586091385816,3.27958083104638,10.21014362429343,-23.852926181255945,1.8119867235538996,3.6353459241293367,6.400873628860762,7.845964796120702,5.89164591722845,-2.9608124718860322,-9.948511874205066,8.768762183814925,-10.117561348377691,9.066571245172044,-20.758431595130595,5.646217089604874,-4.872706838327027,3.6223037779770206,-27.704267825743806,8.84084312797561,-11.444587712925564,14.60303393673351,20.58733520445766,-3.580879789735551,-30.20082275314208,30.474418920265965,-2.552384251544204,12.542916683068043,0.6519022862439425,-3.8472152625008036,-1.5384948617924743,5.6836547601699134,-3.5018269652414213,9.268682489208338,2.132838471459523,-7.645691275336481,8.97576179603863,12.017977574039724,-13.926874819750136,-27.043912149128325,-2.6541535583311258,13.231656482244144,3.547887840159985,3.8380502787610618,-13.090226386003613,19.56666821676439,-12.205728096844869,-2.6159255513180195,2.4152410438063407,10.598468265740198,-14.691727290108375,-1.4723022424323564,6.934092540626477;11.781650418364508,0.7729684205843483,-4.777470145204657,-3.6537810001704476,6.546980888871133,9.34361734186752,-16.364664626507732,6.169037251399162,-1.510801830277212,2.9959443077737493"
7,1.8260993851664125,"-6.7080705662764375,2.5880943675829355,-1.760508168152271,-10.577369906969583,5.121345347385348,-1.6473171256132983,-12.02802395496308,-2.5696068280461146,2.3313090210630842,-1.6362920023056837,6.210726270685833,-8.166988500826553,-14.10783860001827,-8.606696866252978,2.085532012335296,3.4426064140220425,-1.5826970626095433,-3.398485615999973,4.9609790092004085,-10.097618788642615,-0.5841385573749598,-7.459194486021171,-11.528938704845089,13.724444458722678,-19.04366485664829,11.49350572247639,-9.629622227319125,-8.671703763828935,-10.841051531450288,5.49677818583396,-1.9895774316153856,-3.9161493139138246,4.639774202580632,6.120130644884622,2.3345548717595763,7.766089055537861,8.256448260313068,-2.29217987690563,-4.923522404119893,7.856426432905569,1.9754614248435207,5.8380284451715205,-0.2890342887195881,4.388664015739142,-5.381217693144143,-0.2032066823942087,-7.8922502452625025,-1.5477234651195193,-4.777416602997605,-12.499581137542291,-1.2758505390552135,9.075054466472675,4.426830675591738,2.4482977095372345,2.2379933118619335,2.1892290707533792,3.278622073469761,-16.082565438916518,-8.73626760461868,-2.036782866674138,0.3058193942708117,10.305762138943518,4.193526768126828,-5.864028682175396,-8.870774601936212,-1.1506165135776474,1.3397851685030964,-4.497386296027025,3.273211835529937,-2.8274361403169657,-4.364016918985952,-7.897816807596179,5.20812274672885,7.234958922292997,-9.225444405676493,-3.7996376495270776,3.948666398932114,0.6434394377347639,2.5275728791862297,5.990285806289788,-0.021410553704881763,9.115721455849092,3.644797159182711,1.5400574344085725,-10.449379122365155,5.273330768939269,2.9616458644416515,-3.589432334153031,-12.743891803189252,11.225834574804065,8.20333538340872,-6.694518649248992,-2.953030541161678,-2.062052445728954,0.8512544836857242,17.857806653299395,-0.39608695528445637,5.353906268452522,-2.596649027106973,-1.1205142908575407,1.0733793969968741,-14.002744015839939,2.549196898841724,-2.6394948949019152,0.02533971409189273,-2.221408777287963,-7.7873745447975296,5.543909601143264,-4.060568122731859,-2.976377158486215,0.08393942843615743,-5.204158647591712,11.675098365327703,-3.2745495670141627,0.7880541782088362,-5.684383675948517,6.046915081180014,2.9518480549778623,-1.5866758797035592,1.6178111684764,12.601067695074885,2.647409368714587,-6.969232414504217,3.299505477541759,-11.807066165735355,0.9252711453516358,1.6344672591441207,-2.1220911015047,-3.3256476107967416,0.894307041998749,-10.36672598427305,3.1441795592740553,2.936627676475706,-8.02342117107192,6.635516760154305,1.2892966613298782,9.86070397196237,-4.2728156997283255,8.241158601153948,-10.895887668458718,10.075957081006853,-11.631780405891273,4.640059190408941,10.137903065480918,-10.818421816277903,-3.201210294845963,-4.135954628181743,0.16061336511120006,2.3427278988469493,1.8666154218146758,-1.6469438616683154,-4.272139828478569,5.628182191407118,1.1589942756989235,-9.933144198548664,-6.060019636245621,4.385651273699337,-1.9727402879185891,3.2742389393847517,10.411285545973053,5.534901125222047,-3.4640536175928784,0.3880918537526121,9.26096617300377,0.6650166975172792,0.8264004044871368,1.5897553291345048,11.342493302516877,-1.2956035603159508,-11.715841365035105,-1.2855168043151104,0.564894032610176,-4.668712315491975,1.5144519168263018,12.343504663475922,4.979562095157623,10.404910305543734,-4.178131130211159,-0.12653048639022946,-9.433946050972336,-1.9700711968845144,6.90929451357179,0.6742281284988307,1.5572259135948419,-4.166422604153078,1.1159055073850914,0.595990144170482,4.742063924016832,-4.601971323148276,2.55831793002916,3.539993303358774,-10.988065984794675,-1.7323248569698517,-3.653513085670697,-6.431928677587044,3.495637818315675,7.251887157793777,-2.171122339550598,-14.77643977108637,-0.37000568849876614,-2.132329422847847,5.519418367573574,0.7174526535387657,18.255760950230602,4.4020314684699775,-1.1162371279099847,-6.186090758108402,-0.9309579903763583,-2.2174240978186495,-5.668582577585374,-7.11058100471028,-8.031845031024886,-7.9912446626606215,1.2929151216119807,-8.070203024890219,-1.935659141374645,2.3484200917307936,14.90625054287819,-0.9976626374743576,0.9719074968230523,-1.7006430368070298,8.8336587351838,-5.5505941829301015,-6.484381315509154,5.77977223549586,5.21662096866272,2.1433252230931075,-12.418871854161445,-6.275974604363032,-8.880213045595626,-7.29655663425517,-3.195735331235208,6.025042969269172,2.449014965583239,-8.676836704580937,-8.832682571264893,-0.15158856681289457,-8.49404516389012,-6.838353288475831,-5.5494711155752485,8.965895161664154,-3.827802016465599,-6.991400254710182,5.0033840818504745,1.9534949528050083,-0.5499736927916548,0.19518811650049445,8.304146307181634,-5.276513700165156,6.796119416276336,-2.4503291534176626,0.544636221394873,4.124585671914115,-5.221478508009659,4.077233241282309,1.0857968998913394,-3.980634389492636,-10.733022895719335,1.5474773049157133,-7.559475556005791,-6.267981422794794,5.763341532944471,-4.057083449641625,8.461536887100303,-7.298692239754325,5.269501411326265,-8.118277444414169,0.6151521865726914,-4.332798139515659,4.599075419981773,-8.465898295022702,-0.00471494848911122,-2.0232460305459345,-2.1777990753536476,-7.851226241752907,5.0602087937713724,-1.2915722072973312,4.151064611794969,3.386069184232223,-6.471836476363886,4.858883866456653,-6.205988481878833,1.9786628757982214,-6.275747058819828,-6.142677331234016,6.101422041709009,18.681799459299853,3.8228961347058315,4.929821334559783,-3.8650628722272153,-0.9724418133767219,-0.07529947110591806,5.124814583248666,11.356213107878528,-13.20002978724958,3.324760517018285,4.845269987324032,-11.72450282382404,-0.9664884110105605,-1.8104426352787537,-1.3734166793785196,-3.46380254640439,-1.9626426275889357,0.12504507800279124,-1.5683948470195743,-5.214445441633526,-3.7368518507140243,3.682274676125787,6.015933906595318,4.916765654293143,-0.48368149103417424,-0.1399652654944526,13.310214925056897,-2.1339620845711416,-12.789448266697587,-8.497882769797762,-4.948329309084665,-7.791608422108766,6.559943252397672,9.571883049199634,-0.7719630072534933,-2.6396751501657003,2.850209374846164,-6.456321070806653,6.133895150640121,-9.53866041116901,-1.8046129802554751,3.8892034054680114,10.092887864194505,1.3214899540221123,-0.704723450615889,-4.7530350075308245,-9.10457388162831,-2.9660917845166246,6.436614723023517,-6.225338238526113,-5.793469385711096,-11.042467578493719,3.5392575522547287,6.6593558731971285,-7.567442220710479,0.5584427190892445,-1.104668552224599,-0.5960252488907486,4.83173575395658,2.738964162081421,-2.8323219386303875,-6.566338459892324,2.7763743434963697,-7.790936353034048,-3.2016004362343127,-2.00237965062696,6.737742242663405,1.7365293756981752,2.779533750292385,-9.682200608829096,7.889858530881425,-6.8413539088535025,9.98803523356446,-15.414171697138926,9.610382235341444,-3.7681156109507272,8.558970054928222,1.59967687628843,2.5076404846760485,-4.7124445845724585,-6.034991403956949,-2.693213743341758,9.528017224246287,-1.0536743710443925,2.267869107457619,-1.271150802903994,-1.5588265652748166,-1.6390949763033045,-4.409096182766568,1.2167414850303961,1.1826931946455104,6.172245468079629,-5.080268592572678,8.268431151797964,9.973117740889291,-5.832900032178495,-1.9597685310727713,-4.02754416282497,-0.30871272350423457,3.4726664587945266,-15.369961319073372,0.7018621250574,-4.392006939771105,1.036648642667995,12.597276632623023,2.1778553612171527,-2.8376583097966703,-5.127894627784864,1.256645559618661,-11.994882129143857,0.5160612114308384,3.0898916772339593,-1.8090712873679622,6.443125082638762,-6.577618544284082,-8.670831884871026,-4.835005128117296,-1.917232796195449,-7.9349152898121895,-0.35666872574661473,6.432715904296089,12.225143919952542,-5.870225191720801,1.9521882051164177,3.211322431501813,-5.317284388045447,-0.9987217029139352,-1.6883392450981851,-2.449348941948571,-1.1162816094347445,-4.794212558780311,3.9893181289683963,8.64675769437544,9.910299379069635,3.0265919338918126,0.8532631097468923,7.523164520051798,2.1473655126293605,-2.38123491980816,1.6700872480667686,-6.286166921182093,3.2631966404004626,-13.232768551003975,1.233129412146605,-3.1358645648296237,1.1607234805778959,-9.32312933224566,-7.211028832496425,7.642556304976566,-1.2632147401927034,7.72806396450787,2.03919183284914,-0.7990429759240842,-3.478589836055413,1.954037792997299,-3.2906043741759134,5.65053798474095,-2.309221777344579,7.393319743315466,-2.5687830915737306,0.655276982660034,-6.007119792206029,3.2652332228195453,-8.514261249947024,0.647375567638502,15.852725926428073,-6.368779036680335,0.28874700201482995,5.403246408046844,4.909335757610874,8.030650726302182,-2.98067585228381,-1.2424999238382362,3.6980162626848148,2.5671105558657983,4.923309015741398,9.776814617859632,0.40607418618381386,-4.434704176918097,-6.096129818251238,5.25685001210432,12.524761048667962,2.1341234346938287,5.478573326140786,6.59321780359647,-2.4176363300421615,-3.116440599564903,-4.223862218671645,5.747755098659571,3.316251434101686,4.52841871371562,-4.754856799472081,-8.033015663147323,-3.095587307167942,6.703577636307148,-11.40304785094565,-3.4521499614763274,1.260875965966055,0.9547664960549188,-0.9772781095860007,-8.866372145893944,-2.3615083427421095,-1.8255235340190505,0.5327744175367676,0.20435417974340064,-5.35776664117668,3.598299150743236,-0.5686942658443646,-7.50506063206429,-0.9687337525775835,9.497677363579683,-8.127204234380079,5.229440972102193,-5.287404162021112,-4.633046058774239,1.5002846213379968,0.6109181119904017,-3.0047833646775057,-4.265504064917781,-0.526802903426919,-11.911846842772484,4.826118931969901,4.393883073021704,-1.7691400801924728,6.764175547071926,-7.305011055134131,0.9983182698405939,-3.2662345561572184,0.7116874859052589,-0.3470209548331006,-1.7953308788833973,1.2682494060308227,1.0546929039490551,5.398387702838969,3.528188748948343,1.3741403353888362,5.441433739976559,5.934346457964295,2.4906550497280584,6.637834303636383,4.451169399752919,2.4091929935652265,2.9020663775525986,-2.2435450842831743,0.8534059559934635,3.0536787544937085,-2.3101959148256475,4.79345218981122,-10.714757579761077,3.8902833394302725,3.5871462262048897,4.486672246719985,-5.944538065449386,1.7871394101664069,5.611839849926538,2.750566194936124,7.436641150136009,-4.945489459918708,12.910687167444589,-5.147177224595294,-6.904140698391996,8.005616256770159,-1.746902747097148,-1.693792965485502,-8.015478988045519,-5.195486808253736,-3.619335990004589,-11.713088350981922,1.562418786040019,4.341878917372038,-8.447632520124305,7.186390811806266,-1.6333172906118678,-4.936675232009869,-10.963685195816517,-8.776028769020627,-0.21970920363592983,4.615828740322121,-6.341267092598308,-3.063297771350093,1.0674887560736672,1.9394054703400105,0.8335982148995114,1.154294665004914,8.862634275015589,-0.09270452684964531,7.643932636057891,1.8865939346532243,7.327788146472266,15.066069349197544,-1.472623621283386,-10.9085868033808,3.8409771476171555,-0.9815476237282104,-5.54313552990023,7.623149803333652,7.396310566230794,-10.886745185477276,3.7826289350305493,-1.7044590911633368,-10.19895928680682,7.166754777290236,7.778498578742126,6.558621115856399,-0.6959146051595685,7.416464472754479,2.568718198969256,4.6703247970964314,5.556501523853598,-1.4682552358360077,-4.077634809151094,-15.486812147282254,4.569407900873424,4.426601988610769,3.4638443572250233,-0.5162725083991361,-1.9961120370837147,1.612298810379787,4.705245689429186,-1.494619737940177,9.388560740150565,3.72351178059931,3.650980484777294,-2.3645243737586203,-2.525576458848325,-8.764207810943528,3.4910625727304017,5.230733409479311,-5.784262820601389,-0.06530192224842923,-12.27068253111923,10.15850022107602,-11.143647632123384,-3.778385952959157,-0.7299885191306894,13.582289496198916,2.8977859407206448,-5.960489353371403,0.8811310249147742,-16.264334638686428,0.6319316425099647,0.4805690187478031,3.9126385605565144,-5.3761912907166085,5.493856349872959,11.310759454523906,14.651282317014346,-7.488999232030832,-5.014927430862482,-0.11084349484059453,2.756205918873491,7.117943436428404,-0.36841566337660847,-5.307241793163485,17.79254308421816,11.377131729033232,4.997058295713,-2.5031423779317263,1.05456391934373,1.2747024199910801,11.667840646337584,2.013100693505435,-5.865490917281903,-11.832370866243558,-8.439413515307372,1.3674947129732262,-4.317411453859128,-1.9080728452053992,-0.37461984911449697,5.268361104585489,4.9138473647881575,-7.7073067141321445,-4.625067364470409,-6.423071292025989,-9.109647281328762,-0.6317183091730887,7.42058045886274,9.109086247535027,-3.431446653653806,-9.870698467885093,-7.214980682716873,-4.219076133499968,7.097638021873879,-0.4587602115795584,-9.486530434592622,-13.495219219373926,-1.082805861531418,4.288085207473646,10.628286650208029,-2.638523610715138,0.026927866033915393,-7.261318161960624,7.248090746383242,-0.07835414880222086,8.012026742728924,-0.16074622148709827,1.8511550613036123,-3.5404891796239957,-4.3155390923056345,-4.94649342960504,6.566537008975688,-1.4388167263061042,7.531618319015599,1.2251860155876924,-1.0598436547928862,1.9739437230011678,-10.204792302232672,-0.9530616960385152,8.122204978433214,-1.940422449864788,4.7757991703077245,9.276398494669678,2.6213708374061304,14.380488636715128,4.304164782699638,1.602297199501974,3.041213888726971,9.272093337635242,-2.274006707792279,7.4433179621603,-4.743654016241113,1.6030026391919472,4.732818307407297,-11.682957078775711,-3.4247595218651767,-3.24985445252568,-5.539616514486821,-1.9093624578143773,-6.09361954305952,-3.2649237732079093,-3.2259554411858105,-12.67575733910237,-4.1915310550681815,11.878014046254192,-4.383907762005365,-4.484055238293815,-3.492365623107094,-7.098375239449271,1.7009375484106009,-0.8079015698494981,-6.5934788501432005,3.1999205104042354,4.475320794145235,6.731990676612482,-7.815199059352498,7.914959233544632,3.370763410942847,-6.476056054305052,6.309473071779031,-4.507865848029205,-9.532630495264398,-1.794115101384947,-5.328820258481969,0.7367501411282619,8.119616956651596,-3.970298997382441,4.071010871744752,0.7932592316367566,-6.253703052989392,4.27503836350582,-3.5312141124899687,0.2244520549476231,1.7605740401810486,5.143174315595274,-0.7190740076783745,-6.32787172569423,-8.173140720901813,-0.3620473490470031,-2.0066228870900784,3.6167778029869053,2.7501975559876226,-2.8948542923946663,-9.082802212112687,3.3883902300493243,-2.120784307108991,-9.015220778977932,-7.387874448812367,11.085024089161896,4.789521538375236,-5.576347117345742,-0.5184322195083039,-5.749239832230853,1.1206497845905008,2.1994897762352306,1.911989105210428,-17.973962408223194,-6.672475714527637,-13.85379550149376,-1.0553985145358162,9.213915021941204,3.0221628982086735,-5.563729365089796,0.9388151429069453,-0.07783718067995649,-4.9608272089501035,-0.31643034619388244,5.962670980329132,-6.345719352908477,-5.746589657031246,-6.179284436808057,-2.7277018458927844,-0.8131166565596635,1.2832795026515154,7.475103272083253,-10.81953222187371,-1.5049166550171669,-3.2413366713067706,-4.0010300585627006,1.304275457028555,2.866109802403485,7.683791359459929,-4.678857366158062,5.299999096785359,1.7845256957914377,8.905057265511214,8.709734313695876,3.8638332065659355,-1.1950140819971975,-4.670270146228574,8.223775265859672,-5.128618092938734,-5.902076779745309,1.413537093521566,-12.12394716440782,5.5311389995655755,2.1122411294960517,-2.749433953277883,9.450539379260741,6.36886518619689,-5.5793782988010046,5.611633270786112,-9.026565873694544,-1.4689420144702168,4.356808491663849,12.954367878624716,-11.359524766306286,11.821642173513588,-9.018396512553762,4.823906106938281,-5.047842225257032,-3.1660825796833065,1.4943575429033578,0.2673266742151738,7.434881391008982,3.0758826908871724,-3.3185410938682516,-8.308568238888483,1.098612747492755,-1.5762671622444546,-3.7941308274387846,5.983802334557178,8.459589700972659,2.129071261551359,-13.038585595678942,1.32443957876503,-8.903089904125697,-3.16595961112885,-6.226291868410187,7.61721469238371,7.550026651251007,-7.9294983431793185,1.8214651857202782,4.188433395532441,-4.790481843796566,-7.163738800669249,-5.71655441346983,6.0970689357485615,-8.932436818625153,-2.500117264743073,-7.744021447984851,-3.7741092984830167,0.25072533136739794,-0.8532327686658058,3.6335990461383405,0.3312326864930856,-9.313894241638302,5.576744681718281,-3.636353966457886,-8.525342935696433,-4.05874342326297,-10.262750634418035,4.286312578508672,-2.7935223388370973,-2.961770278363324,0.8750955603141974,1.1062571310809868,6.622917110490337,-1.3478384689359075,-3.3702940929889187,-12.609577329731438,2.7471180744437302,0.20303388752606533,-0.4443431031431607,-3.979102363470618,-2.8093730968157855,1.4071105653001617,4.303843619052071,14.328294694390644,-0.10577652289462751,7.837421227132492,-7.5270732322362175,-0.6353389761044468,-11.733433538165276,8.273050449194555,13.697591790555816,-6.274693318300782,3.0079855746990036,6.286197436294175,-1.8940146323291642,-2.9102559489463413,-14.495430593004464,6.429896148100816,0.8602139028328817,-13.67008249155606,3.7159279759188744,-6.231854305468332,-4.266597270235814,8.968627034703898,-8.922535112665573,-4.513122852216993,7.711416000536016,-8.318857275588892,-0.22022555976504934,2.453257243395634,-9.22902164387013,-0.23225877920570936,14.344524977168739,-2.361341858344156,4.0170682712666785,0.9623355114915643,-1.3789822772893499,0.9414210078770523,-4.084209043475817,-5.4097611793446925,5.551824741060481,10.534540675552316,9.778170325315196,-4.6808288628807935,4.085127185890309,-7.653342085438678,-4.157994399758696,5.822814836005125,-7.5931981261684225,1.6450037917675602,7.4793701318588734,-3.6396821288221344,-5.276900019903674,-3.0765865316972993,3.81069904518388,-10.369848704768295,-8.061829598658164,6.97341748903332,-7.710118370031543,0.726679159021326,12.266430780160858,-0.7830230446337714,-5.075427888761534,0.31840471317475605,9.698888068743887,-1.9363641029786403,-1.5231346363397273,4.562178927126141,10.774157591926242,0.2393974889672095,-3.666949962487135,8.306933373552933,10.180899725841465,-9.532379690596374,-5.220107797781497,1.8043710026694186,-1.4458743738228905,-10.269254312984556,-2.3017025370091875,-6.668428205792538,1.530699504682549,2.9378582206490456,4.656477512390947,3.084312733196806,-2.8017107582950613,-10.74105535325899,-19.077768176624748,9.040834350242159,4.3776231709230435,3.6794217568909895,6.986746735001121,4.072449830150192,-5.28164356089515,-9.964518471126631,0.2003139469800576,-3.5577407824961,-9.587652482067556,-3.2173361301062533,-2.76129729854393,-5.540785888486601,-2.118141914948062,10.837737701421267,-0.0642909361313414,-3.110647029665815,11.033082532314154,0.023954942045118277,-0.22653438478979337,-5.8033586010990765,7.4352025749429185,-5.576062881294838,9.428932878869828,3.2334961973468097,8.713020939040147,3.2461575721946483,-5.908486980458298,1.8419199673389626,1.298651080798431,0.3347924604442454,-17.092377311338666,5.110715912869795,4.176572060126766,-0.1167414024647222,-5.5029387723510155,1.8947807818983193,-8.047249158414818,-8.345702050806635,-0.055062514430721354,-0.13177829603064223,-4.217358004263182,11.12657472823021,-0.3996554808050122,-11.432763598432585,5.632132886119713,-0.2434986578486082,-3.191011993898409,2.50348404444144,6.287944993915713,-7.093271840151014,16.244839730296903,0.1762130997943221,-5.198732872521112,-8.612840435260818,4.628216601773415,5.057762708665077,-11.504950711610649,-16.063636376429503,-4.643319303490599,0.769567062507865,-6.427140006438319,2.543947588270303,10.811131857277395,-0.341204883729771,6.881109182923015,5.631161163596769,8.087370353159363,-2.2606348917686065,-5.71301168409855,7.727894046135998,11.473818681621134,-2.5052641323721456,-3.824852679750025,0.723270645120133,-3.926794290018291,-4.183900004605676,-2.0633679995672054,13.144042936022595,-1.0921879355873514,-1.0687877409842572,13.943363025479647,-1.7746667400768175,3.6285513407551804,-7.520989298302682,-4.6392135955249385,1.0999055323580653,-12.152972043610983,-7.819886207730601,-11.181021014558812,2.480991394743871,-1.5169584514746717,8.89226862547117,0.5349760893823474,-3.346387208461758,4.3804435168834885,-5.178249627623794,8.256988567759624,-7.33879060310313,-4.971174631768312,-1.1700192198608523,-4.310216065026237,-8.233100294911884,-8.498658299044012,-4.197392952090026,-3.5014907984137533,0.284624583163422,8.2295141741887,-1.96175796084275,0.15334636415336422,-3.566377853686002,-3.2282800218312118,-12.071478359285498,-2.84067831811217,4.6468512992884765,-4.03698947861071,-5.346971495654133,6.167800057759262,-2.4158211283205464,17.286051067762568,-6.182413906077169,3.5073094693453326,11.934790552049298,-1.8991033391592345,2.1345581262323887,3.9046125200262893,-2.0571957059106714,-10.378917318315782,7.373422821966636,0.5328466743169136,-3.3149472319393105,1.4013032470657683,-0.8363928130154105,-0.7396009515893215,8.79498065200256,8.531111055702665,-6.344237392723952,-5.254466870521662,0.0764223100111121,12.476971606045497,-9.85783654486329,-5.308933828179875,-1.5046127797122983,7.247848190877571,-0.9875044237990493,5.224028596689767,-10.58122907472948,-4.474110251620359,7.18371280313199,-1.1833302266683183,6.12144293735671,5.244284711739094,-7.197141230131931,-25.012021469728136,0.2350700807233681,-0.37933968810771374,5.303764185600176,3.8137158202187793,6.482973272140023,7.683709157795176,3.35376957245641,-2.798529052429702,1.6129692242621076,-7.511431529740678,7.98369515138474,8.592319798596574,-4.6759966787952285,-5.938046196783278,-1.8501813543325443,-1.3339611224903254,-16.48797372025852,-10.613477062677374,2.992676774634196,5.3464601221345625,-4.725571611211749,-7.150014168107422,-1.5093903869076069,-6.975133262438286,8.995793962377254,-7.263289190288844,-12.539770007059671,1.2324915366733125,2.2574372153578572,-0.3865567590689444,-11.029049215649632;-0.4023431548514165,-0.40025555567123106,2.1982796511556564,-0.38594924032943867,-0.003275203645498881,0.9809857304641247,-1.4848214098653911,3.031640957174872,-1.4254035325224326,0.8002947009865062,0.30706207631828164,-0.9696636113625874,-1.7558254951190628,1.6920716302348895,0.8954735071919829,2.8066786099195014;-4.917436049403555,15.411032144406215,16.394068430771895,0.24745688798637078,14.405983820007119,1.2930889865403052,3.013663590731834,-0.23147944479384797,0.6732313519956131,-8.027941597657941,-9.27078947528505,-6.995750497396416,3.3254550917107935,4.558959717585947,7.057184560794536,-13.991252153685398,-8.770393111082104,9.180833884685315,-15.888277127780269,-3.0006567709230136,-4.439337536309549,8.662434097106718,5.226329338758948,-20.857127442999015,-5.490325529554514,1.7967051438822628,2.236478093948449,1.1267116120418015,-14.470794285224713,6.251375847342587,5.839391337141983,-19.466898083205756,9.935035634479473,4.449335197058245,17.54089038482262,3.461867314360874,5.078842772123373,-6.086738024706264,4.917626449823088,-0.5700874152475439,-6.245215078386011,-2.6632586728571974,7.909463210148669,-21.469711166509395,8.684150008398575,-7.213560063223253,-10.504924175616072,-12.071979854463507,29.779794175796653,-9.06311482326256,-0.30614835487276526,0.8820950939453498,-5.423599985756654,-19.282167092311173,-6.35331163246335,-4.802593077543641,-26.055213851455775,19.262717357060357,-2.948149791156614,7.399723667613235,16.455480103275885,-11.273856565235876,0.3420073833701386,12.344057558284263,-6.27992541343243,-3.490429320784124,-5.380010667957593,2.828393362878319,-5.872560104066717,2.7540459845395104,-16.48752859138384,1.2272541217060486,5.448495135237872,9.42638586864734,-14.537921706348286,-4.2797613439937345,14.543183805409985,14.99301611471794,0.2475099910477887,7.927936304983626,-11.045806999354383,10.779328475488885,-0.38278651314869727,14.2532483637976,-6.188967014059384,-1.8749141938950569,-14.746895446197042,-0.6181121309989317,-6.0919270676309685,-0.690032314920485,4.070555514666362,6.919503678391248,2.635039880767845,8.582705379018742,2.5535988894058006,8.07554636623162,3.2540723422983193,-4.986347878454361,-2.9831460234138856,16.93588535926947,12.3316857689795,-10.114544931278587,-17.725391407027125,-14.279542171794361,-5.3227707518628495,-18.335701846518873,-9.047458891365514,2.471203085699364,2.8210164754733356,6.745074810450969,-16.64252110765962,-0.1749766375750177,3.5758417520668573,6.010716064001787,6.569790994719352,2.5283544470523878,-3.5429493376766406,-9.046125315557848,9.304869352503573,-8.056015691909254,7.093425110078653,-16.238981067851213,5.2466845160757165,-5.4488364833331655,4.424618960800521,-19.44376242186702,11.554804455412587,-10.535611095220467,13.987855811504128,17.886910607255324,-3.4170732564188224,-25.264398820460894,25.969727125634336,-2.0657546465833767,12.10802461215648,1.3353235843514648,-0.624418118797387,-0.657822718156011,5.5187282886615785,-1.51471607727158,6.205049905305321,3.2751792005104363,-6.112715618663748,5.014670831900622,11.646140926864975,-12.021346325719898,-22.501043390204263,-0.5612899851273414,10.777108125517552,1.7838079677684897,4.936919350994662,-12.423748844978068,15.346824831626423,-10.80558274152287,-1.9209638088241154,0.2805242352052977,7.389649092104735,-8.675180689040253,2.9601258947818514,3.3710834206163276;16.24598182899551,-1.4495089995845303,-7.190895277511527,-2.8009351331485512,10.870628016131402,15.122760723404149,-28.58997150646941,5.883368505607422,-4.160830682299318,3.736228888423742"
8,1.8246784664112794,"-3.2453568150958496,2.741803291931843,-1.2372185655768948,-5.906832947090961,3.238486944565299,-0.192649328995395,-7.873137726828548,-2.0512677154520134,1.9781339973702177,0.31060515679513623,4.179771727749028,-4.930606626062406,-6.035577722641142,-4.3693130427021085,1.3980311319166665,2.596589677276252,-1.197008543227828,-2.435579381671182,3.3047068045052463,-6.834688362409428,0.023520209163594097,-4.351645019707137,-7.883899986831861,8.26477880608318,-11.494299556654386,7.303767957370486,-4.845915945862882,-5.438595755695787,-6.297496602467416,3.2975305883240855,-0.7442074681845672,-2.7330328284610492,4.105008219058808,3.5358820540963434,1.653139057600414,4.661532241517283,4.093250833821594,-1.269278973939187,-3.3048201603334326,4.323698580775921,1.5571883143838519,4.819553498815944,0.37501881669938963,2.9801734880453483,-4.015271241635099,0.9697918478178653,-6.031705744173539,-0.6472818423380807,-2.3701772358972084,-6.198321438329916,-0.9720157801963238,2.781359072142247,3.1928363139338076,1.382798715484099,0.9743495559067648,0.09677246057290359,-0.46688033351054736,-8.576637609679988,-5.436991820004973,-0.9480559077568467,1.2249632536507469,6.539397338665697,2.9768436411009174,-6.422622818233936,-4.40427509876979,-0.6501059018709567,1.356214460901481,-3.731184668447267,2.733892639809949,-2.5753579936118323,-2.01117016400131,-4.026775778403446,0.07542355501999154,4.564414183755332,-7.512177354349333,-1.9096001803587093,1.4200677425566313,0.04943091290668877,1.9943714737467788,3.1386448714106527,-0.3689602110856476,4.985701482406977,0.4254901669517186,-0.4124070527825856,-5.022567653518306,2.1795127467324154,2.884994830395754,-3.5166825046034735,-5.73623795062426,8.341872273129972,5.3624738273286034,-5.2549161701480696,-1.7952864978193233,-1.0345846640219276,-0.6387033263251387,9.460372406535363,-0.3137624599276795,3.162571893874767,-2.2846917406240257,0.6280563571448747,-0.04910945995747257,-7.684887508998267,2.031605570307081,-2.604069452741733,0.2688449545394692,-3.041072826075114,-4.062379014644465,3.117501337426734,-2.2242134930157307,-0.8241254922531369,-0.3388663633188791,-1.8906805089266951,7.816482334892123,-2.171033043655748,0.4741343797057525,-4.219000848408922,4.020040385652507,1.1783390674509302,-1.2802831738892784,1.5029966979516747,7.127607759338417,2.6767068017871187,-3.9020767213466945,2.7493122596037463,-6.902171019805136,-0.4734477011652003,0.7135823392443774,-0.1065140510273821,-1.3177431541297244,-0.4703342110909482,-7.0471873508035126,1.528584487686789,1.621391190883467,-4.175120102794642,4.787281801403452,0.5691115676656472,5.607063796423392,-2.1751881666859023,3.921161372584951,-6.070034756195743,5.919276803052419,-5.744527459779289,1.4248954519692416,6.371326209411105,-6.657839992786723,-1.6220842582848771,0.07823477372745469,1.0782247917446213,1.5611824826819505,1.5777667665975907,-0.677920446764015,-3.396223260638889,3.2180100075633233,0.8347673784506286,-4.136683854807831,-3.569962042840177,3.153690091771344,-1.6968150041078731,0.3431190996372634,5.734837178080561,2.843745503584873,-2.6018821101722778,-0.27900567534646914,6.0701931831808285,0.7154442234963485,0.003555039731291587,-1.6059999136088605,5.104066483081041,-1.9728225634961578,-6.198709309031857,-1.158308173936548,-0.42049785107534343,-1.4162722968099186,-0.46781956372295097,7.109227066909934,1.9717146874650966,4.929842578553755,-3.2522859074621304,1.191060125446026,-5.223322748577095,-0.5330651157743344,3.6624571570711044,-0.423024342263438,0.040757840476529195,-1.8987498991741416,0.26982398323033185,-1.1313447179587965,0.6324614263179994,-3.8257559605271902,-0.29610355586392,3.6357029945220845,-6.912445692537232,-2.401201807707407,-2.1019568687546712,-4.374839565935752,3.2656499587880146,2.621515052170231,-1.158911603246174,-8.60454613446542,-0.3852933339610154,-0.7889728278537411,3.219114068003067,1.4601149175335097,9.788881924012069,3.3018377639713807,0.05402687251632354,-3.9429393761440625,0.7299805694307899,-1.4667370681784615,-4.032563091814598,-4.812538715006562,-4.733622062283873,-5.106035557693888,1.8240890701011985,-4.1317707485834205,-1.2997562919036656,-0.3323001786893318,8.986715059860812,0.7281778615166402,1.5341262264751456,-0.33306825136400864,5.507568234552565,-1.9907420763296388,-3.9581711524775565,5.344538900034198,2.8001757594532624,0.9526085876426834,-6.47843740947485,-3.716157538017827,-4.593041042690343,-3.9640267175884922,-1.2889906968824363,3.0224149142708425,-0.30685980790011713,-4.937039267702147,-5.334383620282629,-0.07521995650666108,-6.038166557232061,-3.0884133113100303,-4.12624056298867,5.1373007422584225,-4.469426435722663,-5.4657065700981695,4.019832439591304,2.2607168927872077,-1.7438008652387196,1.5937382364099222,5.412945262449622,-4.533997301793341,3.8015146623611895,-1.36623719819505,-0.38296436879325957,3.1622884072990463,-3.608812356774969,3.332948378191905,1.94793393193651,-3.5044717195170083,-7.731497966880809,0.9438931371908026,-3.3976074084286414,-2.6220534664162427,4.380500139251288,-2.445883883707601,4.566722075766071,-4.431626903210222,2.005943818051504,-3.733760879816097,1.283449412615866,-2.8627854185294335,2.7703149316241107,-3.9933257987717687,0.456010527769392,-2.007465764720616,-2.145608373426294,-3.5436883650542175,1.87238111184781,-1.415073096002399,2.759854822963702,2.473078121192376,-4.186303468970681,3.900786911039328,-3.726641095985336,0.4412538531911183,-4.224304621411028,-4.305776919328855,3.2148990716391888,11.254459974560008,0.6227971891629174,2.4507454178361208,-0.9767111119968983,-0.3850346742084898,0.6796054935409501,3.3865453287269065,5.514054246192859,-6.408437787499963,2.2069404492649567,3.6179369636662604,-4.244249429159286,0.12225872382683522,-0.45777796108689417,-2.0888172708299697,-1.478229537817886,-1.1290257677468507,-0.8429376054298661,-0.2463492568998371,-3.1649310047855392,-3.6060249168443956,2.0858953736350774,3.7323207582152644,1.3956919663297853,1.0128175687801841,-0.44738436438231627,9.049135025771568,-1.8449099257954635,-9.637147797884655,-4.3474798211862495,-2.516359202459135,-3.352037189860533,3.0736300919490893,7.573154052972904,-0.2540215504381078,-1.2592504763284966,2.1345212099590514,-4.2919989612755955,4.725398301488399,-5.293972317503512,1.2895362104866677,2.274116454881693,5.4848727809295985,0.925238058333968,-1.0570061618853777,-2.210609979232624,-4.8967262709383075,-0.9228263144547415,4.717986719101063,-4.764268978850956,-2.018133395067913,-6.286713088344092,2.8818493239224523,3.2729028179210733,-5.604129178029314,-0.23798488437671436,-0.05103822295414634,-1.1158070213052556,3.2959888353601596,2.754037370998017,-0.8623717411724181,-4.452948980571199,2.754675502878621,-4.2830197711445805,-1.6392939566660505,-1.0874341556820013,5.568538623953058,1.9290311765169086,1.6685745996492842,-4.772399810973062,4.591997915559982,-3.6892747064047393,5.073012835585164,-8.30371130080618,5.6284653636646285,-2.7509514893823925,4.200898583826534,1.3671631295851314,-0.10668535311276983,-1.719309626514793,-4.03359729164242,-2.752180556111312,5.961396736057832,-1.6284560626446578,1.2478736482624475,-1.7812600567924162,-1.108614175129627,-2.111011156684919,-2.2666145663643036,-0.2813542367357803,-0.4770070846715749,2.7731704966468484,-1.5638368738903607,3.5111496106205906,5.739691220035075,-4.177956671821454,-0.0024336874836092814,-3.5550680896385605,0.35103636630232643,1.5440021495075444,-7.494073334683945,0.6113232566783172,-2.601936924998299,-0.4037617786305212,7.423964669153406,1.320745547440557,-2.7690722393802467,-1.9343367533080003,1.2879516251324503,-7.148449855820644,0.28734492859091193,2.0669829104155415,-1.5810369719570807,4.482059752436138,-4.9374110820702315,-3.782451439174227,-4.847109484192449,-0.2135634164373656,-4.693077229878645,-0.09844270477762365,2.461838924871791,6.995542882198032,-4.125595835195782,1.4816556691282465,1.118346374020545,-2.7984007296786886,-0.48626231595889424,-0.2478300280323581,-1.928070072179884,-2.291522827598483,-2.8003807821131845,3.0529696943799296,4.588530520941797,4.886356880527268,2.083306125954665,-0.8997709224508554,5.306224138026383,-0.3669171405706375,-2.1755057886997307,0.45104325532468725,-2.6270449128119284,1.5587764842765948,-7.700567143437334,-0.32547070818556434,-3.1771894495114807,-0.6311209064505099,-6.2431389814349085,-5.354810687439044,4.377696997843699,-1.3638556084517999,3.080837857273928,0.1824859682916206,-0.31700694492964154,-1.1514709326823047,0.8940507026196605,-1.8305298045919547,3.340844733450347,-1.9010697057538675,3.5295952323711193,-1.7970440231053253,1.2361117794607894,-3.159955280503776,-0.17216092213860223,-5.273462370340601,0.5589632315681583,9.465892268406401,-3.3263456760434096,-1.178716230335844,2.7640319957479904,2.7324612966756985,6.518741131891549,-3.0654543216616896,-0.6555634658699314,0.42815009558910044,3.0034114338645694,2.0983075867392946,5.830724043555556,-0.7323385085564775,-3.9325187137623367,-3.1070001082288505,3.895128482909885,7.0296745045645,1.0189641002097987,3.993775518599005,5.795314853535727,-1.385329134221827,-0.4774615262517148,-1.724455830494212,3.3491164463431904,0.6995188911637513,1.6704117641257,-2.6666976158060676,-6.074401835336333,-2.3339423962750665,3.78935481698121,-6.228368087216438,-2.225341653854668,1.771984188695779,0.052384081855820996,-2.2793592582087463,-5.182259940768773,-0.84691036275065,-1.4985728034208328,0.49748189281023747,-0.32659324162225317,-3.9639695673302153,2.3367074629860323,0.24125831415077814,-3.8302811315023946,-1.4377571462363745,5.969275140352279,-3.6885130924517853,3.5884779508680333,-3.1313782274573727,-3.9328830589174015,0.8615406451392722,0.23606645446761354,-2.7565856556064,-1.2604425785807072,0.4897359077779303,-7.007967429186372,2.2986169045332616,4.058466567774083,-1.1776966750442925,3.283624018898139,-4.3743184388027885,-0.41516059087682455,-3.8317135950297803,-0.08968600170308494,1.9712064206338107,-0.8719057940245192,1.3281985678877215,0.3742974851291945,1.9580621216487406,2.2294565289760766,-0.15976931125632426,3.763804317801463,1.6823502395874745,0.3298949540434673,4.803495090636602,4.150922882108695,1.138986513629769,1.914677049699434,-0.4583840916954348,0.9718047678074226,2.400262512296457,-3.3576076984090215,3.8681952471532375,-6.715150215744579,3.1004628836515056,2.2155669706430596,1.9362086662292761,-3.1352207252438067,1.4822049366552448,2.758765053315919,1.8207037963600987,4.784402966935757,-0.825082218246372,8.224828022515453,-3.5149235695969683,-3.707789661322985,3.5285574196513876,-0.8867048604410012,-2.1418994791307426,-4.681595866837212,-2.770480218226476,-3.283238275770629,-7.062784337989303,0.18123544557752624,2.0939302645243734,-5.080394769638423,4.342289978657801,-2.316945295548617,-1.7537078605205982,-5.942233549287,-4.292984388892371,0.2683886341398687,2.6766864758367293,-2.054096527010443,-1.9638149990734797,1.338443531097764,-1.3219409642938589,-0.2212499090655758,1.1442542256230621,4.462449280379345,0.44248513636699194,4.296666435683978,2.065286916414316,3.198014440981548,8.587252162434222,-0.2388699371824915,-6.654609618741736,2.3486820220605864,1.0870102748560004,-4.916184786444389,3.988670299541579,2.9369101189357263,-4.838482989695847,1.5487927365439587,-0.17640899498006524,-5.34214705255097,4.785190542214313,4.3775030165999,3.816898729818031,-1.1810189262047668,4.060447202457966,1.799350780978609,3.665438075381993,3.2735854965957913,0.37170376565623164,-2.5425078890371484,-8.589638253430046,5.900784211653299,4.596945803403719,2.0905318206671333,-0.3056289816728015,-0.6965931421398589,-1.0810141075111752,2.6429472373822054,-0.1376090537492365,4.9308875034459865,3.0052499610508363,2.894271859185602,-1.7410809903596693,-0.0038855363247627395,-3.989412599037418,1.135604458332216,4.059190674969795,-2.113222723733544,0.2200915094238668,-8.069075236056372,4.6250799777399845,-7.139614018055946,-3.8324356648383104,1.033112402844119,9.725594273215515,0.7397114124535903,-1.735207850601151,1.596866609789048,-10.496763545919283,0.9796412340216167,1.5666767947806024,2.031031996944942,-2.867555524209499,4.748580402727021,8.625951799272606,8.595931314394953,-4.789720754741493,-1.6069269158513064,-1.263286169968568,1.4870931416871858,3.238963690687468,1.4155750947235264,-2.235919944992033,10.250658161984372,7.887662533016666,2.6945905743395526,-1.6606625995956144,0.5531106764106813,0.4429077419152816,8.42763852149786,0.2436998399793313,-2.677307985916372,-7.967286600282928,-6.259097563649204,-1.5958717797385789,-1.6858643675608174,-1.6812491797164402,-0.8115151827359695,4.924467180134178,2.5819214244750426,-5.789702989763019,-3.0680484274838085,-3.077722469156522,-4.698960462574453,-0.5625809824678646,3.6275030235563235,5.76514638332042,-2.271593122336106,-5.816133408739205,-3.8628813899986367,-3.6754840819574346,2.9657809408822224,-1.7128966503820324,-6.367398650170852,-7.942071078113203,-0.19684921615250422,1.2445101522103794,5.962163759770632,-1.623576631079802,1.5522813437362353,-5.077924306282798,3.4578904516338036,0.11729395609391075,5.017574160160206,0.20020499800715646,1.1324602706369808,-1.8790912068990162,-1.614002714615689,-1.401436055600898,4.6773187899236115,-1.6549518713972715,4.590137451440549,-0.15654807697531004,-0.6285952811191762,3.2436074369587087,-5.948399332197505,-1.8180362382816682,5.028631247376,-1.5165414459159883,1.8911688609772102,3.9710190798888165,1.2719475545794552,8.624690824617083,3.445737593879978,2.0923236856666296,2.2582327799193185,4.566400087794251,-2.190212433695324,4.952263831608513,-1.9415120428587411,1.2786225998015954,2.154752598440289,-6.013102470236065,-2.7382016315568074,-1.294665703187706,-3.1283563330544815,-2.094627964829094,-3.4498236912903204,-0.4486926982470214,-1.7361932537378861,-6.685359430832862,-3.546681924419647,6.133130518173294,-1.2980967890525954,-3.268034350241023,-2.364637958315001,-3.435998747545921,1.6479245745674136,-1.8586190742953983,-4.717915812580543,2.4466326247967602,3.7861869025237516,3.4879404913301792,-5.2239686500427265,4.174096120692809,3.5749844919429172,-3.640657351726746,3.584603057184034,-2.2341234085525095,-3.2324631880275794,0.229741630396038,-3.5503764613497912,0.574540944413459,3.3736049386686267,-3.862212108837645,3.2201216242223314,1.7939228677812538,-3.3681880072869057,0.861666319557475,-1.8584636506078334,1.181313017070195,1.2665617097147053,3.06067917097766,-0.7760847170203735,-4.677488325069558,-6.901034667477811,-0.41243223661034845,-0.6556504185479743,1.5580996092023964,2.4462861627137062,-1.7919798705538268,-4.017172947901279,2.4925610108445984,-2.0100770859959436,-3.226472764178904,-4.089929614246276,6.26413984614468,1.6791414565998937,-3.2759264262273344,-0.015358071631887626,-4.0888415794503175,0.674964361039128,1.7622084077647338,0.18475379496628616,-9.768439988345522,-2.579050557944805,-8.880460288930438,-0.7871479215623484,5.90029406896312,-0.39783988943965776,-3.421210694299867,1.5537413816363086,-0.11976453745474303,-1.9514715203344195,0.7262119401668135,3.661994925504157,-3.718551657664564,-2.755436485538177,-4.654518262617636,-3.4640625133524363,-0.2093115092610644,0.5500837562293979,3.963921621266704,-5.784962407713754,-1.1384888090742173,-2.195442499619357,-1.4672657581933128,-0.049081358990724855,1.9172952111437227,4.29895765933373,-3.026139065201816,4.408118117371456,1.6258242128966667,3.79858511395461,5.328196941010123,2.0890881031457953,-0.010750916492931362,-4.188321512630459,6.647460148249147,-2.8359796856448343,-3.475267236434837,3.0447070189382552,-6.913449248121746,3.1986303604304265,0.7556965979144075,-1.803979555330946,6.969542270602292,4.042709954617251,-3.434193038815968,4.191646710867213,-6.565328351429895,-2.405967805063529,2.127898361563886,6.961121259243205,-5.588062938575236,7.88727652644226,-5.1701256158885585,0.8942180528706392,-3.418942170470432,-2.193667065817378,2.028210523718931,0.27093397862520097,5.021919325810823,1.336493440060658,-1.4697380479121733,-4.980183672696088,0.46002025352997855,-1.2921573938171675,-2.4431614811079085,2.3533981649225444,5.397212056539859,1.6808237708324465,-8.377508602901756,0.5485770938100782,-4.281697085514436,-1.036080582880401,-7.218796990501644,5.077412772533549,5.404803500844629,-4.878741770100965,1.3194343498213366,1.7832281412118287,-1.6673988462598042,-5.50681187237116,-2.447713641011751,3.923269700759064,-5.298414763150664,-0.2067937749919873,-5.546452647155637,-1.9252727522975999,1.0507587601497126,-0.5957776730867891,1.466697920894981,-0.8385427227723421,-7.472152036739786,3.758534441070261,-1.45217785005343,-3.776056896736172,-2.770834712954959,-6.9772375385673815,0.20778296331351043,-0.10398896177272565,-0.99487600522284,0.822976728612282,-0.22887003121252802,3.6193375413648585,-1.000791834550426,-2.6416373409212532,-7.336503007796956,1.968699642065426,1.6295055288666593,-0.8624250038784007,-3.231132442133488,-1.0804534180411647,1.7744929487354106,1.0849198171383048,7.7040473836336485,0.5833030265867596,1.9659583240782748,-3.230843161720649,-0.07095872738455763,-4.4333920675781116,3.815805674286142,6.930558347991259,-4.588374867668496,1.94573406975441,3.160105231642474,-2.942753778478949,-2.7252726782884373,-7.599735297133208,3.989699211046923,1.7607470277993178,-9.519501812796221,3.066205185787528,-3.942336647796962,-2.567871466847341,5.929357250428115,-4.382232125339196,-3.655166323707867,4.700893462609299,-5.042909336047188,0.061564211876256936,1.7876204464917091,-4.049870508867253,1.0819479786136026,7.840144680784014,-1.0843915997594282,1.6797194009785867,-0.6807721198093808,-1.0802623636731656,-1.0033285208313547,-3.100051182493382,-2.331697326593181,2.3172462416867536,6.675223554805282,6.421937161420429,-2.2864048278829214,4.574681652538716,-3.1845845241636064,-4.280783603053965,3.381669267929505,-3.9860803531194455,0.6556794217838995,5.631278471161275,-2.9853472935601832,-3.712468803608866,-1.7945403336938806,2.875638880005736,-4.38906817909006,-6.270210334648219,4.674749893895198,-4.42638035394246,0.39674630157579527,7.890420392891661,-0.32285528960286647,-4.48893260275052,-0.8767455535498283,5.216124153561969,-0.4836324555195459,-0.9464193614697662,3.952680248866791,5.867630352122745,1.3041042206220532,-2.764621916779453,4.504851854214075,7.048331432058728,-5.160711588772395,-3.3621488703617923,1.060846822218514,-1.2356004072522453,-7.451552967559453,-1.3277276738532946,-2.9107343338392897,0.020214482811657164,3.7193708823992973,4.6996625794788365,2.764245230468868,-2.0245099752052638,-6.772337237512287,-11.196822622785023,4.633372266432178,3.001937685541058,2.3154407551403935,3.6280821395092318,3.4072896752729194,-3.5504255048586333,-5.679061995086394,0.9634806903713413,-1.4934891150369358,-6.474913015078909,-2.273531839593713,-0.9910975642721376,-2.0856521526559577,0.293732077766218,7.681944030394842,-1.3861129926422748,-1.973276119780889,5.700534247978872,0.4216720516721356,-2.268778474179927,-3.7618597069089983,5.113628983567122,-4.107464347347387,3.150741033064953,1.7022943258549792,3.38166706545995,2.729009490426276,-2.7244143629261166,0.8096556686588541,0.3893155637741209,-0.5224302454684718,-10.374695764242592,2.2513996992688234,2.7348490715654163,0.0673521791988243,-4.052815097131323,1.5740872135573205,-4.907605224405575,-4.544292771987692,-0.0915989675758018,-0.8301457818956224,-3.048757702469096,7.05148752903491,-0.5202525474902069,-7.128612377947087,2.8409392075544195,-0.9355329376611503,-1.2019540163298532,-0.7272452184961872,2.879105345248124,-5.419148843563814,8.93974744438691,0.33071216162145545,-3.5272817199973803,-5.454434867858715,2.2708938797750617,3.167872592103465,-6.251180935411238,-8.686647813751566,-4.783407393314765,0.27716525668784175,-3.755554398123445,1.3318365938621932,5.796628696956857,-1.2052807789512248,4.5105131706871795,2.4047088766822053,5.378949423183472,-1.8282437146935486,-4.5687852223551495,4.90985952530634,7.081947931726158,-1.7042342831612916,-0.886127948824253,-0.36142046355425933,-1.0626145638041946,-2.974304331622281,-0.8226078018274185,8.215875970740818,-0.5924939673187315,-1.8725762252726117,8.095094712335493,0.3613288136730227,1.6052615835846895,-4.135654398517434,-3.631662664387012,0.5866177054205539,-7.159215583360157,-4.940262210804929,-5.660082928304707,0.7580095773785736,-0.21290808352110824,4.140956557269917,-0.21272897847844385,-2.885437196923401,2.9654790654424037,-2.314838477353983,4.697106418807253,-5.058621247951676,-2.9604585181054026,-0.3727202641993189,-3.94690054404288,-5.557196379966789,-3.5322124526802434,-1.5980495718793393,-2.2273638822360535,0.25569071981634073,4.61379895253317,-1.718795628244782,-0.6449542078059456,-0.36601831550500696,-4.564684051045659,-5.995392415113523,-2.219452834411023,4.021643826630518,-1.9245107356770885,-3.4521968810028314,5.022447242248125,-0.22920198491882393,10.1128505324557,-3.7893271413623175,1.7630744553118376,6.874741329034504,-1.4929335084564825,0.5551967004599812,0.4075921627127508,-1.8568598549448583,-5.66776610132491,4.3774282037604335,0.22030802619949608,-1.5402236599828818,1.6284858671430213,-0.565105050263119,0.05907373078657252,4.236026408817942,4.154122985234652,-4.726042843148538,-4.697809494211859,0.3475125186689758,6.440721571859359,-6.049856819042057,-3.875160049440085,-1.1931712632989708,4.169481859090874,-1.6311373435901162,3.877807034206345,-5.163390269115105,-1.7835837167226865,2.8556914171564585,-0.3280265088116563,3.0464797551785017,1.2549678255833365,-4.799369732693823,-13.844649271596339,-0.9449772061225814,-0.8716338788776476,2.9879138131415868,3.1649218298178243,2.690310893598468,3.749063838997013,4.029363877429378,-0.24845310870646137,1.336974196760766,-5.2874628508325,5.463124972885558,5.069820082666392,-4.234184461672921,-4.430554922808392,-1.4241375792075663,-1.6254205047420076,-8.967268490575558,-6.501147548382854,2.126123176398308,3.0451814619234248,-3.588866078560028,-1.8083947771400668,-1.097892043928042,-2.865650661983647,3.9568108831959727,-4.6366089062512685,-6.560316552900801,0.11836633483654524,2.5008341247511807,-1.5371529110050013,-6.775599567487074;-1.7676194199904702,-1.537024890939141,0.10190203851457613,-1.6978409662710536,0.2864760153058263,0.1147399062448855,-4.014115372323372,3.977914078344504,-3.831657765800307,3.248173024239019,-2.9961174425976247,1.5286696053884326,-0.1348637826425305,6.2984847441087135,-1.5165658086044027,7.039919628942238;-6.8435743155574125,22.79239100089248,26.915463764094824,5.101636201692962,21.742781910381595,-1.6861699715854552,1.589990870281352,-1.790147771781466,1.7430702786872176,-7.891127233283715,-15.343337787475352,-8.884938994628481,4.879585551390239,5.18123117897189,10.164169980471204,-18.02502918215749,-11.663111243033288,12.142547613557698,-26.09756418364066,-1.982236477765111,-6.990228935474365,12.664547091402937,6.683771624403482,-27.17198325591031,-12.728899945362054,10.130563900128681,3.4516709045383456,-2.5703527474795616,-22.682948259016598,3.051884388734076,12.106175252790177,-26.32316568050548,13.145415417368952,9.869071477552438,22.705219577588878,10.697212013424476,7.506398221722013,-8.975053035012696,6.5264436883308585,-6.307801352140604,-7.804465831564129,2.034266144521456,18.335812825081028,-27.58374944498371,11.807042751591553,-12.414457426032763,-18.977309500921066,-10.209033166558038,45.56544119482311,-16.509662793275574,-2.924552034196776,6.587352630669856,-5.615691127385828,-21.88712698945151,-5.528199394378355,-9.419902528196605,-41.21893695887054,29.515357006253257,-7.851161036803321,9.486041880112635,28.49097375827883,-13.439925881479793,-1.5506195460208627,16.161232229737443,-13.154087693262838,-7.269027931426279,-4.9709222587865245,4.149166350615424,-14.341558432227645,7.377469703231905,-25.31160923166722,2.535801247620192,6.027992239812988,13.66030009591191,-16.244036458327315,-10.427118990494371,23.479077323448138,18.697266519995814,1.5138643756559644,8.590320056162376,-17.456582332795122,20.870655671433497,1.0276567223872457,23.985729873570328,-9.695693024043102,-1.4094909674839322,-24.23230505948053,-5.730938377403929,-6.347572081010745,-0.6516763517007822,12.729280335991831,8.745982058464412,-1.1916170779788544,13.87087931962592,-1.8765263768745788,11.802801377404544,2.654507668230979,-4.945328610573578,-3.8324695093192824,32.57910883658454,16.092678099848257,-14.531679656306675,-29.243993556443098,-20.486729816516245,-6.617321740112023,-30.374057275792673,-12.525239134734322,0.6186389227131822,4.310780070584097,13.662762266412974,-32.51302822458956,3.0923051837021505,4.853715946013593,7.731716507750117,9.701969978083646,8.505317426353606,-2.830958338709386,-12.262202738699099,11.180550240482237,-12.821400616860641,11.927948654937257,-28.02428093877259,7.022291252982036,-5.28847749216325,4.122600353180196,-36.5978215174912,9.861416349103552,-14.985775402930859,18.23566881771039,26.173612517800656,-4.594738463522935,-37.70052557057838,38.839992356088885,-2.498811740374193,16.677002467080143,0.6930280762723124,-5.8393492517142604,-2.432501078180713,7.298614580879154,-5.285022567254284,11.86983176361452,2.993215482059999,-10.685360387163783,13.122347921235306,15.263264729747272,-18.91763298458017,-34.80946714111353,-4.452052589273192,16.86183630146109,3.853733061382417,3.8385154414161784,-16.878707900426168,25.823398294577423,-16.50267045582838,-3.68724848176131,3.581495342232347,13.705203850894442,-19.52180558011912,-3.3768563032891143,10.304932136779993;12.879431881127676,1.1935722302422793,-5.2391101129709,-4.210131864443509,6.747042434343513,10.556715867640039,-17.42583513942514,8.146711514818106,-2.2962906285327334,2.899972396148135"
9,1.8181503512745254,"-7.134006127270292,2.9376677338479915,-6.310678690762789,-13.987674299846384,7.259339754547403,-1.546849313677317,-17.162507453789832,-5.574515907504866,8.094189654134505,-1.2977268240949076,9.334251570929387,-14.34746847911089,-15.028657125202729,-11.889867604409114,2.668488774949913,3.3358147192449934,-6.779913996376838,-3.6008796117803086,6.643860237067195,-17.84039127827208,-4.2888750470215875,-9.314029984552445,-14.375883608038379,17.938056564181345,-30.731329511487957,14.228962301769347,-11.930090724664383,-12.69911897132616,-15.384783250405434,6.092948003284258,-2.1099850372599205,-5.0529955090917325,10.800448940954848,4.740081672028522,2.6906477426277453,7.5332809796785,10.436653756098455,-3.738867660391522,-2.352359742161262,6.886787432288849,-2.123359202966399,10.403398440507146,2.717692723898196,6.779383290383837,-7.6765603737048655,-1.6633096499097755,-16.074443921288786,1.0625353722115725,-6.599672286197392,-18.188059510458906,-2.028231089144418,7.988469653352054,4.96623882242007,3.0792647474353716,3.0712190582095014,2.6573384270572094,6.696532977185914,-21.651294881207395,-14.439711756277664,-0.3796352785935587,0.07380118684742709,13.645581869360623,2.323900483126603,-13.571058343818443,-10.322216719696959,1.1996153817333066,4.902720105442453,-1.8019667128070553,1.8180733832403573,-4.461260864949576,-1.6036596207361624,-11.245683601053987,4.657803918038052,6.290788962075295,-12.47337475202623,-4.1922977590570785,9.837634667260517,0.19215876761782602,4.960649601301668,5.800183277159659,2.449234446556652,11.989186708498309,6.548581131549023,3.2430061050467143,-15.221984184817678,2.5316743807837034,5.360026404438013,-5.423896267435415,-18.838472708363668,16.83444079761721,17.146602851701243,-11.81888850827849,-8.018799188343266,-1.111008838180037,4.389836264960261,26.36879779049199,-2.97736775973939,11.5997028986582,-9.73830898889879,0.8366878997840814,0.24408343448233483,-20.962475988651768,1.0570100534669766,-4.874261826597559,2.5089497457083647,-3.0603405485570265,-14.602265127648042,7.7778946360598455,-2.8169262473685492,-1.4566466962503046,-0.24048165832362456,0.43532823396390175,15.659219359550912,-2.2892317155254647,3.2123173491557964,-10.748506950133121,12.910400485411209,7.472357152789577,1.4712492129750894,-2.846195988412526,13.550461720564957,0.6293199642712345,-13.92102506066485,1.4733838330008746,-12.690823194540677,-1.4623300071553533,2.503906203397558,-7.023349992015707,-5.4090109678754885,-2.7461624696260447,-16.601050838686106,4.486622204519034,3.9499558863135755,-14.298956411648884,10.991728828337154,2.4755915238332573,16.553152784914825,-6.1639446612152025,11.377956640026811,-17.002749585927546,14.729615391790865,-15.737750407168487,5.9077726365748875,18.923476584775358,-13.707513747432754,1.6187212025622195,-5.426956969943203,-8.864034435703648,-0.7799203000955284,6.52122442113999,-1.5795648821138735,-7.7033128033531,10.88758285293332,-2.804075088305842,-12.3803775603331,-7.825666557120906,5.955249747603897,-6.274455510968719,0.9024247992735688,12.68374591515591,10.28294085284767,-3.4908693584219774,4.340764176288526,15.256902517678881,2.737347212682796,1.0384926318043233,-4.56449477515088,13.917032554478684,-6.752604780537533,-14.958682286421325,-1.2573620196231299,-3.1447796285908183,-6.560080781819847,-0.08466102158119881,17.19422115768154,4.64857192859604,14.199846198088645,-10.350334781939026,4.9927566430369215,-11.777576772159238,-4.574971938462278,9.614780781881981,1.9358016877337627,4.464879261872146,-1.5539831088641538,-0.9935861726569232,4.451514118255865,4.46968283467174,-0.6014836071239231,-0.8433123010278725,5.856951160644366,-12.306993426567836,-0.5215485369887799,-5.108080376343431,-9.63765650303435,5.9606211762295285,4.87543916547836,-5.097254016673352,-22.246047535214828,2.638742624612962,-6.899969543416752,5.341260947826299,-0.7894209283461779,24.741412759305177,9.23312662328215,-2.4688818388267735,-6.621827970133376,-0.6114372514735744,-2.880433380425745,-10.542810366063266,-12.967377121333872,-11.73893489809662,-11.34516651346619,2.147207378922745,-11.932581128379457,-1.6410877748473818,3.6827649138671497,17.98400357493123,3.1393970461280345,0.39431557980538956,-1.203463740040089,20.037785137401528,-5.220055195008989,-11.925171202962686,11.78918836755411,4.91374548443101,1.7757853789903257,-14.206181199862467,-13.141520648567393,-13.111484560364534,-9.250529625456084,-5.720073372076596,8.55146425275819,3.8570064750873163,-14.386634966437873,-15.56837194526619,1.3757891314447455,-19.246181905266333,-6.451798874494882,-9.539526378351923,12.508875916415626,-5.773316862408079,-14.636167452646873,7.062600384017252,1.761999289329286,-2.5071247545204853,1.2712104364685972,14.33632975580209,-12.422030708470645,12.404756344760685,-4.378462485587499,1.9848255479715746,8.377702614846275,-6.86765035866749,1.9297063846943003,-0.7615927015814803,-2.662166110272888,-19.54261439348344,-1.8340084554776208,-11.143018275407032,-6.168404279820978,8.13330384752975,-3.091812539198455,11.674197979736903,-13.00323674344844,6.701827433487148,-13.760861555148217,2.823760814842191,-5.037529010273516,5.972433130757615,-4.19052144311805,4.605715497581944,-2.7495529886426153,-4.166075012557583,-10.217462273757551,4.230055656776928,-1.3324719100171651,5.54676794759655,6.322588744902697,-8.212563914987124,5.5106894704044525,-7.569628695912595,-2.2467936497942205,-10.620941106609317,-7.596865494229531,7.891642618828043,25.341166350918385,4.9924305291646345,6.732923570701836,-4.946478798024214,0.6087752571547604,-2.8208416809583667,2.394575689038339,17.006153740405985,-18.624822092499016,3.4297773985613347,3.583344528659416,-14.10987143828054,-2.662877029463009,-2.419660957492611,-6.428401444584532,-4.618641411325595,-4.445710714047147,2.450515886417231,-4.151324043759892,-5.655681156224428,-10.91075383884337,6.328957202222757,10.391320093492407,-0.38964787674702467,1.6731164996975152,-0.15600483766663692,19.87203010809239,-1.2777878681704935,-18.36656937534956,-13.002232860467846,-7.4346135303733,-4.6019321017226105,10.35697422601817,17.28784047583278,2.6888805143677446,-0.8635851017169801,2.572353048365282,-15.029187168393987,4.795640871376848,-16.528186260923917,-4.6837869750053365,7.037813091021073,17.16635283651099,0.3599148357364035,-5.271196831058996,-6.904777135843168,-12.222472460445928,-6.737538028205984,13.587578593136154,-9.99595056676629,-6.239087145730158,-17.080540574011597,6.206606882000568,7.874465463177622,-10.686845638187435,0.3991026157166312,3.2878238766317214,-0.7346284057678258,2.624435317424166,5.907063292872021,-2.0924129032580447,-9.3129489892938,6.779153855633148,-10.618189303612251,-4.117246649482427,-4.415553454099501,8.572979913277742,4.804106843466283,7.308469721516132,-12.36324595920021,9.894370923262818,-10.967998469011098,12.208701834579866,-20.22627067271798,8.55789736875591,-9.170205972345409,11.557725587232976,0.7336589790077986,2.232145523727524,-4.5362057883687745,-7.521093955932869,-6.398188484887568,17.61457249975571,0.9263974217013519,-1.034065762587477,-10.210067277327635,-5.156311402554069,-4.887090074493091,-8.373930004143036,2.481913151416765,-3.021727717180492,6.145999838087029,-7.432119643046737,8.907849260055583,12.474760389588589,-13.433291205744162,0.5391870547247458,0.8522131317999808,2.096744622030028,2.976102591249985,-25.440661983581514,3.0502271495667745,-4.489623001624027,0.2740771429529984,15.828157562995475,3.3236865233263124,-7.257812742951046,-8.000632871628705,-1.7127561384489611,-17.714356124476513,2.6474747789222204,8.209654518226694,-3.969454408218441,11.828166297865078,-8.73615723884948,-7.477301712969278,-8.243482119229768,-2.356616069335171,-12.744425262158632,-1.7348657182193308,9.466669588514092,18.58675832336698,-6.240299883453817,5.98168859220791,-1.064978081393958,-7.648497647168485,0.7583518568740146,0.09800396436744363,-2.9507165898059218,-3.6777786183996413,-5.597794496896544,9.239349694399525,15.539039770619933,16.445926228773843,6.703311856135082,-4.19338520830981,6.366517743998854,-3.2669225512813007,-6.5911603455968315,4.276690255386743,-3.425787703641138,5.541744205187737,-19.47648133779754,3.450710232614459,-1.5199641306174596,1.512371253123146,-19.037435589056905,-6.881211280187491,11.201217772661824,-2.7644264068609585,10.084932784761286,3.8126041208334636,-1.7920358516940227,-0.5834016415650269,5.096959490583252,-1.6844152359570748,4.169402282868024,-5.003578599821198,6.964153937813846,-2.6472319916406706,4.676244792311708,-4.565205759712582,5.133810488465841,-13.134845481051855,-1.9482870855003307,18.411635031669054,-10.229179603430094,-3.9434993821801045,12.235261549493437,7.065478713337773,13.766676349521836,-7.214840382721725,0.11051372484033348,6.568593334446606,1.525843116912465,6.648733693106835,11.483016841252493,2.7237534558570355,-6.674932377680554,-7.164630068623685,10.509600950207044,13.42921315190091,1.8705951099144644,6.765245577504235,12.390341766642296,-0.6933078301260203,-0.05811355043557742,-4.874008115226417,8.688233363884432,3.4534098086725975,5.464326469793885,-1.9526914678488942,-11.34249297508091,0.6970264861121886,6.603132544551112,-19.19938837266975,-3.9699967223542254,0.10159811386270079,2.3661621954203227,-6.95082057559954,-14.156935818503015,-7.882854168278931,-5.069622417240717,3.8140974083633283,0.9696267308394071,-7.292733199347832,2.806948495036152,-1.8841230176835317,-16.739560373480657,3.0021036048488186,16.953829702357353,-9.782884463561171,10.495282223405617,-5.559648990968567,-7.798666853247389,-1.8763057178619178,1.4213234509107808,-4.8447313545622865,-7.251633964993278,1.0299762012296327,-18.728753078382457,10.56549411594387,4.525933981376393,-8.315783228021896,8.137813423713254,-9.874943829932782,-2.2405607237838696,-4.311640164958097,1.9231327454058387,4.1194006247744905,-3.9519516678386575,1.9589829117953088,0.38555139243043224,5.044489890072342,3.6733587686406874,-1.3177140495080424,10.822398466302305,9.331435725436247,0.6247898141744245,12.513597758122645,6.432832062373268,4.312434900702467,6.670270751192417,1.5659194262008636,4.495635142089007,2.612135390565695,-3.992443839294031,10.443693041772864,-21.130044354687744,4.3508044646018975,4.257062760720179,4.2126613513967275,-10.012285550479861,7.2468352408746295,5.824797128859384,1.5286824944744297,10.534403802483922,-6.28007647972138,18.311921663960028,-5.755623599688434,-6.90961594355265,8.446720628557767,-4.430569679569957,-3.0894068257337213,-9.820620853628881,-3.6050114918692344,-4.585360028845738,-10.79937299348547,4.394128959159095,4.20966545100117,-12.194109016507396,6.685457167048822,-7.175101181769332,-8.856642148582972,-14.725852379613936,-10.454646855886253,0.7196563725446263,9.108127120345639,-3.4820696036159973,-5.310960229305417,-3.655998368149892,-3.352528664761276,3.393691048974647,2.3128690109213608,12.105378654093403,-1.8033273686439664,16.370972375371583,2.950062430476122,11.012394072929201,21.941961816796706,0.7728653331049756,-18.990278797571317,3.8804042185656975,-1.1002513925983368,-10.565314203520826,11.674800119248097,11.83618099992384,-9.169023311120295,3.330779390075246,4.757897437206802,-10.622598724131171,8.455732771015095,9.962328739688068,12.396881496465511,0.4434812898113314,9.713415512869812,1.5485171365076034,4.497118723773159,7.529361570014441,6.580692305643542,-6.593484747818713,-21.82618401807543,3.7859829887126235,8.606757486859653,9.15281622523004,-4.61457412233643,2.686770215525441,0.703370827830273,4.09724008565663,0.798674048521904,15.297475151620315,8.969342385732865,7.627124082183275,-5.911517832586165,-5.113288187537396,-13.596582882830795,2.2496197229268193,7.3314720062875285,-9.383875120633352,0.022762309688210157,-19.56380942328572,10.418734147993042,-12.92563233694532,-7.191553621253202,-1.870499515958039,22.22680616263382,4.484449149536125,-7.8204821855703255,1.6177317495153287,-22.37255074315214,4.173026498431665,0.7880291963861114,4.868871616968542,-6.234501764527817,6.642029158558389,21.9824022694943,24.54920208848394,-11.41593916683084,-11.017686604073711,1.7364488894910808,6.109074302000678,11.282142260276082,2.3518201252374045,-7.763303234287182,26.510834963253505,17.55276270371884,8.992738004656534,-3.493879301362795,-1.0613542979767319,7.557769548406655,15.550269800149687,4.100588451302854,-10.578620390811219,-16.338598647877916,-11.042509049935788,3.7112941226534857,-5.525120741588432,-1.4910873358113084,1.3413687500373332,5.672821589083292,8.562573404985134,-9.261458846205302,-6.163157386017447,-6.010661623921658,-12.802572833691407,-3.80633484845415,8.020850450262863,14.446780193566436,-2.2494837204815816,-11.744781887871586,-11.888698312121598,-5.323036039598848,11.885671959663382,1.0030154229186559,-11.3217399442559,-20.237257250678113,-3.887546422236751,8.10928386783279,21.49912318961114,-3.154630226204822,-3.214379687101026,-11.424312568553658,12.161889273555929,-2.876597786310704,12.688459069740478,4.113860631330904,3.325048471907393,-1.8937355107829292,-6.3578256728095415,-1.5345258990511326,10.305758779146437,1.1668471607227615,11.619720273234794,0.8047509747484813,-2.836919894905962,1.5993776423730608,-10.830918970099496,-4.768851000271278,8.330288369215047,-5.923486545763693,7.446661365904639,14.067730352230319,6.167193477262845,19.591825871304376,7.40339934082418,-0.06031383954167148,4.7028858542016865,11.675619935144127,-6.003265459244734,12.228035754064257,-6.000685303798692,1.367795139945656,9.26246807123241,-17.911819571219862,1.072264836414416,-9.69788518034611,-7.527552168943119,-1.9372780534405374,-9.761849205256201,-3.382797099501248,-0.1540947689924027,-20.257180148352084,-6.064188653644674,15.317875653628269,-4.3980002508252145,-6.759624147622331,-0.22963173206483234,-6.82079304892882,2.148542980608946,-3.9514236041406554,-9.752834177225965,3.9652724937863604,7.290840690232242,7.0103257792123435,-8.597774070573655,18.410416715206896,5.73190098551274,-9.81007957265603,12.010340430925526,-1.2783043805388807,-11.711584647156236,-1.3416996893168056,-5.746212189289057,-1.137065661284322,12.719613009001757,-3.965668203928618,10.279202235725215,1.5030239289232399,-3.0883893445910466,3.165018110074611,-6.635498543881445,1.5971055145133588,8.073899156468446,3.03388940000326,-1.243321864435752,-10.693434312420912,-19.94128988658064,-7.416546552989057,-5.154641666691893,9.54223921207505,8.635893561731294,-0.49593331404720564,-12.28714963673931,4.367024834008794,-6.756506261348013,-7.121567494427104,-12.02708926570548,15.205833690147744,7.413341131446019,-10.50036841878401,1.0777092447122008,-3.9279491425017996,2.817924508762391,4.405770386680783,0.32482752286773364,-30.72903184661199,-12.566395403999419,-21.188002093977047,-1.1657661295284067,16.284459892686144,2.386669379698697,-1.9449829248370263,5.980002846845674,-2.568685710634668,-5.96259327643365,-5.437712866996957,6.927664761529989,-13.200715741040401,-7.383188264282365,-11.822112435695704,-2.9290987282247976,-1.1918937000715262,1.5691902161063278,13.479179564922608,-15.286420659720962,-3.518494549106397,-4.282304616906146,1.134003326203898,3.6400611587320526,3.817619606248398,13.091673634048549,-4.350023319791115,10.45500964188438,0.8382554133462088,11.611028726123669,16.276492581521964,6.750149569125768,1.410301549566269,-13.748646383408733,9.571832616410495,-2.089283992118988,-6.539977374337291,4.339284787707838,-18.840277409979645,9.241113429707148,1.3823144773241927,-6.982168885703906,15.01165624238639,12.495878664777386,-6.067859915534807,8.930656738938914,-12.07919934659527,-8.046068314049988,3.3618758927493992,13.126507959832129,-16.68423008832761,15.46816583499079,-10.320433143568108,2.8291412552839503,-7.454226972625491,-8.661499115674632,2.277342506095839,0.15098510948690874,10.312900939918745,7.609863598790797,-10.86630082268413,-10.480756154946727,0.8368618173779424,3.52056323233115,-9.350093566954659,5.202651939234018,9.699158897618007,0.27992503204541974,-17.07547811967403,-1.5780676672377658,-14.044926924703578,-2.916804410078474,-10.23264788581183,13.342205049776648,12.407075558634139,-10.898751487231817,-0.12634822740547746,2.2092583689887526,-10.198921203455365,-10.6304562966687,-1.8526693708758726,13.217694272449243,-13.223004564875641,-1.1684235756468686,-10.739621245232469,-5.526313136630467,-2.336090168273811,-0.5690136563330007,9.26250066959756,-1.8073532150862734,-15.53410077896885,9.088211961685815,-2.4881407616787383,-12.763294754644182,-10.628483998427358,-17.913169272068494,3.0955887334491,-1.9525861100545152,-0.26189285334609697,1.4978048968012547,2.79298521742973,7.648341179152769,-0.9858117934924929,-2.950682942407422,-13.970050195468243,4.51692202297521,0.5064229029127197,-1.290103408714878,-5.607513510295956,-7.413565420233196,3.2486676255260045,3.3485009117506164,16.28529916708171,2.040218122969313,8.01137893888523,-9.8760154892205,3.988515179411486,-14.947700998405036,11.218090784227487,12.26685960430816,-8.922899771429876,3.6992211632777714,10.625979053314383,-9.504029462716781,-5.225689580952931,-20.894162744020242,8.131799826763498,-2.3730697519454864,-17.941796522460585,7.891810172332605,-4.612966894573383,3.120686647794782,12.481188535169501,-12.97456665785117,-3.690542507700474,4.3455906536705315,-11.228037876056126,-0.20950484246300924,7.0330156968155,-14.08814689851075,-2.834202452731768,22.33860322812485,3.208809066030872,2.9001951133003168,-1.389913301084599,-3.43442846272271,-1.8001265065364427,-4.668622635763894,-3.4752907294669386,9.898000643940403,17.281697890771003,15.247030553193564,-7.424611832957424,5.9961257040602085,-10.705801924348817,-8.303912872284268,8.21143762145169,-13.592024244759696,-2.07130643992889,10.37692121801774,-7.208125078920888,-8.692581918301215,-4.251054293688851,4.834024987791784,-6.876882724308025,-12.094829294300284,11.220813122221006,-6.076795803956328,5.507374386835076,16.3023501790434,-5.251124375586425,-7.042508140583212,-0.662589176184044,11.478298714446836,-2.1822893446787757,0.592291671469122,9.380650821940085,15.364535406477813,-2.2467812257025335,-11.916193995414112,7.453909531518539,11.415973948001556,-14.44979330649874,-8.99188208163945,4.756755429188142,-6.882390070968688,-15.883214206403306,-2.0055526341734184,-10.100395734130501,0.42205841688244794,0.8383860896887336,10.227316847497816,6.10451051245459,0.436713237471191,-9.980871160527176,-27.92455005156448,12.036821439195613,10.213905653511283,3.8380362182634786,13.138580672158215,12.607194151701655,-6.590641520014874,-12.099694233380784,2.335260038490287,-0.47118746599552414,-13.5286687076049,-2.4511652366429333,-5.398549342912313,-9.628126325179117,-0.02160187764111754,13.831852027473136,-3.4945115274247023,-0.8336056041321454,18.57020974632535,1.6942511553243622,-1.2439758773196867,-8.76781211722042,14.800477991042182,-11.440394057912256,9.944578269268767,7.839824784123662,9.402925295078932,2.9300141298526685,-11.442694161328937,4.495530491648228,2.98647710236067,-4.739997537889241,-27.805069690887514,10.848970892723942,5.089015686165949,-1.7529554907613467,-0.8339516573198008,-1.618175956052141,-11.66672548442596,-13.640324046359918,-0.8504962068493089,-3.7494164136440307,-8.853050945092509,12.207865058407346,-5.1128611171612555,-9.606391198018112,5.219215063261707,-3.7692283321269304,-5.253607195802093,-1.6640633320683067,5.783348371936317,-10.697611446201353,23.96351626843464,1.8675935716049183,-7.590060078204545,-10.580507124537451,12.48052386218442,6.412585300791134,-15.414299710449775,-19.411550329594917,-2.8790015392245225,-3.270502965454391,-10.917443053615525,-0.03391635693912026,14.972033381135493,-2.695685519837088,7.062934632743614,5.0577473515418,7.532448430170742,-4.256217929969652,-4.9000909712711165,11.871296453405847,21.01748091205829,-5.90429673740358,-5.349820083523565,4.1029358758226,-2.6354670995375,-8.464416393649426,-4.680539625360337,18.40603815890819,-2.4785746388954166,-1.1161347515826099,19.117516699476734,-3.8677565393871025,-0.5593423011439134,-16.25860076698799,-9.950861588254988,10.929304051120418,-16.22365086430448,-12.536041290910566,-14.295839078328719,3.950044624139812,-3.7250353327219736,14.278518800384226,7.346849308634553,-4.153461067658998,5.301578433069373,-5.269520600674244,12.424909926932582,-12.748820660914397,-10.915513699394891,-1.1960980123709026,-7.968072725043336,-12.598743033307894,-9.968790135655354,-10.03505043274084,-4.789545955145216,-0.4792870085193153,8.551865266315403,-1.7960587641439203,0.9666235251557738,-6.860801340514756,-4.519415849505726,-17.958451635072343,-6.789674209011887,7.889938468204681,-4.780246494784724,-8.7084493849924,8.418051670330598,-5.226096959479676,26.736090843629793,-9.90362999092536,4.27073043326987,11.210884678905504,-0.25793049151016934,2.5898805710134143,6.266411126121918,-4.4151239727901315,-11.18730677870893,9.299333389872801,3.647520176166399,-6.154207215256666,3.0602989151590325,1.5946484771394362,0.17853693047959562,15.44764992067742,17.108760034776928,-10.764627820976749,-10.961371461911767,-3.5277113505216957,14.102016579665872,-13.643012620955503,-6.295743004979929,-1.2082819804948837,10.213512433269553,-0.21626788022861998,5.6103333029483835,-11.102323169728434,-4.396528018168937,12.06517255532001,-2.9144840488553356,5.996607873246421,9.58350971159189,-6.906649916546582,-30.027973394319545,0.3461761347607224,3.46002154063949,2.593236658022281,12.786787278385777,7.446888359920955,4.666334554043325,5.022199372327149,-2.5174394777277342,2.772806507377659,-13.394245495978605,12.523547837750176,15.688532999572107,-3.383749119940174,-7.730994226964269,3.182527933902412,-4.740669202086892,-20.531311185390372,-14.865247170008903,3.6984277428272696,9.392718710487937,-10.872494971301634,-7.940369691868594,-1.6272647055711502,-10.19437769571562,10.19800772133296,-13.006541817691168,-21.532528374665304,1.0677070874855592,2.6613881301922473,0.5568634830582126,-10.559978005739827;-4.262131069458412,-3.1018200463266594,-2.100600690390324,-4.791221596736937,2.350331494852632,6.014909765304824,-6.122435303999307,10.366279219337283,-0.5673783397714409,11.062128431001934,-3.0439943238915292,-6.6234169852895795,-5.07228423164576,6.3785875245931285,8.959198380543278,9.080097387022898;-6.681091247466591,19.956647213871292,22.962119658879068,4.845165331209049,18.780238289770583,-0.3325388862794262,1.0275652691677366,-1.6944057900969969,0.5630187806638518,-7.814651471031139,-13.818976918849671,-8.54134584961297,3.6989733908893716,4.781613778221051,8.6298519291243,-16.762501559187715,-10.6966224409333,11.443055441103866,-22.85611789803084,-3.1741899280422676,-5.459415336765657,11.971121953068078,6.188869284099086,-23.4647763443348,-10.148443496096544,8.015573407884203,2.6546117499839097,-2.0287850971856036,-19.787327583537525,4.434777916262592,10.158202269347232,-24.083886176309708,11.993800221048774,8.807595547700465,20.124242750055927,8.370341599464684,6.15611750215696,-8.048903853664987,5.601189293837308,-5.128128949015623,-6.283877384528149,1.1462769945733795,15.06911379109912,-25.265565520788947,12.001492483554713,-10.865574886374343,-15.726105445037309,-10.96382596607339,39.28800891413444,-14.52340932410513,-2.946636391800755,6.166445612153915,-4.947194897364051,-20.90198952993647,-5.569284671921299,-6.998248215040661,-36.52939052827878,25.06303953826061,-7.042670153299069,8.533388579503228,24.333315266978435,-11.981547239021072,-0.732948072705025,15.362827503710388,-11.54188550162703,-6.829420395793099,-5.2707848728414675,3.8538814597921904,-11.89334453353547,5.383715399634358,-22.608772336483625,2.2107159536640437,5.464997950672723,13.164872560924685,-14.150131020436374,-9.18563014092453,21.190631267471378,16.70561124082957,1.263628235378963,8.238305133817578,-14.793530541667321,17.028067923207274,1.3760882644856127,20.859170858335215,-9.881969526614975,-2.2476819708859725,-20.26099119994347,-4.4619208814590685,-5.67273961556859,-0.6263264205306246,9.47247467623295,7.728791184307754,-1.0017849604530242,12.02882938705406,-1.1575496452008154,10.965769431170877,2.8533883504587054,-4.811811311784378,-3.0447163491381035,27.02394471560706,14.46001581721368,-11.729327814224987,-24.9922449107328,-19.36005849268779,-6.82265916358741,-27.601054336631645,-10.604991532711779,1.5263373292068332,3.4718237541799146,11.49918015725758,-27.638864268565346,2.3889654724061926,4.059503586861405,6.065740197654636,8.981904869155645,6.292666524857399,-2.3613679281639963,-11.04456864781786,11.145020235680496,-10.39498627302927,10.08773688237407,-23.702749182358282,6.303814419174056,-5.741096538991171,3.530199109439925,-31.121317789743998,10.173771710319176,-12.83095957881653,16.865092372175134,22.990910446256166,-4.294505984484415,-33.45795416889473,35.017870235450246,-1.93302961152476,14.512130069955662,1.203382274011896,-3.7578920692694266,-2.3010924902411602,6.834929392909347,-5.352575263747546,10.06708663258668,3.2563292134216404,-8.587428780020112,10.302959158715721,12.742767908934802,-16.01747918277688,-29.73496272877368,-3.047348207441023,15.582207886155231,3.067684903011598,3.1265298506930703,-15.122370283879164,23.25179199477207,-14.367371064020112,-2.6516653687960874,2.5903523500207983,11.889884074853915,-16.046572286852527,-1.9044590067444422,7.652151519765535;-4.808916693203805,-5.011803988832142,-2.434206878208043,-0.42721721092359877,-0.0635512200078896,-4.2138930091904125,-4.5256346278953075,-3.022806462801883,-5.721535968339047,0.8280990710306964"
10,1.8161998317609827,"-6.662499471214046,2.95203552082924,-4.997840115666842,-11.595420495169112,5.975890270259315,-1.6391590783658472,-14.111380391222706,-4.5178550826831625,6.068005892152673,-1.0989321283577649,8.2336082662213,-11.664696088417635,-13.33749535350016,-9.967025919335253,2.127437898815858,2.8899650322127393,-5.0171941862929454,-3.1586799782950927,6.020902465309735,-14.26726334094833,-2.9455762287407627,-7.662477489466275,-12.669744407849032,14.81382864787968,-24.869145011439933,12.757603693318382,-9.354252393493478,-10.140102964851422,-12.867071629131043,5.549652276523401,-1.3993908739342134,-4.159415292784462,8.547250485852585,4.714408517596326,2.510188069743293,6.766147064809862,8.199152380472635,-3.3443722401649953,-2.2734342828970404,6.916939134773493,-0.30402243595579037,8.711588644319422,1.7257569841895462,5.5010796579198225,-6.3585994530048975,-0.8576435638185155,-13.641387094461543,0.45084122127008497,-5.542829085590405,-14.960332504857893,-1.6579335437022036,7.76173543840663,4.452408715331509,2.8279396514557353,2.7398801900273617,1.7336233371271648,4.843018486947333,-17.748146147312365,-11.658536952963708,-0.9865258302012853,0.8127175721991127,11.997177580752163,2.41324611836626,-11.240283117685493,-8.403602700077812,0.7431714137708705,3.820774065060925,-2.753067748685071,2.4378139503208858,-3.944001450868189,-1.5142008965218363,-9.183657454275119,3.320639878636162,6.070521999168715,-11.71643841865955,-3.5249466405717085,6.908878246285475,-0.4287625873227471,3.9503194072795083,5.06719821774478,1.653891278340205,10.180377318648096,4.564105982822635,2.5068833941783755,-12.232054724513524,2.7600294458858636,4.316847094798985,-4.899419127984352,-15.112417688323271,14.259720935831107,13.882195328636131,-10.2727629928484,-6.0956583107396165,-1.2436952137953459,2.6829232003805723,22.07045260135283,-2.31326102606329,8.962038206084943,-7.61078771288857,0.5267599112573419,0.2971102218610777,-17.342660245433766,1.0052509389388333,-3.7196275664304075,1.1775004882888442,-2.4859975855388194,-11.603262515744891,6.750706534822832,-2.8874771161120174,-1.3824303253772874,-0.8696654075787587,-0.6655382278276758,13.090777654088754,-2.496900486853793,2.094581347138879,-9.480287272798178,10.67680978731329,5.206280749035142,0.9154688609302482,-1.842084104151601,12.284318638897357,1.0982419480627945,-10.983109600676343,2.1443243079570706,-10.882109249899239,-1.5727384775023667,1.7516239677717358,-5.115999836247409,-4.024868294192952,-1.4986685389036394,-13.371587038178681,3.9079100537234,3.228797857084646,-10.979922771184395,9.082295783191032,1.6054861684917978,13.579570696227119,-4.525443569896881,9.700963281175362,-13.797208285555918,12.363252042346671,-13.001786822579518,4.403698792477893,15.480453438790512,-11.941234692047962,-0.0007979124386094938,-4.353072436841876,-5.760474717888571,0.16914726185443585,5.433708831322626,-1.4215534520651372,-6.03499288832106,8.872796795793656,-1.45788195078187,-10.230890035006706,-6.784767719735178,5.2467966417147025,-4.576197290686112,0.7848073730323226,10.988100645199932,8.01796917533694,-3.107629819028487,3.141201994316524,12.210808315375672,1.5914972055568672,0.6366150250025692,-3.1016111897944514,11.27291941790385,-5.06361249637182,-13.095694613369746,-1.1797582506983975,-1.8160412152907295,-5.378328971513238,-0.041603563469182606,14.208262950366686,4.141938615034403,11.993415196222124,-8.063968025258331,3.4978306089369156,-9.764545472071127,-3.3592390094068936,8.080572720762095,0.8185640083748019,3.225978951197317,-1.8989913358309622,-0.5198981970868997,2.660445539425757,3.206211604781861,-1.7849253647515102,-0.6849846771729851,4.83918784551873,-11.419252762587808,-0.48972803667812637,-4.429874021864449,-7.8047873566432315,5.713856527569588,4.214612002691021,-3.9535945154903085,-18.527089767047656,2.123800974578238,-5.245786678179496,4.574355144651726,-0.2985651704975093,20.469269594857266,7.700300429675368,-2.388883277889741,-5.855981911895552,-0.25021907433452195,-2.8264810246099006,-8.1385762029485,-10.407335212683417,-9.755697071849845,-9.419783772617748,2.148572984843752,-9.760979629291336,-1.5051807406602096,2.7955474992021534,15.353720578650268,2.0042852064731607,0.4798473947683741,-1.7398261654346805,15.737821593047727,-4.424807081162622,-10.1201275639085,9.597998283952624,4.153052253586798,1.3644989207010028,-12.960961108245762,-10.27895146315911,-10.391494340650418,-7.991518718552172,-4.4946328008351255,7.042890178691807,2.412510313634563,-11.49801733121306,-12.67012606510691,0.9575532870126185,-15.818370126269677,-5.702985453101509,-8.079766923468167,10.481493994966733,-4.851061068068,-11.93793753975541,6.074696441823008,2.3346521604741133,-2.261152855074321,1.1576204915690083,11.401380890265049,-10.263667423531194,9.832283827518896,-3.4417101649125303,1.727646839267003,6.932872111655017,-5.614750545988411,1.8661266048025102,-0.142878530399294,-2.521550771144868,-15.638343726795096,-0.6779897575552563,-9.089995582839048,-5.124450404449025,6.511269723857385,-2.900107153484038,10.023074432571136,-10.354495346642757,5.6898095511120745,-11.274256424603754,2.349138292635685,-4.7538549129835275,5.196384163347408,-4.315673941079456,2.6859784152574546,-2.7909800570864265,-3.7963516467757126,-8.36526848263625,3.588694839653027,-1.0280965531868267,4.4565271712069245,5.211973050139773,-6.821569949538114,4.6229747939775105,-6.4565902346069715,-1.8990088412271007,-8.585586584081838,-6.953737264175002,6.597735882799832,21.47726025456284,3.9418820929519276,5.891248898344869,-4.262172325950095,-0.036561769710911074,-1.8759277223369675,3.034133594224194,13.83744846353858,-15.130264042658556,2.9881754640602596,4.499608876615747,-11.76018613501483,-1.9100448701129151,-2.1081864678871476,-4.952268209873761,-4.786658778475847,-3.495670541027957,0.7587228753698891,-3.082376699790826,-5.353590781616138,-8.519978035478024,5.214394941955692,8.15306341159149,0.39752099122066564,1.4954734069764504,-0.45541145385231596,16.425597951463914,-1.3183964765764582,-15.738146905853338,-10.809736609689153,-6.41295740705785,-4.8090202353917775,8.426795566460786,15.368133692651424,1.7888706079168,-1.344890043799308,2.176238919727713,-11.431004735690923,4.703498388285541,-12.921758751776867,-2.944565970507781,5.196598647647211,13.570240828376265,0.9040463008854668,-3.6341247642998282,-5.511995469973879,-10.133202383732236,-4.865113589353533,11.215363542914183,-8.43886421417437,-5.087341375185338,-14.05940878780275,5.092101695992425,6.77531378281393,-9.556450768544806,0.1305120749844101,2.0504777986238483,-0.4163481891018621,3.141076393189969,4.650166152724499,-1.515982157119995,-7.889925951679116,5.49904470493715,-8.941989408019147,-3.6753327833678413,-3.2002864781397884,7.268050013775416,3.3480896305590804,5.354337810714175,-10.154836434720332,8.411579666710303,-8.866474127146983,10.392176567129031,-16.782278049291946,8.29522264055451,-7.51382263578305,9.934952890381101,0.8486591056123796,1.5603805654367413,-4.339005176642338,-6.5060988566323905,-5.271871515717425,14.597085771347633,0.29487820363249073,-0.08731995396221515,-8.071750754046558,-3.9556953420550047,-3.2955274134872456,-6.664790173466412,1.6462562179578857,-1.9225873861099507,4.847823707905999,-6.010926900434859,8.125460224122381,10.5843240674366,-11.376654055935573,-0.042468349153970464,-0.5298280860217943,1.088940663550447,2.257077152469872,-20.270321749568822,1.5254826037894351,-3.6246519500075283,0.3976098145002577,13.127631368806473,2.655012626083177,-5.852346040104318,-6.228652197772044,-0.4640495499600148,-14.45256842226943,1.9092552912483902,6.584740768299796,-3.266914172373211,9.850311152602721,-7.532141722228138,-6.884327032168786,-6.407449388848525,-1.4061498985809622,-10.973212039667654,-1.1275431417209876,7.440326988648726,15.126866147139285,-5.25684983847321,4.586944951361601,-0.0028783536548482314,-6.723859802964716,0.49461198592098593,-0.28582472291117667,-2.6168662906151634,-3.0787689121674675,-4.629290922170274,7.0371229711724625,12.445317810744648,13.725896989587985,5.811736464123738,-2.693099652220738,6.22331682660842,-2.6472876024904224,-4.852797261731074,2.988935049781732,-3.9522155218696584,4.486808256710782,-15.894713088087403,2.460123470290407,-2.0480702771555888,1.3113413869875037,-14.617522451350737,-6.4472294506984,8.934187480064708,-2.2210171614508427,8.339159928013935,2.431415001612105,-1.340578809430145,-1.3481348761535588,3.52548923989138,-1.3641226226341256,3.915702624574735,-3.8450390884821015,6.766870056107462,-2.4450078189412356,3.3060380718047826,-4.979409521925535,3.918945233111984,-10.875977856722455,-1.1386412970803785,16.072278449833497,-7.908326560359118,-2.776554504161878,9.315859730562359,6.22005733992274,11.647784146650569,-5.805819519994449,-0.0014786855291464285,4.807505829044978,1.9032430298715344,5.385257817163142,10.116694535189795,1.6306879154859342,-5.896212787504412,-5.859507442086259,8.557521404287153,11.895528009016559,1.7063285858060073,6.276642495170837,10.332764575449428,-0.9673908975344007,-0.29612161267809567,-3.9790250330338144,7.144067281043927,2.2112447882073276,3.9935668232471935,-2.3616409804109653,-10.007209265472875,-0.5714790223177448,6.639505833894113,-15.137185592236232,-3.4512095965978116,0.6678899824836095,1.8770636544461463,-5.3146348341673395,-11.824123714104823,-5.805420010860514,-3.87138196727842,2.8805385435247564,0.6236733731611611,-6.160681593645908,2.58381819281873,-0.8395609362645651,-12.760505660710134,1.364118639217336,13.765516465066433,-7.663036499517723,8.47557567425691,-4.6887679209713555,-6.59526931554541,-1.4331215964865103,0.6908314761310302,-4.607208022765848,-5.2723436757763205,1.185857204395668,-15.771041504790585,8.601389799654989,4.276840686175431,-6.151609584397665,7.231738328114251,-8.989303017423303,-1.2700543408302694,-4.36039018950008,1.055006729525212,2.7924827644014014,-3.0894016552496986,1.5969825551840109,0.038187120941371,4.26066756043963,3.1831613918052186,-0.7489249533372594,9.045994973614528,7.119013229003151,0.6102493518201657,10.211525695132543,5.5563115162833245,3.867006855495587,4.601015778080121,0.6868148592617338,3.332259631419154,2.8533065476498973,-4.156316672561918,8.114835854201738,-16.614759543330866,3.8086269687462426,3.41959828670358,3.8804879057645634,-8.003870181088987,5.503579922929819,5.4050929560896535,1.6884946174648592,8.585949030004578,-4.881896382910129,14.917342629504464,-5.010300491147616,-6.366953800905144,7.676422159615091,-3.1133644603489237,-2.866442241076522,-8.865951104089302,-3.5843914784853834,-4.282762144499503,-9.066983747614353,2.7810441907218526,3.562977958984305,-9.903385626514705,6.27815465346217,-5.659387703892956,-7.144634254545404,-12.464268074308016,-8.967215962567051,0.5558225468413343,7.291304064315682,-3.316076281447418,-4.116755883268704,-1.557359836854886,-2.5566589150554284,1.8033940173686063,2.0872731926809545,10.04330555603103,-1.0725502827132065,12.905012410224838,2.4990466828480047,8.840020105785786,18.4510644095146,0.5735207180161093,-15.06770557087021,3.776495958434171,-0.5723485053726136,-8.823425080840194,9.005880727747162,9.301567963322324,-7.811720594215149,2.67140260033894,3.048696816937489,-9.311327050561628,7.621840423466034,8.061675923579676,9.739533924687702,0.10062300806754543,7.89231362054851,1.8792606730390857,4.593301083674051,6.3030356276244115,4.690684566943763,-5.701558973931191,-18.299555783642347,4.801113514623579,6.936009928879941,6.397825735650396,-3.2306678487408984,1.04870125650775,-0.09170319577871577,3.8383609135113548,0.569226376781654,11.88813476053334,7.61984663955955,6.058069591700651,-4.364941706448214,-3.750270888757236,-10.805158044559912,1.99157433236904,6.248564024596426,-7.345213018776796,0.3293265578802857,-16.191091566648556,9.318044363361546,-11.181610073117543,-5.895359907617669,-1.5429044419705669,18.367107927005677,3.4072768626145584,-5.996184275475951,2.0065307928905822,-19.272889466255343,2.341622793331931,0.7891277111061962,4.196354270377767,-5.21414606801058,6.292981191123127,17.53509534160963,19.592875738944993,-9.558028219721397,-8.226126538735027,0.8427373563278571,4.108554918814976,8.892820487910388,1.3128239690842158,-5.986153626831602,21.853961215270232,14.399175309988827,7.310546170829655,-2.545526526346645,-0.2250902232765999,5.751171315824207,13.135622430915113,3.287369431325601,-8.50222913109997,-14.376985507219596,-9.206211902362165,2.111238532684092,-4.563837497539284,-1.5574530007760103,0.5863285142251116,5.871586482379662,6.122416043362268,-8.33499680031938,-5.859741167061846,-6.113857342978912,-10.18872649132479,-2.5492702348668494,7.20600391450113,12.0089691195076,-2.3530639350842204,-9.996744142820784,-9.530952159974719,-5.471206400802338,9.756412850579723,0.5162157206724115,-10.364075414139505,-16.701321965257133,-2.4901428007031985,6.3430404400205,16.704952481794404,-2.854521661171793,-2.1946299540695344,-10.400423587370966,9.016800784471084,-1.822006080381682,11.172753357374548,2.7341415533692848,3.0508250897070006,-2.1842704376912376,-4.883155159289842,-1.8689840381495761,9.087186523084018,0.3029789837224923,9.21787290039142,0.8444491520326914,-1.842068852031168,1.865233014331512,-9.55765069047542,-4.3429758569605585,7.974069889541186,-4.851615639467414,6.045920123509792,11.404348018150369,4.511896085426736,17.108900469666253,5.969707214667066,0.8131096742944253,4.167897026564226,10.277473820689071,-4.978708411087435,9.663333793383071,-4.430788157747422,2.046123782107091,6.818539501874325,-14.704497708413875,-0.04653498226331121,-6.828733521692547,-5.996878180410729,-2.4683861207296647,-8.201112033267036,-2.4075577714036953,-0.775085008697961,-16.494853545331765,-5.819462691114739,12.794278419568993,-3.4759151338638974,-5.474386010233175,-0.7024190111578958,-6.038728513571128,1.8122077565081622,-3.192475981228739,-7.923724329570955,3.332563100182929,6.657259360178981,5.724909778162655,-7.60767577980437,14.420108768209566,5.2367816458763405,-7.894163518085687,9.340660847246115,-2.001474339372794,-9.19588653983088,-1.471596917433788,-5.428433774896935,-0.33839272806480647,9.988090705950944,-4.231255757920592,8.038958229732685,1.567172468095391,-2.949872306967359,2.477154977697971,-5.716859318643674,1.2625818093516896,5.867369301679357,3.6368254026480615,-1.114648613703683,-8.80976938511916,-15.403065879326657,-5.006186734633854,-3.9799631944597413,6.803861212541653,6.422182841692916,-0.3308620913046101,-10.029085980329377,3.330604899669401,-4.990087664679107,-6.6008926163104675,-9.45518794464414,13.100025091482994,5.780883281610631,-8.209593409685015,1.0094483419899167,-4.224396347850197,1.9682869453657785,2.8444713235900085,0.27475648280845705,-24.85133383452083,-9.843115664808291,-17.516430811210274,-1.0969052297187993,13.363329196434563,2.095053563766447,-2.2802778973408246,4.252724023969879,-1.8130406135702888,-5.153786042063665,-3.899534716994957,6.14734497983378,-10.236010842859551,-6.019906709457905,-10.315051186003256,-3.1928374447992374,-0.9417859252259866,1.6045691085484457,10.63705463087236,-12.845925999992422,-2.7343141366999273,-4.282362575096228,0.19158110470697598,2.963610643400128,2.8634508615767995,11.075274059972873,-3.886142245635644,8.306173448150965,0.8061560597246259,9.804576079354067,12.969231963517776,5.372357577006321,1.0695131461555158,-10.871636147532676,7.964949312498451,-2.511636218660449,-5.656069174120278,4.400540960052981,-15.100200858906085,7.166849817742051,1.4606802009046604,-5.564072755103303,13.2255571026749,10.026202397104854,-5.589192750346975,7.23424715060437,-10.604190718969399,-6.0145868122117045,3.12426123710721,12.013213708844072,-13.014852390090567,13.034347813455447,-8.984962034141695,2.456751141223258,-6.342195184668219,-6.229695625105972,1.7824984339266778,0.39958414306506274,8.734644997082965,5.852197369035057,-7.711957711337764,-9.082854794672045,0.28166901680339695,2.189354408324443,-7.17151742945272,4.582204614155962,8.335113721854604,0.46461722378919246,-14.863997824046054,-0.6344119850729356,-11.39732657812756,-2.8032637403961504,-8.979912263256868,10.339997593543803,10.11155119833287,-9.238112155465164,0.6121388184112804,2.9343693661726635,-7.551806463751706,-9.242928030809983,-2.729042392117028,10.406652504189712,-10.651844991728122,-0.9288270004511832,-8.78027821108586,-4.639863249878411,-1.3073794688156446,-0.96644542700838,6.564029936147864,-1.5276940180841754,-12.59110435563326,7.079906162220314,-2.2531631837306145,-10.242422211363401,-8.10413011062548,-14.710373856953893,2.69370883645475,-2.6845354140838387,-0.704261869664574,1.2491716930510242,2.0843626866538947,5.849129251442176,-1.196091476585746,-2.749896352961774,-12.44498596572097,3.5018094100225996,0.10766528434183686,-0.5605984401705231,-4.924594880022887,-5.212652562076683,2.900913045875675,3.339591531492394,14.004690011055146,1.3808424396178651,6.434699858571133,-8.069065950033567,2.457326550820467,-11.702500167631058,9.309871629784837,10.704117091624312,-7.559290609834377,3.072788023888088,8.035381917415314,-7.193853005585644,-4.132321734390337,-17.208755813352763,7.261452188478033,-1.4297694907247611,-15.497354772692905,6.168437336456552,-4.216034339455147,0.6668643704060715,10.582454858604462,-10.950524847497618,-2.883654389616571,4.331347262109009,-9.911857132947723,-0.018329119729907473,4.834365641483759,-11.419254773155144,-2.0475187296262924,18.738949979558473,1.13858734997503,2.3761687640836713,-1.214273822881969,-2.1888395523074364,-1.3267525993579197,-4.557381330212468,-2.739666470752108,7.821385838951971,14.036093214019576,12.285767667959643,-6.059309319470367,5.467323000114189,-7.975521188516151,-6.808995244197511,7.256620935779181,-10.593109738452466,-1.9561970463298985,9.34635483435995,-5.729236300348287,-7.390202142042206,-4.323479550809577,4.824980852833385,-6.451754196036954,-10.356986541929748,9.376404611133003,-6.040617409039289,3.843364243396902,13.711710522559965,-3.564347650665661,-6.085571333211634,-0.3782248932195501,9.708540764393481,-1.7880375655859928,0.15858946851538436,7.670695158992176,13.240361866968309,-0.5643966283430926,-9.355944540552846,6.981716750079581,10.459115012072656,-12.025173181605371,-7.4534686626253,3.995763556712091,-4.470646686478893,-13.86329554020545,-1.5563776926527613,-8.079160666580908,0.3818045984659423,1.4648166946271592,8.24705816934867,5.68209302464952,-0.4780450132399303,-9.679397874582678,-23.205858273029378,9.587407589120335,8.188023357433579,3.632339219456431,10.075911672253854,9.196261363652596,-5.381845620084139,-10.994235664372416,1.7319260793615192,-1.023715554165384,-11.508848735325532,-1.9022144749947527,-3.440201426027131,-7.38301286978623,-0.16953478677217576,12.103055934649777,-2.210858996648479,-2.0493982511645656,14.322664962793375,1.5495670510574153,-0.9395233403439103,-7.33356477955101,12.149617498116871,-9.495176484278588,8.382473508585544,6.331761002009726,7.575121015526236,2.272779627315265,-9.412680334983747,3.1031164160598492,2.18390545271094,-3.444093272214594,-22.93569567901209,8.347565445084127,4.602040462614679,-2.007022573179744,-2.108778007930977,-0.9149240818982223,-10.348170676413034,-11.011192461252401,-0.48995979196530226,-2.603365722493251,-7.1473509238351935,10.738581944714989,-3.2359880724899845,-9.012802191778063,4.824547826044922,-2.5179071949183367,-3.961966181723298,-1.3675000248077125,5.1470855790312795,-9.35887786014687,20.178139178442805,1.8757663674712335,-6.92146045113165,-9.247765345416934,9.467275748846696,5.826559953679995,-12.361594706088157,-16.652262940723475,-3.6698584451897425,-2.61035906152829,-8.149690927250909,0.8444869205532461,12.77781362148809,-1.5022866571913311,6.649416814976946,4.439947109375797,6.868622899094681,-3.2919375635738017,-5.10084471922206,10.011454783916012,16.716095934676748,-4.765364415859465,-4.106741974253697,2.370665678513939,-2.095534149108952,-6.107802904921273,-3.8646375442877448,15.530310012323229,-2.207979295624818,-1.0881930755708231,16.321844332123682,-2.4592686508622945,0.8146121252779959,-13.116536946007212,-8.274723917461639,7.703462958762568,-13.738293206157874,-9.988989433722956,-11.998392960830888,3.222132449807192,-2.001919088904558,11.697816505027394,5.04806641517057,-3.4999519059827318,4.361104973544855,-5.201754795388816,10.683162736295312,-10.11946309504232,-8.443430233109614,-1.2171209028308836,-6.402499123251162,-10.919496842306888,-8.278729824478196,-7.396469647902382,-3.3152362905344956,-0.03365570966292297,7.546715090337036,-1.927779813734154,0.4004861889299061,-5.1317860595742655,-4.271440562988185,-14.442953535255931,-5.157719051220428,6.700073145363108,-3.364037258595958,-7.603279776231559,7.72845412375821,-3.0135232489769024,21.928520971274295,-7.595105037060906,3.838997192816354,10.27632795264125,-1.062700777688083,2.7083536920048537,4.653786704839252,-3.2822625109706536,-10.198809760896111,8.17151014835747,2.9599918563790375,-5.154707257271586,2.9541604389422127,0.8848624470733797,-0.3201305622671017,11.814702794918976,13.578216759905162,-8.94768684732978,-8.81969937227256,-2.710169406024292,12.439577518496925,-11.975914969336841,-5.843812530588547,-1.090020813190511,8.867729509580982,-1.0299400432978696,5.379276848752288,-9.37859462181502,-3.5467318504615655,9.140390047504859,-2.3851753603068144,5.525748445819009,7.0307929752071825,-6.399873033891327,-26.22159035938245,0.5890874627841127,1.5301693898519542,2.9224726797432923,9.867812718167336,6.232583528975186,4.3070049090730596,4.614885999924372,-1.648745920521749,2.160167351959327,-10.99851822373155,10.864694441287382,12.838357714141594,-4.232695752452055,-6.475092275881224,1.4974397766751393,-3.7927750666917075,-16.990627712269514,-11.984660774864425,3.1869070119747445,7.890211118166743,-8.751292834989712,-6.374841553687972,-1.6840614798506004,-7.951966804591855,8.671469544480125,-10.178778637316228,-17.206353522254915,0.9124875819534531,2.7375684989258744,0.06888223009200523,-9.616650736158569;-0.983488501349498,-2.3219130449829746,-2.1621405073348114,-4.935914664222601,0.30219675712190674,4.450133982049836,-0.6258882286552916,1.4291840464598935,-3.8958213218622237,7.586727674179069,-7.569194102517364,1.2926028896532569,-0.29098770382128814,0.08473129980758842,2.1492335043278983,2.76756527947177;-4.207895104025326,17.24120285714806,19.265517668861044,-1.4887975060154646,16.602350865166738,-0.7444896303251198,3.964864080371271,0.7395829346767151,2.0898523094225387,-6.915328283467555,-10.36536113280317,-5.376075760900384,4.807030592194281,5.096955702482016,8.412227516377392,-13.409410090642236,-8.665155804570425,8.636099551286021,-17.245980661980592,-3.472460281431915,-3.887559791335348,9.182266498556016,5.813593676426652,-23.907892426409454,-6.8127414815182465,2.572093358947569,2.2752623190989936,1.9335827281329065,-16.332160526357846,5.051832553289228,6.867652466648155,-19.6340344748538,10.255562105807497,4.071105263532037,18.142354779337055,3.478337319860095,6.446360072904217,-5.054385822342413,5.842087316987681,-1.1992029082062352,-5.590797213474463,-2.477783224567959,8.355413903565042,-22.474539187671475,7.515853306038988,-7.6093892870313775,-11.933948691575651,-10.628270460985913,32.76308133251454,-10.421037715075276,1.0377932201257765,0.1072587159139815,-5.3059723281918645,-18.898899940690924,-6.262815236037795,-6.836147260011662,-27.53718077519638,21.048938100486627,-2.3939607988462517,7.510815133189789,17.37911673620448,-12.329170040115935,-1.400225901390975,12.186294482100191,-5.349983616547522,-3.618171770114803,-4.890736995312226,2.772551024720065,-7.578112932671164,4.752439588136578,-16.73832322878538,2.0537850752663864,5.705783874169019,8.549923465589048,-16.65344178096857,-3.4925873644588568,14.092385243593425,16.22367338171506,1.8797037094355091,8.923648150903002,-12.61115488586879,12.550000924273673,-0.5824974638080123,14.970651672885584,-3.6866285262653666,-2.4153042863634817,-17.562529882169372,-0.29286387552554527,-6.400444304392087,-0.1455788888588574,6.3403166423932396,6.288676307801814,3.507149508007987,9.006996088727103,1.7309666824166359,7.009016376206132,2.961016615448295,-4.60045645420727,-3.8280091135091676,20.46936056351084,13.998418065040813,-12.128166730517847,-19.464857608313526,-13.215019709177026,-4.412356532575933,-18.211582021393163,-10.740752912880609,0.2070375764941953,4.017788039622671,7.779112880825093,-17.896416426948683,-0.8636344054506476,4.5538659003690745,7.882887218409724,7.090386539922523,3.7400781851410265,-3.7985562277048146,-9.338673119506304,8.404165197911922,-9.819007798335317,7.303282547730067,-18.818937728830644,5.6713098763284435,-4.111981799476959,4.720794257510509,-22.267955717329073,11.362677173805501,-10.343468134327392,12.689817619915326,18.89123980707801,-3.230303418695767,-26.43146723739425,27.24291563250577,-4.2647694517631995,11.832536070135863,-0.8574625843573251,-1.0590639780050997,0.14903413431076865,5.782917259225504,-0.09677107531945761,6.4454287912430885,1.9877344821178138,-7.344465537910571,6.747762213137249,13.711149395297307,-13.36791027774872,-25.91981748014615,0.04334664503133712,11.408477427096168,2.8444776951964856,6.45023736180214,-12.638312491224156,16.038498475602935,-11.507853154765504,-3.0844000559672122,0.08054003560289998,9.370628086515053,-11.063319916905517,2.168581674920463,4.1985411756299635;3.5982281106309326,-2.1972792945053445,-3.787966127371487,-2.5385309999031516,3.1619210010882552,2.794899676181007,-11.069786558470518,2.6940536381547684,-4.375150819914861,1.6404856608667269"
11,1.807014142129336,"-5.243374809837375,3.4456626419063556,-4.167858161719715,-12.280361930883306,6.994424914698152,-0.19666447847896995,-16.369269216616708,-4.351577025820066,5.6430444848049905,-0.5879044896583324,7.050426490768868,-11.235339663278832,-12.033806604438476,-9.258514175920112,2.2970312911318818,4.548855549330711,-4.3995923408550945,-4.102595457550321,5.309498869446828,-15.118105715539464,-2.163980874451055,-9.437557300931312,-13.732299231566847,17.045538797639058,-25.81332293312479,11.727901129470272,-11.677528003473872,-12.339972696153408,-12.722247402679692,5.49229246137591,-2.9458511202704725,-5.348107922299186,8.929000485225675,4.879299222437893,2.699222431890076,7.925584426111441,9.434252090145193,-2.266446464840454,-4.857462720354252,6.358453458714174,-0.8144970550680404,9.387801211355226,1.1553605176461754,6.310199944729765,-7.596670317392311,-0.19251384909393823,-11.169335437473297,-0.5713928077349009,-5.582235322881452,-14.533124001179178,-2.0095795595516472,5.470857079229429,5.233192956310944,2.433843316704894,2.814999566943511,2.2153828472831285,3.565420326529768,-19.563964270851155,-12.197667209588289,-0.4040281604834858,0.6378307606232401,11.733235604405595,4.1448443744783665,-11.314826350145957,-9.793815459221848,-0.3740298975519631,3.1009535327474542,-3.044046341826416,2.480858631623451,-3.916823250609475,-3.1526126180367493,-9.813030637779931,4.00714051915994,6.9157109806928085,-10.4699034349258,-4.242011612079128,7.169162897630287,1.391144253039053,4.451176316884714,5.660935352800291,1.3246844245644815,9.641144849995948,5.2387398861557,0.8013369987289003,-12.672294011387766,3.574138102370411,5.530149436067612,-5.158851391286348,-14.847626875398367,15.496127576188663,12.71683194355491,-9.752615087095892,-5.630171459830088,-1.593311663380108,2.4567593644721217,20.320771712991792,-1.1871116801999786,9.191869212516385,-6.3249749996209985,1.0463328255439253,0.5136207970187064,-16.606263519119267,2.676720080455069,-5.251238752273588,2.5511948922164716,-5.235435710714959,-10.311342047397952,5.688338593444493,-3.0941692419203153,-1.42701418499768,0.441913173520746,-0.8805535956831947,15.167389511805387,-2.326448579540579,2.1281546807772256,-7.874639273854979,8.974600495963616,5.449136233462673,-0.5453372256077132,1.0265133467164822,12.076820348820009,2.410601887806737,-9.72526088972839,2.965974760698403,-12.764634494885595,0.2043953517570083,2.5602560046134677,-3.443366335548036,-4.800371681697186,-2.7319418863859686,-15.068765643040845,2.2635332909468335,3.1763901339339267,-10.98192497852493,9.627762002156874,2.345368911661108,12.849374587137909,-6.3712757707913115,7.956146088290509,-13.89013794920436,12.207145276634222,-12.82342909848416,5.020600113998415,13.797362641736841,-11.749645182520913,0.13995311579206215,-2.3554954632543823,-3.7325487723620867,1.0368155074608583,3.7572456253403717,-1.5076831167443479,-7.147546164081831,7.4133564721393865,-1.1616662817385266,-10.326963067491771,-6.014676059153801,5.159614081659566,-4.679835265317036,1.588728006974189,11.299289694681045,7.629694141731334,-4.392271216292501,1.753321320086416,13.522314894310673,2.835907656836476,0.9452174636563682,-4.119087601933101,12.628416198990278,-4.778236932580401,-11.783961512873304,-1.6879897406764428,-2.751962960085883,-5.453889134539655,0.25313716248114315,14.92765986743003,4.090562485709514,10.903132005529823,-8.087139994089512,3.4112629350679553,-10.699012750907288,-3.0173729804348666,7.65646984784211,1.6561784053255266,2.4739389290696305,-2.368858734879056,0.2606769241329997,1.3815810146071215,4.12309289661512,-3.318999980488912,0.5451057442944638,6.216680114602446,-10.450294161928312,-2.8822421978757733,-3.595053440231051,-8.752483445518566,4.549488532528792,5.346318291477102,-3.1278607947552888,-18.15682367118455,0.1781048655396363,-3.762870090702548,5.582127506661468,0.6855319707435322,21.09275228552065,6.7878317137606485,0.31268714286802535,-6.575684552800436,-0.3342361046984044,-1.9904038810412912,-9.38494781508302,-10.549895931562121,-10.308246009171713,-10.217957751942537,2.3936149486639846,-9.878142055695573,-1.9246314068389625,1.8051248035355687,17.173196229900842,2.2973381026551825,1.6424894671820345,0.8283194440171768,14.69404157107446,-4.435956000041977,-8.057466287608815,10.854837708859801,5.156626258246343,2.036420237004628,-11.221499676798151,-10.19658689327533,-11.109506580780678,-8.002027311792311,-3.6746145345982333,6.938641868196621,2.9199058574742507,-11.868035391377013,-11.903217439215673,0.5971434672689769,-13.38786616293467,-5.620339685778957,-7.239176660349077,10.847647599539956,-7.208090947152987,-11.730245281268443,6.80594623080269,1.60206823462824,-2.5089520043560953,1.7923010632106433,12.513896489845047,-8.714019513967473,9.98721509743187,-3.368928323274796,0.1430422934242075,6.323918501293197,-7.000420724241423,5.131994606699441,0.9956767261440633,-5.443483757361099,-16.43199911758376,-0.754049264899045,-8.227648272010438,-5.965745880287976,8.694674089820472,-4.519643107078498,8.997164911049897,-10.624750582855379,4.849845322008392,-9.522747937253659,2.0070298890068274,-4.01205110752716,5.193110418310227,-6.172385217422642,4.146706082802719,-3.2146795992920465,-3.3917842278239423,-8.465694689760067,4.216155507597108,-2.465999515069254,5.621024087558523,5.514331517373987,-8.156653113505035,6.727075860126976,-7.050383485934636,0.9370535307528511,-8.844357386048728,-6.6617143808169175,6.953386166962243,22.05785232610921,3.219021212737405,5.4256648909909355,-2.7371180603098524,0.5555163064339373,-1.335007728003713,4.046606464909068,13.19275810326781,-15.054866164490909,3.4807835241572427,3.186582488353118,-11.323038196920251,-1.7200661439109208,-1.4838400936463563,-5.469278992768734,-1.6425793508100974,-3.3430132774919796,2.1759113189243724,-2.35442414649952,-5.325900217303913,-8.384430776983475,4.894486476913136,9.021955013499259,1.1044217924602804,1.4229702776561373,-0.37497047484368595,18.713901690768655,-2.5098217962423215,-17.72727748411255,-9.632382492088755,-4.996408987688927,-5.136916049163941,7.0984985435190735,12.320083318749909,0.4342426218847365,-0.8211388835944691,4.338385205382591,-11.760086342886485,6.297706185650019,-13.40880638367642,-2.2985219416831733,6.688813495064088,13.469380891568207,0.2281142117693028,-2.9440861357121535,-5.48150051533724,-10.889148565984774,-4.842508746285966,9.632443138025481,-8.936822776872715,-5.195242019060275,-13.797353492363746,5.4977513241708085,6.34130693750129,-8.947593008599444,0.9051560510716931,1.60197956442036,-1.5782236123382942,3.0576643017451834,5.703741715974256,-3.164397737476912,-8.516561981318098,5.230869806959487,-8.74389284436959,-2.9127547718818967,-3.006314045208648,9.34945964791157,5.1225006172627285,5.76915634248504,-10.56367295179976,8.149064221917834,-8.738962618876029,10.290466797391995,-17.79204129061309,8.132125137203026,-5.882648271199672,8.569107507442956,1.6802163254750044,1.299465032759098,-3.4958779731894136,-7.499126426577027,-4.957586015221931,13.440772207472618,-1.0196863992439378,-0.03173700214069175,-5.472378492491384,-3.170121850823195,-5.166387859821328,-5.639275937063626,1.1142391352895433,-2.0440386425626387,6.761839885783071,-4.688824985884083,6.796717831062094,11.337306448966032,-9.306081584708565,0.2349983773962454,-2.3682568627717537,1.7309292556188018,3.1972617783866046,-19.871917691241975,3.6304023580103655,-5.792703679298307,0.00516796469730374,15.239635303696131,3.189217147091543,-5.618250952539549,-5.913124416991867,-0.5967452935292725,-15.463322319179243,1.4484773068258483,5.021229587541259,-3.177756511601539,9.228722063730123,-8.310616655326085,-7.221690833460203,-9.936120595473717,-2.241251945118951,-9.283740929085893,-1.0803113843051246,7.309078044489046,15.357103276192866,-7.226141337063334,4.607430722228886,0.3781382395516366,-5.818193552801222,-0.8060345181718169,-0.057449394350900906,-3.535864527716288,-4.44526463534117,-6.210636510247218,7.148634267613861,11.435559139298576,11.1258319636499,4.034397752312859,-3.0735129127513066,7.4041689799582695,-0.5120914373371426,-5.595153244615563,3.47529939823157,-2.919605146968935,3.681724217392886,-16.705978646079846,1.3632953920662028,-3.538709613207925,0.05064512151033329,-15.862523570152476,-7.5953643399357285,10.00993868169949,-2.0698143991040925,7.263876988790718,3.6502285961769534,-1.3906033472841273,-0.5810017779584025,4.175913469164578,-3.169062456373699,4.693335203530202,-4.60543756418045,5.783714046463471,-2.7701622165691844,4.21349341594421,-3.6393998411903814,2.4974986682400413,-11.195998638078628,0.3022198375524349,17.148948878636254,-8.926369273527182,-2.895502389770379,8.936330099939811,4.972709387520525,12.083806079380036,-6.191875709206303,-0.9283481550410622,4.0865258259011865,3.2861867441116535,5.535091824610339,10.341964729572627,0.7056038816300889,-6.16568235686379,-6.70999176180818,8.755512245054526,12.645931834020526,1.6693282215737597,6.319646015556896,10.854640458156506,-1.2212248068275862,-1.22057425239574,-4.489383680539765,7.537752162216655,3.3299657870404458,5.407645693136267,-2.883439975008954,-10.224890211993555,-0.8573136131451602,5.0631715953350325,-15.622132041859341,-3.601401644713795,1.0374151624266308,0.9215659940788328,-4.7314621886887664,-10.812854120132725,-4.50457479016885,-4.054210086677714,1.757152872589318,0.25997622984078317,-7.353044314799382,3.1530906935776706,-1.9975493950980987,-11.272389543742362,0.811471322084349,12.555352387139301,-9.487295631761578,8.463718772205011,-6.3348318341508065,-6.938779555672452,1.1363255012591154,1.6109849235158933,-3.2756202878214213,-6.045889063055309,0.35291427321448515,-14.627270805792426,6.261125372662542,5.606199770039374,-5.118587795311897,6.208958214399021,-7.216813155572865,-1.8270792026589036,-4.676836256267095,1.8486376046003852,3.9653345280701333,-2.959616473362825,2.11254972820213,1.3087854233693477,4.7144268413649,3.6597186767532857,-1.49122530413905,7.653178385210151,6.885917967357513,1.1073509160095276,9.121980348554565,6.796727230557192,3.116023857985496,6.122052906447947,0.14400399362884952,3.2000279259471096,2.3881777116640355,-3.439333120710428,8.207036373741,-16.565308104267384,5.09457189310753,4.132916274522413,2.7297259880907383,-7.716630783508389,4.7325054423931485,4.704306614487472,2.1426047567223554,9.512584202706078,-4.612334863311498,16.673792552087434,-5.960121654377925,-6.472395782830856,6.855297119302271,-3.234295009897813,-2.8071609696750928,-8.237339467284272,-4.181030876731768,-5.032982973127618,-13.010432707543348,3.422241216655932,4.140508436134215,-11.136983766600196,7.439417861214561,-4.875568287879829,-5.238469839613771,-11.98174005006313,-8.810806250057286,0.8085672481450783,6.427671966658076,-4.187966513984517,-4.531868965243302,-2.567363576037348,-1.865071636339661,2.6762431093839183,1.423174463592201,10.915390526722428,-0.49245036079599425,11.867181967596718,2.683365012452149,8.683616068630023,17.377797654692124,-0.300766840375042,-16.477631824407712,2.8312728507136846,0.08386745143864632,-9.270848074649312,10.385961279281082,8.94655311141775,-9.751267024506516,3.5486058676909837,2.556667263992663,-9.809262232520812,8.159655414728558,9.706075585491014,9.288600813483017,-0.6865048925704919,8.90388040921527,2.11286675320506,4.5761320265859835,6.48810063917587,2.4614220188406764,-4.767228197469096,-18.531088760392546,5.262102384690016,8.548065410325233,7.116642267051998,-2.1241031644856614,1.3715629853113414,0.7717089811910369,4.65532626951411,-0.09816562591956213,13.07169393227237,5.747931271385081,5.7742030852311395,-5.033990508159399,-2.882760150086873,-10.33180995045988,2.2352677247980095,6.781348120175502,-6.6084561368030075,-0.8804474048425448,-15.72577741555681,8.382341508922881,-13.06022375408847,-7.329975947629761,0.4873497499256336,19.566484504209534,2.642548505629428,-6.61598230548065,0.8374687093936418,-19.7174711292735,4.6943608879939855,1.4796676666599593,4.903858483740162,-5.576270573759298,6.473180607398313,18.64112105632151,21.078025167981117,-9.388845864964534,-7.007863307086701,0.05649791509508209,5.8588592998933455,9.484934941289655,3.3096018889069994,-6.28851572129356,22.052560237642464,15.650234329584258,6.434586668588724,-4.150388816761006,-0.7063133256521049,3.155662442525745,15.318482116618855,1.8565284243278533,-7.229771861188833,-13.694687918343652,-11.529867839363128,1.4735721060356979,-4.204703739413457,-2.3930896127100802,0.028320394312387087,5.813374758001732,8.01361517913403,-9.319315268905056,-4.708671503842497,-3.9255405286300817,-11.958697565061014,-2.7055014393425996,7.098529163107237,11.963059458152033,-2.7931082347718355,-11.509376879890056,-9.254889193152973,-4.68151608603277,7.85339341814239,-1.7725887326428917,-10.757226163071326,-17.109728003454748,-3.1825458391739443,4.9641928354401035,16.15674926488479,-3.245597046734615,-0.06949949590264176,-8.162164081580466,10.46354222156756,-1.7193614248914997,9.015222662741426,2.9083709321571174,1.5891218564868093,-2.4116560934913984,-4.513957857218476,-1.7606278427879076,8.291172336143598,-1.1489288374308317,11.154638115547959,-0.8072377913747896,-2.8882771825224296,3.9211244377337255,-10.73883909435743,-1.8977133069402574,7.403217491634616,-3.6871727999577155,4.8469115267240435,10.547861158662231,4.5033738294625305,15.855497065739776,6.724374388418665,0.8126285436255068,4.123501499039367,9.316157693041559,-4.847075446236723,10.513345917567936,-6.1944043961416675,0.6233147836850941,7.001254231500099,-14.159625510344556,-1.9553776699533116,-6.420927870798932,-7.368797299088087,-1.6238542396822828,-7.256353064588698,-2.893701088947072,-1.9251292785510201,-15.687144286703008,-4.32191817568281,12.869752478192186,-4.084059524440435,-6.06050166343405,-2.429615799540324,-6.666289471168577,2.928354797079094,-3.143215796227044,-9.46694166768606,4.14090523043986,5.524453180331029,7.280467393772642,-8.476818112253289,12.01978843740009,4.9984336376089855,-7.8390305555399244,9.357297625660317,-2.3512884943552765,-9.333266075233574,0.21525689935928283,-5.772109082752209,-0.8072228247554312,9.763446622377455,-4.0884875095849,7.591449992116689,1.7605734591786817,-5.474525664122471,3.143525264335054,-3.464792783256273,1.9871286051463737,5.09855392276026,3.5896871525634912,-1.2675433654970574,-9.437015125081693,-16.148884624123397,-3.8078164927863467,-2.854004991019236,7.1550122672922205,6.520465373589834,-2.282733177547061,-10.201372534530048,5.044000386429116,-4.935238721158176,-6.353509798852154,-9.736145351376882,12.29720089870596,5.219203749615988,-7.899607791984552,-0.17080661451226464,-5.224575834540717,2.100641557978853,4.9242020105122855,0.8936938300765288,-23.115390666911825,-8.450166283092758,-18.249155773047605,-1.3260226899467553,13.417881583670642,1.1015509366066394,-4.706697654427573,4.555505618396567,-1.2311728250487868,-4.516259076346133,-0.9573750501157812,6.827920447161542,-10.288634744368258,-7.009534547717124,-8.190022957458511,-3.4960279779994186,-0.5491016184482741,0.6050694912910716,9.890779449338396,-12.394726466564586,-2.664760652588017,-2.657597316776394,-0.47984625827073235,1.1048216185535769,4.500792529696504,9.829881229182268,-4.726533417660276,8.95475402531736,2.3755367226011073,9.012486966909833,12.925940794034936,5.1454951959174995,0.12443238642300214,-9.94151037204712,11.421997726053888,-3.5511707180034104,-6.666130754513944,3.281688199622469,-16.613143259583836,7.991601689529743,1.1659424427797156,-4.188268679299385,12.231017265189353,9.93423150177438,-5.745974236611052,8.869513876908448,-11.321210207012752,-5.381801639048288,3.797225162745683,11.612439466224334,-14.496064685848772,15.084279290695594,-9.237967720438034,2.85906608303376,-6.5458468758970065,-7.514870230173562,3.2929539103286958,0.10590495806487324,9.208739176826743,4.489080409440457,-7.504090004752223,-9.200377983468194,1.565496419602579,0.5601657485939971,-6.590971139184674,4.430871373224256,9.834193659329559,2.09973835095819,-15.452854793915826,-0.5265187301044276,-10.511622192083484,-1.8302048762858947,-10.799719314256913,12.335797447190085,11.002111406382129,-9.93649481076555,-0.10183735135401384,1.121386848973398,-6.5486909864638765,-9.525732703295947,-2.665766575080216,9.975262064675475,-11.492858898694394,-1.5804883577252657,-10.332402750974884,-4.973482440613598,-0.973110681504031,-0.13839501932431453,6.768723779810111,-0.7994417619494042,-14.789564296118849,8.4499318364286,-2.7337220053515106,-10.264934132802932,-7.921370338733721,-14.377562657238993,1.8359159561426208,1.1862599309370274,-0.7780455442259736,1.6774239581888506,0.6147644808149871,8.66068608678114,-0.590127676706212,-3.799035141221548,-13.018431216104302,4.491717204137979,2.2330588282858392,-3.3220096667627397,-5.704951881414237,-5.661109149542465,3.1488066460200343,2.404236693207383,14.728153854937897,1.7538207876865366,6.723847765388966,-8.4346417928771,1.5787131836732002,-13.172157356761778,8.624882896621454,13.152677029665126,-8.561328418121589,4.080406656062642,8.91514135623098,-6.7807664781140975,-4.990219175635599,-16.79138213208474,6.642126995635701,0.7557078133729743,-17.18170340316149,6.591395709561813,-5.811801258045991,0.6658504068393307,11.692521445743791,-9.703668244528366,-6.006649939499434,6.168628967961298,-9.01100810643951,-0.1124402187088852,6.1438998434057535,-10.773703154851429,0.0874886535953226,17.40494298074007,2.057914257086206,3.3464927069026165,-0.33432647137558624,-3.4545321306640506,-1.422411356216006,-3.9927132595649457,-5.200939466314562,7.259557649523988,13.709441666739753,13.723171089938047,-5.493476823523636,7.172729543222992,-9.878482783333018,-8.08133551260624,5.938168475166396,-10.943290202813778,2.205193886171725,9.461751369092125,-6.515004305950309,-6.955991518336954,-2.20895028236692,3.442981453143384,-7.743210243116416,-11.244229909651267,9.23772006016181,-6.411293851139804,3.0309383312964595,15.369707093781695,-3.4021239413518507,-7.376800146699252,-1.4049877593366384,10.767113689149545,-1.5165755069259637,-0.41563207406968244,6.94156264542377,11.829156291179146,-1.5237538810013618,-7.432589983736768,7.772162439871358,11.626951276537437,-11.791695572552818,-7.39482820021713,2.0443828124448205,-6.113550118791401,-12.841605459045477,-2.666649347615125,-8.4512820443433,0.336896548609089,3.8696326353504102,8.98099744770778,4.001147353236411,-1.02669733398873,-10.057489225975475,-23.410913542702424,11.099871199326003,7.427844190670884,3.318788320859778,9.921109814015601,10.377665756390867,-7.040884807458096,-9.733456194224045,2.2383038483909914,-1.5691003484435364,-12.521420058187136,-4.4572618086202995,-5.414641051241405,-7.221289129407686,-0.20759517179773745,12.697345310909034,-3.479844738603677,-1.0552906994224187,15.87568593443856,0.30376898512390005,-3.3296246910679166,-7.183310578574471,10.889568097267391,-7.94724000201109,8.317662350717692,4.746103793954411,9.064555556844239,4.874660295397695,-6.892365388787256,3.346751664699906,1.8421912356444379,-2.493342174949416,-22.501501001824874,7.102529697002032,4.382696874712263,1.57005018725502,-3.442975541131653,1.6886487827854388,-8.732220176793092,-10.469593135720322,-0.9554938482218394,-2.718723092642323,-6.65883234921263,12.504469642166727,-3.671856427883426,-11.455614206562666,4.884991734291999,-2.975930217015841,-4.361518100481613,-0.806347646848476,5.0924504434318845,-8.993346205192621,19.14745569064101,0.29279121324388585,-6.316877164431716,-9.610897339952343,7.731305237806576,4.917871860000766,-13.96590418350045,-17.29391405057916,-4.576455446039551,-0.08347399745949419,-10.334419178389313,0.5652783916430182,12.022120523311063,-3.293246194658808,6.845197730280736,4.714558372125226,8.490658916944236,-3.6567624266859413,-5.33324388702668,9.511988565407686,17.217270975581403,-4.017932851585008,-3.9221054411657263,2.6172182900765453,-2.562360459005,-7.55342381159306,-2.1622515762797434,16.223076061875243,-1.056975333719747,-2.000557207074656,15.551392248951373,-2.826772668170739,0.29491270685980586,-10.759531478344392,-6.84110359944934,5.873707402645149,-14.238580139196646,-11.095761457908392,-11.955536382211871,2.597874407762464,-3.3739332170161696,10.998135153701007,3.1086276194167777,-4.8430373454598525,6.07514379563949,-3.319239801176596,9.543613127412922,-11.222527384086181,-8.05986064104837,-0.08499429129560743,-7.14205861457252,-9.944540343705777,-8.725952904438412,-6.77213275905074,-5.59897065067412,-0.3108128065436604,7.924152441861302,-2.1445916783570524,0.24535348146555602,-4.173302465245731,-6.134149786085004,-14.750211531460973,-5.927733871395068,6.994909652388504,-5.601030273190665,-6.500762286752509,7.251123546971586,-4.8673660892285255,22.08019675564583,-9.27527359416097,3.334830284472259,10.96181251284582,-0.09662047695557674,0.562932182485567,3.955283704969916,-4.587252206856972,-9.05020112522152,8.450158468085787,1.6206254515089256,-3.923425954038082,1.720165461837418,-0.2895369105037989,0.8172814794525446,12.61602587635332,11.636529739360931,-9.222010301077368,-9.349313786902659,-0.5320140372760371,12.226281614877564,-11.537441042079747,-5.5474158239998275,-1.7392319634481475,8.011376495965395,-0.1626028874153871,5.4335752012066605,-10.785354986896351,-4.5044807064323065,8.764537230528367,-0.6955072250941033,5.667468453702035,6.716931451297051,-7.364608055480966,-25.985579688194505,-1.6794270453139768,3.021933956459395,4.161304276129221,8.73790997815809,6.118287276974131,6.104937211686896,5.587257199406704,-2.935560991611484,3.167931629193943,-11.267651775510771,9.426294232075447,11.767062867103416,-3.9181580256775765,-8.166003268980335,1.0121628999837573,-3.0472785103746673,-18.946879453648915,-13.832529198578037,3.2182435208199713,6.759266368896077,-8.256951741469498,-6.2408212074456895,-1.2857310690365256,-8.283811173177567,9.060523142598129,-10.866959346782632,-16.95702308168957,1.1042581769210174,3.0515269120168433,-1.0146602548534258,-10.860255724591878;-3.674098116793683,-3.1535684097404784,-1.2814637947757588,-3.5837030809088897,1.4777499656827962,2.7063025558984424,-5.8871129083419635,8.166531043089226,-2.5586457835743284,8.313555215452245,-3.796418091254916,-2.2440909999488023,-2.7532080935616223,8.269816463959607,4.0112906907164465,10.109648780230117;-4.864159552012826,19.821900174141543,22.462756155810325,-1.6831563643295344,19.481277068525394,-0.6082359805518532,4.658522502874809,0.8282961182998829,2.565803831248964,-8.489179227648636,-12.03901963858113,-6.500864121087328,5.101391315134205,6.037989409980055,9.802196516380583,-15.412605678685166,-9.94905503084832,10.120125489689844,-19.947755092026256,-4.337943816519748,-4.665586544290158,11.457230688025682,6.827386915743854,-27.640312929531163,-7.434308602347199,2.5341413544483555,2.5786017168253315,2.7616172845704585,-19.020572677132822,6.524740998527109,7.555874934540851,-22.664767694141418,11.916288931181688,4.577574203690198,20.92089844144524,4.479223688121102,7.534005956548289,-5.7979631469088355,6.527709841580731,-0.9588427569490323,-6.456500843226112,-2.887373878081323,9.692752284548849,-26.120409750377643,9.04451398075892,-8.396676323876203,-14.131197874499742,-12.631798499502871,37.81777318607849,-12.114747668465842,1.0574718734905897,-0.5532485274943388,-6.1783407082129544,-21.86185381984133,-7.200491414617511,-7.661947181379275,-32.23702970839409,24.523565957423834,-2.7567764102930052,8.870264242876958,19.79515896114238,-14.55009497355013,-1.300502359525106,13.987862555606014,-6.078246916791654,-4.291480348164898,-5.533380683926335,3.3694104409779437,-8.8169889157488,5.151609184550216,-19.6855139276766,2.5697535043749435,6.44833204278542,9.378845921014332,-19.16926077571462,-3.643046660736236,16.631851573782214,18.735970893161202,2.489206974304076,10.274075798722631,-15.028352624486864,14.338861973416364,-1.1027098033716123,16.58978202868724,-4.199203094893924,-3.0142912156992505,-20.079703933831752,-0.1204582879478277,-7.494339485030347,-0.21640210152997316,7.360118055406133,6.7774786408517205,4.185918245735497,9.711528043136285,2.0170807677156115,7.9419606358043895,3.4783421845933473,-5.512066149319623,-4.772010025497423,23.271646052016667,16.089310787651282,-13.91285364231284,-22.03498098064985,-15.239496429726387,-5.150324997818698,-21.156933686566756,-12.657234972292441,0.35895274741253125,4.5154735131063415,8.93269714135806,-20.354766456198274,-1.0186806062059015,5.0073626862737735,9.335174288250252,8.449790242682235,4.105014900816086,-4.878630000271092,-10.960788390321696,9.795343932785494,-11.323912923432772,8.633208237990793,-21.221145906862297,6.541396813534853,-5.0575078914933185,5.673917400263285,-25.80185516688837,13.257199720513576,-11.806634762767331,14.83779218469419,21.73071026143048,-3.742099935759946,-31.093093153505134,31.70378530650723,-5.146578585058564,13.498844397205332,-0.7690058854752182,-1.3236805325239103,0.08829983775939745,6.431447784615941,0.16404497916452856,7.745440851042346,2.249950247401788,-8.30890831381986,7.497316210823113,15.985616510421167,-15.041139545983484,-30.057484011485318,0.07105877107579328,13.256290268861097,3.5618080903136917,7.585562323391763,-14.52799868527374,18.292122891078137,-12.978466203827928,-3.370853273036371,0.2949423502870682,10.731091391681339,-12.862389652501232,2.8085090284467036,4.652146682981354;14.991120525980275,0.5810232903538187,-7.359231010994178,-6.238472677757187,7.373284957443976,10.997825986330339,-19.33800085255464,6.925015210632251,-3.2227123596533467,3.9843402459740536"
12,1.8062997043310027,"-4.339530919041289,2.198435403278147,-1.2822146685743543,-7.783031633431163,3.7352966386329958,-0.7055153244859448,-9.17517058057666,-2.217048201296287,2.5260758804138495,-0.2977798807770247,4.674907572888844,-6.222306275198431,-8.863459426922528,-6.157525764431262,2.034834412234856,2.7150005499770757,-1.7212096561505044,-2.6305000941820618,3.591890763661084,-8.336550848846056,-0.717950472375628,-5.218688417893852,-8.601459334941728,10.292503160606026,-14.757625435555179,8.645438364266546,-7.0394148149853715,-6.552126417369211,-8.127070560902403,3.8458700879779046,-1.054891913069047,-2.922424529453669,4.439064653169495,4.068980311028557,1.5535620963021413,5.482241456000898,6.385701167542806,-1.400139398461722,-3.6435804585853515,4.79020370537973,0.5527796101990999,4.844977599796482,1.0074924533618217,3.5861408113910795,-4.3487761321353195,0.06853999952124357,-6.8516250518003465,-0.3622982187667201,-2.9803426208330612,-8.698013340466577,-1.0321866950719132,4.44666443292138,3.2939164063257893,1.6166826291350822,0.8578183805594175,1.2690927855310874,1.5107973777065138,-11.1432486066699,-6.61385160324407,-0.955288691199939,-0.13220734045331037,7.533100551930521,2.879139330246426,-6.06054325155604,-6.373091099876632,-0.5611732017263806,1.6122220091521882,-3.1824470990047815,2.2436360826888917,-2.4427273091529385,-2.9912760290991987,-5.167093039775975,2.4404946975908577,4.732554617190432,-7.38675528792284,-2.3697727586413198,3.2767879233696577,0.8380308572376327,2.0529771033046695,4.3687289364672575,-0.21500669674925843,6.77373783292432,2.0120010209069967,0.9234852795424273,-7.505107303548958,2.7352725931675743,2.724350832797875,-3.204979347486768,-8.944752336420667,8.906094320380971,6.527473392305481,-5.136959668204275,-2.6529696042559814,-1.0720059474596662,0.6104707735072572,12.897466419224946,-0.6133515280433163,4.134404307341579,-2.5855381833718694,-0.16937959260946878,0.08534512380105208,-10.314340823768948,2.3389964961481615,-2.7065340760203402,0.76873442383241,-2.064282547197493,-6.110586391175838,4.020084951635727,-2.497634780327,-1.8463337571423042,0.6207844681747313,-2.8873235027830266,8.985721200767305,-2.3166350053045193,1.27317114512113,-4.041399301299316,4.786555050984852,2.685184719801154,-1.3303673397408589,0.7106942073167763,8.767220087097648,2.4184046813953,-5.833906105878993,1.868094353370371,-8.609725230181525,0.37753051314099584,1.1959907411637554,-1.6919686280530466,-2.1566830529962973,-0.2009702219432027,-8.345554193322117,2.6242781092191567,2.39384610840837,-6.642115960947994,5.271374927966299,1.3252763087262638,7.164236409516563,-3.2162870973481743,5.874548439417373,-8.1307891470223,7.374931583914464,-8.348689844576949,3.077504339053677,8.315564858652689,-8.079680166422873,-1.2009311544379315,-2.031966376964183,-0.5275984179941737,0.916083053695075,1.6280338034473767,-0.7604219342735654,-4.037708403506874,4.563498879208396,0.47187109864246946,-6.33184716924608,-4.87951978380903,3.547324767094389,-2.3266621798641087,1.5353504511909999,7.022210649726684,4.409993859714152,-2.6835747110048054,0.2421815938231819,7.2909766277792,1.2193347986300207,0.5259007935729878,0.0231544739751266,7.62891717941533,-2.0979893398476284,-8.148544445824339,-1.0421475916760023,-0.29293287660731715,-2.121153700090016,0.16873333052179168,9.253711598882578,2.840591136194867,7.061508704932946,-3.781969423820109,1.2460394350958963,-6.972176776654624,-1.4504520301814692,5.02282695837891,0.7155026085459428,0.9652787587958324,-2.541648459886243,0.09288349075775827,0.7480188130425569,2.6638337068576843,-2.9782422356404714,0.7385294467050927,3.5476037506401648,-7.787515127697031,-2.1055264066367014,-2.9460444345514873,-5.456894529587083,2.5747749673834637,4.6165351893999365,-2.0250258563962023,-10.949682014538956,-0.28776986336562393,-1.898583496514407,4.0738413994551,1.0697403662945812,13.418445642891857,3.6516646357406324,-0.6486855798182257,-4.522547924849036,-0.13461484560792622,-1.4427378669071476,-5.020534201733989,-6.052019137948146,-5.635761968624595,-6.242839629693815,0.9506683929683337,-5.57790656610937,-1.4641581379802266,0.8762824335314157,10.90920321748573,0.39951989485260325,1.210844489470189,-0.8212112039794357,7.137716668747482,-3.7153054270650694,-4.888274272362205,4.986809346075773,3.8791759382711213,1.5980275433699511,-8.128918094525535,-4.87322560533663,-6.798955871199819,-4.883245931430647,-2.4450996425007965,4.16287210987039,1.2842462413887734,-6.743240330840383,-7.046222009348764,-0.016548814346765334,-6.95582587606662,-4.710223088108154,-4.896457237909675,6.459553061824094,-3.813554457626615,-5.73330573298815,4.150815439083434,1.492569268988091,-0.8912180771297962,0.8895762815947866,6.697654645501524,-5.020042668468763,4.9725375835814365,-1.9869462978633403,-0.14685406077115087,3.512554903288061,-4.174038628450649,2.964072425056724,1.436190216076105,-2.966610693106267,-9.477201756207343,0.5489528686738494,-5.482004540407711,-3.9724475240922397,4.842083752049224,-2.3558635797459213,5.911134064110422,-5.639518971330061,3.2296144813598553,-5.646944140412825,1.0269996186294597,-3.163043671106581,3.2056676137952866,-5.161064837728023,0.5730885717594959,-0.945454593837982,-1.7672240362565867,-5.210929686060489,3.163125335460815,-1.2165373050780517,3.3785596287881847,2.5528186666705572,-5.041611276598485,4.02569839033216,-4.523541583454647,1.0275180698308128,-5.22082946679676,-4.671447275471891,4.12122466415149,13.805583187670067,2.1671794195676486,2.934739533396758,-2.1987073416361422,-0.3245266949998653,0.34129903459101496,2.984500151080203,8.219166530152833,-9.601100576436046,2.797731533905595,3.099326180809288,-6.948185793357648,-0.19150924455160756,-0.9623420994557615,-1.4104251779581813,-1.7176769609588178,-1.4105331241507821,0.4219878880982141,-0.9491863677966771,-3.208406795106375,-3.9401878649194124,2.6921042292296855,4.699361787978464,2.625559498675035,-0.04627502512801207,0.2413618564350115,10.169047639740686,-1.5957104194922402,-9.922284587758565,-6.150134128357273,-3.5191667280309127,-4.394331157293651,5.049032172649219,7.671308899448549,0.13325647645651573,-1.455418953032586,1.7907648324292116,-5.811897095665454,4.894266809787279,-7.547002435438135,-0.4849092587348587,3.0753765930296666,7.947027718238833,0.5894688978721234,-2.0138875555921536,-3.454223544351849,-6.264020550103916,-2.2102918387319885,5.474434430300029,-5.060573779337423,-3.7403416910890854,-8.174157361676905,3.161997354132113,4.766809703003425,-5.909367130815204,-0.16540844669442178,0.003892431818421513,-1.1340514475968084,3.7392660295811004,2.6965380557778946,-1.582752380200902,-5.158785609337545,2.829224870040703,-5.582820185003667,-2.307942714971643,-2.0628869848746025,5.901264146530551,2.0700748049314304,2.345909933091259,-6.998652032117485,6.306342403063599,-5.09084763681696,6.8987568736184075,-11.175994585372177,6.501497009124106,-3.337886058826261,5.826795804550188,1.1545172905073464,1.4993227345457534,-2.1462408424546973,-4.300037496916879,-2.7642862583114507,6.930304895997551,-0.9622050166012938,1.2484055221415753,-1.639180507518654,-1.7102798539971504,-2.3033786614198934,-3.4940436709686766,0.7814385524267184,0.09440671150868751,4.243881905680979,-3.373572750759089,4.722533272566108,7.2141298666875135,-4.103143662212173,-0.23967194445849804,-2.7915489181385134,0.7031093444120857,2.8965057678682324,-11.045306076578914,1.1294735406141028,-3.0243924825817574,-0.08982881451281804,9.208278845698818,1.6059835736384425,-3.006596926306969,-3.529021034970751,0.6545322112909912,-9.062422044645029,0.7010020999936474,2.743704163715189,-1.479686127427992,5.124624178281149,-5.373003918979343,-5.126721682019566,-4.443788972742162,-1.2645815109087022,-5.586857701280071,-0.3847994833190519,4.441593902582278,9.453649727960986,-4.760077195897777,1.657042900848776,1.25315536010227,-3.341133974276797,-0.28255898115322176,-0.6488712718874077,-1.6732733867833727,-0.9077837812614706,-3.0675634233884823,4.057110878514498,6.559597040117876,7.080146069791232,2.2799479219909218,-0.6514076910608735,5.324489472625324,0.5527790494061404,-2.7079031104809577,0.8699765451169843,-3.566857924764178,2.545539024057116,-10.070250204220262,0.7338288321551452,-2.204795004454846,0.10099819406678939,-8.042133653640745,-5.672046173605345,5.859992108828319,-1.7115609552620124,5.400642044793398,1.0615470967722165,-0.5446612855986407,-1.7123102884465613,1.6370221605031958,-2.516892935073742,4.387729447583639,-1.9785597272969488,4.235981979477073,-1.821365400936086,0.7700517477422771,-3.5383826995296825,1.7933394339555084,-6.368870520027874,-0.28293978013471893,11.321822886014932,-4.641103277010231,-0.82393233665188,4.335028111843371,3.3881270945974693,6.494369570404159,-2.9518877801923438,-0.7232684719457472,2.349382175270178,2.052247923288613,3.270062004474088,6.985827272856945,0.6346113750875353,-3.847141632727431,-4.3770983257427805,4.0757207000373095,8.730365814777613,1.3751790091682006,3.9361376331743454,5.740234142146383,-1.8916343900407908,-1.2308328829240416,-2.6633745726732734,4.182778639552003,2.513599207485348,3.152845948880665,-3.287374740868987,-6.210093209318645,-1.9926807068824575,4.183566330612903,-8.803659370435362,-2.7252145850178615,1.153478503937436,0.6175804314995035,-2.155782841898608,-6.704563569320047,-2.154862709066828,-1.612591778533963,0.9807655845172385,0.04326801157521015,-4.1125210886119365,2.8999106390097333,-0.47986234024179075,-6.55721052116305,-0.41017501425588565,8.057752664032531,-5.687270401767966,3.9605791948917233,-3.5685519716440846,-4.110105369576013,0.7726442361557715,0.7043811264648796,-2.744272660847043,-2.8150349751508053,-0.5782036773416461,-8.660440469086842,3.5436332612020927,3.7855213512010772,-1.7409959547857163,4.423406079962909,-5.201138535912634,-0.1666208768432141,-2.6685200744461186,0.4700980427650804,1.508506445673314,-1.0834021057292496,1.3918428943748982,0.7592190484080017,3.219519422034322,2.8727338738945947,0.8303291004677967,4.420911717109901,3.888748526398437,1.1456505212136112,6.14650393286985,3.844111887863337,0.8480115367267513,2.9455927983462296,-0.6167866658711172,1.0528407886756999,2.3477610265881204,-2.2954326752642764,4.960050781006517,-8.900672142525227,3.1123349812953296,3.0666954645593103,3.2847852556233317,-4.433442056354,1.8354061232605008,3.4268578984619538,1.9871671600810445,6.111880441077636,-2.5081384275200307,10.36742152106017,-3.852919754331144,-4.380992423092642,4.68283902637382,-1.8039505811759606,-1.7022953053159031,-5.3211529671112014,-3.342904000134986,-2.6082094741077775,-8.753339621088603,1.245214504415725,3.0164741122513927,-6.410169182850531,4.436758947683342,-2.302707488127007,-3.4112305961880285,-8.026870584538319,-5.828491041801952,-0.2202237983270427,3.6884778614155693,-3.2938700449427087,-2.665138706316162,0.48639354755216235,-0.24268764954768263,0.8449469242047896,1.2804021896209525,5.482133805512073,-0.26575343441630594,5.827086658095117,2.354259357297297,4.93559935531656,11.224981170060477,-0.8108437659084964,-8.155528164941252,2.9483273785547532,-0.23474990623367065,-4.799040618010931,5.825520245111814,4.972436285442564,-7.272590803079214,2.6238678568410174,-0.411931127248638,-7.0233255790229405,4.96878582363764,5.753629630480265,5.451302282949963,-0.7894623918118637,5.431853731372514,1.3998201173186084,3.2458528375164875,4.197343290402333,0.323103963372417,-2.807825861685879,-10.729384463971597,3.8208153048671933,4.486563506113196,3.739119792472159,-1.166538539852523,-0.3217104509913986,0.4846569581877559,2.8484142717696908,-0.7959532725187232,7.127569239240669,3.160013275992852,3.7389102981231055,-2.148579894523199,-1.4387260825397317,-6.410197208626092,2.305185144772061,4.426172966619035,-4.123318956560587,0.2528042804867201,-10.238520254521983,6.764184223058764,-8.217284986692668,-3.350020257238588,0.1271144575210605,10.739929801562294,2.2400373392103274,-3.6244241426346244,0.9553093776907755,-12.052908119281375,1.3545023595214118,1.1113239849890506,2.081039770451823,-4.168264424081833,4.453335634623189,9.861237637863209,10.906002963428595,-6.001697324928298,-3.8897319572782063,-0.3247896359466751,2.440809786470768,4.685770705545634,0.7226973633647731,-4.120539804145388,13.344511944449511,9.230583285970017,3.791269631978471,-2.0839414181599993,0.3707510917294933,1.4403510927606025,9.377197843995017,1.1395018589846897,-4.320960301501146,-8.842764469806422,-6.90449890068749,0.3082496070878573,-2.706683127630315,-1.1366761372244336,-0.07493251399626055,4.126488123488372,3.965952890541265,-5.984022548943094,-2.950411713654625,-3.897265818903437,-6.257493881852815,-1.0726975617477243,4.619376565549139,7.062859223848209,-2.5367289592727116,-6.969552419924525,-5.468099880658192,-2.8062201285504376,4.907384905637055,-0.31333632259442745,-6.394068173124731,-10.096461676488282,-0.7497980100911822,2.7136527586343044,8.522404500629918,-1.4772192525052532,0.6362648996007193,-5.258714121028881,5.855915077283412,-0.31599322593277,5.869004452926431,0.08479695111626184,1.3808231909578428,-2.0760373072439737,-3.535791154074401,-2.649990001988921,4.787296098837149,-0.7846710856082901,5.361119438018037,0.929789176221812,-1.0588760477140866,1.7979640848097964,-7.012871353823591,-1.3937512006876216,5.573614772290931,-1.5947485909021386,3.4353698949466382,6.317265259343772,2.4266828106952754,10.317473213431267,3.954270660570633,1.252107003529639,2.1021767379213783,5.808880005685886,-1.6639902994592162,6.681928651195051,-3.171116605571404,0.6947632399741615,4.05237245991681,-8.25688723369215,-2.2482261695175896,-3.151441960639273,-3.8873362978670607,-1.224055264820833,-4.515187576040861,-2.0153916058400494,-1.57249540066254,-9.423534635704334,-3.5680912099825397,8.615046578298161,-2.6313010620408694,-4.028987489161314,-2.5121025476964767,-4.5632121780245924,1.3910560794967077,-1.5849661729616988,-5.291560162075704,2.7279403697658946,3.6328903481541897,5.0189655315206405,-6.071989423712729,6.515718014173446,3.169561421348188,-5.3245264841991755,5.092440031895787,-2.547304833763803,-6.501668861030561,-0.5739228205628477,-3.518028153497755,0.3618597074357729,5.771904157747191,-3.3206857653601607,3.923526496467003,1.1441357358425888,-4.13279003331032,2.420237885187165,-2.6888724807579107,0.6805664557929467,2.0657560363440033,2.825610760881981,-0.5223911749724902,-5.105484051881634,-8.065116728133786,-1.4896287768453453,-1.5169812997743943,3.0489714859161277,3.126713637754375,-2.743547741870955,-5.880531123513327,3.055862086235902,-2.808129068598129,-5.117059889833335,-5.9547532087963315,7.791002327132128,3.4582536022449606,-4.795551050329689,-0.3225821568744397,-3.909741809566718,1.3532717442087385,2.516602539863047,0.8399432841710022,-13.693645617914605,-4.7538868368498015,-10.769878570460504,-0.6761852868117297,6.722408127031505,0.8817064846106151,-3.45736700272883,1.6640923578563611,-0.3548574241779435,-3.0450449355766986,-0.6435069123170406,3.872687138811572,-5.119009087756261,-3.6082165193623563,-4.919587440447042,-2.618032810898355,-0.6723867080760719,0.6938791615074686,5.98979532888562,-7.57226434844814,-1.4816181165515983,-2.1843629360188945,-2.3477712045828976,0.6678027897402152,2.296116218905816,5.104641761850651,-3.5806119061601858,4.950003038693854,1.4242581326039325,5.616806118640497,6.920298147742544,2.9656141307124817,-0.39882739815822904,-4.47003874821,7.186446950167058,-3.0867459948342075,-4.0253423187844675,1.4906651468059617,-8.844214673838923,4.4848573183203655,1.0116737145572783,-2.7046492851143853,7.092056680400512,4.7930317338223745,-3.651265979196909,4.428682600032035,-6.773296682617195,-2.797994397186497,2.7781388701921594,8.796316194444707,-8.343267781576667,9.01728197528277,-6.6032888263183676,2.402319502019923,-3.8112989338942302,-2.7440810814200596,1.7805019568699274,-0.07928889478124079,5.84822332562622,2.5917459843265,-3.0326035958472897,-5.884359602378265,1.1507118937427243,-0.9711144668031191,-3.4108408041636844,3.9618322793397898,6.174872752132628,1.4714541222293407,-9.34043479845337,0.3114644737205547,-6.44608909088444,-1.5773968267387195,-6.212215478338214,6.2025238620333525,6.312075204436668,-5.511728689064219,1.5283077271516459,2.294089298784752,-3.9865376907005916,-5.667260973776967,-2.7227938982494746,4.982831506955817,-7.104159605841286,-0.9096304719967855,-6.720962238587502,-2.1894360169821,0.5055734366318337,-0.2238586837959895,2.981082430254788,-0.5220596144595461,-8.059357331306506,4.895701360660921,-2.3529512634370886,-5.757887273428601,-3.71428640304565,-8.432976452567484,2.0356778961147715,-1.0690460561505142,-1.765032271799177,0.7052183557209698,0.9210070193590354,4.936829254742727,-0.9723418604586708,-2.6514949427479912,-8.738812969918229,2.3910874439897,1.3881296213721535,-0.246989809248781,-2.97954903798921,-2.18508990765191,1.1130186655706014,1.8663130226064444,10.129496347472198,0.37583630829380266,4.477896545207705,-4.820478998683576,0.8319742794046713,-7.547278570343025,5.698411957319616,9.115573956194336,-4.921169828037785,2.106332584952106,5.041541780500744,-3.0722917206197655,-3.144017185771445,-10.556749027894508,4.789985593099585,0.8408334053179873,-10.296847922930919,3.6258602750457767,-4.74179412128515,-2.0120170066657215,6.634935612877541,-6.099861475107362,-4.211140908177347,5.809364224803682,-5.9894959228606215,-0.4228069411499694,2.63549183760838,-6.193596766360931,-0.01528239993589009,9.856268974359063,-0.7905823778576726,2.919716697183899,-0.07846632558094627,-1.7515884498072243,-0.24691804269186263,-3.1148949281842055,-3.67667303520327,3.642310892176562,8.997096212954364,7.840336037054733,-3.292604971638977,3.331992403106736,-5.438119721893911,-3.959562275266136,4.328633627551877,-5.6093786436456465,0.448504231803796,5.4580202511980325,-3.21250114791313,-4.2050849452260355,-1.6022431510910238,2.691901445156486,-6.389200332253369,-6.407563248814673,5.610803449736762,-5.089566819338262,1.2428799945854099,9.14379830931417,-0.8872241329303436,-4.316968193057034,-0.3132400443968929,6.652177021801728,-1.247633297174867,-1.0961977660407132,4.7266532756211435,7.426439900048143,-0.06332447589902204,-3.625945558729692,5.083013270453862,7.060262885428346,-6.543612866166732,-3.774157542692734,1.753004621204359,-1.82461763185519,-8.106271311491138,-1.807220457421094,-4.161678150396189,0.8942926576025355,2.4743844470750815,4.721215328512404,2.3569885309875476,-1.8681081829760604,-7.18703154532989,-14.289819199126057,6.488082642364307,3.6414308391071404,2.7047897549433637,5.753688913182872,4.189899441986444,-4.236880038305902,-6.652095013657243,0.523665912237807,-1.9145058952327554,-7.076973119678534,-2.462699722101762,-2.2842980971074995,-3.7698984837065557,-0.6119719620043853,8.663738751286044,-1.2815536118562065,-1.0647483687486852,8.31290557106712,0.32995082375739976,-0.8954410558119066,-4.635913010036443,6.166481135911385,-4.976224744311366,5.37220488046836,2.530276583376544,5.34407349404606,2.963057772066459,-4.276017744567303,1.7502672750976223,1.0591974865494582,-0.37111291603624247,-12.825373170400315,4.124885445240406,3.054883306022792,-0.3451173150608968,-3.555472556047842,0.9518950990473551,-5.790347014209919,-6.3088905966633515,0.013511872579532458,-0.9904186654105225,-3.7255985548109765,7.975232635769699,-1.2381646213885014,-7.720444651518386,3.4806993427473563,-1.18235992692843,-2.055283149782489,0.872043484959508,4.468793830559383,-5.7545584032863015,11.372137094645876,0.10606593974880407,-3.1798610462749335,-6.328419333041465,4.1824314554132425,3.8982658778568386,-8.839558522048204,-11.146818328434518,-3.5931226919104935,0.03911695756508249,-5.214761866507926,1.1422288503236386,7.453967829534384,-1.3299469317461132,4.799229180373007,3.6425471685758204,5.930215618184038,-2.3143004491636674,-4.445335832681487,5.9642009795888296,8.957047474154752,-2.201418269627652,-2.2620548715308795,0.9192330897568253,-2.663414373604547,-4.285586109715861,-1.6217337765238606,9.94292345648257,-0.8165464233982833,-1.5195530448563126,10.231451629400839,-0.8542220415321229,1.5173067582697892,-5.7065681569143845,-4.229238885842233,1.6969675579396823,-8.89961485335965,-6.154569542648309,-7.816156781092345,1.5196884767065373,-1.6141617543755693,5.758294424737643,1.0511416738222648,-2.8380964352899074,3.155413718928368,-3.178427904242419,5.713669777923215,-6.243881220430977,-4.186868271647631,-0.8512412156508959,-4.4110363485467925,-6.2425609526564045,-5.399547790080601,-3.474832561248683,-3.2194839694263484,-0.20785344042303944,5.994133156687074,-1.279903026111327,0.12259903901719282,-2.081834066180932,-3.1985158535564207,-8.767580798767694,-2.4747984874350166,4.019096989791052,-2.996483142579938,-3.752731567254531,5.008995457187973,-1.7995049451410776,13.202356406010251,-5.09853841605682,2.2808635421263563,8.470179373997599,-1.4082702618998384,0.932294261234313,2.3521163364478483,-1.9063907194599614,-7.408767487541082,4.912613221536356,0.19551835330675632,-2.1823055546938797,1.508498627550686,0.007484718857505734,0.027916706893824084,6.60923891175989,6.45758666726668,-5.137399304120782,-5.047663766118323,-0.05645075229030616,8.20484618054577,-6.666125912245538,-4.265283027260722,-1.2899501837261602,5.0868318789846185,-0.9377389947341476,3.953359685827343,-7.128333904376541,-2.8492287035107675,5.633281721776038,-1.1713091661847654,3.739098477860471,3.5305049871906937,-5.185350450174715,-17.261245577687788,-0.3642784916856719,-0.20280738046294808,3.2616838919856574,3.8145994311049316,4.3072070084106215,5.147409155951266,3.1960941032743277,-1.251913861180418,1.2980175676859638,-5.887696734265391,6.317990402051867,6.518506358212429,-3.367900400268395,-4.744546069145686,-0.8734266738278983,-1.7476677551234485,-11.935169533130239,-8.348158165418084,2.7069032962236443,3.7263588600056567,-3.9024949772792077,-4.119680890267295,-1.0605232838510348,-4.83377906936549,5.6217731349979,-6.143701532154303,-9.061056004458834,0.2903689397873547,1.8108926062395332,-0.5706267412571591,-8.128605067814297;-1.52331501734353,-1.4881569549757891,-0.15081595710629592,-2.2697205679577177,0.19964169157340272,1.0202723452580387,-3.326258760535092,3.471011278231552,-3.5776875511413424,3.717516833808154,-3.3646123905191674,0.9358045616110517,-0.22032314396365,5.099068966075278,-0.5684460400395812,5.845537695586156;-3.396857245086789,11.040296088329182,12.319101425123826,1.2032296444546309,9.842635009187033,-1.0460172275801634,1.121216051769148,0.022952080389605944,1.4262301805713486,-4.258495217906428,-7.170623708308638,-3.771854375566406,2.486772368027386,2.87472910216816,4.689237964329753,-10.180513145671515,-5.055644088229503,5.247138148758101,-11.396188061129738,-0.779765897753811,-2.162742377576652,5.01246338708819,3.525036586296451,-13.32927731465121,-4.712836802217041,3.4899648143346598,1.7900027780293197,-0.20789403367659332,-9.768892167798166,2.057727874078175,5.3074163626067135,-12.64053385896784,6.075355887728832,3.4115073129580686,11.710183812581533,4.125850173209006,4.3669250124586645,-3.425203402537684,3.3170344556015814,-2.177164598998885,-3.9836143543185667,0.0004807771686305973,6.929678351196225,-13.193104476633222,4.4460755673125245,-5.202961741090842,-7.966182998590842,-5.866591235660385,21.35902475794167,-7.253022096059823,-0.42255051502947105,1.584446231690551,-3.17322870621721,-10.658252081281212,-2.6839289983687804,-4.224583099004097,-18.342844965271496,13.358910719690806,-2.103636129644493,4.136043790168587,12.21910307561772,-7.474949165677193,-0.8854736706321424,6.831307511466126,-4.975411753293393,-2.137666726812986,-2.1502071322227203,1.553328604365782,-5.514853101161656,3.2307329265696336,-11.113654184629098,0.47417222035287454,2.811952031620447,5.3930700130105285,-8.891882306674336,-3.6440919951733104,9.515787558631434,9.528382935176499,1.100807560184754,5.2749942141564645,-7.755671442436571,8.121077134792163,0.769396963982147,11.011759138837853,-3.1763819040157504,-0.5482268799197636,-12.134896817729675,-1.7945441033928717,-3.2406566460045405,0.0197139746448666,4.970098188630989,3.9838158314966923,0.005281531773883907,6.12582915530543,-0.2702070279348111,5.642703473853236,0.8707730818347261,-2.3545121163017435,-1.4238882034339637,14.729614424861179,7.3544416133868795,-7.714527358394372,-13.699973094572695,-8.753692679134454,-3.4367796592841855,-12.162661937397202,-5.706672714582766,0.6834373525436696,2.8132675386229042,5.664616067464407,-12.848838501836997,0.14186321655672884,2.777084353136409,4.616513534734722,3.9574439737416713,2.8978201170048536,-1.6015699645172823,-5.411189014465896,5.53394402482717,-5.8257361564708825,4.693004637125281,-11.826890485560881,3.2486832088398496,-2.076600687465909,2.709361943281973,-15.180674308485802,6.087078336748473,-6.609371637314863,8.86726453703933,12.051261779297034,-1.8490936849823036,-17.37601974166056,17.90842229003476,-1.4156729540074726,7.355984737402397,-0.5608867304030105,-2.5398739636323255,0.19866240063304796,3.32539798082002,-2.376030898874118,3.724673436912414,0.9531711377312927,-5.016730628305648,5.754689082424168,7.213923411472893,-8.392502858841233,-16.363840723483083,-1.5269540503628356,7.469923470390386,1.0310854703728114,3.3100500154231574,-8.04159442937418,10.270391385744517,-6.925037845903871,-2.123453037407386,0.744791749680566,6.409825012718329,-8.414983479667066,0.07261954794776448,4.26239904701243;12.797067711224734,0.2846918126730835,-5.7645730632746535,-3.9660433511461077,7.122815084124532,10.44023557360991,-18.68966256533254,6.723198429453183,-2.84010037728721,3.0867410180561494"
13,1.7935830414039853,"-10.7329668427114,1.6791677473731155,-2.698135191224461,-11.58594181612828,4.857165189003684,-4.742780722475495,-10.389999054023239,-2.4412735169949773,1.6069292875178003,-3.632294672261689,8.618475582438178,-9.420216848721083,-21.01577455284116,-11.36605031563368,1.964141761632699,1.756499992650848,-1.5996124515386412,-2.838753861786412,6.5864504006161,-9.254316150245455,-1.4743973632611178,-7.046204152936972,-11.991892338655264,13.28711383487758,-19.619173177430316,14.65143897980103,-9.159836134897745,-7.114118686406764,-12.98590918984749,6.676435432585483,-1.0518793035343783,-2.910380923826335,2.658171860286607,7.886832321409926,2.974226676606171,8.0482137437165,8.026518300165376,-4.538575329463028,-3.2168327381108726,11.601887641323142,3.9456073972132817,4.733951845521107,-1.4183544957330716,3.509366399795208,-4.313090849692117,-1.5990486979082301,-10.38837123990748,-1.7908502351017852,-6.553869788709154,-16.058994005604905,-0.6576463631917587,17.428515567262306,4.3940101327908305,3.5033548187285546,3.1414065687363273,2.8023213281321655,7.192910737683208,-17.939560549742428,-9.532122182961023,-3.9866429927099554,0.7813784821286687,12.429758499179206,3.250531025520323,-3.5388987954346396,-9.292467667460189,-0.3284895072266821,1.4849475401961607,-5.101727854013912,3.881671934423205,-2.5256896140603105,-3.6584397258884236,-9.122822640264149,7.747691661336393,8.762427714011107,-11.213380704063965,-4.556661766562879,3.4824179553119525,-1.9827265705815353,1.8424942481970836,6.683695516570205,0.5456702980619916,11.174665783171745,4.525257014207798,4.5021324585327545,-12.380132721555796,7.332089172196505,0.9963521333979957,-2.6867318956307873,-16.616465428898344,10.211962905440794,9.537853463355038,-7.385750577214852,-3.0876939367956275,-2.7293628067903444,1.203290769449738,23.53313841506264,-1.2446718139000512,5.40758687093112,-3.0518294787675915,-3.474458915493404,2.3205483258097996,-17.39415432322775,0.524605769423224,-0.07528963450237769,-3.0023713152258553,1.4259860770834465,-10.208090453235716,7.765889118502142,-5.395983595939091,-4.536284977721712,-1.8702690231332408,-8.404795352198638,10.609114354051437,-4.662641731763469,-0.12016207102414811,-8.523954147065274,7.798677805858255,2.4686859332825346,-0.1950486959901066,-0.6741386480113133,16.266219875527852,1.0784855238801545,-8.776641372048632,3.4971067544311416,-12.479308067714758,-0.3252460624406357,0.9266578726279238,-4.221741061030314,-3.584356879625247,4.374191317715186,-8.931021036815794,5.6553894669178115,3.097446763841629,-8.652637971859289,5.838456547650011,0.03736085644984444,12.365430253350135,-2.615146803857089,12.210931156253015,-12.60922553783515,11.970836920043077,-14.710854909084881,5.600042234444761,12.491376582916727,-12.843471149163868,-5.9047360079566165,-9.37469447305718,-0.9067182066551251,2.8487067097597434,3.506360254086352,-2.6186283198407088,-1.8652429346416266,7.60018498869383,1.7401176109460363,-13.729865764043437,-7.722113313646408,4.633035471450382,-0.8236608926106321,4.886765875411278,12.861342270133294,6.5549789845742685,-2.5064361446247663,1.5065373838645657,7.9080311956275775,-1.9012400268423049,0.7493982462700718,5.603154062692105,13.2242693824615,0.2857681686094047,-16.33043899685293,-0.6337066529538135,3.31708712149212,-7.43875700137277,3.4835441124773903,13.611591988578228,7.351447068928669,14.69657625843019,-3.338893685599115,-2.397997586065965,-10.412826020398155,-2.7505067793208235,8.916116011125848,-0.4286831337108161,3.149339350605029,-5.668449598585593,1.4421658710644931,1.9266295355493164,6.243310569745462,-4.222475584159566,3.95604198725883,1.238536251648608,-14.620194010538583,2.331092342794365,-5.015858281780424,-5.363337981416856,4.795758267088715,9.090796645489993,-2.93628110181516,-17.521950361077835,1.6738393578538693,-3.661642561517024,5.688202223890303,-0.6145244935049792,21.01878423720539,5.2251510289234115,-5.039018413511174,-6.562660611568668,-2.3814916393500813,-3.855820880580228,-3.632494611868772,-6.69750648306851,-9.080062356853563,-7.909831567004577,0.8841922382975109,-9.685422652041385,-1.9529163751552434,5.613495744186871,15.553335091520713,-3.424762323691964,-1.0406736935221048,-5.988797118816608,10.15650457092812,-7.418132317144755,-9.696928753134065,3.497800941078902,5.4192972837116855,1.8256658408361972,-18.57288757055293,-6.5412861499349635,-9.435283696054425,-9.393530812718323,-4.35268688170519,8.183021204260776,3.2175390482382786,-9.084487548299343,-10.29973815500844,-0.09363928754603917,-11.358434464445128,-9.522611545714092,-6.261827731665376,10.30400349107985,0.4791132129941156,-6.418237425669696,3.9850025324776395,2.5529930298190466,0.6459233987848,-1.689080933711717,7.093643169757088,-5.553890106759734,8.000156233741095,-2.7408952841117413,2.8856321685477058,4.3034701055104385,-3.907341734940098,1.1008221613365432,-1.3161029948083234,-0.9930037278443578,-8.966151033907323,2.9073192976004885,-10.501956384423625,-7.51224085634693,3.114334946742357,-3.5926128832652497,11.30772913092947,-7.618489398378654,8.547321466478062,-12.489322831806255,-0.13318358465204627,-6.265306893537712,5.730479620185566,-9.885279672426798,-2.987409835338525,-2.310807579940399,-2.6165500895139684,-10.193154177141533,6.586840509848258,0.6395566541042145,2.9238011826274057,3.30455340591323,-5.52749716764585,2.4976345895724794,-6.70255386063779,0.012966029261161534,-6.249443957012502,-7.315098745047834,7.214109218578762,21.608006208577915,6.664010654797843,7.350761925229967,-7.635892098349013,-2.2217217194065793,-0.9912549521203236,6.057514967935983,14.476807426031273,-16.26022782014072,3.3491812129854424,7.818690695966643,-17.718063615835163,-2.024327708860198,-3.36495169576984,0.43622760775360003,-8.898746953121455,-2.183601994771059,-1.6454982821148643,-3.07953879291729,-7.1364735924490725,-2.183375392027905,5.10270877534295,5.389969426679537,7.01331701910547,-1.8309483106962687,-0.4437482932284334,12.173347472803655,-0.8022194439502145,-11.514001704718835,-12.230526546123533,-7.972210138727274,-11.211676232601828,9.187037233006553,12.930371922261577,-0.326877791097811,-4.801849216049942,1.0656815819201442,-5.649342386566561,4.98179430099003,-9.61458882213671,-3.856144109238265,2.6724179846188756,11.017253347734217,2.72650641567724,0.5446360879991183,-6.0647891894756,-10.106637939860732,-3.3997855542191604,7.862651983536726,-5.719041030464054,-7.883875367578815,-13.23299494894322,2.970795552940777,8.64950878732775,-9.069148136292515,0.4619162767786009,-2.3556125842850673,1.4535741753251858,5.770032259638204,0.52142762469928,-2.5281488784459767,-6.332510404469123,2.2775377467956472,-9.75934078212622,-5.166481281275717,-1.7770664701105985,4.0200987902092855,-1.5642581674546419,2.1131278030743417,-11.5059261697182,9.32168820915099,-8.289155227388676,12.821320405740266,-17.706481151531296,12.891877354208638,-5.406574413543574,12.762597076558498,1.0681130617759151,4.079192793668437,-8.450430995152656,-6.170801218754024,-1.9646176766824384,12.35994622122106,0.6150357505239606,3.282244418478374,-2.509679883486698,-1.693513311698295,2.188984882582953,-5.770610630752921,2.3444950713068815,3.0087616783477196,6.212653203276605,-8.368623285435344,13.668922965194678,11.244471893160183,-8.7963654597171,-4.553367788587927,-3.190443760971649,-2.4311360700695515,2.580978754991883,-19.211376314638848,-2.8493726773505186,-3.0081524265289903,3.2030520684107993,12.459336688629339,2.3114957361936916,-1.9282883398438715,-6.879069364122829,2.027199110236763,-12.359843090584098,0.4958041100260441,4.447544723686182,-1.5244026086121312,7.624073830227249,-5.867271582826952,-12.12436245061019,0.22670988452449548,-1.5020376061735234,-11.156525803521909,-0.3651929254279881,8.601199161540222,13.77652532652385,-4.180646782599757,1.170634582666346,5.659846574609551,-8.082766883036479,-0.3783613296972753,-3.1936896451836523,-1.7449336338442714,1.0766680578842103,-4.036862893400306,2.7174327029087904,11.07371208030903,15.295165042569282,5.358776587225788,4.226346789246341,8.041377672248514,2.2183600955527423,-0.12413186253566932,1.9864294824035895,-10.80438516590781,4.440003335433361,-14.288641956771217,3.156715343042713,-1.6061813959331843,4.094718940068299,-6.860272237435867,-6.766942117109437,7.381563796814559,-0.5730721059148078,11.22623406518322,1.7861704865005572,-0.7997945419460629,-6.753335485455667,1.3522476974005744,-2.153437408779191,5.942383920864237,-0.5739017783946305,11.991351672515645,-2.438585492237281,-1.5123439534251113,-10.426138878790269,6.5713590258962675,-9.192018473119006,0.07463757685237263,18.019113097836705,-6.277277260830147,2.8582941739535865,6.191305941831892,7.6073340873751985,7.521534056232532,-1.6473886324423381,-0.7575652438909064,5.835321638792295,0.5632313904569752,6.619923927112728,11.824821925021583,1.5187326750651884,-3.932654574400526,-6.472404670227554,4.901219794267318,14.97914742732406,3.1579969930939855,6.038389925104512,5.168266936532094,-2.4210727493055764,-5.12001983270221,-5.3829967818074715,6.3106241957463025,2.993453431775638,4.068457696926512,-5.431720754047163,-8.452947278779419,-4.112137349294175,10.94154484016317,-12.452666242237914,-3.8434687193310255,0.6402180465639705,2.0603442209192693,0.7113434410406227,-11.214734254645196,-3.294892275507398,-1.3062778521562803,0.6758457876109383,0.9092307502607844,-4.365642589639177,3.3649126444676596,0.8360775003588545,-8.844057102111542,-0.8005998598450484,10.93185036362774,-8.546162491562642,5.364359652070553,-4.861685464236513,-3.8222731962870586,-0.7089722965117986,-0.5519466018256051,-3.8073599111469436,-4.671268027418166,0.17493036695735176,-15.200374541856691,7.997118978821727,2.169302975019055,-2.475383085824462,10.391288811393151,-10.746178849497914,3.5300925549543383,-2.566504617708716,-0.13630851763417917,-4.968996857218469,-2.533246947140342,0.25074816581351866,-0.16592970774750576,7.526425500979445,3.7740830573549364,3.247178836692866,7.154791035924799,8.190753415420001,3.821512957850653,7.5513921498806695,2.765484419155107,4.608395031144781,0.06740916382087114,-3.9935650155680027,0.0635003662154634,3.78806470867921,-2.507292779127881,3.2459744893215636,-10.594728060542472,2.612612328874131,3.271074258790966,7.368462234481884,-7.302276617907048,1.6083617321742858,8.540638923608556,2.8163539649992346,6.673984164072612,-8.42240902303095,11.95199614581697,-5.236680981254497,-9.13908007586054,12.32277988964629,-1.1903607098801559,-1.1408979974489077,-11.04553968952753,-6.413559150569764,-3.417877955936853,-9.361799448319577,0.9745326795692167,5.099268535783079,-8.00140579699795,8.245863317162344,-0.7764159730820481,-8.445965381591767,-13.523537921040145,-11.77041921039901,-0.9370737980525377,5.813722561966827,-8.891205423109284,-2.916039828721205,3.144150534899084,4.581112638148474,-0.4330820727518627,1.6707540599687638,11.329520218024788,-0.3871832141427378,9.711194574718181,0.7603815335346782,9.532886338386936,19.085998741306003,-1.4285174767713127,-10.436312646894741,5.744765058009955,-2.698851840798145,-4.080786928656453,7.015087794527378,10.090001931528866,-12.419571747089297,3.6789634454749147,-3.479270210319348,-12.501720391078289,8.268090695285148,7.439546170473953,7.006410265023266,0.7284371856411754,7.6022575416226195,3.3794870946543116,5.735880046180787,6.236588539272227,-1.5771545203525101,-6.069343486775207,-18.73430858950773,3.8170906098517245,0.8581111000022843,1.046531256038667,-0.5775945409854817,-4.804766341231279,2.4955588604955894,5.284844048084293,-1.7551871967921713,9.598570863206715,5.479746576257317,3.239502304657015,-1.0992928300504656,-4.6881168019165536,-11.068876217362742,4.981018452147138,4.549178714256041,-8.10399468933758,1.018756190173434,-13.386292000638635,14.774472057560878,-10.926144075443544,-1.0936868169705,-4.42187259103771,12.953626359673494,4.484516914086915,-7.76868690628729,1.6249368360765248,-18.12261113386696,-3.588604756343484,-1.724757196697095,4.765873213044444,-5.856840169739866,5.2186349640641145,9.166370477181323,15.280411469916052,-7.978923225228992,-7.143897040687709,1.408580071016357,0.7136336257384701,8.099161022396862,-4.972963106891928,-5.876404059329924,20.54475359721168,10.39420461126188,6.435168567790638,-0.871892440785356,2.709898856236478,3.752293992587478,9.824875516231705,4.661732600915642,-8.447470507812927,-14.520451838138085,-5.945154718435177,3.7078979917265134,-6.264067215968857,-1.6223304639633656,-0.21164467320286823,5.276662741149921,2.841031601265084,-7.383692630422307,-7.1673124912281345,-11.591975254707554,-9.19118719586066,0.4802176711187546,10.58532739982834,10.032998685269376,-3.6356096136219147,-10.07104154878836,-8.348321379287508,-6.311626906223356,11.226976213422693,2.3499377859271706,-11.44375624117144,-15.087890249610385,-0.11275806866619509,7.604088498932475,11.980434095311242,-2.859382967235113,-3.4350485051562587,-11.34025915185785,6.387264751339381,0.5676086649277579,11.961787004176337,-1.081522605128049,3.8984536842029174,-5.002640548958464,-5.345956800647888,-8.296787145848532,8.517715508495966,-0.09696230561523167,6.6730739925926486,3.764431311132623,0.48471159431452815,-1.2178120162404518,-11.739169530567102,-2.501771693669716,11.249045863879545,-3.37391856897166,7.655953082452718,12.945790763874996,2.2847175315122827,18.993926277435204,3.096340843534694,1.67931422318112,3.165925387879689,13.605820232795587,-2.0158036265323287,5.854812137648195,-4.417365910721613,3.842433931872887,4.431605458262517,-14.875229872544335,-2.3231348314019993,-3.482739406768936,-5.202274940013167,-3.142807372848181,-8.371214511345887,-4.20628843195083,-3.8452635526458288,-15.89424333190523,-5.738843799850503,14.40285192810246,-5.4364490395192675,-3.359385880199769,-2.8132469077881583,-9.231547286934687,-0.02330859564948007,1.05262632756114,-5.211817075097589,2.2738586270619376,6.103561349221328,6.674002061886206,-7.906023523591481,11.19686397373616,2.7320863869482883,-6.953656829983265,6.292860481777526,-6.676803412581421,-12.46231592036853,-5.348905744504936,-6.424318262864941,1.836241583574492,10.541575169897241,-3.9061368718211495,3.9501631050204313,-0.3821294842996301,-5.550811270909915,6.165229164233913,-6.419880431003289,-1.7527892306275334,1.4883312490270284,7.602199298218828,-0.6606922168784479,-6.048394127903079,-4.7275435881157835,0.33648239489220444,-3.896214657586347,3.0493970587937778,1.1863954399483614,-0.7773096985619651,-12.04052082920745,1.0367520904856347,-0.4874166622040934,-13.934524421555619,-7.497579484173755,14.36451246541909,6.701592816512406,-5.727165545846509,0.14481433469573873,-6.218080121844399,0.4722263062919767,-1.4528346460286108,2.6926571639076533,-22.632046370381158,-9.922770295049034,-14.227774910665413,-1.5618864122127811,10.419167506487808,6.774248869020369,-4.841178969065569,-0.7697936412733035,-0.3914773477087532,-7.343551623956543,-3.22230188735802,7.074208804289326,-6.484062983944417,-6.481070447682745,-9.03227269181191,-1.7673712371406058,-1.6160974014756517,2.949300624775689,9.414369481656083,-13.870580521318296,-1.1042716847741036,-5.751873134191564,-5.651435171018624,3.7170417627988295,1.6094395391274627,10.817851385511206,-4.428923282346896,3.3207030803562345,0.10241657285502093,13.139879423263242,9.254577888774552,4.232932576387199,-1.4446025865817995,-4.421392805315393,3.767854784344435,-6.2502565676328885,-6.193416195875466,1.6762456212343233,-12.519928428962329,5.049782349458967,3.613080290766817,-4.1721109009022985,11.626266548240343,6.927202195962754,-7.031739075549666,3.498401891526204,-9.519848607566919,0.3381847581650286,5.492647673018205,17.28689375242814,-12.105177298783476,10.846037978529218,-11.010563046503746,7.663256912153463,-5.5780131965150375,-1.1521997239875823,-1.2258889456858622,1.1097334262099499,7.860387804618682,4.443150210909073,-3.042012264297983,-10.136335263538806,-0.5828442424543319,-0.45279625922863764,-4.153514741671137,8.305857485679866,8.347366318402909,0.6332310983116571,-15.137058557336715,2.5357559088770447,-11.979128161579675,-6.248425631592865,-2.081300427524272,5.761006740791459,6.2683119772304545,-8.771177839810237,3.131954006756841,8.639742709776295,-6.516124343514787,-7.570049834389215,-9.540671486941035,6.468200635535452,-9.107364133959743,-4.036455581025502,-5.982118270533735,-4.762214833090324,-0.6888374403906798,-2.369350483819277,3.531718990277326,1.0663705532362533,-6.302220216508807,3.5112343842372855,-4.307730871809804,-10.66219304415885,-3.511396188653694,-10.894925419801618,8.487004246275825,-9.789463933712286,-4.475210090386677,0.6662629335602872,3.2847545975812946,4.6034418775697326,-2.174726549235044,-2.4462875638696264,-15.386214510372406,1.2975040325117602,-4.67861817524825,2.7944215292071863,-3.2829615273780726,-2.4015325197909583,0.629433860964426,7.885894656485594,17.309545132040753,-1.5909301863688763,11.548686306899056,-9.372091540652487,-1.968990695309358,-14.292328581899806,11.467381125503003,15.24662431719992,-5.759591082078183,2.237559237276409,5.6492119017678055,0.2961439467140301,-0.7437013703489177,-18.139532194639468,7.867289417912873,-1.9001210578947227,-13.733693362811582,1.9967242017381646,-5.745791143653164,-7.2380538486709645,8.883431437597041,-13.116604963286981,-0.6702291107657756,7.338736008767121,-11.178542083804405,-0.0610775751054259,-0.07606001991492395,-12.622460174295533,-3.280420726779207,19.353447892376103,-5.880915105987029,3.9907201195569977,1.7934397685976051,1.3270267666273328,3.0261986699962136,-5.199076281653942,-4.285722079569977,7.800612228278973,10.700676203971444,8.601616656522298,-6.560702284604664,1.683324311894097,-7.359826077920184,-1.1183522386917644,8.343967423394284,-8.430782750742184,-1.6962238281743,8.303167736898457,-2.257029296835878,-6.173229198721855,-7.219475128720857,6.329035960912233,-13.336341180423663,-7.4355628250300985,7.642124678193408,-10.216629205964459,0.7048400441087552,12.433944171580709,-0.5700996773227505,-3.148286852741391,2.524430538690614,11.05862798722612,-3.4592518121917446,-1.3252954581573055,3.978342339517793,15.155799469050919,1.6545654712738669,-4.96306260948274,10.829953726588364,11.176721236144463,-11.944569852039134,-5.918103433390876,3.677917513308706,1.7838330434444298,-11.883028783055284,-1.4722870292388324,-8.663195151765564,2.2891505382041597,-0.18001306166331843,2.7365374092583554,4.937197472668709,-2.978086554791725,-13.391687752606243,-21.894308204004197,8.941398694716375,5.220779090561037,4.7715234318994435,7.414471117243173,0.8302405517431515,-3.6557255347071758,-14.385507623191433,-1.3001541663900862,-4.792945558234829,-9.603330377222761,-0.6329047776798482,-0.5024636089262846,-7.173298561122675,-4.366423251137757,11.113121631050717,3.6655619144937726,-6.486993218906147,10.885198562654839,0.9726877845204533,4.29745417627665,-6.925280665239819,8.939172803805242,-6.875831479207762,14.230829546406252,5.4067677829846925,10.617029016929402,-0.5743718489377905,-10.063376039062256,1.2392149738382272,1.7076362133090182,0.8042453062172432,-19.870948299148647,7.02341292651923,5.212072784021725,-4.03210315306244,-5.909370333972676,-0.2852718557223251,-11.789797659892889,-10.309459871735823,0.5878935209817577,1.6274593398376096,-4.408288552983346,11.413852184933505,1.463493921734952,-11.934456603612986,7.904078605927624,2.1747808466069483,-3.6159923587646494,4.5443075930021015,8.224578250949872,-7.948623147485494,20.980826311519266,1.9057990416784139,-7.41673870732773,-9.492302182285272,6.49098950193999,6.903634516624828,-11.374766706841536,-19.231625855729714,-4.126698779060526,-0.9050237335919618,-4.0264798090396905,4.816604454002695,14.395305006489554,3.537324526995816,8.482197800890367,7.201154792776427,7.733112574107494,-1.3441244648407564,-6.119173842946975,9.052832447971307,11.436655709230429,-2.9097912286625376,-5.781036338383511,-0.12833346153620862,-4.9520294216143075,-1.3086344555299005,-4.159215016856873,14.413973220031743,-2.372917144649878,1.3002696258245456,17.272167479830706,-2.2230508802835036,6.784038438000689,-11.126000230645106,-5.46631109269506,1.4666207895793246,-14.024981803154244,-7.208353055843052,-14.219492795067124,4.158995230613071,0.5377629230760431,12.322475203848793,1.9705668131634364,-1.8868530486811745,3.326025498519027,-9.353001392650874,11.715149487073102,-5.913083779133704,-5.315528648454315,-2.958270228577838,-1.905733906222864,-10.167427797119649,-10.78618214597109,-5.14401091021282,-0.538341083558534,1.441846422022554,9.985807175591559,-2.325052149461767,0.615773375004344,-6.268703506061875,0.2132904618646898,-14.234312944017613,-1.3465206413864017,4.015280007147627,-2.749222245119223,-7.3150717707701025,6.865140290466025,-0.760329099247876,19.386240846270187,-4.46770892639207,5.095732192802216,14.140812283726051,-3.730358916322102,6.053637187016477,6.621761274673818,0.029166373749077046,-14.528304844152803,9.028529129504284,2.1073587313357307,-5.874288334523252,2.0228592107033467,-0.6786300167751368,-3.3452317713925765,9.188399984602208,11.670073155068954,-6.176806876961741,-3.610807145502873,-1.9859214833357395,16.532251803179776,-12.789376281038107,-6.437539627619005,-0.553264386035814,10.26493531152779,-1.8400159381652013,5.9842662916198455,-12.355337812564866,-4.639821767464315,8.294317351714495,-3.172069026198961,8.766817036702628,7.294180715690089,-7.61444314292661,-32.059942719384196,3.9779462953405056,-2.4941538458516637,6.05791935223189,3.575932581131309,8.986341226076402,8.388991262375617,0.8744356643173137,-3.1530585181561097,0.11164420209361281,-7.245287526291217,10.447488453848523,10.7061962644395,-5.942945581881184,-4.351766712832942,-2.514671190410574,-1.1001153487193958,-18.006400906325904,-9.7784396193413,2.9654190394034186,7.72551942190429,-4.96844039906,-11.037667952925823,-2.487173408267977,-8.552207533778482,11.918912909001364,-6.525784962433429,-14.76161853782957,2.376464145187094,1.8751779093162322,1.2683149648827026,-12.140514709319199;-0.5400812135713372,-3.0452296253097275,-1.4929713461937524,-4.424404393417755,0.19588599050780428,4.104782858510864,0.0073376989314257735,0.8188745214804811,-3.6613289317224713,7.732084100994211,-6.49687453145098,1.172089749493634,-0.1341942872285891,0.7572038657717326,3.4352288922631633,3.0304444435554814;-5.863919763095438,19.230385746560763,23.372755686090077,5.049645698045501,18.706990402358638,-1.2889623768398033,1.3091468172857996,-1.9036265024759684,1.839929837206989,-7.024223636229159,-13.509761976602142,-7.922131780328002,4.015256421331385,4.5049005393462425,8.579836865178967,-15.329113435688429,-9.567721564572237,10.063217339674456,-22.84526671921518,-1.5369951409969618,-5.8896540781689755,11.507641711317744,5.570498705809514,-22.90860768570444,-10.86428650805394,8.940370490759614,2.5773411211802175,-2.2115325298030366,-19.672502556793006,2.5602602480347847,10.324435872634282,-22.344691685860926,11.30507166763404,8.405863876789459,19.237235175634183,10.46930184806216,6.6638896589074905,-7.059303522477638,5.233029213657394,-5.748780387181034,-6.5207328833721165,2.2539435418444067,16.074120272721828,-23.279362493921983,10.070875013183318,-10.413631293025587,-16.435481361502628,-8.391818998457497,38.77138492974174,-14.290361430133963,-2.726406877535595,5.339450572998416,-4.475421950732394,-18.182986870055093,-4.406756125375606,-8.176002401442005,-36.13991967677854,25.435161284577646,-7.165349909316488,8.008642608621784,24.98978466897824,-11.443252464311273,-1.3543993871867588,13.617375612176458,-11.472472160790538,-6.693644247268406,-3.6507758570124094,3.755100581009716,-12.957646222577312,6.1040063799916116,-22.135175894877825,2.4400843051437,4.96265350248546,11.521371740067123,-13.59893275090025,-9.097145402471707,20.48512214632104,15.530370661824156,1.738790978243102,6.902470315885655,-15.741674465860676,18.084202840636042,0.3547876158839419,20.382552607960605,-8.431368320666142,-1.1741899568595031,-20.762307319386796,-5.038114571510585,-5.300052695119732,-0.376620495013373,11.419196644834216,7.074179906834902,-1.392228974780867,11.506729119509066,-1.975068066820836,10.3745021517807,2.1506152116130606,-3.855664985843402,-3.3952021126969756,28.225570261426476,13.483699780513621,-12.314941314987788,-24.976864264243055,-17.288574783188896,-5.782562681590778,-26.358757997647317,-10.996283839018508,0.07730227709448106,3.4983359509572556,11.947419361953484,-28.323095906978384,2.925321157141264,3.979596714684197,6.732875753630712,8.18606448505465,7.658533914253388,-2.636998568638951,-10.638580891697691,8.982302479731631,-11.309945027510917,10.44583787406147,-23.861561106238405,5.987646401132651,-4.821971846183669,3.604753975201752,-32.04905572340103,7.829404570514989,-12.836470472194558,15.732034746434568,22.527242123511847,-3.719729347832349,-33.03366514904619,33.321551523539824,-2.231586991260264,13.882751843709938,0.7049233131436101,-5.600736189480299,-2.1376219106838366,6.052842888752265,-4.622338251886919,10.748344966559236,2.0650448173590528,-8.883508689970084,11.234414016265184,12.801230051331501,-15.800883572196174,-29.955112364471887,-4.099329354548507,14.349242412522354,3.966391750545724,3.3510577727642925,-14.19154745171646,22.043672749521086,-13.765283814877051,-3.069247490709228,3.4761557452670773,12.041361133561841,-17.45942923911071,-3.4097893531072385,8.97701565542257;31.250883088512232,3.271572003594954,-10.833304350688522,-8.798847695572672,15.586478355149396,25.35196170902958,-38.07332661568779,14.205786958906847,-2.1914573791342815,6.030168767816065"
14,1.7798203648987185,"-11.450637005325031,2.939713483746646,-5.041584014422639,-13.703951533637078,5.8658575483829,-4.5369580729134755,-13.927291026344331,-4.203781611497455,4.689561001688908,-3.335888078727279,10.56046623368573,-12.873518703812561,-21.501253227290903,-13.224497619613338,2.013167023710716,2.209046674273853,-4.061923173944446,-3.0666849267968783,8.144224829436602,-13.477061107797258,-2.535037733970406,-7.781420959602153,-14.65376669990355,15.742712014686875,-26.495466121561684,17.23925023075702,-9.397534595667022,-9.105909410395217,-15.366066152585967,7.81297722487632,-0.3145004932517311,-3.470526713115765,6.879308005877652,7.55929089919192,2.929391425181529,8.684896178924568,9.106017512303735,-4.846700323767124,-1.664807743193656,11.794061757123844,3.2130837665255254,8.04926408028612,0.5316687554529875,5.280285121331244,-5.4231242469407785,-1.3533693335878332,-16.030905860457764,-0.2775845781834828,-6.886827312164111,-18.680879488133215,-1.4542678888475793,16.29283745861546,4.761446833098695,4.33415215134367,3.9732777829382178,2.162988748135243,7.429392340720936,-20.06939406250677,-11.617169729503782,-3.540944598062522,1.2783456832383604,15.196389748705123,2.461151121444228,-8.876542490972044,-9.970777930748746,0.614542575306227,3.29964422100298,-4.958975032957231,4.153096178394258,-3.9782065068966803,-2.5607224526428256,-10.566787460095,6.1721824916696235,8.147762911926808,-15.04776048770131,-4.0366101263071545,5.915309003090199,-2.1371714880450394,3.0793641223301087,7.065790781671297,1.3733011923126819,13.493239099591259,4.878051259260973,5.2466384495453635,-14.549851161841177,5.692826733142187,2.3836117767682827,-4.75995493546323,-18.53419535358084,14.311738178521004,14.98410326604359,-11.511930537673702,-5.816674862709138,-2.2581463419000998,2.262449440527302,28.469965022216314,-2.7704623320948754,8.274347604654302,-7.025810142012327,-1.8646675281725933,1.1457966634813457,-21.12780983111511,0.2737374233025479,-1.278166196656413,-1.8512771807758743,1.326335199693854,-13.473833686556798,9.442519308616438,-4.845595050903573,-3.4948438243611815,-2.5871876018180933,-5.005618408357654,13.124604970481386,-4.133680310057347,1.0935800257710415,-11.692484977969144,12.540653615463876,4.147881224270813,1.276558783973085,-3.063327072374836,17.64975411999168,0.800203440436213,-12.194841819497352,3.154503122616396,-12.690293223133445,-2.038426718436909,1.1184993453458254,-6.615980704080867,-3.71493882493691,2.1978953911174473,-12.242447938825626,6.435866397306048,3.9831748526558037,-11.274596091098008,8.996658687710852,0.8039347188488117,15.730802456851121,-3.3525101866405826,14.230451266630741,-15.560443559949082,14.738688236112196,-16.638958088253446,5.262476399674544,17.715955494998042,-15.182221266229133,-3.8333754245920293,-9.020839423926569,-4.762434816151298,1.491920647135323,6.373789313531076,-2.100110886060267,-4.668407476932245,10.842921096652596,0.37995193179876774,-13.792802473688926,-9.328097611453424,6.303550867478592,-2.921522050699966,2.7568702550333763,14.270613000116466,8.722636754062828,-2.753082914440861,3.810628794442985,11.525321387428589,-0.8281802343030096,0.7728480767310798,2.7761331100880993,13.815087320761165,-2.9553046648911008,-18.678869990969098,-0.94737896605758,1.5492792662859274,-7.342940282576389,1.52938908617162,16.22336338021879,6.727488870664091,16.603540940616774,-6.8077059694435125,0.8717833045588836,-11.329763934553249,-3.8001643016429987,10.459621474410692,-0.15976617071078447,3.89723073078296,-4.466884208179027,0.21536645969207438,3.2687388912359374,4.925771352838795,-3.1245495766410114,1.0279396570376222,2.760855145868672,-16.269997478197656,2.000805178358628,-6.377131561251494,-7.491728966302698,7.473010373203611,7.227790757384982,-4.551517473364002,-21.980530528069792,3.3474106329628612,-6.326556142849368,5.172370134951803,-1.2795546317460362,24.90425768885382,8.499758472386352,-6.124385776420667,-6.943989637825689,-1.2484673947468112,-4.5152123388118115,-6.401217752809334,-10.386123115530637,-10.84446423091902,-10.105711177146635,1.5784215370255166,-11.673088348528605,-1.6861471321662846,5.1362970045572425,17.868740260863518,-1.2543277541291504,-0.80675493927813,-6.209857318443296,15.706814908669969,-7.4510862099998825,-13.061489804720086,7.0884689882679215,5.003887559843832,1.5406598869746255,-19.983869639343638,-10.193216193372368,-11.474115539427359,-10.363370473614076,-5.964104151586996,8.508920895171784,2.834677845070319,-12.42657507468862,-14.384872714456659,0.7955538057893382,-17.400342035757813,-8.965705456292932,-9.234601975633575,12.43071409975883,-1.7163668013070552,-11.459196584945131,5.844483767067395,3.9266256852954076,-0.9148087582777673,-0.758031555664849,10.75391865952414,-10.793865025838356,10.01843003893292,-3.6449223512134705,3.947210839404972,7.338960276330591,-4.930867777020184,-0.17307362950096095,-0.8835735285813942,-0.6512614211769929,-14.614751173247338,1.3641221817136573,-12.089867133700519,-6.969962366539489,4.527745752036585,-3.1971905116744255,13.697428408384216,-10.412070823829009,8.708856034062698,-14.765299044029838,1.741533584971725,-6.882448006317599,6.454107848827142,-7.801024025103468,-1.477453233364073,-2.771864998026758,-4.189079201618542,-10.68204465469148,5.571036826888284,0.6385943339402154,3.9177686459288203,5.029634204342175,-6.915394604891434,3.0093795012068223,-7.565336230429168,-2.505597197800678,-8.565960806043817,-9.08540940227316,7.9901934568011885,25.398352681298064,6.630912110850337,8.257177497680637,-7.830443545220521,-2.173506372190371,-2.0215856301632984,5.081943525105733,17.366307882214837,-18.738318790167448,3.320817875483696,8.888997253652365,-17.207210410513646,-2.203944147943898,-3.861731403421016,-2.3723147492493055,-10.262412951484755,-3.5807051024657,-1.9731801726221678,-3.6626862358748546,-7.5713080383504305,-6.6711451554432495,5.9655082713182335,7.45498616143216,4.3370535175981475,0.12237367697854507,-0.7182331022945059,15.84929930210647,-0.8572994130927689,-15.476564928412007,-13.885547256358855,-9.289301997159466,-9.713204962584179,11.2900705225007,19.35220758639744,1.2921612751058515,-3.7959049227325696,0.7327091750066501,-9.607933442450223,5.284757274432014,-13.239769115927151,-4.433941882822603,3.386022485711738,14.87228600372002,2.7080993096691945,-2.099938079135457,-6.586829687717264,-11.966382670007471,-4.877697708372373,12.272649440226672,-8.421723762274997,-7.594270369800698,-16.33296284017647,4.409542333593155,9.908514914198445,-11.563582319877527,-0.16145052533556645,0.01904258894825747,1.571652444168373,6.022272088553112,2.657301083752497,-1.3877094907200775,-8.647716665673368,4.559403863798847,-11.173189454579333,-5.678636762147011,-2.912273794841929,5.831966601208109,0.10839154013933683,3.951213088968938,-12.70019541354017,10.856739540795214,-10.131245874354935,13.84689042168856,-20.087610291555944,12.909039750583174,-8.447353672358776,14.132900202006464,0.5034382919181913,3.660615759883954,-8.077091508572916,-6.879344309551361,-4.6208283816090585,16.52863664666483,1.1096327623768811,2.1532705463421324,-7.950220654283283,-4.029709171177858,0.6068501715015386,-8.085668930399036,2.506031166298685,1.278034794522621,5.117704924597511,-9.294820636867591,13.517444861596193,12.71534341248022,-13.307391846091825,-2.837390220549554,-1.3673624374117737,-1.3373496990480667,2.8325807412691106,-23.369603151338854,-2.09938172488717,-2.753012525149719,2.3035480765229304,14.135673399525459,2.34739405550133,-5.073565695445246,-7.7080144566721,1.3521227709585484,-15.529342113535346,1.810784113857762,7.496654511828229,-2.9636812041988647,10.757685274062002,-7.753822945040682,-11.333939670931969,-1.6295378152256417,-1.1424314565052511,-14.500933724082731,-0.5651849435977332,9.434473820781283,17.031059830294044,-4.567213867717349,3.895039125878179,2.9908977505815795,-9.504783741692943,0.8826945007475502,-2.5288957622201607,-2.2598246300125693,-0.1858493797861278,-4.418510230536304,5.6623902318368895,14.339792607144862,18.615208159847164,7.75453466879153,0.860438878225452,7.748086135706027,-1.6639346482460566,-2.7799226552071943,2.0651097878690226,-9.475264728485342,6.033802905754518,-17.506798926079686,3.705778047518792,-1.8656482223892243,4.098515616800459,-12.317787247161231,-7.522311557211538,9.099383779593614,-1.8871699339019488,12.36827270042555,1.4281944139448932,-1.374154550352201,-5.506076899722325,2.1234579475822697,-0.8030229284182407,5.692194745336273,-2.5931463149081515,11.788660399463122,-2.992524486491876,0.389211437589323,-9.952566703021027,7.47373137019906,-12.001274905956407,-1.228674342443389,20.06442032927065,-7.602394735941415,-0.1319985818866225,9.314747311544096,8.868686002256492,11.137024230401686,-4.180842845194404,0.12020141520308442,6.755014382541532,1.1379875087749884,6.7570214610292885,13.010639598900868,2.2040588688888105,-5.816328133561495,-6.8979714819824025,8.132175992595803,15.994248086454313,2.5991220775763857,7.993635259298168,9.17714531774183,-2.53153617241509,-2.1236381976599286,-5.089887096301501,7.871190559545478,2.2770594049625412,4.020678483901685,-5.024527047793493,-11.104758836568216,-2.939745859511772,11.679299322067177,-15.822497930844154,-4.11581312215425,0.7719811548871892,3.312019928261819,-2.9035955494034478,-14.523091188995508,-6.381309987513181,-2.7794008107580495,3.1215665809190973,0.9995564326747248,-5.685366626189601,3.27901540841429,0.6274880930911526,-13.739776180514344,-0.03723286925080371,15.596873903691563,-8.216090013715526,8.292896761704249,-4.613950892325926,-6.212753543470651,-2.514611590788479,-0.7483008358445624,-6.5275856316400755,-5.484919756227605,1.1902425589624284,-19.37277475549677,11.454375349747478,4.000144250034735,-5.219734011327342,10.998323262147206,-13.44171820293295,1.713155045069025,-4.130173694685239,0.12097529733209395,-1.738525228766948,-3.1508356927694745,0.7677445186814518,-0.9553619058856253,6.4408461906013414,3.652009545229749,2.1249723027957206,10.50825748603329,9.3113333732812,2.2536050267681547,10.856292425059284,4.195978661997303,5.552531552136035,2.097026008194832,-1.585949577145872,2.197666367193885,4.70944184727249,-4.491126067841748,6.769521280899241,-16.450323894236618,3.1743276635112347,3.24028319273621,7.2294790851408886,-9.079423163656664,4.809302447929571,8.746528440433092,2.720684094823103,8.826220623323362,-7.438289008835137,15.035948338861497,-5.09140403211629,-9.397708709968713,12.504974201448162,-2.4309550226030776,-2.555415409086478,-12.361297969496288,-5.875587336365379,-3.875407411146202,-8.876595136764726,1.5735963640676194,4.689590908600733,-10.220684746506214,8.21742831417048,-4.339796390943531,-10.312351444651764,-16.32215386434453,-12.327217474840339,-0.2536355667892009,8.21951891706431,-6.702062299263286,-3.531499293828233,1.6841863148051541,0.5304832696555211,0.001124437721589655,2.7033685876564917,11.584116257366967,-1.2700768879058328,13.622267403121104,1.8970521726309593,10.976546165546635,23.00273490558115,-0.12373396603414055,-14.374568525772423,6.357444125558754,-2.662759192799322,-7.865846463643835,8.73306851532642,11.326948676046701,-10.97376806922898,3.6013272647869456,0.24416530985796747,-12.873570076903473,9.114979412426822,8.290437021687666,10.328990397963207,0.747640982247233,8.678495140139855,3.0154086438443937,6.156609969786789,7.443013672935582,2.6974585233668362,-7.210662727790085,-22.08216120205631,5.030975739126215,4.151213714204091,4.253886571738831,-2.933973923602873,-2.600987612653742,0.40397628318160916,5.343696355478265,-0.42149292987456977,11.817213141272248,9.042111263772307,5.643655778122179,-2.80590113292015,-5.506994725823155,-13.188052015022652,3.9106967018553713,6.156073499296527,-9.585383205156589,1.5654786598281385,-18.0421834570397,15.045481443103078,-12.54971364985126,-3.6629944252437365,-4.720658331829037,17.851831658091413,5.054772314875844,-7.700250224525221,3.2520441130849096,-22.760930168160193,-2.1768957788019803,-0.5669453487095151,4.940928710808464,-6.699638233623105,7.303931390544625,15.166906032662087,19.59192903562462,-11.224167519433973,-9.682031378561918,1.298072923019565,1.4705940951246521,9.946976461412827,-3.4478866463215505,-7.0806135056758475,25.175808322337637,14.012913026154678,8.96951443572657,-0.9368020644784104,1.7252273225851051,7.003649034262731,12.761319880146155,5.428625955442871,-10.833545062473615,-17.609284707235794,-8.01378541247334,3.4456918691022342,-6.530705313890406,-1.1487915249956275,0.5614863688209244,7.535333135785475,3.9992939623853703,-9.219783327146835,-8.672215857351212,-12.121384820719964,-10.497089518216189,-1.1003518469855487,10.708081909388273,13.55235184192585,-3.617869615259554,-11.591517444902147,-10.932599602035843,-7.484679893690021,13.634898568254307,3.1763528239145216,-12.941780275160953,-18.91954383203196,-1.1244201078603415,8.498188028038877,16.90447836048437,-3.541711577552781,-4.209565556717002,-14.251542093533097,8.222446801364491,-1.0287434022502642,15.197211446438988,0.540509121887008,4.884190971504666,-4.231324832157167,-6.512045033281218,-5.891895096491141,10.988719868506514,0.40341549927174025,8.04457544406196,3.7241311359898654,-0.2977842570098794,-0.41569175279857706,-11.90554866250043,-5.518323027193993,11.892708169981493,-5.2231875765351266,8.49356853994167,14.92258350130692,4.260723314239632,22.35271020996683,4.927119400774037,1.589327884545098,4.9210002911960515,14.9397293230769,-4.324477514498329,9.232458222001904,-3.7897013391208136,5.0244323804327955,6.673472411035332,-17.985105246223963,-0.7038997198333095,-5.761744697426834,-5.558172922940061,-4.0417538423719375,-10.374737011325891,-3.6776883276626333,-2.0576591162386375,-19.81194153464616,-8.355575437833487,16.410223968973767,-5.114665504156604,-5.079674017830191,-0.9289006441117368,-8.583219612159272,0.7889738023864865,-1.8510361489892662,-6.729033239145519,2.861513977550608,8.132837317843734,6.416842774132412,-8.952342157663647,16.23430913379826,5.374373415623067,-9.124831435152608,9.543883282734141,-5.183107405915921,-12.742555087815607,-5.330510467129696,-7.185748212427189,1.2722074109560302,12.161734682118116,-5.526690923714963,7.029431834575163,0.8321254431466124,-3.693376209483745,4.330787841946886,-8.70991679247028,-0.4217600011814939,4.660996937106907,6.922079454415586,-0.777840580175195,-8.222739382714218,-11.792214763123203,-3.3073325055771674,-5.019603228253267,5.605259507809986,4.40250583423073,0.5136663919390243,-12.656770626307477,1.7711707584131642,-3.458195894702787,-12.403289929506789,-9.989832332991256,17.20602043776105,7.708212629415433,-8.584212271561642,1.682533170737119,-5.909573003307284,1.4138198920894367,-0.20168867955264091,1.2742796985338558,-29.038820105858463,-12.348261872969335,-18.903241055710133,-1.0092068853686913,14.04375003735337,6.229445728656152,-2.9214040894094464,1.3433703967604176,-1.3501879274631379,-8.282357174520776,-5.726682048146991,7.3350567137500935,-9.972837766972724,-6.831947872434137,-12.76679621010669,-3.0628810333623697,-1.5482673242476457,3.440243617844769,11.804487147474571,-16.242655259524955,-2.489042808134986,-7.314383627117776,-2.815656288583443,5.506491267600713,1.207780353334613,14.079736467626518,-4.605207141212137,6.6957482585862556,-0.3671797292540634,13.950581475880366,13.3683720090393,6.059370928941881,0.5222033206631693,-9.466162460335157,5.450257137698838,-4.634768529475097,-6.576569708091958,4.487327656785417,-15.406156185886093,6.710826504950113,3.279235331306263,-6.298897649669583,15.674922792894472,10.133993257930479,-7.464921660619744,5.927964011537174,-11.503615558058257,-3.567459361607604,4.694778206267268,18.122980786167272,-13.633683804197837,13.387183237798645,-11.602115553275215,5.469422637565614,-6.9716848301767715,-3.392872934626748,-0.42882400099281837,0.9780188627789144,9.392437540730649,7.071641043812989,-6.230205737949523,-11.153895563113188,-0.9213382883612149,1.73004221644534,-6.690093451834011,7.938061601526249,8.983599064376678,-0.23772335123391308,-17.489860061886496,1.2605455715808507,-14.247364025913761,-5.6733978853707985,-6.013368791911445,8.111259471663537,9.721802736296796,-10.407370525270007,2.9480740913773795,8.130455574656551,-8.59155365745297,-9.689284431589725,-7.328045193401136,10.226201612143534,-11.097682133503454,-2.0950599039207147,-7.997737488631025,-5.503150184739748,-1.0180370556942788,-2.5359699494905827,5.317010742158795,-0.9406996594496919,-9.952182746281064,5.980197615477508,-4.059886188226571,-12.604934594367014,-7.140915204680431,-15.601634293440082,7.098075810277258,-10.106133158136904,-3.300094854566341,0.6664553530607364,3.8780097354914034,4.5536213249849835,-2.4641485596564863,-2.6475874693356802,-16.43673719319048,2.6192653578450553,-3.3343760214896765,3.342837348939576,-4.73032198409347,-3.9984444646188013,2.4322371513634042,7.806731884931175,18.20090475678386,-0.26512430983127055,10.362031679095459,-10.448388127607197,1.0485145057424794,-14.251653318469955,12.516567394571496,14.193447305786716,-7.321628540654789,2.8638902822584402,7.817182573164035,-4.313296218056564,-2.7724867841059737,-21.07802847615345,10.079084771729718,-3.0006847563009655,-16.51385736237243,4.978636152845636,-4.886722381811977,-4.170641144363163,11.404388642676686,-14.764600050810099,-0.22064852422500425,6.210311389263221,-13.233353034270657,0.004057636253663677,1.8743617868239792,-14.605748543538546,-4.370386160887695,23.340567978230027,-3.5822936130009637,3.4317003234766563,-0.38553445121966967,-0.16126998252622984,1.0738482759663117,-6.5127874844943126,-2.991872491124671,9.329695756771539,15.553490404785652,11.686046421428523,-7.567941554640877,3.5236458040358793,-7.720270617279417,-4.671985688241323,10.450987487527819,-10.755680067420885,-4.76815068924508,10.81085660871456,-4.407074459532227,-8.417355238278121,-7.753649009555995,7.396856210667492,-11.299092029561452,-10.149861132463034,10.390002771472641,-9.543668047600368,3.0751973240580828,14.407307254625223,-2.109895193118793,-5.045221466855013,2.070628391830484,11.823598874387933,-3.010026708146502,-0.5170106902678426,7.533573318197236,17.85861450016818,1.5953112484023833,-9.503486851840337,10.016380775771037,12.390089673643736,-14.572193272541977,-8.115003840983027,5.986569853322503,-0.5160920090067382,-16.56106229362868,-1.0833275834269624,-9.415192121064322,2.069574560828803,-0.21075500781454526,5.71344562767777,7.620792889954242,-2.183000337036439,-13.993975982555414,-27.038981610583445,10.398463038341951,8.428671713758584,5.456697449229711,10.464228467611278,5.414050426356258,-4.738809996435017,-15.962552376291487,-0.01687601224681179,-3.531445756501183,-12.349915181735863,-0.12364016043843318,-1.2627620778377193,-8.551501420772485,-2.6436029467085524,13.846154917136552,1.5907259410948544,-5.86680648399812,14.010426818835137,2.263076254743042,3.457618872442189,-8.196530372471864,13.300660842276667,-10.75680578562665,13.085991916204156,7.859278248468505,9.59075815601587,0.2133441130798479,-12.90166888238852,2.320393860825719,2.5085144360474354,-2.0928267696307286,-25.844546985887316,9.743674739560785,6.060786244084789,-6.023308446450746,-4.464148872830808,-1.8914375272121828,-14.205273923325667,-12.61287817487247,0.38921620214820574,-0.7793116626687009,-7.265819869751727,12.421480499132253,-0.5586902144514674,-11.315071909046342,7.3029197703287085,-0.25268817003017685,-4.164864424285902,1.3151158485408774,8.400879785358706,-10.57666398108502,25.338406625903197,3.4951459857605385,-8.84788338395342,-11.31831972281152,10.15869322245311,8.48877107363589,-13.431861235481483,-21.562196933953715,-4.1963355710852515,-3.9232959609395053,-6.141640441222263,3.4524889156457066,16.78229216221633,2.3076302850675625,8.95685429041479,7.065881595377514,8.02382781624041,-2.438417347198891,-7.0241275818461615,11.890113493428604,16.690255626114922,-5.404012037592104,-5.724908320810798,1.1930420470428291,-3.927599765737396,-3.5627558819428558,-5.921158078933319,17.728884863420593,-3.709004259458941,0.1557975177550155,20.73749469506008,-2.6040221650732276,5.2880747350710635,-15.540498921486204,-9.285423017934248,6.2762633573133435,-16.415555283754692,-9.397400650913307,-15.491426229755156,4.875679137308191,0.06047253141405795,14.724583422149514,4.711672248578617,-2.1794122764940607,3.4149776433652885,-10.314647360790172,13.881247606366044,-9.08017611557987,-8.298843811048549,-3.075606711724923,-4.950467562668598,-13.374188289734146,-11.482081275323672,-7.753474741332072,-0.9795972459415565,0.6427809617391198,10.196047432614677,-2.285218991389068,0.6123626608020392,-7.28316103746007,-1.66437085002632,-16.980442305781963,-3.5407823377890253,6.177254541982287,-1.623508641020655,-9.844964234505758,9.28049627489811,-0.695838512456481,24.877841656359642,-6.222920485109939,5.942438245927546,14.598539870244775,-3.556697805975796,6.574641770511278,6.951768821272037,-1.2246115715356216,-15.59310520480607,10.312458536634097,3.8661878208818736,-7.060084536169123,4.274453757361494,0.7793814825902727,-2.668216265914306,11.943162383937686,16.32756286828584,-8.767574524740482,-7.105534584885167,-4.045654577346625,17.637155118801076,-15.170020481931608,-7.633088913008824,-0.9895894373344585,11.59759205144184,-2.4994306228974175,7.065316520873464,-12.003644665010928,-4.700633062639388,10.831074909644212,-4.165339187904535,8.287505938223614,8.290360455767814,-7.930169285055027,-34.929053251341344,4.083587699296262,-1.7915508794400876,5.025444613944953,8.743711452051791,8.987853614958869,6.428338104112623,3.40217156842042,-1.8561191945717979,1.1725471237659022,-11.120732549072152,13.494408302339272,14.856486978032535,-6.754726038998663,-5.497607873565344,-0.6668223606511958,-3.2942368308264736,-19.68010892070511,-11.803964865397166,3.722622893246096,9.927602541616714,-8.349482638589212,-10.040820159443825,-2.649629526210906,-9.444115848606216,12.162200745247588,-9.43599777321804,-19.35198072592427,1.6084695955687054,2.716762659675134,1.534210167039566,-12.663258772918116;-2.4938144981756256,-3.881088873105738,-2.9041757089982303,-6.610656987744439,0.7603752440144039,5.396086603498155,-3.054346555568499,5.554898471073061,-3.5230757619046917,11.131990366298352,-7.486103582412753,-1.6876917169129153,-1.336697123391936,4.435465064822931,5.964425377556448,6.982884214877124;-9.913756764852371,31.29141697008021,37.85012534983944,8.297250893553736,30.671553929316072,-0.07774453537858772,2.2460592575994687,-3.6353551133165976,1.808163751939317,-13.2348350004452,-21.50892938423375,-14.93722753729664,5.479518990554187,7.684960031457306,14.214859604462404,-25.311807541841894,-16.888892312792063,18.207357913623426,-37.54203057094007,-3.0707463252444174,-11.393650612787035,20.801560565675377,9.391532109009146,-38.21042387346181,-16.86052392817414,12.981217537089718,4.477406316361381,-2.904383865888194,-32.65096595082622,7.0529685202179975,15.36814877377292,-37.83037512519206,19.247932074516168,13.82158742942379,32.08679771736593,16.897937970446527,9.576530906015217,-13.41401475346793,8.350790553840477,-7.689567143872618,-11.581017254826337,2.4687190579379594,25.876072504606583,-39.39162508499949,18.697673418154928,-16.53234907312097,-27.30811226988941,-16.67591872652348,63.65482617554742,-22.864836729839112,-5.2608430191850335,8.153527752939896,-7.971532548865293,-32.303460542709786,-7.97856567306683,-11.728117207138851,-60.41190683470493,42.17150862695227,-12.004028862012923,14.47724568525699,40.6120691561081,-19.212988025211462,-0.02023295521233348,23.73022393949128,-19.44390812306252,-11.528702097748836,-7.425133174361888,6.477162930550694,-20.16584655247875,8.060383072548682,-37.462030423701925,4.340344578970237,8.528219118334015,19.356465230967544,-22.42191312255252,-15.093872736312477,35.59228160653488,26.18218583892947,1.8789150930009835,10.980840491950435,-26.166122792667036,29.392689038538585,-0.6868163327271833,32.542122932119554,-15.961540450505174,-2.177307810835441,-32.611268222829175,-7.830108093703588,-9.379859584696149,-1.392528316488106,17.133871733788265,12.303000312501297,-1.5278355958594565,18.39257823505979,-1.6221683290187165,17.231421484409978,4.596572233848547,-7.806409158843149,-6.52913553473091,43.73233019128644,22.027032811105578,-19.482894235548457,-39.648064610485136,-30.377637794220604,-9.947112607685268,-44.805168854167334,-18.221443941974172,1.9597464048108255,4.743805320344262,19.405335265755692,-45.9706615759343,5.263865273795182,5.262768735580292,10.303850318654906,14.160244292300064,11.773272544306975,-5.580625026481556,-18.142876805388486,16.16784808978444,-18.111544556227873,17.647655455372295,-38.24629901105067,10.236974246808467,-9.539368077088056,6.110609705224855,-51.47015219878929,14.388716464319135,-22.026772167528453,27.558339013227798,37.73383649698464,-7.078798279601378,-55.873359979722224,55.91154106849598,-2.5139692768416166,24.47334655374417,3.543894125240627,-8.081222562381374,-4.343855103518231,9.900673672768916,-7.615022448615869,18.87951380816717,5.171099170515472,-14.019102096269616,16.621990341091593,21.139604750130115,-25.804643755560207,-48.3108555978511,-6.53135088762879,24.177554138925423,6.611512802673277,5.108478366185927,-23.824562808083403,36.864332102262274,-22.86868012582421,-4.161747640352531,5.713765063157016,17.959258654666996,-26.856194211532596,-3.839626915932882,13.57205596283437;26.596211951530158,-0.48137830019742456,-9.387556649405234,-5.590511516207223,16.36008938743021,24.517894592336766,-42.872428772473135,12.123798788034087,-4.471921202161436,4.226469871704561"
15,1.7787975769784714,"-9.036352106962344,2.606512798521964,-4.270904484858153,-11.188032591522967,5.0105777932209214,-3.495322988883368,-11.734601462636325,-3.6402659229417282,4.133151344342058,-2.2233555767344324,8.760432694815446,-10.662698362475956,-17.022553319760227,-10.69224320473601,1.8279944863772317,2.005054436233487,-3.578916837420845,-2.6840591090855224,6.6437679879036455,-11.556657190003468,-2.2351303681327863,-6.488571495954756,-12.307732344463858,13.196161546272725,-22.110932020946034,14.167702487933056,-7.870816555640787,-7.768430344852521,-12.732277202867358,6.30279903406088,-0.2523242965130691,-2.9695804535728505,6.040580620736336,6.064911325638955,2.5607529477971607,7.065847500180734,7.4405820605045205,-3.955287844209641,-1.618407140110715,9.420000267161901,2.285421893139443,7.023392506340942,0.6519185101771041,4.4959461889017955,-4.838312517185239,-0.9232452215651753,-13.513028845891565,-0.11662381860497234,-5.641075361809442,-15.197665704724916,-1.2180001135293284,12.556636466470597,4.091421865780542,3.460431727309416,3.0436133849124647,1.6025311115119512,5.731240655271349,-16.506134118361572,-9.885323070919743,-2.689329059877095,1.1741039847063077,12.576094404515725,2.136278309781277,-8.107284261200249,-8.116804038404043,0.6283594480749516,2.9624483082086326,-4.079239881550378,3.426365319730906,-3.4220610777063376,-1.8742251109835684,-8.546639985401043,4.458670897615252,6.768492238928994,-12.679891788280921,-3.369508354438815,4.8582049429572844,-1.7055524176631922,2.70806684291723,5.737404643176649,1.147769582365676,10.914913781239045,3.8190806022356765,4.020706427072951,-11.935576634230152,4.38024023029508,2.3702822365606404,-4.189203466707669,-15.152827507206416,12.212010966808942,12.501565749226076,-9.68944135110211,-4.912103236422174,-1.8030322247756507,1.7472540774963905,23.20430286427861,-2.2955701524398773,7.059895629988718,-6.081929339762841,-1.1980888908085843,0.8380251725092108,-17.307906649168796,0.3972467015922021,-1.4918069043890747,-1.2943295299542257,0.48619612956439506,-11.097211483836698,7.56978959395858,-3.854343766380903,-2.6214611536672177,-2.0377269730976155,-3.7622532377996087,11.180469742060666,-3.458292979396571,1.0450443977426107,-9.783888283195362,10.324875380589235,3.5249004056103836,0.9934387351660383,-2.3971819363506466,14.33204851251509,0.9384295589444999,-10.181979493083109,2.649781532341379,-10.621238269125678,-1.8531632365544242,0.9502480684282318,-5.237828118525293,-3.10235994895884,1.4216981259268202,-10.566321124112825,5.206989433441371,3.231900447653877,-9.459254631992685,7.558757311107644,0.7530556371978775,12.977478929455554,-2.8377316757963595,11.403667489063263,-12.876878231722515,12.175529854982347,-13.56034102842189,4.170198745258091,14.832625391429191,-12.493208965329224,-2.805536818304066,-6.852832327630727,-3.995886615223548,1.0815259529816053,5.402620212782395,-1.6303940792918672,-4.0831490812345015,8.94580072092328,0.14872395643039438,-11.114723656924188,-7.657950132907089,5.271896012540348,-2.711780081145866,1.9868179879516183,11.576875256983692,7.262637947724998,-2.517937233682163,2.9450577889366807,9.693047844361324,-0.39121896923920546,0.5323109423399925,1.417981127299308,11.184384126478866,-2.879235383073324,-15.12577612831318,-0.866649887891614,0.9089760433760378,-5.8230189730562945,1.0343023374212132,13.501420935233016,5.254599223702414,13.387702626990178,-5.940178728551004,1.1855100404749497,-9.406770387198742,-3.067340780520315,8.556464448815014,-0.1755476663570289,3.1481019745650105,-3.489501692287132,0.008980358653820242,2.4780886450757666,3.7070273283886506,-2.6497020219945004,0.4914487529591318,2.862910031280026,-13.251933978517178,1.3334406796379055,-5.165394232806918,-6.437719682789467,6.189826207872177,5.595173907697029,-3.784619639991128,-18.13524330089766,2.6975991017889625,-5.170610908317734,4.344119410287937,-0.6659922400755371,20.413706306421542,7.154637426227425,-4.712407771571428,-5.773787068026072,-0.8613560317312019,-3.6787584995253937,-5.617744449186274,-8.831802275968919,-8.995299698718666,-8.51927109133096,1.523369684095774,-9.484727858732484,-1.4511346473686049,3.9242661383004096,14.850090633725008,-0.4800890359679746,-0.4028519545859056,-4.760734487550436,13.267312540664392,-5.799365899445943,-10.735824399782508,6.427594463646138,4.162368277530142,1.1908003550620196,-16.07588797814039,-8.51952608091725,-9.496596171963297,-8.487683892791821,-4.70069099648927,7.0696794597543295,2.085656325765286,-10.314825008736884,-11.949840962684437,0.6457984191211139,-14.691325982835053,-7.238300069134091,-7.819926376545977,10.262669546299167,-1.9500997744659667,-9.67210622935804,5.040929859337527,3.194774320902035,-1.1228793670536716,-0.18704431293929102,9.138110919030368,-9.139366607147615,8.482620870675436,-3.053664429550101,2.8476582016045864,6.156248287764332,-4.250659049261548,0.21754523408249038,-0.5307913864905118,-0.8570088640232023,-12.619542342822667,0.8796902786786038,-9.825234844000775,-5.49334852503341,4.123901230205518,-2.625856473653585,10.944156879802954,-8.750966179190385,6.909806538972154,-12.039987877868697,1.5922173258732832,-5.6998515510303225,5.328431202753275,-6.06995344873339,-0.7886838262191024,-2.433034403886433,-3.6463425145288,-8.578780086970317,4.411269456347007,0.2978363107675863,3.359591583594949,4.305335477764316,-5.8424765688281255,2.854224569088312,-6.253719636747342,-2.120851735295779,-7.278612358320182,-7.548290207273025,6.499494323233291,21.119571709184363,5.101954474740621,6.6560002709689865,-6.080266540544522,-1.4856783851623465,-1.5447456154485986,4.122875390416107,14.111826681981377,-15.297545857433967,2.9548649795802704,7.161413658164001,-13.674164630542526,-1.6875987025829327,-3.00083130929009,-2.3775882292584796,-7.980081798499297,-2.9513030033674212,-1.4155017671073453,-2.986441452997628,-6.216437390171379,-5.991000955353801,5.1169174323406486,6.304211985772048,3.0370139741346804,0.3121882071612361,-0.5949158117964752,13.638687231585042,-0.7840355929429833,-13.401864674561267,-11.460245182380174,-7.545896966344872,-7.517696546534387,9.134811248689967,16.067330066345985,1.2437459513342024,-2.9272950730892195,0.7761405767670865,-8.44845585157395,4.60283420635693,-11.017948976067679,-3.1329093535284485,3.143492768781304,12.248626882619687,2.046555038491608,-2.0370390880014653,-5.418154935158228,-9.708313872205823,-3.980831659916067,10.352597816551693,-7.227693958197845,-5.959082883805795,-13.506473638693702,3.976909560968069,7.889559527671411,-9.735194586583905,-0.2568633035363892,0.29081158320346184,0.9664139161374704,4.886394289228939,2.56964119799365,-1.1458539285426381,-7.277417481982515,4.125892932950798,-9.14884708816766,-4.664396795141219,-2.430314846034711,5.297714540279357,0.559875976478825,3.4422820433746386,-10.37170320004249,8.93170479453233,-8.397553470174191,11.237021682876716,-16.58476595610487,10.456064998959295,-7.140512632774984,11.424596655281167,0.5611733700102879,2.577622521514379,-6.198089645462196,-5.8480437803866225,-4.089332693572666,13.785806319169321,0.6759557092571044,1.5071389213623985,-6.796899708394996,-3.405340043407776,-0.009710297092937803,-6.512336819971651,1.8665129218517806,0.578079537190834,4.316653814182446,-7.268366446831433,10.664756160910763,10.517382876422925,-11.07761591989078,-1.9071574878590898,-1.282317523365707,-0.7705854166354609,2.1722922788963563,-19.24890975773709,-1.4547497708815527,-2.4423204179782663,1.6545329109721751,11.793170324276206,2.1092411410651977,-4.553256061652718,-6.192637674526529,1.0116507597630444,-12.912266430406182,1.5176346597589174,6.202967159224989,-2.506457439558528,9.105930182260291,-6.616256570254273,-8.937188208891254,-2.137749814328683,-0.745583790073443,-11.734524212560409,-0.5214541933969858,7.606335765822433,14.20990131325853,-4.042961614800426,3.271750743388428,2.203836839983845,-7.684891641911276,0.7130511217742369,-1.7695263761050928,-1.9642219770153155,-0.6431982954579172,-3.6147650870545354,4.9953859545100645,11.840019329057883,15.109931081788247,6.369027810214008,0.3241100317124983,6.539277680062083,-1.744045633557752,-2.628542006364401,1.78360953217984,-7.3360442472850895,4.782591617785719,-14.601970411740952,2.897840691800357,-1.6752302244026134,2.954868375886376,-10.588246455373904,-6.3957358848286,7.623847560957161,-1.7222503648407275,9.826520651124575,1.211932174984383,-1.0996457886747204,-4.157181661494076,1.935568130109221,-0.8195348614365844,4.699000517232832,-2.205647424523728,9.370467693678316,-2.4021778596901147,0.6367316710770348,-7.866068216289613,5.63054740039025,-9.989245309195951,-1.0361504005507285,16.481356554397657,-6.301850593486513,-0.42103053531932155,7.806031875454943,7.181671244143543,9.668943774934846,-3.887529709178411,0.11606271767075682,5.192022562568555,1.1595899049645837,5.5637702420005555,10.748793585286213,1.7762737046553014,-5.151841242609462,-5.619346107038197,6.8901546514703575,13.050504509419984,2.1293125774699098,6.597167386944183,8.045884325340275,-1.9114818167564198,-1.5664667417840477,-4.158823493124931,6.596411189743851,1.7531450298889866,3.1874088376880256,-3.8755069890267815,-9.439057561601375,-2.3858247755977615,9.280915714093918,-13.269161930178946,-3.4500100238269966,0.7726547056677662,2.473862264054463,-2.9847023008755666,-11.944275609603018,-5.144271409443855,-2.482585522893988,2.5955715592999207,0.7594433686134997,-4.85550724182068,2.7204554887656056,0.4935059665137795,-11.288581813756325,0.004559601303003369,12.97225557793031,-6.834881411961687,6.983300240129452,-3.907750723112361,-5.473682643700131,-2.033792752994554,-0.504242301927589,-5.336895403736255,-4.4141707265759695,1.070443839957446,-15.903448289765304,9.201293666955683,3.4843821435536895,-4.519216777183588,8.857862829459584,-10.861002614005493,0.9995210082472306,-3.7293762354795046,0.09323822629440132,-0.6953247680279588,-2.6029112206628704,0.8690375215968582,-0.7840178464045126,5.104454687209891,3.1988281931143017,1.3592579727417413,8.804526542600074,7.345860331725952,1.5972951851915689,9.307224214529588,3.901304858508596,4.408138021763169,1.9734302754564703,-1.0229071632667144,1.9969153545499034,3.804412039801498,-4.145904201675937,6.010831078964046,-13.859220174783491,2.8651542459993298,2.8780800320543403,5.781706827166419,-7.454822647626662,4.09933097699895,6.914385120696267,2.1942125102806433,7.426856629943854,-5.781816325853734,12.780218106311432,-4.428180841040904,-7.553370865630619,9.840396152446939,-2.0909950676943723,-2.3604261674444795,-10.03638918174926,-4.713393960352649,-3.5298114839510553,-7.510181429779539,1.3740227244606278,3.8164335117708568,-8.57624348264245,6.712613848856571,-4.00104416838627,-8.162340308401605,-13.25207285508506,-9.939658367980483,-0.16614160768093833,6.790571329494391,-5.050793987870194,-3.160698245967545,1.1719704935057966,-0.22210187628238165,0.027836802188986653,2.3143843141175466,9.604950309867187,-0.9154287478729239,11.4030886654776,1.8762771827668008,8.862737291492977,18.933841058026047,0.06618287872540207,-12.135268735799716,5.166517828477122,-1.6945967736657672,-6.866593038300295,7.293572681788573,9.17192733542354,-8.758575614488382,2.78153581297597,0.5493305548858718,-10.382005361742932,7.652618730726093,6.994072672876806,8.538707024945879,0.5162469803222,7.14971851233169,2.4481919055454004,5.136898123480702,6.141567720397999,2.705853840527602,-5.897592061913391,-18.070284121876124,4.680307187778717,3.9998329762453633,3.7260416803923935,-2.494955279306307,-1.7598198546150208,0.03595880557995734,4.23354644100203,-0.18667376310404254,9.96401266387593,7.545401404835473,4.977530613445191,-2.502200844724906,-4.264657900876863,-10.695393802466802,3.097425061898994,5.291245164761638,-7.698721801835313,1.2861959565069199,-15.217843137412181,11.970230627116148,-10.515260775610937,-3.4076704830715734,-3.4900706636386665,15.29284026435212,3.9593240159482086,-6.0859152451862775,2.7413001503488066,-18.928991854379998,-1.286627186127176,-0.24901655843191084,4.030917789549816,-5.480777119092181,6.202769720872845,13.269774242813282,16.577474299566976,-9.260439348706626,-7.829933095202598,0.9136906063130006,1.5436471608521642,8.0379263258112,-2.3106625967325223,-5.815967197009247,20.901503766919234,11.987799756054013,7.265421061486158,-1.0311855449025022,1.3027225850137159,5.786764240035003,11.001309927802536,4.24309501629377,-8.832401750489659,-14.694750342661802,-7.029308590121115,2.4143836596608756,-5.113143181888471,-1.1018587919105385,0.30262920584724484,6.333000188986757,3.4729321204808663,-7.902784338739079,-7.012161425857828,-9.504221541267516,-8.705363448919634,-1.1041298382514033,8.6562753916085,11.316306244118689,-2.964022626194741,-9.499548708534906,-8.93188839600232,-6.361737527262031,10.966926032619842,2.258392201426929,-10.772004328953066,-15.744901070356628,-0.9334452653342536,6.803137512683218,14.193535297317638,-2.8114318465634742,-3.133238965759049,-11.779492442948225,6.966174122721455,-0.8203455891051861,12.49922462252967,0.7389520711928846,3.991443470577153,-3.4089799234202314,-5.2183293830973305,-4.388248424706382,9.173241865413452,0.2760960508917336,6.8796737749473955,2.7939565782202074,-0.45461616059087007,0.11118532511217394,-9.84481247572447,-4.651489644151706,9.759942350833965,-4.499005512206626,6.873737848021577,12.036953392166271,3.561993859985881,18.375333368024833,4.442733897593091,1.407644256262238,3.9814512951226053,11.983235524967618,-3.739804105040884,7.899385696280543,-3.224714420130366,3.9032661976679024,5.518580022813024,-14.688756295046225,-0.6009940723353453,-4.97589443079262,-4.713615889474421,-3.337884255744748,-8.56015953169561,-2.7719595800597077,-1.5925913100331162,-16.29177900615958,-6.881148710468582,13.364654878304034,-3.9177496519209103,-4.368209028664866,-0.8958872344201795,-6.979213543126796,0.755497871456946,-1.8396031320611226,-5.889702198219959,2.5438454419575938,6.927155630131143,5.41138368826217,-7.5326725735065185,13.52329402957714,4.72371090797525,-7.521325879009803,7.853902352816413,-4.125280074255297,-10.049576440611826,-3.9137673978008793,-5.938366289149687,0.9543609636760892,9.868710192424217,-4.697100284231784,6.220938564650508,0.9227096457607902,-3.0189311116768502,3.3638946032264414,-6.931513803929473,-0.09557483594639393,4.0734580021007005,5.491554963050556,-0.7626795925777047,-7.17829201951888,-10.510153070157287,-2.925224704088814,-4.120048422612252,4.727025475151984,4.018975270325771,0.27168452276506444,-10.220952732410762,1.6791698586049901,-3.1825131927179946,-9.603949514994756,-8.299496121952354,13.994288442613708,6.167355769674635,-7.155543491796029,1.2868650424854458,-4.961500077640403,1.2877913026912775,0.1267499351166272,0.860253810217965,-23.99924822729466,-10.012302446220936,-15.82968664226632,-1.0302153180837055,11.78637831959622,4.4519457038126395,-2.3776078411598447,1.6532032022982135,-1.2487702588246195,-6.438921888764558,-4.530303168402134,6.0876658040743425,-8.405343766460184,-5.588431051659645,-10.706231795797457,-2.8667208951263685,-1.2698868238752261,2.6399715959570598,9.885706851844432,-13.251119483098979,-2.1262994189742934,-5.843734788652265,-2.0271368480784075,4.092660840542804,1.3348581789557294,11.44900651349824,-3.8146767924048417,5.883929853043473,-0.10109906532337254,11.187016619851263,11.23601943924439,4.938944101401439,0.5594694449511863,-8.288003956358317,5.083861587848774,-3.677865949293402,-5.421860291866092,4.036205021073504,-12.928237918220889,5.746594521556191,2.462995090344638,-5.403364061388937,13.156552803186681,8.502509472611354,-6.115377942376565,5.1050643043207415,-9.804518386387793,-3.546691259650496,3.8726493565069475,14.597445728610207,-11.28891750932139,11.358646662557254,-9.624887788642674,4.119446765528274,-5.883181087913193,-3.14287182559688,-0.009225778450397293,0.8289665639974529,8.024067555526553,5.682854949996699,-5.315565330842665,-9.239208684868103,-0.6866292284416361,1.4777366869789483,-5.71895041810064,6.166013575564981,7.580383887581556,-0.15386180686160789,-14.640902841655153,0.8285879756998422,-11.652060989244944,-4.364186774505433,-5.860013456222553,7.185571522185623,8.261144373232712,-8.595168245804187,2.3160986383013866,6.3037374055301,-7.035014533035731,-8.407876986821346,-5.62269175593617,8.63139211320156,-9.430200005380806,-1.5176878599780101,-7.010595047196996,-4.514920903775318,-0.804243266969114,-1.965179388725544,4.5084691473262986,-0.9624454239086941,-8.95315917696136,5.2043808485191905,-3.1121278099212324,-10.173445424880386,-6.1335557952179585,-13.19706120946572,5.290903047638736,-7.603796835583957,-2.470261618765192,0.7697363807361157,3.0310829703990683,3.905723053500393,-1.8922316580049132,-2.289934973871089,-13.508052925572496,2.291638279634838,-2.3753017296686307,2.2855334287702886,-4.0735033816278134,-3.386557121730141,2.1331157819042317,5.795195883157305,14.914265021474417,-0.03647232116229804,7.9836717724104656,-8.341756322553461,1.0602686668305819,-11.381284828814568,10.091549587050343,11.440684656822,-6.385765299144303,2.362259650070317,6.475808497653987,-4.182189083724612,-2.6086354112978554,-17.284712053046498,8.136619565082068,-2.163024494998474,-14.065734088683326,4.3327564289880875,-4.131676860019841,-3.0786815911004686,9.579564656288944,-12.0584904007112,-0.6425672629300129,5.122286778143072,-10.912350760569641,-0.03790297181177077,1.9399343407291916,-11.78603360973737,-3.3421813055769514,19.081233867251395,-2.577856278784898,2.701840340204309,-0.5315850108087433,-0.27484959626773586,0.48592502252661096,-5.3647018669122515,-2.371903750861147,7.590679014521479,12.990888493770694,9.990048127634473,-6.158760091256344,3.4450033463084457,-6.34091809203809,-4.28733163654231,8.500957078413325,-8.958822730162902,-3.81506592784815,9.142000942724756,-3.962456882879431,-7.077159284364149,-6.235381284108208,6.085048056988603,-8.838472038294247,-8.80102631418697,8.789755470323229,-7.820625727291722,2.716639727546924,12.23669142089797,-1.9387964868526193,-4.4886679782482295,1.3417628303904805,9.669248753963238,-2.4521235976232583,-0.34966470469069244,6.550110002799539,14.52060196029623,1.280449857217386,-8.15247102016383,8.129264090359458,10.413104206821142,-11.921513921936498,-6.723241858721835,4.809331547108817,-0.8740505672602698,-13.801727277054177,-0.9746532127924077,-7.673484250533328,1.4177646469685683,0.24148771278831438,5.503226257309516,6.313148589351323,-1.668556375245422,-11.456403221916654,-22.38846492820445,8.448149587740149,7.171439091985601,4.448977759689134,8.648914708564318,4.9735116531670265,-4.128613993374726,-12.936029674970234,0.21424035741876757,-2.608105224759243,-10.356848931263585,-0.30415245485356956,-1.2007299282435389,-6.892984307230334,-1.8305054077482594,11.668270259749523,0.7973826145918184,-4.536919241314394,11.76676136543772,1.91028752181371,2.2713389619940614,-6.959954448319873,11.223857560558082,-9.081279570467123,10.255833652526515,6.506292843749295,7.677541592048652,0.35826578271011544,-10.4286083691898,1.9479094669244685,2.00188891451233,-1.935273474989367,-21.478045195162633,7.944793174762427,4.991536363561664,-4.680028676712111,-3.6476023766543784,-1.481140006110137,-11.708958735779081,-10.42809468763611,0.30509664025238836,-0.9524093660242784,-6.228049027691694,10.405386107660368,-0.8458481182698241,-9.394129825570108,5.874966470823067,-0.5206371355962329,-3.347711893545239,0.5638134586925176,6.698231587868756,-8.986185354817096,20.68251623691517,2.837612572218257,-7.295178600916795,-9.31980474261618,8.525886538231047,6.950728287967547,-11.170520592297402,-17.536453207774983,-3.8124007917890963,-3.211051372129189,-5.318909052213513,2.699898671422439,13.669236284321645,1.4264842779818179,7.414025397543666,5.514594477505327,6.719277424037216,-2.232728023841787,-5.929542246628307,9.802028971460707,14.0375267980172,-4.441182853915366,-4.495463456540846,0.9526808682871739,-2.9918247912322404,-3.3083576102230072,-4.7150836413863075,14.871016314974575,-2.9060597704170785,-0.06748212320367708,16.97904352328582,-1.932007101247012,3.904006752523885,-12.825230881097841,-7.767542851269234,5.317159562903373,-13.610330860551398,-8.0125450599906,-12.62073549338333,3.841364286277934,-0.01915615621058442,11.921630572326226,3.9627316557788097,-2.120981775963534,3.019867077339859,-8.054264476330207,11.426614979365532,-7.897078184963807,-7.012120852454926,-2.3895472714047123,-4.417456778586666,-11.03344503880562,-9.081018986788566,-6.395973721423392,-1.0783493619657776,0.5085572872496076,8.376467127668588,-2.008056846221486,0.4010034127563222,-5.690084371380754,-2.003374783347261,-13.925625026310925,-3.145239049287343,5.447965148301723,-1.6314901035271887,-7.996339058481768,7.860007614163767,-0.605576580757508,20.7178860658354,-5.432143062501283,4.735207304788026,11.86813900028145,-2.863884966539478,5.03298698685102,5.368967124237325,-1.294736471053845,-12.638995013821313,8.468044717794953,3.111262106064071,-5.775218315551048,3.5414731569021782,0.6007134281932272,-2.0063762338158777,9.921249993677806,13.28657086461688,-7.550127750660497,-6.393736234472238,-3.1727419639463212,14.158022993880603,-12.478865831044946,-6.476074972636617,-0.7843278840452393,9.62908971600567,-2.11802936351934,5.951535911480036,-9.785742444313337,-3.607106419038571,8.62112445992009,-3.3247820026719745,6.793225653914828,6.647820088697809,-6.60001421521171,-28.51027639748652,2.992616440956798,-1.2910601136234814,4.051056903670808,7.551651135825511,7.183627417574597,5.138946849513739,3.104224003145888,-1.3216655575258285,1.0590338554642091,-9.322554334585536,11.233729714613617,12.312996901261588,-5.6965893409047155,-4.880602197270531,-0.37815737861986165,-2.9448947575555837,-16.28025496403439,-10.052567020723304,3.1621940113121356,8.095601874058763,-7.129261019958865,-7.827394510987809,-2.2442848316992685,-7.5942401584185575,9.696432623624151,-8.09601715973048,-15.847709174710673,1.2565342647586921,2.4351829855318643,0.9053514019754413,-10.519635078136895;-2.6229451047495003,-3.636041219823123,-3.408627417389786,-6.52831249662389,0.6279048540852672,4.510634780869929,-3.7151409316745028,4.7775856179635445,-4.549059313439985,10.513108653841762,-8.31923896611593,-0.14321538716033388,-0.1832767755503324,5.7575281955144995,3.56680118094288,7.503746288609457;-11.351151296853713,36.927208035702286,43.90619594701583,8.659419566959352,36.213071956156256,-0.658931706238642,2.940163311402017,-3.827571116547124,2.0069650186803214,-14.647905399159539,-24.88338226523803,-16.424656406913304,7.208334416206024,8.784049310278974,16.861897652206018,-28.90624040236719,-20.018775399016032,21.251179722172438,-43.43714125439911,-4.3094154552217185,-12.935519954912168,23.154439235296252,11.015487314534825,-45.19090203218856,-20.240456745852395,15.147994132049483,5.202689977159855,-3.636284082101659,-38.13805428934044,7.456330394004338,18.70875514503971,-44.209369594954836,22.46823465894087,16.271618204519022,37.36841412630736,17.89861043849421,11.26442383704038,-15.68462782347151,10.257931762818043,-9.05197795218387,-13.12741224049255,2.4753616311206743,29.997293405435208,-46.75326824871998,21.543848343804623,-19.963897044948276,-31.47795221037057,-18.89759462767408,74.56704291672953,-26.71598571565426,-5.586891883701244,10.122467379490441,-9.473811331590982,-37.901343945764545,-10.232035932091597,-14.437534610597421,-69.17922180395392,49.22770585150219,-13.834412326859532,16.743590429212087,47.04093893610848,-22.225252830376043,-0.9798134161545983,28.246552583766274,-22.003896488684802,-13.122683148003158,-9.153871498014972,7.574198276357341,-23.20014728101224,10.519788736113533,-43.12051754453104,4.939765198334614,10.434488308336626,23.25097478870231,-26.886073550409243,-17.16735082439734,40.59066005337288,30.88276168113083,1.9784946926761395,13.53341980913198,-29.648991162632353,34.516646409311136,0.14020244283143546,38.266455539755846,-17.917518359556283,-3.050445702661127,-37.935568989925265,-8.790100429682173,-11.252304174628296,-1.7411816108676146,19.94809179061389,14.658770918248706,-1.0027921752682631,22.03632112914537,-1.778321649532955,19.607900038383526,5.54441538477186,-9.01340621111398,-7.194610846637184,51.21606651380816,27.02687473480383,-22.86929822096339,-46.68018530336958,-35.1410205279128,-11.369515378468629,-51.98346242467401,-21.39878834934286,2.0434436794901023,5.764721512321234,22.169500459590886,-53.65382915603818,5.669160503404061,7.034242646405485,12.175570031254653,16.68927409738536,13.506937462016836,-5.879788256483906,-21.194380423278925,19.144143755310758,-20.968858274069344,20.554055617346513,-45.663104645843745,11.912730077299758,-10.832271950484383,7.121018350460822,-60.10598030056754,17.001053930472967,-25.41316590861126,31.18021777307533,43.49088264467098,-8.072464517194875,-63.57989498166087,64.83210532110452,-3.8066391173161267,28.4612654249953,3.3075673933208285,-8.524086834100213,-5.262346515706053,12.074061996671192,-7.918335036624509,21.377286121722257,6.108778395915021,-16.720613272888926,19.7003789509096,25.679134507820816,-30.835364861621848,-56.87008262736105,-6.936313021676186,28.083693994753453,7.304418723580024,5.893563500284592,-28.106324715351374,43.40398106657611,-27.56596998732442,-5.021561954073512,6.238390669869052,21.44250894753436,-30.93197189960379,-4.475195653614266,15.498534336961395;19.610302428001514,2.068150463759187,-6.937701587103479,-6.832948720256543,9.694146566695583,16.077543472402798,-25.515894376076883,12.861605727341974,-2.7878616420379077,3.109254150017046"
16,1.7783546192544202,"-5.016106699934082,3.295574765953318,-3.575372024276184,-8.91948632361079,4.892145334823288,-0.8420232678061933,-11.695979378857059,-3.476315054858329,4.296403734517129,-0.09074047109888006,6.417649852852389,-8.640367624862069,-9.603199031471835,-7.245873230962048,1.6699449615002142,3.116977339792331,-3.4153641942230246,-2.984310611322715,4.8705669063598585,-11.1318449656311,-1.510774039003434,-6.19274971224628,-11.047204426969886,12.044105597031516,-19.15282578265085,10.382570226273465,-7.045740763503763,-8.16441018913315,-9.830540274522265,4.6845467810289945,-0.8321661904237232,-3.425374783660429,6.995804344254564,4.040988338284381,2.2128115745840953,5.900407459160178,6.033974954082639,-2.1555695711956817,-2.722765823369125,5.923203731246163,0.7280901518354075,7.60541743426609,1.2215592303610359,4.694855255903393,-5.389428312648704,0.4567640372058142,-10.822798804283655,0.021729287558632793,-3.996963743282868,-10.726928957073719,-1.4811115322042023,5.023189548323398,4.030759509022813,2.325947460434265,2.1501416371917705,0.6012599310352754,1.9834346395541194,-13.42221335385733,-8.682956736515491,-0.9657561128709532,1.4967124055097665,9.914220894158037,2.682352856978238,-9.818735576710003,-6.465575433472987,0.1899438588233255,2.7677268484715887,-3.393687922536051,2.8060319350206955,-3.443810583422374,-1.4959307905184085,-6.606314070336297,1.1299057233812995,5.336007624079186,-10.595774611918644,-2.6349963505711576,4.131900895725752,-0.18446020583125033,3.134585917553162,4.2622084462842675,0.823296464446942,7.725415676654338,2.4237944999106613,1.097000518843879,-9.024466627629801,2.393288646855059,3.898568444515271,-4.703540505714178,-10.429066892319877,12.126895890546091,10.41728809800001,-8.725837041417014,-4.352470268891468,-1.1643941891208778,0.9198996991350089,16.270079801569512,-1.4948331910703223,6.455848037170556,-5.531010542566334,0.9479337243914724,-0.025696334171929736,-12.781068547917293,1.6725499790815141,-3.4362565930453597,0.7960534051450846,-3.027447774822792,-7.973761250081815,4.984090614511669,-2.4354814767552453,-0.8975212183981989,-0.8690733338889649,-0.6477383192193173,10.995322225870094,-2.2778912945443355,1.3131153573166583,-7.585794566035227,7.990067721781746,3.1760912908817334,0.08225222521455633,-0.24116603562428152,10.143009082665836,2.112800597988977,-7.662944568713873,2.642405500783455,-9.015956690742076,-1.3507493876419407,1.2257432641492034,-2.7741072128678166,-2.6074023786799922,-1.4994252572616502,-10.75840465215969,2.5757809829674483,2.3864171573790767,-7.596271208353366,7.353673445729586,1.2468402706586468,9.87663265375068,-3.4796801330185425,6.802198965002571,-10.201231841321583,9.495104625772465,-9.58135313664495,2.566379020887257,11.57967869580614,-9.60753027185823,-0.6224142918365123,-1.7327968744220668,-2.5399118695001954,0.796871565249341,4.054918652607762,-0.878974266705985,-5.2382906637298685,6.444236666352023,-0.3496141477740762,-7.0819476034780955,-5.390795311742858,4.536042666597427,-3.329608180598681,0.24121575162493308,8.610762429357045,5.551805937756901,-3.2251892133276474,1.53428048454637,9.507050913099965,1.357970141884593,0.29828476802114395,-2.79896485996683,8.217501215536846,-3.9466840826823884,-10.058894787458243,-1.2885720002367032,-1.3564480794332248,-3.463916420016611,-0.48002256370521723,11.022086958920625,2.76783296157156,8.62425055729934,-6.162914826232531,3.0088296213653773,-7.568023221119657,-2.033545386132806,6.069208864916337,0.16751167100984576,1.6037322389805433,-1.9142981574583509,-0.22481190599298345,0.5411551664791772,1.4779404304082435,-2.999742957020336,-0.9380910678878219,4.7878235164013185,-9.301363934081424,-1.6362100558788173,-3.4462769650978107,-6.462358625716602,5.073906475170945,2.9709211537793703,-2.670408151961536,-14.144290991348914,1.0446486446285783,-3.375734832993986,3.6171278784491534,0.7870954221767126,15.723417076663683,6.063283551552574,-1.2693695329744954,-4.854446813047528,0.3688258234194258,-2.2713265092822863,-6.482992963863435,-8.191712309328146,-7.501508657681691,-7.714501067670975,2.161639164520022,-7.130205094864858,-1.3861181895526529,0.9556958483049429,12.719223196463805,1.7970880400890479,1.226278717812111,-0.9853871219603596,11.23400078907196,-3.1625815624104723,-7.420218674254799,8.197432863676047,3.409123809333689,1.0036384923152721,-9.917088364116967,-7.459150932327338,-7.71397754194385,-6.160340989623832,-2.8175701328483873,4.973526360052571,0.7050082488828665,-8.79956871550793,-9.564583393549537,0.5594788299315757,-11.787211845449939,-4.327967472233052,-6.578226373011135,8.244410126830095,-5.232216171272035,-9.344673357656129,5.3705834143456155,2.617529221847395,-2.5542040136160034,1.724925477962002,9.040729285173617,-8.102188964719524,7.083120359673996,-2.4776179376618543,0.6371079021936197,5.432919600701613,-4.741873410000224,2.68028747345181,1.1649749379465657,-3.3022702748244495,-12.651296933859381,-0.24108366592468644,-6.364161374931116,-3.536151510767007,5.740346139076706,-2.81495846316202,7.379578930345739,-7.6640335365132115,3.6981297288488726,-7.6524467846995865,2.1115378894223866,-3.893513823513085,4.076459516551486,-3.9770104628536953,1.6964237470432126,-2.7436186629054977,-3.4433564799366945,-5.687843069480554,2.5124734227983088,-1.2993551677725148,3.790092035682627,4.3167905371373365,-5.820014027406393,4.410008660427172,-5.1916681140753616,-0.9015509884995981,-6.699977414851311,-6.0903745468564,4.858541707839915,17.080771086962844,2.0861178959884623,4.440052949575303,-2.4186538924139374,-0.208568032782661,-0.6941759428195898,3.32228198964352,9.871759816070579,-10.945167196067569,2.7083023383964946,4.6343946365109625,-7.711575505699228,-0.7954109546291084,-1.3905429325482777,-4.026559732317848,-3.258938966931237,-2.473422662939967,-0.29209343727408843,-1.5107996682656513,-4.547698147697522,-6.869574185918647,3.905089056548113,6.096644678065327,0.3661646020180409,1.585422049444269,-0.6222285167622601,13.67511886414264,-1.673214385385528,-13.80776573218028,-7.743095868493023,-4.591382059085003,-3.9299870559481302,5.7764846494647575,12.44814408498291,0.7877515915379294,-1.0252501909389362,2.337371805217427,-8.48101443585993,5.102488219714518,-9.413148706023941,-0.44351485977244043,3.8928585894853724,9.791493746045276,0.8284220315292744,-2.502708411803579,-3.7844309528706037,-7.6867155930927495,-2.963796159545658,8.43121160801855,-7.194435894565183,-3.284296217342769,-10.472259131429242,4.324291099513059,5.153032381264853,-8.053191501706904,-0.19315619182406513,1.3211139943424182,-0.7483717311051564,3.4669758696957014,4.151929679080336,-1.218371809143164,-6.8121760177697395,4.440193326321452,-6.662111322114512,-2.8555504713203814,-2.0068477296411418,6.984204010024829,3.04437011597545,3.6701780278496656,-7.5307866245849056,6.6610350448599815,-6.489321839099765,7.6910490406230325,-13.002037270598686,7.106852832876015,-5.479572493280241,7.081261556988549,1.0861768157111165,0.3986665553442644,-2.8210486756105544,-5.487391216804063,-4.378916733928301,10.894658618601,-0.8237132382708219,0.304845548347191,-5.707606035099306,-2.8564820504808455,-2.874820493830308,-4.462587947846755,0.3809603371158357,-1.374050115922317,3.7229027357332125,-3.6133100224113632,5.567144537476332,8.474536440301993,-8.557189903278788,0.40792481967537686,-2.125455455372149,0.8939905797065857,1.846299351597536,-14.256887390641085,1.0802381826425633,-3.3214340406155616,-0.05974852013307619,10.52363772173875,2.1781765558408392,-4.987551867505148,-3.8214583478460202,0.4470953809534943,-11.13731865432255,1.2270905110959744,4.577953591627721,-2.496872303635814,7.749708118397976,-6.551491874124505,-5.311524876066539,-6.302673224314553,-0.4241625194853158,-8.134204434247044,-0.47359237600026427,4.9325130023930255,11.514001762033287,-4.9178027228578,3.5101487303443912,0.27662857804375784,-5.065628593461701,0.09319120531287099,-0.16628883276667106,-2.5310900570233654,-3.0974742742622468,-3.7457353970726333,5.31059082952044,8.722850728710895,9.549689154386602,4.300335160682955,-2.2551863653664315,5.854353206883145,-2.2284533427330255,-3.9802622605621227,1.607794971541213,-3.0142903876467324,3.0629605403065807,-12.22095851161036,0.8861846964418356,-2.938382428671059,0.2995766401525054,-11.042926222112053,-6.223092062228414,6.825586457706735,-2.02094355225998,5.6269410334599925,1.241841095211933,-0.9314873704649123,-1.1407768252298005,2.253598745410347,-1.4180521422535353,3.698169686106001,-3.045791242852327,5.166060166052594,-2.1448391025588522,2.477820538435136,-4.017265447023721,1.8824384281554911,-8.51994478627974,-0.11712283107005458,13.105017767666896,-5.594479119380011,-2.33770041484577,6.437380415261238,4.494681975591257,9.714797025808066,-4.981858391299324,-0.18630199450968285,2.4243455300443526,2.7164608388361007,3.7911234139329446,8.210637058574566,0.41526576663617853,-5.392849443061545,-4.425085969838229,6.743920757518895,9.82848299804727,1.1675358876365882,5.681979699890689,8.821897952560356,-1.301713011797817,0.024792992691508586,-2.8303355661923058,5.569010073433586,1.097148936408858,2.6831690044839953,-2.548891407855583,-8.605280645989335,-1.5517626532467195,5.336213124561575,-11.022734478733964,-2.789943257435885,1.3959032685126085,1.0479343959220127,-4.309820315644701,-8.874296036578983,-3.550403621376315,-2.8683396111210664,1.9610826521473204,0.08214405199248496,-5.279535374276939,2.333419206964739,-0.3388006453805088,-8.518966441393687,-0.32215910576437246,10.324497367752892,-5.624888363280958,6.384500999096337,-3.934721736906855,-5.817499176230025,-0.3604891320843583,0.328111120125375,-4.128666624441649,-3.3895483164653717,1.02028053635129,-11.925599799178823,5.672745551677495,4.725882271293516,-3.91123978415157,5.314133861742393,-7.196459015611934,-1.1873234567880253,-4.530023390634966,0.502744938622769,3.1030746542209133,-1.9840699368496493,1.59304843891103,-0.06250628598862557,2.8550526610900087,2.8055189271832486,-0.8165681881309033,6.852671203040209,4.417807243329925,0.17341917955150044,7.822993016800237,5.23488156531032,2.6862390827252094,3.504304102319863,0.4218501776549701,2.4780528413287075,2.7914185297742904,-4.3970381481139835,6.419378308342527,-12.394480275344181,3.66402991878433,2.7630313931417625,2.702068395377794,-5.632858089344247,3.862777893522521,3.958214872770184,1.832673242617472,6.988027071454518,-2.430706706451406,11.980136934416205,-4.23250190602752,-5.156600493782848,5.508662217507607,-2.0850357403602944,-2.8421243568497583,-7.018119593113274,-3.2560979445882436,-4.058700230540873,-8.07001316283613,1.4096637805556615,2.7125841647035656,-7.873050865639693,5.528971643293628,-4.581935245058348,-4.347449134095047,-9.586222834724905,-6.565369015285609,0.5421000103561918,5.0902041519645,-2.1611015285483894,-3.149706966408433,-0.38026222996701153,-2.8740632156985453,0.5642084237741771,1.8802865594665499,7.384672507666409,-0.2229288642196317,8.968201182754624,2.5206014087626607,6.048039075167668,13.951616585030001,0.35476928576669386,-11.436844203820268,3.1288614324880126,0.4374933980794212,-7.551951602680677,6.610023731141045,5.994292760928854,-5.995446954849875,2.0007955304228524,2.1482994206540305,-7.299889329533817,6.4644745842477445,6.474530481300677,6.939577424364363,-0.5253244975987812,6.009560494454966,1.823987697709687,4.225540151018774,4.931941850574539,3.010983776867973,-4.009261532090949,-13.86893078492361,5.923152610321167,6.499576340082498,4.466498032220825,-1.9139296809254849,0.35489314911480685,-1.2603060960645363,3.349109856671638,0.4447228973127537,8.701418580485948,5.796823898560575,4.858771632318408,-3.2661459040611858,-1.806438009331531,-7.326211790978658,1.4736936793184081,5.315892211740789,-4.726794156012057,0.307524214515024,-12.81810269075682,6.878044250656985,-9.72566756259794,-5.401612228731045,-0.1574240984523273,14.806568264064987,1.872765569563607,-3.7400588457474697,2.189643289680993,-15.89353653726884,2.0359188051132673,1.4464221244554625,3.3008777332289734,-4.224111078969266,6.009835322738982,13.986757804990724,14.886908173925569,-7.747284115760525,-4.938066401751833,-0.5201752931428542,2.9068669425116145,6.202559383980499,1.5105894367836623,-4.287933759936783,16.704902641595798,11.583852581426711,5.225942121467324,-2.240666251792186,0.06731083065461174,3.430191341665,11.458096260456681,1.6819184196970274,-5.78955917667625,-11.652823836523106,-8.23383620967316,-0.1712906113584713,-2.8702812024896835,-1.6054669892841618,-0.26955030499186333,6.061788592799929,4.210960713626733,-7.719063470571064,-4.727770961633849,-4.574484088492588,-7.620444660492689,-1.7460017627231188,5.678030091585306,9.56311782008696,-2.432045374681248,-8.275488197776188,-6.8092852237389,-5.112328138944331,6.545197918727262,-0.735417489005708,-8.882754353838138,-12.950382933151436,-1.3412354201101169,3.5157969819811674,11.698522711754437,-2.4302300603080362,-0.1444518197905011,-8.320222603517083,6.456173764328753,-1.0291032372553557,8.610339182226486,1.6900768204109835,2.097630352211466,-2.077931405775418,-3.2838543892884973,-1.082480335781216,7.350973763799302,-0.9652414974581651,7.12292522818123,0.08898201291853458,-1.5063137144994982,3.0753151679368744,-7.855872170953665,-3.3234753225746356,6.8081084705369115,-3.4631662070876916,3.8529903037653566,7.79691098324574,3.1733493584928754,13.39734159020914,5.134644075256521,1.4929662998922415,3.532502170048515,7.606381372688927,-3.899534977054871,7.845749078809998,-3.053721501465633,2.0742233999514648,4.555799759618725,-10.671366257813851,-1.4201631746652705,-4.114528325532541,-4.510347232121294,-2.492343217354415,-6.101985570632644,-1.2286793005406698,-1.0891102186866761,-12.054672469835134,-5.203288624824877,9.661012797583023,-2.2060977872034258,-4.496324578410023,-1.4083740241956075,-4.757802622832317,1.9034134003956669,-3.160853774460081,-6.520722671935942,2.9795928455401794,5.60231236871917,4.70378411231853,-6.676797235207418,9.775657248429114,5.001697983800454,-5.979363706275077,6.710920729931403,-2.2753253659514856,-5.829154671343074,-0.54435877824602,-4.926610384737535,0.0540064886112932,6.744050830343356,-4.502368690802895,6.075199192139512,2.040471068617682,-2.9988620031755797,1.2894338976678317,-3.793026407458761,1.615571947581143,3.8627773143142,3.391512092854155,-0.9797990681879774,-7.18118449634332,-12.191469665224513,-2.900293616129414,-2.401324176356042,4.433842263062489,4.8684379908243836,-0.7829929045676185,-6.905338955350576,3.0356702369267534,-3.9202518602165632,-4.605983260698013,-6.871401564077786,10.065849209829913,3.680374083306835,-5.934247443873288,0.640839300545752,-4.414124193777865,1.446074671479197,2.4430994589042836,-0.0835938906402307,-17.865927068304096,-6.317813584054928,-13.956834126066958,-1.017083960838467,10.208488464048465,0.6494939744409778,-2.6714652351979025,3.1816429462188456,-1.0430398167385917,-3.631011181114438,-1.523450795540575,5.057745983462246,-7.50995350090527,-4.46015787437953,-8.110305081055628,-3.7988117827338725,-0.5083246138151171,1.0602074309698244,7.379059149746683,-9.552762730841456,-2.12717013089214,-3.4786951947535987,-0.10566309321484413,1.5002120330817474,2.4536492923678357,8.23329542113393,-3.4511371800897455,6.711642885563026,1.276737909687667,6.750780752699017,9.765658559856092,3.7709274632469754,0.8559803940822842,-8.258116000812045,7.858489085306184,-2.5205523295434524,-4.6571502553449164,4.431425625855749,-11.455231516373498,5.4493737810613,0.9514532881781917,-3.95664611333578,10.940106250132285,7.4411885399187,-4.614091702549956,6.195342332842072,-9.031660503350098,-4.709361082998101,2.70454996234755,9.663042964517102,-9.262483579389382,11.059926378659839,-7.196917009579952,1.1956779896440328,-5.1936913538914204,-4.481233283576685,2.1423791346398184,0.41026462497489286,7.113705137900171,3.6747966388667215,-4.844867467938666,-7.071469454566574,0.23873349864007187,0.6985990551880723,-4.927478528061092,3.221826368362653,6.932323483007444,0.9309953624129275,-12.174763257791446,-0.148423003630774,-7.981374998318297,-1.5856474103604106,-9.170565968886482,8.191294114770862,8.3784102532269,-7.344900733422802,1.0726907932052248,2.2540768167058784,-4.5481694387168545,-7.890332019463697,-2.3292936107180915,7.532961593506741,-8.26514568732763,-0.13050051512431904,-7.593630127364021,-3.5713474019738918,-0.1592363506139488,-0.7464737511774816,3.888924948094553,-1.4815182182792666,-10.796667130741781,5.897909234908641,-1.8443808771595867,-7.1538205773319135,-5.986019163992815,-11.545575721338574,1.130376799419528,-1.4370310895834582,-0.7326836416451716,1.2266144533508991,0.8261725894695023,4.775124714572898,-0.9392466177339432,-2.7989005892939147,-10.254627255002855,3.060726530295434,1.1858593068235626,-0.8507630860434146,-4.489909851225025,-3.168190957978924,2.8851754479878893,2.129278416558752,10.950728570300747,1.2158651545373667,3.836958997136799,-5.727521570501322,1.4824762386605006,-7.785878834293317,6.407190644313736,8.623414162692203,-6.505619630201625,2.692712388283618,5.772137301298843,-5.789076412393699,-3.8637575607349675,-12.579233136204873,5.94801751307549,0.3154144514998815,-13.241363734120178,5.003392228610453,-3.9089896729391667,-0.6148002652047753,8.916896681481884,-7.8460053548617195,-3.2852390783127587,4.4388446168887965,-7.872441836787707,-0.02634905329562348,3.5186943350511766,-7.813681303021457,-0.5591899585004834,13.72892054922474,0.21191789425686247,1.9015230253290656,-1.2476527481665152,-1.8284790239062623,-1.536696290584187,-4.146410315049805,-2.398336757989981,5.052118935940565,10.959182913364199,9.772361354916844,-4.119446554444598,5.72414502338162,-5.391808985242718,-6.342560566420011,5.674307030701164,-7.410456495883706,-0.9035263956879473,8.149039264298992,-4.8114170158999245,-5.955832302611402,-3.048151910915584,4.0183042512329274,-5.127805921689818,-8.895743193476243,7.569033629703922,-5.454004303955821,2.406690527480066,11.143543431174196,-2.0535316205963117,-5.694355695109101,-0.7802801119447317,7.589617432273017,-1.126115036461592,-0.2710786890323339,6.2170923993190454,9.926821462156497,0.6746635570961388,-6.729401661122399,5.781045677995711,9.26507163614373,-8.961328616385668,-5.734627132373653,2.7652612470609035,-3.2454794095310424,-11.438163156036032,-1.4000241459761886,-5.546227851069843,0.15082804564313002,2.9811986754440514,7.148078501428098,4.6691101383158955,-1.1976560509632423,-8.620490182725412,-17.974321402332624,7.163437566536839,6.181259845562067,3.144032552806916,6.973908417172121,7.015313834639699,-4.807653800546227,-8.583522999012601,1.6138156213694208,-1.1617621243477108,-9.544006844224919,-2.1487954893681493,-2.36027732210452,-4.648561962676447,0.3219652208153251,10.470297113365254,-2.1433359114639883,-2.057897372314757,10.466183825920417,1.1841249495401442,-1.8379117741655977,-5.740174110656577,9.253328404751802,-7.292562161398736,5.332935838520952,4.356965139447486,5.158855808136265,2.762143360456906,-6.186619495864937,1.8761181738111603,1.2336957950998995,-2.3171506570172555,-17.436721930296468,5.421959140013102,3.7913410038482565,-1.1777896626617994,-3.2386713077944274,0.39359487975935187,-8.133271780277221,-7.734888959469161,-0.29881675049822687,-2.236697396522416,-5.560119064043507,9.253710474299554,-2.182025303613027,-8.31075564639297,3.6524359465363645,-2.1724169741225055,-2.50414491878558,-1.8954196845268392,4.128505482300713,-7.878915097196911,15.069287897022205,1.5439827128473147,-5.495590315784731,-7.575005140158136,6.180902511703244,4.8553640774674784,-9.566012119213456,-13.065335244866349,-4.521593077291711,-1.6099106864490702,-6.296909216667665,1.0053603449467154,9.61426380160976,-1.557039613454156,5.788699259711095,3.3041033512306233,6.280906971957113,-2.664790139302992,-5.230030015625823,7.78010673841602,12.585272008701086,-3.618769558036975,-2.2238550019419603,0.9995289690630378,-1.2188851559054115,-4.719918138936135,-2.42812926880027,12.655446013442624,-1.557600363681539,-1.7606682964526637,12.497724393409023,-0.9636558167875036,1.1133168929980473,-9.002343884279458,-6.380517301212256,4.504523455361336,-10.960982108933523,-7.669764806662249,-8.814662785051977,2.110399033414672,-0.9103909570952057,8.227384081887568,2.4238714364685015,-3.2827601148674344,3.8187184713197007,-3.9483126063982814,8.020195533250751,-8.193763772296617,-5.985335700702703,-0.6449109473153188,-5.625671875012347,-8.601629000368352,-5.967510630189466,-4.7235024366964895,-2.793266607277202,-0.03274828875600022,6.1568900159259785,-1.9402219539165084,-0.16341785772164164,-2.723862583781342,-5.10951163867835,-10.535189830425455,-4.035216044500473,5.753930360568729,-2.455007881376263,-5.813489413374693,6.840076140231016,-1.315654380419005,16.887632331560322,-5.980168211512517,2.9994576118044916,8.714432423392719,-1.3698298118360586,1.6098201959135894,2.370518867830274,-2.834188507230192,-8.052853336338606,6.655030354685323,1.8372219592652541,-3.483063532304314,2.7649685467950667,0.055400860770072446,-0.009271354427066614,8.299732994804408,9.228018408517194,-7.210873749159674,-7.467343551335395,-1.2106329959324202,9.482991698351787,-9.507661125377654,-5.298758890044722,-1.25478097474937,6.746210563863038,-1.6031161501067268,5.063734334555055,-7.175798994436475,-2.5695881537432297,5.857811318774935,-1.2625493071378728,4.481463063518548,3.9101875540485467,-5.730666611672189,-20.376558531079535,-0.27353309832416195,0.41565792515290445,3.1649540521371087,7.215222648812725,4.349065507924442,3.6210767212000503,4.905122430498073,-0.5813423935093304,2.0604875286042095,-8.754999753375877,8.512962570190995,9.515422294820802,-4.7991414209689225,-5.75160208005058,0.20308922235514237,-2.9494205566883167,-13.24873163486387,-9.580044443734055,2.771085732564844,5.669816773153281,-6.570954999701932,-3.687988091913382,-1.5107252131914137,-5.323626609375215,6.376032992376349,-7.758544668616496,-12.29354555984935,0.4832746615282767,2.9615033902251486,-0.9098936531764824,-8.640092809036851;-2.605266635261985,-2.533426708316972,-1.304586515060685,-3.473055343809121,0.7956293617159964,1.7778254956224437,-4.959168748697979,5.161879749164655,-3.565360627582891,6.396996797106441,-4.555297586015755,0.25118135479958015,-0.8112756214631158,7.1257930380511665,1.0327693138026266,8.214657188635654;-10.079424604541819,36.804096313667884,43.26197298038864,2.9147333359322762,36.40890491010494,-0.18959087981221037,5.860101491909868,-1.6230560912938699,3.574969767502971,-16.342811551119723,-23.29434096163959,-15.539545872169413,7.852898002987416,10.292950184726685,17.741607516871525,-29.01689898054898,-19.427889289183902,20.498237560540815,-40.831320670325944,-5.177089789854614,-12.227664467858077,23.42841660791641,11.902015596256703,-49.007827577788696,-16.720633444850932,9.339572163298678,5.195087781335591,1.1365757651667652,-37.21077924452955,10.917080806980085,15.530658826954141,-43.689576449358405,22.56815737506315,11.869849671548987,38.70162507256771,14.767292446829142,12.196731049950909,-13.964492638148997,10.867443130077593,-4.590904391053106,-13.686245743163544,-1.656302007839181,24.3858650053944,-47.746647979013645,19.29802322837965,-16.999386314714535,-29.82599751880227,-22.125773891660252,73.29356550120212,-24.281883871494806,-2.308667180646946,3.397527699198709,-10.85874562611788,-39.55252622954188,-11.531468422529752,-13.922479024749478,-66.0574689877409,48.635547323442054,-9.608309672578661,17.34370994622095,42.665317398407055,-25.203322575576742,-0.4001082356997755,27.04960460731309,-17.277933460168825,-10.806052555231462,-9.554528185347266,7.060238631098985,-19.757348332950983,9.07938112502757,-40.97993854154325,5.080208992870398,11.15479328696227,19.32637830369105,-31.533915904950625,-12.17604885422994,37.06876761325495,32.98098719955258,3.1494655461534005,15.58099936651783,-30.0865986542066,31.221138318154434,-2.507450584199038,34.2161789021913,-13.518507137884816,-3.686864234483642,-37.79749110119241,-4.688811619375906,-13.074371379348829,-1.4991832958721278,17.2405929756875,13.853102370352742,3.5543700250181387,19.408909444513284,1.6526056300974963,17.340125787314875,6.086260109972839,-10.057970129816649,-8.840169239252845,46.84624515570526,27.66666078534361,-24.859067229575167,-43.5391164842704,-32.02296834750793,-10.526455427659617,-46.312700293293474,-23.066379496706567,2.0210328591711857,6.610436087493223,19.811317010405332,-46.18686453469998,2.4455981630904366,7.229602432529031,15.165493778356607,16.020799859657693,10.927598373613044,-8.827565212575006,-21.078451942960886,18.636348541740453,-21.48335493488092,18.985197980474943,-42.268962056832294,12.278549535999968,-10.714830905447286,9.439729568253695,-54.25426876535728,20.722635233692014,-24.606618737043142,30.527280002518484,42.65427241942082,-7.831472899978502,-62.713700144141,62.70696445481065,-5.861080469228769,27.936285484855198,2.2943161209534377,-6.2902457983020374,-2.7520567543716528,11.452305341077249,-3.7753626143366863,19.119561955269837,5.590068038572807,-16.169557953392246,16.459608076445704,28.052419146984732,-29.461915515131647,-56.76000899171813,-4.099838849202371,26.295543220934036,7.58233698314972,10.373158715205905,-27.669018096660448,38.43603163397695,-25.748436385158776,-5.501307827647524,3.9202413000593106,19.765120825488033,-27.526746459682876,0.9543654563312574,12.205842893048304;28.130421408657575,3.0844115317021488,-10.086227908572376,-9.546379251404794,13.815164577132652,22.73053874089498,-34.61422632571954,15.124833113246424,-2.827523453793506,5.264680893029996"
17,1.7557953959510433,"-8.704415068090594,2.986612581898908,-1.9024024615247046,-10.111214053577578,4.648783442299188,-3.0094978391444007,-10.545379910931736,-2.29918383057531,1.0577910687498318,-2.591360718362292,7.499654194258111,-7.871116130083745,-16.44864425322899,-8.967906652603288,1.433866892232282,2.6783456041196785,-0.6161990955611341,-3.1636507132585794,6.121985044537626,-8.27594023017849,0.1948635776492148,-6.874019627087719,-11.974100671394561,12.272115570049046,-16.800943385942304,13.009170959584525,-7.583410899639457,-7.050083223723234,-10.80304779481908,6.249161720041932,-1.2784701295062104,-3.5309093557065796,3.178646130187027,7.455454122801893,2.8562767050374442,8.024077316130096,6.394319086809448,-3.539822445063796,-4.187982341883886,10.475563329374822,5.083912186413926,5.318767217133533,-1.8330423795508162,3.4808529376750603,-4.640695408696358,0.06577130806672177,-8.571257200664514,-2.346937670179477,-5.357244456715248,-12.601474988651027,-0.9826724626072442,13.135491866533956,4.688418471212655,3.064895595745634,3.112235897936284,1.429027452743462,3.2022391701242845,-15.473929268525607,-8.17407356586764,-3.5886382020085668,2.0623920318786935,11.229153571508643,4.373270870801509,-4.907981909699004,-7.783332046145427,-1.2591323787844029,0.9088902757085868,-6.366363227104737,4.734462182189163,-3.0770919106548766,-3.825660927908629,-7.9691493206175625,4.625454655851062,8.70677659488088,-11.306717805367612,-3.9414366032144876,1.5722394628829437,-1.6331990582739873,2.12608341120234,5.700329238225894,-0.2308198756191584,9.269736591727721,2.3667220541431555,1.7585586109515592,-9.348574634403205,6.637410082042904,2.022389070148381,-3.7081645640952883,-12.027674141331804,10.802280387094186,7.806834888726107,-7.50513228312527,-1.9319898399265851,-2.6383042049526346,-0.5832728919714829,18.559187623953598,-0.40672004697217035,4.121673291403406,-2.0834924363839016,-1.89755091960978,1.6852825432460063,-14.046498916151933,1.4781923528586458,-1.0445276952338072,-2.45825322748737,-1.2051577180177007,-7.181816793664497,6.480569344282277,-5.136328837567651,-3.282170447007335,-2.0561135045045926,-7.009909032444545,10.621598440381357,-4.297680145269094,-0.7602057545653637,-7.574169450684459,6.397258005516942,0.868346406362955,-1.2788152320757007,1.6950626855261046,14.248366811488497,2.460430012643225,-5.973823231672493,4.889148757208097,-11.366510673648687,-0.3909229118306543,0.7605883533442332,-1.4044242728620608,-2.554618124956866,3.054606940943116,-8.554825461750587,3.6722056367265568,2.5125671322174963,-5.892431023226223,6.146167773468723,-0.3075257457083769,10.041657136416045,-2.4257779449867143,9.12373909944652,-10.22285600726435,10.217228096922089,-11.372018666547987,3.725660351909618,9.585697362991773,-11.461408754346914,-6.102498143207978,-5.101706554675756,2.3154925374256163,3.9691096976559765,2.402724639346962,-2.328768888240302,-2.476542199668262,5.425494714862345,2.4935946254448607,-10.368009484546173,-6.153044104944506,4.500033523814855,-0.4185425013314963,3.3152561796068154,11.406144524248685,4.489569592636012,-3.0207266713462326,0.2710756527720588,7.755406360767245,-1.5832344516352836,0.31773588408670556,3.017835020668917,10.515945533073289,0.15355331226698077,-13.226739920658833,-1.1838379741572798,2.4760330660670467,-5.582109254649313,2.058132457636639,11.508733931021776,5.993655397999052,11.299015465457659,-2.957116642736295,-2.0189027355691005,-8.808403781510279,-1.3514541507532956,7.044569107184794,-1.2696689513775568,1.2187439020506718,-4.992734851003374,1.8169840517858913,-0.9478592915377152,3.7923386168791686,-6.2313714686160075,2.6866729851531703,2.292154114640293,-13.42036459580827,-0.17972523886860936,-3.8981966851531706,-5.0295499084246575,5.3231732438543125,7.140757978102752,-1.635409516399295,-14.719955072021428,0.3416683547578828,-1.5602419321844996,5.270335982482853,0.4018563896158424,17.23711500333044,4.551327514890903,-2.715147272771816,-6.456232048028205,-0.7648898028505202,-3.3678001622872324,-3.585488790541021,-5.73981813095118,-8.134000903244809,-7.213440820249378,2.0441381226402244,-7.9671525558234535,-1.9951492021616977,2.8700491937816768,14.441972751640575,-2.6832924174059594,0.31847213768544774,-3.929423220755928,7.613090253847757,-5.423610413780978,-7.5593335180540535,4.883602446716976,4.688523448706718,1.622436751256219,-15.360909985711743,-5.193025394514428,-7.289990954434608,-8.004149634281776,-2.8968927243375515,6.2387315639231105,1.1952379615112103,-7.344002595204345,-8.177651753251801,-0.2966058572491941,-8.969998054538884,-7.274541614984239,-5.405130524257005,8.874881194392042,-2.429474266906851,-6.663137208747355,4.72317117646434,3.6269546841847142,-0.6046219745524686,-0.2667854983961636,6.517733583607114,-5.043513592925221,6.159197150839459,-2.0058435493089686,1.8036122284482117,4.041844900168588,-4.312028761496274,3.2609379342989206,0.6990219304421785,-3.361555517683133,-8.125812877340238,3.4620486012228504,-7.3712297607415085,-6.239650226937799,4.108499808688155,-4.360251563978535,9.58396079895336,-6.395970047440503,6.234455013782963,-8.753815832089934,0.45616682411193943,-5.509954954108673,5.132148611626535,-9.372730097797426,-2.4493695390263035,-3.394751786390463,-2.8260915682336063,-8.050392803459372,5.041116259104986,-0.5183451838110276,3.1276117992040375,3.2856677607282148,-5.549574072663219,3.7711173967433482,-6.204175096348155,0.6851392980341182,-5.500194703237148,-7.00724546731789,6.262553861826767,18.88356971863102,4.050108437641739,6.092012558910053,-5.041335478145092,-2.242581997146119,0.09091535388093586,6.907653881965915,10.907624611469368,-12.310065925179895,2.864053681992337,7.881078011662885,-13.04174622639413,-1.1410086288194694,-2.2581674833575085,-0.6481366692899306,-6.777432268535801,-1.775540961189074,-2.7750081511236324,-1.4628503834487576,-6.678737938630849,-2.1668081852308787,3.6680626984468416,4.875554775134921,5.940967901897892,-0.2578061699359089,-1.070937739636958,11.980978977350942,-2.0321260449599157,-12.413299869170414,-8.980745632164432,-5.879225612977619,-9.802955392545565,6.34900046108894,12.026318977635114,-1.410477593413849,-4.202981330908752,2.455349522910507,-3.966885163956821,6.0738678363703436,-7.528123475423538,-1.01438734462499,2.114232868544491,8.499177080141864,2.906631313395357,1.3191273552390195,-4.382165729310512,-8.98590903402919,-1.7030943851028066,6.518680228918102,-5.943834981034665,-5.708609950391155,-10.849542743497622,2.9136636916291154,6.953699529479397,-8.669237668211446,0.4878367095185156,-2.4414011343385686,0.5921677034556075,5.748095422102082,1.4922802360006138,-1.9968668076135907,-6.121060294055179,2.3088303888518693,-8.108327103594576,-3.7457683585604147,-0.9363069781101776,5.3606795119891615,-0.578455915814537,1.4726339779164312,-9.025565272887617,7.628205235623758,-6.422523140377298,10.48140915778365,-14.6261302180101,11.760232151540635,-3.9619351091982944,9.836559142292455,1.7080841691196038,2.132346803643181,-7.02330892298329,-6.246894062560463,-2.2863017905648197,10.271869632627624,-1.067639383508923,3.632980806882802,-1.457468499980235,-0.8408663539375161,0.922272907842689,-4.191052251541043,0.7620272119813032,2.2286187964721353,4.945431752599804,-5.451765291645359,10.911137638245961,9.875444920095678,-7.496536550750916,-3.6900005829741604,-5.294509800590703,-2.234180073547545,2.122427164259795,-14.140440082944913,-2.067451363212133,-3.4095806589345345,1.9938159643270064,11.57631012036651,1.880764356962529,-1.8655343189460172,-4.6590500354364455,2.9433543904405353,-10.94425635643228,-0.06659643427651984,3.120888868292094,-1.867882987457277,6.546628547321923,-6.324104490735284,-10.196315344005534,-2.3433359098781423,-0.8492990249347955,-9.461968235137304,0.05645261581248942,5.840915462537707,11.052205619629426,-4.766880613647459,1.2190442022296002,5.115658461671017,-6.634062432733315,-1.0436144659037574,-2.5398035890273825,-2.5297810028659073,-1.0957856467611529,-4.567278426539799,2.1496852758218052,8.142565014911757,11.087149978435264,4.197119174743515,2.9058432043825726,8.720699819404887,1.9253501197862986,-0.3561801796887063,1.1377943435863274,-8.872434705158229,3.219745080273806,-12.036509647748607,1.0269327970414046,-3.9353340045556493,2.193570730010394,-6.07883871140436,-7.514517011711447,6.331108545663383,-0.563324583246544,7.899699337735546,0.7127322563215994,-0.5556621608255197,-5.406736622535204,0.5469342051982704,-2.2428921210258306,5.438503031755196,-1.4130495987015237,10.04917783940337,-2.91158941211696,-0.4160267308879333,-9.021019372789866,3.2172704281060067,-8.211849067223428,1.478541434487325,16.661376962415194,-5.226137584694719,1.613425399983581,3.964038224398,6.148001802382186,8.06542843347165,-2.1883806433110244,-1.1632680030071967,3.023892064811045,2.936689935892444,4.753462199640462,10.534156087929755,-0.7559382271336116,-4.450116962630577,-5.512952024412553,4.994426449057424,13.34533996889873,2.5242351396992513,6.440986931384956,6.07391885811499,-2.491952410426471,-3.802845366975008,-4.058303501629491,5.362696732914893,1.482833317520238,3.0679201297596492,-5.4871728837190865,-8.689450387300198,-4.7541192282060525,9.627861211217812,-9.500875199191759,-3.4966860217194444,1.9120290270798492,1.1212711439457994,0.38750311904447976,-9.085005149206745,-1.3508730473836699,-1.2742281667512363,-0.07442460124949024,0.11653288209496344,-5.136530196180317,3.420648712123393,1.1589531521039194,-5.484667359450059,-2.5510479782282736,8.57240745183271,-6.625790998286859,5.006383088081126,-5.004513088194589,-4.139368809826756,0.743718944387157,-0.6040155666588591,-3.949443490156002,-2.8488863675721245,0.8590915264072768,-12.736869004148613,5.439520615722575,4.084369953012875,-1.0525484194656667,8.168166433240158,-9.083163496414722,2.670839497211471,-4.461296535513969,-0.482919732491388,-3.0134197768219995,-1.9404975468864958,0.6091878694672722,0.1463971061009075,5.7378420328378335,3.1683069335595553,1.972903214251215,5.7950026977665825,5.117133509750451,2.769582350708743,5.888166664463982,4.070212909289253,4.029070891609833,0.12643285836155949,-3.6245861296633644,0.03844642319600888,4.116393231447656,-3.566860401291656,2.7232945954172894,-8.478944597477904,3.4752158067746746,2.68079747121912,5.176388333696141,-5.626859590484292,1.0471637530777371,7.272734653739768,3.111844195404413,6.1712401026007075,-5.332842524924098,10.863040595911212,-5.229455700391583,-8.219733126639696,10.13693194954985,-0.37826602852661906,-1.9094360663033698,-9.82423666838405,-5.9593022730803344,-4.389262738086928,-9.868314575461728,-0.2023846909812862,4.2117372160322635,-7.244978189345359,8.47883108950774,-0.7868779170649409,-5.453845693006885,-11.124823753078152,-9.614559150496504,-0.14808190542930427,4.3535548279562075,-7.412837733334436,-2.179370005122908,4.0462401845437865,2.9851654807286696,-1.2163128258093232,1.3634709566193812,9.46235008310117,0.5363961915695583,7.02360189481507,1.0134469772260128,7.098506317312001,15.509909562405742,-1.2373042353656283,-9.310341464109134,4.761445387013511,-0.798077836182858,-5.031037584920249,5.652000506872954,6.9876150232348735,-10.394956871884762,3.1018354508238533,-3.3341445954929325,-10.84569479500551,8.157807810079499,6.546047759204436,5.376998395145379,-0.619340169604045,6.646721432813181,3.8614426863357894,6.3631676116444655,5.410957109281302,-2.458946997094687,-5.247712588474178,-16.12893785197971,7.074137088203605,2.6137289022405685,0.19909493344091578,0.6561826325813318,-4.755426800987891,0.5538252389376079,5.486507027613049,-1.2692217246029251,7.313178142385046,4.593748720977821,2.48342393133075,-1.1407048495884295,-2.160205885866318,-7.972107329122731,3.435366308128855,4.940867099781097,-5.168331202102236,0.5476223751954826,-11.196104510640906,11.609054015325828,-10.85285984153792,-2.935496228944534,-1.7964529062764139,12.745554826253162,2.42751235514711,-5.2607152754830615,2.1736868750474554,-16.842139273822472,-2.6720238259626683,-0.07246598591256548,4.5493143007107735,-4.756411834379993,6.318122396588958,8.898404056796705,12.782236716355174,-7.070075857467233,-3.702533735055583,-0.5292425527010164,0.27923871862903993,6.466239766852561,-2.496626526257306,-3.7771329346085927,17.00702072244351,10.024770389162942,4.950517575227375,-1.1133472605941228,2.5127916515565305,1.1141211742402612,10.467971338099435,2.570007807630572,-5.676043228769087,-13.30683901100287,-6.961654242750567,0.49919383986613897,-4.803664795880447,-2.504899761345956,-1.1224229440970526,6.924665010142686,2.3692604102628607,-7.933538521773807,-6.696091445644444,-9.42121844409175,-7.914780925644528,0.8412711977703029,8.74445983636691,8.696341241297997,-3.8008862938583885,-9.724576175244312,-6.585800011644421,-6.595740656444207,7.640519668173563,-0.5312164459592503,-11.35878738722943,-12.784894086945657,0.23983988645048038,4.624714121884887,8.638372404616375,-3.2514148257090656,-0.6025333076030066,-9.848865297431937,4.249334758666026,0.9199958658733134,9.785789837101913,-1.195438774300673,2.8126907580569087,-4.597787509688749,-3.1375542196210677,-6.433462622875876,7.952271141757411,-2.060172273961256,6.487215449134138,1.7415359939643602,0.5439708028918552,1.9665471436756148,-10.873465863606583,-2.298110217616558,10.138888678022095,-2.3623285803263268,4.945198626230359,9.307532585960642,1.119659432987174,16.278918339209312,3.1468248162202395,3.0192734885134223,3.6546709022387738,11.183843970341485,-2.6030961183286245,5.045400210256949,-3.3324392982454256,3.8875113510591435,2.603166302925105,-11.71718494168927,-4.2128900779618785,-0.9100163337801654,-4.812151155380186,-3.897875049520286,-6.49999173558924,-2.3985976177954424,-4.353096667500617,-12.12921779623241,-5.60212173357218,11.600743353785239,-4.029207874337514,-3.398703486948805,-3.5485674967837455,-7.714878628246748,1.2248406305600268,0.08667466762070442,-5.566543514471939,2.646910115212575,5.801100324906051,5.5054602331189955,-7.740751211081948,6.9793598552070515,3.6587077673706236,-5.411694939216666,5.001886901578976,-6.036048467404792,-8.503584835379714,-3.275575067417109,-6.498098862486312,1.9127555303658552,7.2514929791900595,-5.13909103476956,2.9623677902568293,0.9563830376791168,-5.930602563830011,3.995938096289381,-4.628059222664128,-0.4247097237791879,0.2889476510347433,7.619778949035968,-0.9303148956003564,-5.838209366659169,-4.728110176081177,1.7241446308085366,-1.9800373611282807,1.4149409973107745,0.8384299664059731,-1.1896909113658045,-9.347108787598946,1.7355315066081412,-0.12641865989988776,-10.942869558797117,-5.828684234524624,12.228957174002286,4.204844219663183,-4.241475283845462,0.17023885151440743,-6.951265694905863,-0.07281161333643649,-0.6434376856597431,1.9488896277119179,-17.0270583564368,-6.230975995814978,-12.878820343951459,-1.3172436966327026,9.26837339912253,4.241783495214796,-6.087383129913887,-0.7397990802216898,0.3160855780900129,-5.721669005322028,-0.12061953063317121,6.859750084368858,-4.868130690251028,-5.556995285057136,-7.6688595348206166,-3.446796203574473,-0.77112064395524,2.3198777874247174,6.483878260032414,-11.38054483858161,-0.9255962764901047,-5.133193582065427,-4.936107879417216,2.151126639227154,1.6888230277297858,8.965905737823402,-4.583519176642826,3.811745780515408,1.2652596409855301,9.955099336279963,7.461188084692183,3.355269745480868,-1.2371786520516492,-3.857220425893081,5.83895469033816,-6.366982484454516,-6.0406007661280094,3.248688797105481,-10.720630972435885,3.959517272681338,3.082908588790092,-2.343095058843367,11.07609659562561,5.9679745019884125,-6.739058012902584,4.526998141833527,-9.725260063101567,0.5271081073271611,4.63650424563658,14.914205347641204,-9.394989834392568,10.92148521180353,-9.33630639139069,5.364634945457537,-5.223158281586661,-1.1034433061652387,0.31795522872852433,1.077760592833834,7.2135013435665805,2.571840181270166,-0.9952286167088662,-9.031009404676185,-0.475875575820162,-2.0581209979629187,-2.82714968748645,6.42623728931842,8.293935248001773,2.022193709531446,-14.084951710735908,2.7408809524438222,-8.691334770102532,-4.786777489659107,-5.252912835221029,5.384993969019637,6.3266446918422865,-8.3635066936403,2.884596302164765,6.883614140990688,-3.205900477288191,-7.507614021006378,-8.581129738318548,5.147057921546302,-7.4375199830560765,-2.868356664024451,-5.97432293895415,-4.144014891327198,0.772634759381068,-2.310105245715852,1.6812776234121678,0.5260333659632248,-7.241383027350799,3.3838527599490784,-3.609212479040588,-8.061995103007677,-2.509600495734266,-9.431936446918801,5.1986220181753104,-6.2949648878185,-3.568165299868347,0.7079841104053508,1.0578491117260007,4.567035997824464,-2.267868682367907,-3.3303739413301017,-13.833773219165334,1.6170217211111737,-2.1505241037216374,1.1389559431648286,-4.151809295722389,-1.1300633445881059,1.7285831396061286,6.2542804254120865,14.665552940032322,-0.8843554365787384,7.9835711461447945,-7.42253246324366,-2.8271375677960036,-10.661667081147446,8.69791187361661,13.820769456580333,-5.894038706554929,2.7335296401491966,4.168739830872799,0.01931400760566504,-1.3437943512224915,-14.300542880177735,7.166073183486155,0.6072128313257605,-13.82084285859877,2.2846466827149507,-5.940983274284093,-7.873635511707781,8.760279887192896,-9.869931826120224,-2.2085109905009723,7.511419511480623,-9.497015619186161,0.4411032243124113,-0.23580775558074807,-9.327777574418395,-0.5081613493774686,15.820676535273158,-5.557733920830752,3.2132064664485878,0.9680858262454675,0.8369920086272276,1.6030480122235393,-5.233267519164761,-4.014244864330427,5.465378938083692,8.759267711593573,8.040364289603573,-4.9294105387361,4.229142799654155,-5.437629393727223,-2.9135993657598895,6.705414766729335,-6.478532122752916,0.28652989425238573,8.61995679286418,-2.579493703357344,-5.536300286374638,-5.8884082539350375,5.8587977655438115,-11.320358582705746,-7.983892228404291,6.617284816039596,-9.260312971659207,-0.680614218093236,11.762910593416919,0.44684000495333787,-4.6307550884821005,1.150064286854045,9.764964171285765,-1.9842208132535726,-1.7268773492828742,3.5491348539367733,12.357881948176162,2.9452833152024724,-2.9773440276846603,10.003220033886024,11.647369662549133,-9.940841427049504,-5.4557923541754105,2.2302396376287077,1.6103235767680024,-11.280268166687472,-1.5471892578082518,-6.669815594942403,1.3700971953394292,3.0312437529904686,3.2359424415121127,4.764131635541688,-3.872332346139048,-13.04396989932166,-18.56553633553461,7.787889645845372,3.9832799319091796,4.317651279751524,5.192835356341133,0.9733777800186534,-3.9754918775528383,-12.389287078899493,-0.3219236874526392,-4.571529124223399,-9.652317374286664,-1.903323825452266,0.09229836370885564,-4.818431861637064,-2.7188098125822333,10.959937479131359,2.2929930777758116,-6.683912698540115,8.307003540982723,0.5594684136573953,0.9064831114607308,-5.7740570268468945,7.239088304282069,-5.482569409838049,10.626486235482723,3.391474074877106,8.344516949981134,1.3449711050197246,-6.7760150197223465,0.48146220074014595,0.8291631639997107,0.9036481327214463,-16.872288885035765,4.2455255724536975,4.853385445828006,-1.9784703578802318,-7.3993288402945305,1.8267388169103738,-9.686534631071074,-7.957188554817046,0.21339109331798395,1.4330255815997057,-3.545485369149437,11.28850864483928,2.036540467971203,-12.399886508493468,6.856314859960722,1.7153700925846567,-2.634599921265025,2.6026877562090434,6.406567402972941,-7.701210976842617,17.405464748393666,1.261354341456102,-7.1675887420913105,-9.044847927567833,3.240747222748856,5.79982867675723,-9.408390796170188,-16.654878279390694,-6.34293173018898,0.4853659016255907,-3.6460391227503144,4.514160779271149,11.820833988489237,2.267036772408987,8.22014236512172,5.9550716607232435,8.263475523952795,-1.2650150547121903,-6.848126678452449,7.968641048101858,9.696704021147998,-2.284084293280998,-3.6255097438028594,-1.3762060037695465,-3.3192868193847938,-1.1662230200158072,-2.4651739258990037,12.763466879115187,-1.7168475494911812,-0.4143610635035986,14.693336915095296,-0.6311356392149202,6.459995015222973,-7.833189413112402,-4.694482057229688,-0.6243740938881488,-12.190195709382394,-6.497827826896247,-11.442925950435859,2.7322872292962788,1.2409404846806753,9.46708634638514,-0.6414614310410096,-2.7996022248705983,3.876324174025723,-7.347134359150189,9.51864122175519,-5.381732291974501,-3.765453666547435,-1.8714637011503972,-2.756207786470671,-9.290064320646977,-8.586119418417343,-2.5156163339512783,-0.9194603873040751,1.5319696934105331,8.574453161504016,-2.8074206975806226,-0.48973527728142663,-3.2279121595276923,-2.9746825462879536,-10.933040723031155,-1.6398876871887256,4.479589791886395,-2.1452740565459503,-6.603890246222117,7.1420865163942135,0.3506962639603844,15.960904740808093,-3.9433674116859088,4.202509988135012,12.926830261408725,-3.4806668202438744,4.289603130416462,3.512103463561778,-0.7477118969360635,-11.95383688092684,8.313235919048022,1.2394304263745526,-4.051807241060427,2.047793265341733,-1.50904446857306,-2.3224398343958192,6.600649007444783,8.033842314531878,-6.034205778693384,-3.9463175129082613,-0.4582971122140814,14.198537516663578,-11.55720307468618,-5.94503093074832,-1.230077414900868,8.283344396337869,-2.5309708733098026,6.085309254674691,-10.38248613046297,-4.031634712986084,5.384031238681078,-1.4401842437724586,7.267671071067179,3.9327026819689417,-7.884430948499887,-27.540595751379236,1.768362892121861,-2.9472417977646312,6.185401123771206,2.554172105124451,6.735164221027938,7.678795882564609,3.3245009705030864,-2.132266540284773,0.8894759482815117,-7.131899761375535,9.016014338693642,8.445365146246829,-7.008015134077545,-5.074212752527844,-3.648982633066046,-0.9469872755708431,-15.375996969019601,-8.746213617360931,2.665774920312877,6.241739760060613,-4.483305193495571,-7.412096063798096,-2.1724101367965285,-6.209970363477515,9.679297327101853,-5.379116382303693,-11.652160358736118,1.6819099583568655,3.0429619496021743,-0.5215414403142662,-11.355013650761059;-0.9494626854199861,-1.9892064668350018,-1.1527786527874118,-2.7345178101421364,-1.2705684242991924,-0.8250504505159801,-2.232115993336784,0.921024324152095,-6.718385172851354,2.9964606527958333,-6.363819257711146,5.205196552385484,3.459337248983376,7.434818185603402,-5.112527128467925,6.482826364847028;-12.621027732602196,41.68785034887112,50.321711753648394,10.563080442805393,40.65570858615025,-1.4684628836210412,2.751956151874953,-4.606325958234846,2.96089217780478,-16.379315743297546,-28.062613633448645,-18.829982305717905,7.916169420586981,9.842101467716347,18.988241043826637,-32.969414831738966,-22.07367549810727,23.556196374676453,-49.55649267284192,-2.8382117248689243,-15.351899901157624,26.10761460025906,12.274563184609658,-50.69803682466545,-23.335405608251822,18.206076930148818,6.323323818411391,-4.591943955384012,-43.05869140135479,7.559801383164702,21.19369476604917,-49.5199312194208,24.908065316706278,18.196169773599586,42.2406756990493,22.594404020940594,12.758729865244518,-17.942941362296033,11.28451003329488,-10.7446049815367,-15.663256739759218,3.84281060100028,35.1136747397565,-51.361434777190254,23.180590236244267,-22.07504037996555,-36.685064734909005,-20.24778966074261,85.10709142506948,-30.315368491055843,-6.8177046553316005,11.272352701429401,-10.609918736673345,-41.101804142582296,-10.055215594088555,-16.5442211892445,-79.13036720364455,56.39142005314291,-15.718068987104607,18.80264168811808,54.20607986877934,-25.10425283228748,-0.7231747258535972,30.53518403069303,-25.837546007216954,-14.714565035038682,-9.19699165319635,8.273129604720626,-26.98571953763466,11.954286130221517,-49.09267498772354,5.435429477961156,11.102148365540051,24.68639878161717,-29.641243820199428,-20.15489288322434,46.365200284779775,34.30356433091907,2.4391087208804088,14.29776267033288,-34.3761505586106,39.958111598522976,-0.4664520740550807,43.73287703947958,-20.05572118912871,-2.1339204624302806,-44.13349356305664,-11.09954253804445,-12.349217569646857,-2.0015470407756757,24.200807807176528,16.41358224823535,-2.251848238515881,24.67753316254216,-2.72413613286725,22.242949092306787,5.4084001098827,-9.814346933602934,-8.35850317794852,59.36210519733504,28.847300994657992,-26.663010870332148,-53.343921222394144,-39.09327359126083,-12.520952423312785,-58.595740762239416,-24.091153358522437,2.167543136571639,6.666263233436495,26.037026320907355,-61.76254316740029,7.149295075800589,7.296046523083694,14.170312168227559,18.16426675015211,16.422734859590513,-7.080351494657008,-23.46513256588066,20.795327710205775,-24.22284755842464,23.52868501086696,-51.67795870142705,13.360057032175412,-11.41022089489363,8.14236606688314,-68.85629958983759,17.682254933915228,-29.128086757899553,35.50474980414815,49.451466232707425,-9.0962795853731,-72.9917650052443,73.39794087675462,-3.345682512978467,32.55069452749292,3.9588749288258054,-11.704963563000396,-5.660195334028749,12.82075545358402,-9.86254103549998,24.734023859243617,6.50182116335337,-19.498801257312774,23.462615807194602,28.53158574473128,-34.96686150449796,-64.66102993090328,-9.2971066385646,31.469937496038664,8.490730914930491,6.747556006286549,-31.362672186122495,48.44735424557679,-30.676825171609018,-6.112764814314458,7.83435493714666,24.024930369647514,-36.3796096336327,-5.992175830740666,19.04960986768155;27.36451098866698,3.159117367453228,-10.109772095988223,-9.274593229991844,13.332475117579278,22.276018487610514,-33.414598760684164,15.029759518743045,-3.1800356751143526,5.335824347844554"
18,1.7487808567628849,"-6.654811329650082,1.6614567895543941,-4.222581537004726,-8.26746463157456,3.8553941284396975,-2.9448658148314824,-8.611471835186059,-3.268196698059113,4.301218329615576,-0.9865800158348939,7.16662809385452,-8.821676588654032,-12.567522567006797,-8.414392185931224,1.7385520964032455,1.04269479761542,-4.005544814454469,-1.815646176803664,5.007133141558592,-9.83403731636778,-2.994878412529924,-4.408757709876737,-9.092913117749879,9.838268815504684,-17.986792864905073,10.902457412692115,-5.840057237542091,-5.767911324135669,-10.229688670774953,4.402364135551631,0.40312823226733485,-1.77952891290868,5.356638947079963,3.807380268752845,2.0520449637457574,4.440870146050791,5.5338218837333635,-3.3456642589490366,-0.22732953343825746,6.4514784165374195,0.22212438304448212,5.824021901824403,1.5229105589881535,3.5360618999883524,-3.80524900585922,-1.1027149547211246,-12.235876827389749,0.9076622587101784,-4.398309140207562,-12.10418531754135,-0.797453218949679,9.02561395038488,2.8674731385163867,2.578453990100808,1.8340989278876325,1.1271431158043348,5.341676325503599,-12.309031404640484,-8.2541307771855,-1.5640929595496118,0.6458285716927881,9.769572379372132,0.5808748470145405,-7.472676247899216,-5.794838552065743,1.5598853996830926,3.2705672133231753,-1.9867245914204352,1.936685630906215,-2.6090007526650068,-0.0625621229014615,-6.167356631020295,2.7621116199044176,4.389660644411694,-10.075518567727539,-2.4127353147347734,4.5821136819256445,-1.6424732038611318,2.197302995504871,4.071233393751699,1.4830481683750736,8.35518412808762,3.1895904449077355,3.9087366845218643,-9.741089493477835,2.169449309027383,1.9654064783853396,-3.229201203259259,-12.581608244577613,9.368601604748488,10.950027418171434,-7.893475901477157,-4.777005641985445,-0.9886018849542064,2.072935847587264,18.809229387380867,-2.515544040543057,6.448057477012006,-6.271763626518762,-0.6305227967468412,0.40623525529033006,-13.913449670091815,-0.2879897516551776,-1.3466237267824996,-0.7281593466314629,0.8666672734375036,-9.804042090306478,5.8024708094284705,-2.259510319983801,-1.5793192434872454,-1.5753807076232946,-1.6279799464936329,8.33062581231906,-2.4983718199541842,1.4994936925445,-8.406443217808896,8.94480099462717,3.6258168976815073,1.746722035924448,-3.555673493247724,10.47684654455781,0.1576757824532588,-9.375147240720539,1.012366191785962,-7.613843527913721,-2.3123237143881576,0.6521408914135429,-5.284211990492157,-2.5612323515028237,0.5613270989232468,-8.57739578201958,4.67170096232344,2.4913531997781093,-8.490351885862545,5.758741606854483,0.8445063730030637,10.723841632579472,-1.9309185263523987,9.205211558875703,-10.488229550822666,9.682567282762449,-10.816316057323665,3.1394227477791055,13.228331868382503,-9.489784747996499,-0.6753057730636272,-5.809705175286847,-5.622814762326678,-0.5447648096700595,5.45387818161854,-0.924972080715508,-3.2522132980850866,8.028227502453042,-0.9633168092598938,-8.590961236767805,-6.257561958010847,4.1009114501119805,-3.0207502188801447,0.9049968073183309,8.352949083110433,6.527248640975294,-1.7535286268440635,2.9607219231778465,7.445610370939312,0.12311670892682636,0.29393032800971963,-0.012127036420408466,8.26054244846881,-3.486662842880676,-11.858588546231251,-0.44945201156293635,0.07397831584959524,-4.4251497862423985,0.5026312621645164,10.711858078522331,3.4715763252581366,10.646506823176125,-5.577236177971144,2.2596364122764756,-7.190947067402826,-2.9026897865235624,6.911324081798574,0.06776086027950057,3.247496027489629,-1.9231975302928652,-0.8973449889583739,3.1047472644037555,2.481164623996874,-0.41916515537110943,-0.6256863488180939,2.6364457507582433,-9.645719334997281,1.949488140544338,-4.237736028805778,-5.223515890800547,4.8019343196361,3.2807757112548006,-3.709315259748844,-14.56297659439902,3.1048940825246065,-5.267505821820199,2.9056316387226695,-0.5142907420580097,15.945676276891353,6.3227676860852675,-4.3766931406365375,-3.922939120524374,-0.7968025238322238,-2.9378928606538106,-4.787830367947844,-7.662763866051447,-6.902838199584005,-6.723052315122884,1.0405109309293423,-7.327967239111392,-0.9220423411221981,3.466111729013584,10.848395973407811,0.8432549477403233,-0.6074908830408389,-4.009294504680587,12.195759246754356,-4.1262839283977195,-9.306488592348947,5.379141436281292,2.8864284477711237,0.5025277551752949,-12.192213453799342,-7.425289362361255,-7.736131743449015,-6.482816371122825,-3.881129328054495,5.897052773523087,1.6847114871633644,-8.541755486986208,-10.231329603090618,0.7851528865168675,-13.529065869822709,-5.49733739592801,-6.83155133596299,8.00324814975547,-0.9541938022207803,-7.956793827608799,3.6979720321749703,1.9729787145573503,-1.2187775495920339,0.13925338837017914,7.5146806087523315,-8.252469271924555,7.478260189764746,-2.6950789305681733,2.1834201506611426,5.224883311909569,-2.939981904980301,-1.091096281256115,-1.1296707359915303,0.5621079389172358,-11.016431978786535,-0.5095582759880884,-8.306801687714085,-3.4783414086133337,2.9125178766324638,-1.0105370993334146,8.158861388819119,-7.340061236584253,5.423655526739787,-10.474016999873484,1.5530666487287406,-4.504630688276946,4.041965949442023,-2.7552544374022467,0.13494868079323474,-1.520380846121083,-3.1903708138721116,-6.40016162851325,2.983148394767392,0.5910782013119781,2.368520033305734,3.578699155751437,-4.1978410140976745,1.7078614480823533,-4.515926798630511,-2.978449893593657,-6.0993987592382375,-5.759226638712083,4.733393036749982,16.53621837344499,4.091957964883456,5.122801345848255,-4.92105881293522,-0.4684655477229762,-1.705508645400391,1.8451485734339996,11.495057612318611,-12.369136691836996,2.516795232745976,4.96369621507958,-10.440638611254972,-1.42292603783695,-2.429448231971194,-2.485972415173059,-6.364713484251043,-2.5242085204082683,-0.34870808151412813,-2.999431329111343,-4.498832016929949,-6.0099295327010145,4.810456492566893,5.05560989223349,0.6906474358831891,0.332624739201153,-0.22870851351472882,10.77545800119391,0.15137000581527282,-10.352791465421825,-9.876649172109008,-6.408131768532975,-4.36245657221572,7.800691070305049,13.422104222137415,2.2983272162180097,-1.7153436304596714,-0.253658302511097,-8.331758221760527,2.7601124406763464,-9.24114558805944,-2.6919450296876475,2.9639109351290864,10.194369430449285,1.0391539054091357,-2.959965594630349,-4.5225017147860385,-6.9899989911351454,-3.7364162367108467,9.302163505721289,-5.8017443058463645,-4.326839585807379,-11.001006264711238,3.6058264098746102,5.8628976760785765,-7.7737509607092115,-0.6791994195093544,1.3905087405186205,0.7054663650898354,3.132965068770086,2.265979166880896,-0.4986318181290661,-5.658069694789958,4.0161851175533645,-7.1315789612756095,-4.0480083746188305,-2.3060977701970233,3.8200948788013163,0.8503214178012419,3.3176707058417034,-8.089166864757399,7.0644622605374785,-7.046260855792017,8.517532472850776,-12.957541224844654,7.20610100236282,-6.811338739832642,9.179099867054003,0.07171371607297061,1.6970794018812407,-4.0601748065456285,-4.219357276133154,-3.7563889935703942,11.772289920972613,1.162812011555804,0.00028452548653024046,-7.299172193418515,-3.504198719583316,-0.34142395980087925,-5.472788710818058,1.7217900952267051,-0.5551569344377663,3.087327115053798,-5.924032829570603,7.785685942755048,7.941540351509714,-9.763107533275033,-0.5394601978609207,0.623423456994922,0.12799097273096338,1.1267405789222233,-16.325229803011318,-1.0820034038324087,-1.3366087161969964,1.1455672347787438,8.531140916555566,1.911066452650436,-4.547388525428016,-5.110733336815695,-0.1021525546647426,-10.012772785709807,1.6980879592020388,5.795472909771031,-1.9625870155057936,7.9262973384436375,-4.8733280892544135,-5.904270686637743,-1.5166818226028704,-0.1354064237111517,-9.30435463010253,-0.706703507046452,6.2922687462792535,11.805072692720092,-2.640145547167428,2.9065693387119156,0.5919897485820301,-6.090409502257607,1.2719981425950733,-0.7693548533551512,-1.1057497639289622,-0.45586748050140824,-1.902983631371766,4.827232065552517,10.277980438909092,12.917167558615205,5.678925877046431,-0.5395575864572592,4.049338305467208,-3.0652156817215426,-2.7262714695823216,1.743403091037268,-4.796873754600526,3.875101324660734,-11.719724604505547,2.9833060398098854,-0.05116516119788102,2.3388899436871697,-9.231151678225975,-4.204540762195737,5.991874398591234,-1.756206764668342,7.860447737951013,1.1342236021398966,-0.914001772245637,-2.557049239538759,2.1111282302681014,-0.12871395567131372,3.1259937221679324,-1.4796784191202446,6.723771459461262,-1.2896714537057739,0.799433016911568,-5.44954283340752,4.809775791784436,-7.910626206605703,-1.9042497733759847,11.781095099897207,-4.879982772144827,-0.9000899565361121,7.334760491426714,5.770928887374142,7.908517171465547,-3.71654024417175,0.6892413844493533,4.405914503022854,-0.08563521230776727,4.64417633602193,8.073800441802584,2.508378024410753,-4.264873368840126,-3.9826055776805545,5.643152302501758,9.329443865290086,1.5809669554150159,4.674920555033583,6.68835569465992,-0.8145168540173007,-0.5232221180649779,-3.210767133682014,5.376236603721497,1.208373903668871,2.0475509431137895,-1.7867278295115157,-7.318391864367653,-0.8911764080423477,6.641879410793342,-11.388168322791948,-2.5850125589324655,0.1162359109358595,2.0453634279809534,-3.893735515324391,-9.873469981631345,-5.056413979360457,-2.363111477995811,2.8655264505899734,0.8583670658972338,-3.2672961854653164,1.6249042453135756,0.30428051940186585,-10.375371972463235,1.1792749018798663,11.224769884893146,-5.197865731977103,5.813207134795017,-2.397981118752534,-4.660074302498099,-2.883812382881356,-0.3307865503471473,-4.226511057778774,-3.679109097289939,1.0123079135688704,-12.856372628118432,8.122923477791268,1.8793980050655912,-4.982999994162985,6.936339679857593,-8.574021758738137,-0.020843475131004374,-2.530486584615588,0.1252208609843657,0.49872782061172727,-2.2369802189595367,0.868029300625715,-1.1226104563297121,3.5591651928664207,2.6697943590151523,0.5615072953906886,7.84250290631179,6.04468920469739,0.6208718195959592,8.604455639426954,2.931710562726474,3.347451760097193,1.8771080961867632,0.31078614832997115,2.2222626019292226,2.489426603709109,-3.7483350409076177,5.8042821569896965,-12.155605850028863,1.8561639383363278,2.430907710605044,4.704612260010872,-6.175085307537081,4.140297564363899,4.837102828396517,1.0957502994316026,5.7398284499651275,-4.549090028276331,10.10071906519888,-3.2030821725285787,-5.174885747258308,6.944262424482156,-2.1762422718968053,-2.0324111998272,-7.44689957788113,-2.8827496749562362,-2.5665414038247047,-4.206805606557716,1.6449655389954396,2.6621253748045377,-6.638442877690663,4.082331747188273,-4.441371237359094,-6.993150492799508,-10.292901124811415,-7.404005383349993,-0.2809672988489577,5.949128365606942,-2.5008916158610632,-3.0144191720513307,-0.2540540790118313,-1.7191895109544373,0.34290988386125054,2.2141669175607532,7.444672058123749,-1.0683990707188624,10.375884787393463,1.9033414631056864,7.0969250059916735,15.380732175941867,0.7696087169155242,-9.87012802731286,4.061376429615351,-1.1550659812510229,-5.641885658825412,5.803433336634448,7.661543470079437,-5.512582538082412,1.5329045741977452,1.9565132055976866,-7.238919270357908,5.566341750285846,5.296458434566272,7.30080105527888,0.99684482715592,5.245833500730953,1.231868324324061,3.3608469824325162,4.727955855599573,4.56798319321258,-4.686107134766045,-13.81676319598986,2.815042217709447,3.359866030430479,3.809888760914441,-3.0996032657062313,-0.054417749411207694,-0.27771755893468764,2.272702541665995,0.4143032715920679,8.47706322892208,6.818279165501813,4.878258507243705,-2.2757179589808523,-3.8892617574135437,-8.81186775544659,2.2705322585778807,3.979619867411488,-6.6137785424853295,1.4028034966274485,-12.965000193365261,8.885600069649238,-7.401992865043397,-2.4575141121673494,-3.297427732561853,12.332674432986352,3.447133520126563,-4.656689018079676,2.272903217200489,-14.567443637459103,-0.44183518247679276,-0.4584762806150591,2.7032625755434356,-4.1842783947307085,4.379929010884067,11.618075422038533,13.884408204926196,-7.360194993397351,-7.3662097081221045,1.3679296743917422,1.7347752062049637,6.16966300588151,-1.7721579199710438,-5.034072166538077,16.956361293320143,9.566047657516389,6.032466212787752,-0.7940191503430313,0.6151212283870403,6.403667080560782,8.190793907034188,3.8458161737256296,-7.822961268823295,-11.583908705195638,-5.019074121488395,2.396759938497084,-3.704045703712914,-0.3851011549447658,0.560224789338448,4.188642457852478,2.740531191882786,-5.844278724736218,-5.243576452475499,-6.977906523950226,-6.522033234736821,-1.6052006442115787,6.4569129585885126,9.291736461182055,-1.7499346718152209,-6.454673001448215,-7.251982162789382,-5.002572425572138,9.439185355602834,2.768005360096124,-7.784807484696227,-12.709661643902407,-0.9069050202780666,6.067075739609137,12.799106429629258,-1.587826542630223,-3.4277243817304583,-9.797198802229302,6.15516055662871,-1.0316719999729334,10.51427499125225,1.512779644671153,3.6177979892911725,-2.129986806349757,-4.5187480763030425,-2.370073481389442,7.3830796769740425,1.3847608449035413,5.160812076001735,2.539807983595837,-0.7296909194933794,-0.7556958424827269,-6.884235197623355,-4.522797335563501,7.2554588717560655,-4.562831699566365,6.0526859264729325,9.903034516811958,3.457805805843167,14.507564372064934,3.9433884431517328,0.449805542071428,2.689737435342219,9.06457828220572,-3.1466712754476522,6.736637041671902,-2.4220353214121193,2.6997970258319564,5.000407454979394,-11.889093263835617,1.2178421239080321,-5.573132165306261,-3.4237440778679202,-2.266136204774587,-7.281051532375528,-1.9791204237506288,-0.023686073730865786,-13.65483414793491,-5.495450255436614,10.35630661741796,-2.506692245472441,-3.451492257707194,0.27530806174930794,-4.976474011174407,0.06559620527204535,-2.0136772265174083,-4.467439031050899,1.8260979963165482,5.903890405095121,4.043038109753753,-5.436388503884297,12.944213506590271,3.909370054638509,-6.193636385531674,6.524069579037132,-2.4202813303712984,-7.698723728584148,-3.00128834389447,-4.125371004903922,0.3690348731824836,8.280700154578437,-3.1846590102064427,6.250072579416024,0.6611178609445129,-0.8605737301316456,2.3573752077628547,-5.906607502318517,-0.046389926537903,4.6017581356307655,3.1451922990814154,-0.6354799154995963,-6.079843971315628,-9.96005418485974,-3.9982916925039493,-4.131180209843343,4.663112968512319,4.29114617721374,0.8615923249889778,-7.853620381217083,0.9954995342852292,-3.563487152984859,-6.369765481164665,-6.9086692167962624,10.80472296414844,5.263208721239607,-6.285124794208568,1.2189310385172862,-2.899393153668278,1.5142635344346123,0.07651477094018633,0.12207077804642485,-20.606245681471606,-8.965046266538936,-12.595771591128788,-1.080514563564,9.715121034813757,2.955598642002692,-0.02727810012265297,2.5851873371550615,-1.778549220819786,-4.652615238691538,-5.231602775463493,4.236733179280002,-7.547002029367089,-4.028336400803727,-9.451613240072735,-2.0007309068611208,-1.2918784558431102,1.981381333900586,8.977210322763941,-10.41367260092174,-1.9558280565196413,-4.504035217929705,-0.29523221945652944,3.354831030469141,1.1404378529535582,9.27974992202575,-2.3404104661469387,4.97669641929941,-0.6447198535072453,8.769331076293064,9.736188770452674,4.026480348010372,1.1559215366872992,-8.100867641704514,3.194877096947199,-1.56558442332142,-3.5988923761025484,3.5064617459140814,-10.352069988138322,4.989214135978054,1.4136698091583506,-5.638898618182077,10.67601494636116,7.2063612407488655,-4.245564726050661,3.5723301776470806,-7.420659580926649,-4.590259217302691,2.728693035350999,10.474365302750865,-8.98541375409705,8.354172139863998,-7.427391174559439,2.542617165441371,-4.66483107865931,-3.084902998804379,-0.21449600980500177,0.6860857442839268,6.465997024992723,5.216976633838995,-5.647763672911604,-7.001134732987227,-0.7470862404708138,2.719221373148181,-5.521086781216262,4.175805079693516,5.274294008214599,-1.2270979435787477,-11.199546474533598,-0.24725641646070246,-9.866146103678908,-3.0782480802776133,-4.670168828728685,6.132201497966231,6.546632258094759,-6.23921567996454,1.4952331769266198,4.512837863174879,-6.809630228668107,-6.927934917063444,-2.970217149254956,7.725303427280739,-7.915587581910427,-0.6412180242329246,-5.596817471307786,-3.4531647553149183,-1.3765898006223027,-1.3114907320326565,4.494678987461033,-1.303539080640531,-7.388392994125326,4.319023575834884,-1.7789339272110025,-8.069447795540295,-5.918347377221721,-11.279733518537288,3.889684964191201,-6.175231168078505,-1.2907362069356503,0.8889013360288396,3.16257018386725,2.350841822335066,-1.0857313225008456,-1.1336170120729605,-9.845823868554017,1.7301418927881493,-2.282402126066377,1.9773826630324387,-2.847663961004991,-3.333824691279134,1.5501104767075615,3.5902578964540233,11.101219463692678,0.21687635494808177,5.654920504744935,-6.169498466137104,2.264656323405169,-8.364144119877608,7.98144084242232,7.085303523835648,-5.069658099173167,1.2961361007018732,5.369580893420675,-4.976977916830714,-2.3221478426212667,-13.939122089749794,6.007833938611452,-2.720959670233774,-10.577397898624383,3.734425527611191,-2.3038628624520143,-0.3480254077035638,7.19438514821209,-10.051973907693295,0.19306833828738812,2.6415903941552177,-8.763500200957079,-0.29579084748603024,2.3099863729350045,-9.559216941341223,-3.7311373863474584,15.364786755033233,-0.8146639123369894,1.5591923063581565,-1.0040965634656804,-0.24980892842829477,-0.18370690194587927,-3.952166089784016,-0.726343213153933,6.4859463017030485,10.984778982537566,8.026050488585517,-5.081640921975173,2.2846859610471255,-4.8103478253339125,-3.3978808489996313,6.959062811777766,-7.576832694292669,-4.72135405849221,7.001217343871028,-3.479679413206208,-5.9006573469784165,-5.090463565415744,4.7918910692633485,-5.218630513477953,-6.924184078742167,7.452153623461614,-5.410976532934996,3.5179152909341003,9.341187416056707,-2.578730989925892,-3.083897584602982,0.9360249334167965,6.910396925374209,-2.265825228635775,0.4439489657852721,6.09561820472558,11.570560950904735,0.3714396934496418,-8.437604360022304,5.313394914060293,7.2357410220556915,-9.431985221505379,-5.314201011220873,4.519386919171877,-1.5953011301909963,-11.031590879509846,-0.45392393984940577,-6.087214459990958,0.7470846354597542,-1.0385665707491394,5.537646532335585,5.3132597583614505,-0.10083096887296161,-7.764102140166695,-17.860846780439267,5.95410258449399,6.734321589129504,3.293804964415786,7.541273573150104,5.055734685832261,-2.94168475401131,-9.799843030412072,0.3263924030176055,-0.8583910464457931,-7.686518633228239,0.6297668267916381,-1.185120488471885,-5.777488814491292,-0.9670601948316255,8.818436476455474,0.008253518836244034,-2.4821464569765697,9.951354429930957,2.092565099080589,2.289177826923896,-5.917976282000174,10.052244810237084,-8.29285690006726,7.35093303398195,6.255174642817456,5.289689727086953,-0.7232855138120923,-9.267422006431978,1.8859312078801114,1.8510679094662046,-2.595940503515775,-17.578675351672782,7.293945976016726,3.724733362425996,-4.65762308204819,-1.07788254691173,-2.6911497221484555,-9.731292234504616,-8.74935682519192,0.3844622844793731,-1.660290538195091,-5.773069197206013,7.232014577910192,-1.9585434435100129,-5.602805256463224,4.017323451576766,-1.1599286810576983,-2.5957843213110103,-0.5977714286221266,4.915594748542755,-7.304708640179049,16.351962273989905,2.8257729487232153,-5.51982511437069,-6.728373122109666,8.701852851700137,5.596631249092191,-8.693784714164455,-12.889181132284438,-2.0226713541261954,-3.929255458263146,-4.274235041898675,1.451906633432082,10.75843072160815,0.7500688283387535,5.228379822783772,3.5596149050083303,4.162254755337247,-2.1020123754558266,-4.017487478669006,7.776754219659461,11.851369411734556,-3.9329072044534437,-3.6313048566615227,1.388100667257804,-1.916740265615867,-3.1431920058590928,-4.337619955092264,11.866192890213373,-2.471684068292383,0.37610224897441147,13.238616972017777,-1.6689315901821122,1.6598106780160164,-11.657522374667785,-6.867285159122301,6.27124811008121,-10.586340643212193,-6.478011374682221,-9.756562341301773,3.205331265020775,-0.26043112502260146,9.666072487104586,5.035037829667817,-1.4128680220188121,1.8766394523179295,-6.050557946759833,9.422106500348017,-6.822097083551735,-6.498184954786732,-2.046795224128296,-3.6575739049000555,-8.69987774961901,-6.45292275449721,-6.2417641359924785,-0.6656166419325455,0.16913831590050732,6.169333247979175,-1.337412045078869,0.6209957874023541,-5.089366006765286,-1.1191052703737703,-11.30676945982063,-2.757448682654687,4.538865018802085,-1.2835618683854713,-6.242158536905171,6.141068197782536,-0.6121529152871874,17.095441316163406,-4.520836614228209,3.5707700536276556,8.10628751441409,-2.0324761242386726,4.00646761666953,4.591839448910891,-1.0860309353256214,-9.683322633417504,6.229825634062965,3.051638402130655,-5.195944204270349,3.108468604805412,1.202160561625857,-1.553844304998444,8.490631893790399,11.692049735629341,-6.276346047717552,-5.839095394036329,-3.4108444726585776,10.133327751739595,-9.573888376195717,-5.250905424558034,-0.07616552555675482,8.030572581597372,-1.5075129937980818,4.4179004010763885,-6.923129870452623,-1.976438490353837,7.0852389993588005,-3.3422281856678318,5.130168197416098,5.97428159802661,-4.272779197769828,-21.38128206073782,2.8062372977455956,-0.3600716710214873,2.0282806116910237,7.597900643956044,5.459682868490496,2.6179100570640923,1.8314537787789003,-0.4482917668311919,0.5681039239856384,-7.413275055957267,9.348369710751083,10.602298459390223,-3.822390095754127,-3.5214849560168346,1.1629642434503467,-3.0967303317515746,-12.241064152755937,-7.91123230567708,2.5547379885878776,6.691897136711942,-6.355779616036952,-5.919940722824768,-1.9013525984268935,-5.956065987762733,6.9339152057804405,-7.06986181010453,-12.970279633333268,0.8913318358955811,1.6022376124632185,1.013343196276689,-7.423738523504513;-2.0217998391626804,-3.4617027634496873,-2.2973028633832087,-4.962632947482089,1.742242687533523,6.043583308927517,-1.5504922431761263,4.04578285239347,-1.6085737128388025,10.803618243426106,-5.419832097048669,-2.581596065137459,-2.8806268636845633,0.9020398503186442,7.77937439760503,4.508526665847228;-9.199615620031382,32.13093971650922,38.169264670436604,4.952304890156949,31.92323710337253,-0.687368752731548,4.041399765800847,-2.219648263312772,2.3124344658283387,-12.73546236010319,-21.30785502271984,-13.20893693309118,6.870051585045712,8.175809666686789,15.178001237997133,-24.309551751018972,-17.180859832246895,17.986740046415605,-36.73780722803293,-5.061660784882038,-10.430832189389898,20.345143669134572,9.913435172506878,-40.932192037392305,-16.572503820168876,11.110935459057288,4.273041315648296,-1.136122845240985,-33.10907564142044,7.402046941262709,15.286287888457238,-37.80082480220354,19.616291252151875,12.74165725558688,32.493981162462084,13.504619830883325,10.38876234787886,-12.444289330846459,9.382225156374849,-6.469410414553742,-10.765573093038576,0.5870591498199529,23.70818272678101,-41.175391898179065,18.090588924996382,-16.607381826508966,-26.538903646115216,-17.106698325452918,63.946944415015565,-22.608832658937253,-3.1449407656972737,6.483604111487643,-8.420386249350202,-33.64762706541289,-9.664863794125605,-12.752855663803356,-58.56604080123897,42.147359453087276,-10.466581302487123,14.642691283752686,38.85483143864904,-20.195821478362003,-1.3761448586659983,24.38255869755794,-16.775296014990786,-10.770385193805444,-8.31868387958053,6.450927318547138,-19.25589069989801,9.122751387998632,-36.20750784790835,4.744353332694985,9.518520760259655,19.287318544888407,-25.28151891820177,-12.708972829353824,33.48503342889645,27.733740111315853,2.495541066577869,12.80584035500883,-25.78561580828673,28.78765399170613,-0.6166618139445347,31.506087258745985,-13.380663896306721,-3.546031230890412,-32.76292385261352,-5.701461499545527,-10.312940633214044,-1.1276951778843978,16.254352132726538,12.1191168491927,1.1982640239167441,18.37808319941577,-0.52430003527556,15.740768023905712,5.275396166636465,-8.122922690524687,-6.998425903100662,43.113733617811306,24.608045752700477,-20.358199170011563,-39.28249767264481,-29.208542485427024,-9.230285054235328,-42.93417633192837,-19.42223743906447,0.8745808859894028,5.484448698869302,18.297634825324742,-43.70874984304412,3.4457224612640607,6.6061236585254335,11.6021472625558,14.711750333600948,10.795358748409587,-5.795999418263536,-18.491939023787094,16.162029642187115,-18.577362398382085,17.070004672098477,-38.88522742402056,10.514097782693455,-9.184987833289448,6.6754459938429935,-50.36517875882506,16.25339529083108,-21.34219353651673,25.98596544864222,37.38188263916465,-6.8690899696995995,-54.21839910886837,55.20860811308727,-5.026157480740045,23.914258708997426,1.7691548209123762,-5.87705416445049,-3.6352098777888573,10.622074927936293,-4.721516027520707,17.65943335761542,4.8061584402242215,-14.201853788392246,15.878539547857484,23.426721574425276,-26.297983464580888,-49.49994258253124,-4.292774645605372,23.917856125184954,6.714689502096054,6.7425545509530265,-24.128336192639345,36.32521712792222,-23.426458639551626,-4.592022787524146,4.31611929431998,18.594461473099322,-25.707627542180433,-2.231726287726701,11.99914685393593;16.682468448303453,1.3976736468317603,-6.272290796584274,-5.605270735089056,8.589771704080928,13.573653433117727,-22.389342627120502,10.140830403809336,-2.496745634588535,3.1001762424250936"
19,1.735058569977233,"-10.022347335709924,2.6990999810473486,-3.8121717074585346,-13.086755629369117,5.568429427510073,-3.5687978643410125,-13.507100543427248,-3.6954563650551564,4.1791087611718645,-2.8142510928024507,9.14687457555083,-11.565202862659293,-19.294280026517182,-12.056617731355036,2.2969968547672783,2.617868884645783,-3.410917180204444,-3.1720166260254454,7.104826730550144,-12.727909400106357,-2.0528675770814986,-7.6693132748178545,-13.593457606698614,15.40391640533218,-24.746928499325236,15.625143463188863,-9.845899393869548,-9.085015790490528,-14.197167923920313,7.116337567804734,-0.7785583554374814,-3.6044069475494314,6.38696887651838,7.073728226556432,2.5137613022809484,8.487684852950524,9.50242640931885,-3.8691409167852093,-2.7100677479461743,10.246370148494433,2.376000345685197,7.256505117453964,0.8157834060429962,5.164411519200113,-5.399293152723105,-1.1853777130815752,-13.634552377059201,-0.3657536916910352,-6.047928743111846,-16.9595106717249,-1.433428530792296,13.67807820012018,4.558607643070912,3.7124647056013447,3.123142700426256,2.3972811635593416,6.264346560822711,-18.919084850413494,-10.72752337594357,-2.914879373809892,0.3768482430980577,13.628202999106236,2.863998537602546,-8.00034660376639,-10.01073226466803,0.06876541855635573,2.7950603256463022,-4.609587753462263,3.647045308294075,-3.610700917483735,-3.4662744656480484,-9.68297085167266,6.140160728767663,7.53465723945878,-13.05091491391334,-3.818678896450392,5.826391448415148,-0.8530256206942036,2.8667048897860052,6.9971225946495315,0.814425800567298,12.521928817168876,4.621659031795833,4.360948025283742,-13.606940973393506,5.337302400217784,2.5177928239445686,-4.352924956213663,-17.088102008560675,13.35041905081683,12.982998571792738,-9.743787705164591,-5.14658300159714,-2.0237319416576036,2.1238240515003275,25.562773362616543,-2.1498260014191883,7.3849367712104135,-5.65327598200107,-1.7092166569258933,0.8897552341844619,-19.278303875207182,1.233989759885335,-1.827704292398905,-0.8881436291951577,0.5307771451008019,-12.115766788827887,8.391059463263847,-4.489864943887998,-3.557008188174676,-1.2366301212955333,-5.098490775639756,12.7906664652742,-3.779307690291327,1.393271988307664,-9.367332542663526,10.595201875464815,4.232484732659207,0.22988237586853155,-1.922955292186675,16.138613320267197,1.4106700029656365,-11.030244224620116,2.6995012950873383,-12.593101907294969,-0.832458578190229,1.3819737049295358,-5.608941741999947,-3.5959436903977045,1.666764720959924,-11.864778157283798,5.739913458900558,3.9314340716631353,-10.910682027252168,8.349343573583036,1.2572491225764384,13.955791764537649,-3.883625451031662,12.696124939401047,-14.388460185240135,13.376769553102672,-15.45904334507592,5.36655290914044,15.724954307557244,-14.02425057033847,-3.2114940586090626,-7.708020507949148,-3.6583272463836236,1.360546755821951,4.819120062926245,-1.813464025123646,-4.9244616694786965,9.503282813301567,0.5030438896288335,-12.632583710807456,-8.68777436661107,5.8101235895991055,-2.9292795249912698,2.9872485800007618,13.01651631034937,8.057732896048053,-2.9031316845060364,2.845644148712032,11.079650947624156,-0.0510785598218044,0.9424186707699702,2.7921175631582154,13.299433871547059,-2.6312242511774273,-16.62296130900979,-1.022391141851085,1.1543829877342904,-6.09493893863718,1.3759202094719147,15.31479220033009,6.1152405523837485,14.82047557339893,-6.10277009329566,0.8418780345947534,-11.008709218019973,-3.4085706540021685,9.526222004123708,0.5229567536273743,3.2431945933207444,-4.385042134118442,0.26172344358733074,3.054330713064912,5.167575762802754,-3.1956669314423003,1.5003032836046817,3.0417636059267075,-14.565587553892192,0.5917064212086699,-5.79228221214459,-7.5109843788645385,5.896727248727549,7.585550877968233,-4.088518407700737,-19.98160680256476,2.1041072749487215,-5.29113311329467,5.42527663035718,-0.6855152954427266,23.431961234639328,7.225973537892175,-4.680275568639203,-6.747920931494592,-1.187843811169767,-3.6411617986991023,-6.519467051053339,-9.703098846111839,-9.877540998503937,-9.64486077383625,1.1223174539122929,-10.647066601448449,-1.7826766114651984,4.24195184624218,17.122231063089266,-1.0877134063332576,-0.2078357993425563,-4.784363498454094,13.727644722821868,-7.2289982676723765,-11.03161454605194,6.4754152717250015,5.304428295504502,1.9585036162411267,-17.481738789578813,-9.108600979477087,-11.144359626533602,-9.29044891768112,-5.444395763185617,7.717360007852553,2.98498477288167,-11.623287013030396,-13.003187633155044,0.5293517037405107,-14.561188956134707,-8.527427409860216,-8.345832877125893,11.4211301615907,-2.3966996792149526,-10.060611992962485,5.63480761259009,3.1130942239424617,-0.5652347330471222,-0.5371826330731064,10.255575764784876,-9.329298779456973,8.970221229820272,-3.414463269097,2.8326917268589913,6.435057748150614,-5.176399687659196,0.9544816445914335,-0.14858751165160297,-1.4810793031474843,-13.974484852251827,1.2278967135132868,-11.019042759075827,-6.89003284809149,5.063324764128624,-3.178353760695915,12.243393351916081,-9.5891481495537,7.651638240368113,-12.79019233692543,1.4498879339056918,-6.017772827548534,5.803005636934023,-8.02688502130589,-0.9625396962306456,-1.9044650352880241,-3.337246368743314,-9.941784338612129,5.534966792722275,0.04415461890761624,4.193013570303033,4.382427088473872,-6.97276596784313,3.6269734101880857,-7.223837485060578,-0.9704981385794321,-8.10914559732969,-8.154873218596233,7.4073554565876485,23.48335300147231,5.937806580682053,6.968408307512113,-6.666521918339253,-1.7660932738338972,-1.3137190283146487,4.669401247892336,15.926834867108033,-17.544133436338797,3.4629420585804125,7.240740624686113,-15.4362508523079,-1.683953051916176,-3.206252845399723,-1.7600661645849724,-7.870202231534083,-3.057855748005804,-0.9438415656556801,-3.0108725605010034,-6.4645755763842025,-5.930386371772834,5.147470696687797,7.174884191997244,4.714787722128178,-0.32978346099368905,-0.19465806332266758,14.96133582335529,-1.201500037083272,-14.364279207689197,-12.329895156379004,-8.005575523807181,-8.968086522421721,10.291641194610573,16.145435046207563,0.8653608709013143,-3.340462490418175,1.1251298456847483,-8.96678021918505,5.615127811489466,-12.6100924837425,-3.8769943818731742,3.589955305929807,13.987855966957097,2.0924536189949148,-2.3197116609514614,-6.203470032954661,-11.157118178206401,-4.534256792818713,10.57033414777296,-7.733641512411136,-7.304191082552677,-14.876758326436864,4.1852720082671935,9.225920361988942,-10.236305095144932,-0.08017511936552324,-0.16575986240031118,0.7107228500836635,5.8368474457468675,2.724160316316007,-1.8121149414668358,-8.11511270453763,4.0608948114210355,-10.23818087495748,-4.944545580299673,-3.0681836760041987,6.313662929950685,0.7526344423062166,3.700909797824401,-12.13490960008331,10.438085416906022,-9.276189262591501,12.798004838638771,-18.97108195985759,11.790632619177572,-7.076786473005926,12.465178947997519,0.7229774142935197,3.758858312289276,-6.681867539265708,-6.4405924725559505,-4.116934637275787,14.125059778466035,0.5834731622721535,2.1771713053026183,-5.738879689083091,-3.505162037193151,-0.3823184349704062,-7.291379408015984,2.377828660399129,1.3368563497349255,5.597265534112021,-8.320122668212816,11.625659384671614,11.98344758498699,-10.495306920334292,-2.3126386108632198,-1.9278795903010262,-0.6887135522310035,3.630605630414402,-21.224231888129736,-0.9053929464184782,-3.194268555570479,1.696152499659524,13.846449705184456,2.227718964740071,-4.513296661603567,-7.151503175837166,1.1168889543730451,-14.733122320613125,1.5843482178268453,6.305872183510046,-2.5584286888907144,9.393207775300032,-7.5215649503190845,-10.377605224619064,-2.5142978746739106,-1.7155526970861894,-12.420573203313827,-0.5752158428596608,8.798763781232882,15.975300696455095,-5.168648857366673,3.311816398282062,2.7497011726606226,-7.984283329357756,0.49613793539279166,-2.2612542012633687,-2.1314082004906956,0.10552284440173776,-4.401925960879767,5.596587752411899,12.8531390625526,16.105708994839794,6.177939358290818,0.576455521448302,7.45099248999721,-0.35109086816477747,-2.97217434828051,1.791340720060985,-8.388684391423496,5.481789736106356,-16.55619085083246,3.1044409948263887,-1.9392640393177147,3.172733887669461,-11.911547842690855,-7.50659550669182,8.934110602483546,-1.998094798129158,11.374306981222933,1.6048650430521876,-1.2252044323115885,-4.781479352571298,2.1928233564779056,-1.7576039063036486,6.006501821930618,-2.5909146556010088,10.066456800956093,-2.856809451312733,0.29083717423013766,-8.46281572037433,6.520054208984428,-10.991524344874863,-1.1063681269021122,18.85400588244422,-7.408404621624103,-0.1769487018972724,8.369391636513733,7.603981066594049,9.961762697981602,-3.778855158393785,-0.29127117635784494,6.19846115186291,1.3402176872070455,6.20694541495372,12.003455854814444,2.069995448782448,-5.33009437286387,-6.886911621490907,7.122525272826419,15.001184311614583,2.4292278617412006,7.037604478510271,8.329821058895025,-2.776986629080926,-2.261360639688664,-4.805470756885258,7.20632992637287,3.1658074145244117,4.528257698867746,-5.146675867409552,-9.984691548808541,-2.801862442686732,9.899553163944752,-14.870211151849285,-4.036645508468969,0.8120601573923114,2.7513169543476885,-2.465120910031745,-12.972048040225035,-5.542817437280041,-2.4607554077183806,2.585946655278468,0.7987387663332493,-5.555223938516557,3.6177166694555676,0.03414315069602589,-12.672904581695022,-0.010409110507035163,14.338148893823684,-8.437872822799042,7.243322805584716,-4.712164587028065,-5.774952734895162,-1.3157748960934244,-0.12575846083991166,-5.567615808883325,-5.322349788295188,0.19574331775884835,-17.104895368282396,9.569164979219721,4.1975519428488255,-4.191287813741472,9.642524874312224,-11.534975415236335,1.3791421679712477,-3.455785683171441,0.4321964700984149,-1.0365966449547803,-2.603770371436893,1.0065675743780735,-0.17692874117902946,6.136843193917569,3.745808364844624,2.2719890809946683,8.968496196258824,8.619652622551143,2.3729870362843015,10.015280438168373,4.1661744047153775,4.061309869876633,2.8181693682118603,-1.557040375777041,1.814775953061271,4.2131806250269435,-3.453449679623044,6.691081721302387,-15.185134679332153,3.363906736860707,3.604035723656203,6.680854043340147,-8.311289339983508,3.978775601856456,7.6622483872678355,2.7795076336720026,8.821052093316304,-6.645072932009138,14.889572061521594,-5.045773128256275,-8.466441840313353,10.92893724500022,-2.579597675441148,-2.1887068601127657,-10.801216925041878,-5.619662982305833,-3.364859535238463,-10.156381048663881,1.7985371908508958,4.7174069875049165,-9.868827353711843,7.502553089036419,-3.6097289607893073,-8.926043760585793,-15.016353465315959,-11.269808096865653,-0.4095668775669806,7.304127653130992,-6.524957231853611,-3.539617916493709,1.2829494477431982,0.9351999310958174,0.6228869312682812,2.3329997544522945,10.312090684434569,-1.2031926592341442,11.832592331753853,2.193268037633871,9.989985881588225,20.87302758652162,-0.7110372218182373,-13.337968151974993,5.713129373142889,-2.4901983498107194,-7.087258295210303,8.77980513174317,10.28827112173236,-11.322653576319889,3.9554500415022944,-0.33294231050085243,-12.228655144658159,8.217648033882949,8.308233520312964,9.64316794448633,0.2708485214800547,8.521937341313825,2.5573593431869854,5.397729021114971,7.0266493220439585,1.5572756921473596,-6.105995639512202,-20.000967819867476,4.233090527473674,4.390763644730074,4.7524946770644,-2.599605613971722,-2.0261104478177154,1.0537565876819666,4.986045369825141,-0.9118246688029087,11.391572654885184,7.3410162136005885,5.399472269799989,-2.799511532995118,-4.7757510392562805,-12.272382874553347,3.984508074747331,6.025503481558417,-8.77549369895766,1.1471666964375267,-16.816298251363293,13.762236707629263,-12.166655088303317,-3.584340150995518,-3.4927602399354423,16.50630312689718,4.828668890247836,-7.328392946403385,2.3774887252711325,-20.726890862791045,-1.043979428589447,-0.09831928388813188,4.235639841416334,-6.648739752116912,6.658607539133824,14.263028616195802,18.11341648362032,-10.400952228936866,-8.753435252645174,1.0114465108649586,2.0942962829423735,9.120326579595375,-2.426855985006096,-6.991026276014082,23.267623610600058,13.470486047908741,7.959559245030029,-1.5092776906278071,1.3386413856388373,5.448339868130502,12.60599018049428,4.431209098631636,-9.52380556092432,-15.698184224480048,-8.323499576820291,3.113417022812124,-5.94388722250619,-1.0526719616462348,0.6080801231158096,6.58290987388318,4.66477288029527,-8.653947976832086,-7.099561375429943,-10.246273132371986,-10.09699417010208,-1.2000408956645658,9.4868470548854,12.33954813010997,-3.623636506702428,-11.128840277319469,-10.109715035699374,-5.859946789867715,11.811030437006277,2.484000898889088,-11.367511480343644,-17.45294748448746,-1.2058496282008209,7.279340819320675,15.414058089676747,-3.0426039610639,-2.8769698409752653,-11.76674663974341,8.523968799657496,-0.935314545359385,12.863490532498098,0.16001676018599525,3.9072747835385364,-3.8313207790445163,-6.44354213087886,-5.692207747435244,9.34934981766346,0.12727108651000718,7.764138106593166,3.298425230090355,-0.6455299671364806,-0.06395594915634573,-11.272829519891188,-4.077202298372917,10.517985724026238,-4.030714707700896,7.582730535668144,13.40029720147183,4.142952371395591,19.823388338041497,4.920674806180682,1.3667486749144186,4.2091749943126375,12.968642665343534,-3.3556271510666544,9.349423237611369,-4.1703727060005304,3.628044368922402,6.670439212967411,-16.195627214468608,-1.3956361448096075,-5.496487348691498,-5.530059409565231,-3.0039768797587127,-9.112636634343742,-3.8791432893732707,-2.1163370176122824,-17.978507366772746,-7.126590785093776,15.41376785160527,-5.0784850218100335,-5.252323618567057,-1.7343713567664985,-8.058142612794803,1.0391158341181135,-1.6712388855795004,-6.765737615962133,3.084129128420877,6.812411986031703,6.805071196388283,-8.774355592319722,14.062165279141023,4.694585401569939,-8.829290527443112,8.960935955977092,-4.7467541332574825,-12.412979200328522,-4.252788009478156,-6.315580417110853,1.0156866847224635,11.28493905650379,-4.940679148409489,6.28458679803306,0.7693729395999209,-4.5459332137733135,4.455730165169439,-7.2929549037015695,-0.24165913332260908,4.024896081807005,5.931285095191154,-0.610190953409814,-7.575228603356054,-11.188902447715604,-2.958316394914724,-4.186485436651347,5.347379411976725,4.221095527400978,-1.0733956982330475,-11.575995668714247,2.5707517806245277,-3.524007294688981,-11.341628457213027,-9.68488554564678,15.343336518029627,7.177673928710489,-8.134746554030212,0.9411084436932262,-5.58596354114318,1.6267810001275294,1.0253322540592777,1.5065821029973965,-26.191494851254067,-10.881059845231814,-17.63230661409049,-0.8118553654188212,12.34470508407519,5.232013378811017,-3.563457095713098,1.3033890690256702,-1.003410479261513,-7.341203765167707,-4.468407633106417,6.617035500158186,-9.089563831134248,-6.369391119477674,-10.555291439031752,-2.798191953390652,-1.4333431809402586,2.733136726969474,10.853800439379986,-14.637186625514826,-2.3437463730728383,-5.913351000842798,-3.344968645598561,4.368255480341478,1.7195122456822114,11.855687697635497,-4.798778938380361,6.5601812562900905,0.24866660226897447,12.35192976989522,12.16925118513822,5.577594576270834,-0.027404717097724962,-7.990168080306335,6.649841849836261,-4.628344212225525,-6.301581728243529,3.0334865777835667,-14.471460468828194,6.623063357904535,2.8352005136922593,-5.428519266857795,13.403291253290258,8.917912530873206,-6.653590435496029,5.847777198955526,-10.501009657060719,-3.306643503519522,4.51008683223671,16.59131758427746,-13.393961422519626,12.994099405704855,-10.944191575102064,5.303687260150233,-6.326516507988599,-3.3852985635500366,0.26692364247839717,0.5028048029385879,8.859585623572409,6.207443404884144,-5.710667246450799,-10.204475716979562,0.05108112114439006,0.7012026960939797,-6.036779533683834,7.66009397312381,8.81207268743515,0.46487556689264764,-15.844633048654519,1.0599764994304604,-12.861287110914592,-4.773641704306137,-5.986953299514076,8.110172042423436,9.335438339937928,-9.501811363791967,2.765610509410098,6.762356913063804,-8.026185452177316,-8.718910997620455,-6.404168730443596,9.100609359429965,-10.783046161368015,-2.0970346624321876,-8.349787776961731,-4.686310312729121,-0.5700780460514899,-1.7571397624082161,5.119963637563885,-0.6558268073616027,-9.888208221366135,6.266975309752029,-4.1189497637429024,-11.514437377929838,-6.437723661060521,-14.221129189229957,6.380455838541124,-7.799021188856498,-3.3284480254211526,0.5859211857556457,3.3315046430976047,5.486113482913615,-2.1519054679806136,-2.9017924459369135,-15.160285620878414,2.8360069731405244,-1.8254864367699417,2.5231508470678796,-4.304453213358454,-3.8183917461732366,1.867642681027902,6.579867064753721,17.229580934990246,-0.16873203368030462,9.80987309695739,-9.618744476578652,1.1421379910092673,-13.791716626841994,11.412763672186964,14.210607835879177,-6.915758700250386,2.892640476552158,7.867790936745263,-3.847171041391433,-3.1575909292873687,-19.422275855028907,9.116331260539702,-1.9772020941874642,-15.460550343781872,4.916954858075859,-5.527079422296106,-3.787292743831317,10.583780826152495,-12.946427868733592,-1.9392839725924427,7.032330194082136,-11.643628838037374,-0.27813779662415783,2.3804287044568233,-13.082931495879333,-3.2773007424850937,20.39603435656701,-2.897508393875988,3.980461223373241,-0.0018457464219046038,-0.986111365321846,1.0312948415393492,-5.711509961342765,-4.053734843280517,8.154960927808133,14.769131596475237,11.37364629652117,-6.758436441763411,3.206812796431514,-8.115099067636724,-4.531268551799812,9.132495011399715,-9.944860637273269,-3.013550523357151,9.406332872687903,-4.2042568522662345,-7.473242601550367,-5.861697134522975,6.046773726450644,-11.149583751037753,-9.353757006646426,9.459870449678512,-8.791481578261706,2.650519239919501,13.718731401603922,-1.77879300006514,-5.051003461494336,1.5800411858303045,11.208544700497274,-2.7392604886803893,-0.9419480007824363,7.068511614044193,15.610253144927777,0.7214219970969065,-7.862515956983723,9.132960881416217,11.25384335589204,-12.940491706557456,-7.127886840554379,4.963563829808671,-1.0180860631793784,-14.638955487296363,-1.6102917606472023,-8.430835303420244,2.1671522543967647,0.46163620416694184,5.395912167915263,5.952833096455365,-2.358416533787967,-12.642075069433611,-24.959463016195805,10.332039910744076,7.187748710046656,4.947604408922611,9.986125104610672,5.320059615512557,-5.0833999474420875,-13.894504844580766,-0.022284716056112527,-3.507464010874579,-11.385344794769713,-1.1468150409495523,-2.082025289307019,-7.830262822542641,-2.4559914752400838,13.13958178417548,0.810325341631175,-4.3194429890210255,13.47507983282602,1.5744800972003128,2.5385205517909855,-7.574550581259761,11.616086375801624,-9.390337654685997,11.918465587591315,6.471657339951955,9.363650742928298,1.4658456655739205,-10.901441448554348,2.523978323196935,2.328710061347324,-1.3542276305177672,-23.29333223919968,8.767340478894823,5.458876018924229,-4.369686740731245,-4.492782235937555,-0.9739619336028735,-12.169673341523975,-11.557620502667024,0.29408001863679784,-0.7943923677001319,-6.469834628464909,11.93690863630167,-0.8417552737741313,-11.091763891115678,6.638006195911746,-0.5609727480505984,-3.9313603749355686,1.9927649241879408,8.091020207677605,-9.483504287259294,22.537365178880222,2.3007826627178813,-7.173608838343727,-10.5529912187018,8.905701425808875,7.5578766847145,-13.426329764160775,-20.006684137178674,-3.910156574235842,-2.600634552169212,-6.608659703145847,2.8429252054039718,14.921134267088998,1.174707244553864,8.134174162390243,6.811252521685143,8.070400761723999,-2.6335180145849044,-6.5416649307195875,10.785401166427906,15.311089563388851,-4.674701191511232,-5.257743417282332,1.5213493689792856,-4.3461309931044685,-4.379323404249896,-4.911362272108063,16.43472954937046,-2.9528073272948294,-0.4007932299893674,18.87889259044459,-2.5211824199670168,4.452165619640999,-13.142388043263736,-8.090063371874383,5.031754001888594,-15.215351802671426,-9.106449729879197,-14.355674724085315,4.183631842389,-0.9931497968780227,12.808783332296827,3.7895896626553522,-2.5211908912041614,3.611472502996322,-8.71467424309699,11.963795173434924,-8.83388673089723,-7.530806153963434,-2.611316384662741,-5.173035763481883,-11.792264532005134,-10.706094484676909,-7.103233280712564,-2.194701476351904,0.22933525385648523,9.792941463032053,-1.904135048712969,0.7021287834954926,-6.324725998329006,-1.8439989843239684,-15.858520580064923,-3.3708589566051974,5.665678294024529,-2.5100211524655216,-8.32354838732688,8.25001602844042,-1.6363953474772417,22.962417520074897,-6.540216126530756,5.171567362933908,13.969679599330025,-3.005635855660888,5.068709412860892,6.322547895928192,-1.5093279876870516,-14.180940770232576,9.16875837062603,2.6519331160925366,-5.796239025790486,3.451336688482857,0.6686959007207945,-1.862576393278068,11.370640725021504,14.305935813268425,-7.99462282259051,-6.708903121891179,-2.860220752024432,16.006979317910872,-13.168301120659345,-6.9371969902905,-1.2971382366277786,10.10156128956359,-1.8704412153062375,6.389060317527385,-11.692789431402126,-4.830593792612387,10.545953339272021,-3.5274943603021223,7.337376074230695,7.70201757664281,-7.649164709244755,-31.8323621014479,2.87364606348529,-1.2386083824200362,4.934386723073518,7.392394364932222,8.401042116090114,7.040445592788924,3.3245182909262083,-2.1710745710634787,1.302479722799739,-10.038332855775693,11.873650140653734,13.018327642501575,-5.696421765672147,-5.643878483649933,-0.8418478253697158,-2.8345220988804876,-19.065146200508877,-11.81174750907768,3.765423244722682,8.429107671002967,-7.169923619276489,-9.310409393723928,-2.172842683838278,-9.001960151617224,11.16904775012009,-9.15650423960674,-17.49983214424994,1.2699149238759475,2.329016211243179,1.1968774969980926,-12.32317076425301;-1.8890853520060609,-2.9093029554609324,-1.3059382051639001,-4.743920761216133,0.5680876084077839,4.149996022946729,-2.565230926668281,4.997934042122035,-2.773925031365032,8.163183683377795,-5.036926265682304,-1.660779767010834,-1.6345220612795228,3.553457689284101,4.765003897266912,5.810303497648521;-5.045514709034469,15.110192908917385,18.233516184406277,3.8057396338978258,14.249404878584482,0.015453665349677181,1.1224058336809162,-1.3599532664266973,1.4167514551725104,-7.177970536295725,-10.516397317798049,-7.457766124058999,2.31320695437489,4.118719673266351,6.618323720760754,-13.864520788369655,-7.606692288230477,8.387023618323235,-17.723357107368564,-0.8485452397989419,-4.855935297578789,9.954890061461034,4.765682728226718,-18.425300800797817,-6.935991504105875,5.4730812244017795,2.3228006358353404,-0.5822973122473479,-15.066129268081346,4.182679707701561,6.733882031718207,-18.356075039476195,9.164193675045938,5.722067224191093,16.26518187905104,8.668812388513093,5.221101241309865,-5.844646597614949,3.909400580333035,-3.194258759304984,-6.040706721230147,0.83619443815195,11.449615531189599,-18.592706012659445,8.299275743362776,-7.14089438421054,-12.749895305624932,-9.02576344289215,30.536282741162626,-10.691183351961694,-2.17772425825275,2.5367696263942507,-4.098201158176165,-15.607578717215928,-3.2541583616158594,-5.107875675313155,-29.201670022345084,19.94996035498719,-4.739644335351928,6.789362034421529,19.001659852486263,-10.203453131518808,0.391995995024938,10.465860743881128,-8.958033274730887,-4.810033433764934,-3.0823543193123184,2.793150244946699,-9.115301472691472,3.117255896217012,-17.826921058446757,1.6255903532005405,3.7630403042061635,8.156216083169646,-11.235339227570432,-6.692173983494168,16.600544286988864,12.941368320442354,1.3476934623940955,5.746128111298377,-12.825466385449218,12.860938414336989,-0.6346878206814796,15.417311429009727,-7.069910009405842,-0.6010882757898697,-16.463192006884988,-3.412671097020676,-4.462933309839745,-0.3286560140579646,7.655482447061946,5.642197750053263,-0.8989041464380346,8.28853733079006,-0.5099120670487038,8.693024659040807,1.767432044290877,-3.7968018882567445,-3.103476358543486,20.738780518919516,9.611674997050628,-10.00454911249748,-18.937124894590976,-14.161360536208358,-5.152684225076283,-20.221353122739927,-8.535859115952656,1.312046589538566,2.77766392174819,9.161827454555647,-20.47829685272007,1.8896409145830741,2.378052763464783,5.599335440925031,6.264866372371568,5.093113016700999,-3.210747618705061,-8.435334099414373,7.777870313510716,-8.718029254894851,7.8492422170173475,-16.895520370309235,4.905056487393502,-4.377815677083385,3.475085715897051,-23.416301703368937,7.780281277905614,-10.469280451599113,14.062931242129409,18.361898078305202,-3.288474919009174,-27.672079075361697,26.957691685890516,-0.845264679410666,11.477197258249902,1.4834838036913391,-4.403360489044804,-0.9571178790170656,4.370971527844634,-4.266150185555695,8.120021630856668,2.0582487933790716,-6.588197345546621,7.660801876634874,9.555397728964461,-11.66731249187647,-23.037321940785827,-3.2187329206605257,11.416402584506695,2.8481774696318323,3.58901621974373,-11.36370328425584,16.1902181299963,-9.873660235927247,-2.242296897712994,2.35421832551651,8.408562310469097,-12.768242101852895,-0.7637923259090482,6.453200253842833;24.137859088697688,1.434528006861091,-8.052123589865353,-6.314840311952206,13.473864920323273,21.69711174582912,-35.25538903994943,14.237824738688378,-3.599438388333515,3.58982946710746"
20,1.7265627340027183,"-5.293974929075606,3.6545497859523493,-3.4439576786473656,-8.067964538734852,4.346242456508013,-1.002477578934175,-10.566786990725964,-3.316723866522017,3.7736760733146144,-0.22468717783548986,6.685809440635555,-8.057839086858278,-8.990108202009159,-6.716886532561184,1.2621100269894456,2.6846875431643076,-2.9002088105975696,-2.766668605827461,5.205459792511826,-9.913165483024152,-0.9107757013770681,-5.460103853135639,-10.750019867011822,10.546670568136836,-17.03626874610368,10.443630639818728,-5.188016558396106,-7.040298931628485,-9.069875183495036,4.717461273564598,-0.3215143808910464,-3.2372691030363105,6.525180428613041,4.244956120659555,2.247730992229423,5.636969694466763,4.591768025867226,-2.525624028511084,-2.162130485090814,6.393755465858287,2.189628219034593,7.340098076343084,0.8208772320497244,4.163565469415273,-4.89201300631027,0.8335180899996695,-10.870677847889677,-0.11893552630020982,-3.7126893368429528,-9.614063156583496,-1.3709940674406744,5.31757138908963,3.9616139076320964,2.4335741442692282,2.2968017237992826,-0.14423214384079902,0.9120169082188905,-11.807213097615797,-7.898969990801818,-1.418747810339013,2.467048799857074,9.673420317426919,2.6888899550391283,-9.869907455604505,-5.195906768614821,0.11765768278994232,2.604189185191404,-4.2986152549189605,3.4565596017754396,-3.700503747017952,-0.9955127268544981,-6.043392957736047,-0.287551908630187,5.5467602591481375,-11.380181934105885,-2.267321662365964,2.6619264133545046,-1.2839696905686022,2.988840749540721,3.5598836238322864,0.5521096443958369,7.185184639017375,1.0697329434038618,0.653782835673229,-7.411986331620349,2.318427005191396,3.610151191466091,-4.924043136508065,-8.589386735286647,11.745965009610835,9.88925574619361,-8.940339372925017,-3.698178939691311,-1.1652296367280761,-0.0811605363845083,15.065526043252698,-1.498687256525537,5.482642413227373,-5.269661457101248,1.0788673150795525,-0.10268396011893954,-11.781791706437115,1.1933284032121718,-2.856869827168805,-0.13463707699412752,-2.900370279320409,-7.063168851381018,5.107151856650616,-2.5982697446218608,-0.5961484676065238,-1.8728102187135514,-0.7321869945640807,10.048403357422677,-2.530091565708336,0.6262686157813581,-8.112106378505336,7.91442318316652,1.9105748464888959,0.10627109330460668,-0.12688320445295292,9.883471122553168,2.1385989445509317,-6.683118264466803,3.3129652297753474,-7.989559958685127,-2.1828992538846226,0.7013641163551809,-1.983757775530278,-1.7999033722078883,-0.9094798047805343,-9.482764314948499,2.5045425994083153,2.0537966490363115,-5.950786761359692,7.075548031500851,0.37376015824394704,9.200197774564707,-2.3648292871795693,6.439857141036486,-9.09886387227388,8.862446222507387,-8.314443091981497,1.5221022081799886,10.688010495852586,-9.293085329950427,-1.6068032248328383,-1.0991709225074922,-1.2408668188447647,1.4887420122294934,4.139274432454574,-1.0363046626902996,-4.524240839030556,5.907757931105206,0.22367165280996842,-6.003681065864493,-5.015930848918358,4.430281489744188,-2.6912039165614634,-0.4837638218594358,8.28202914728222,4.566046591586666,-2.8098885772244726,1.380377397945187,8.595456703390644,0.40975862195082047,-0.08415637803521021,-2.970524509244769,6.610878557915131,-3.562040710049856,-9.66178975557374,-1.3017370492175486,-0.825324956318768,-3.0250118095037757,-0.8571566164033368,9.760022058973034,2.6327389421310405,7.91011947781274,-5.546153555261009,2.5064062510389267,-6.544921208606004,-1.4586989576787144,5.534021762850101,-0.9098239592671346,0.9933546600831266,-1.7937289367966094,-0.10897336805539265,-0.5698197981128958,0.09901980338490324,-3.7454889636445587,-1.6429168700448962,4.312506297708104,-9.872764204233388,-1.3967236556220142,-3.330123277929142,-5.636757299302247,5.9866257520190755,1.9946635312752827,-2.22067151387177,-13.085569766006316,1.2393691534926066,-2.794363719693824,3.166613672357673,0.7732539773239839,13.779197428925622,5.992863909619741,-1.6192990853327043,-4.732059414817727,0.9950458610883076,-2.6447073359976563,-5.475163094551323,-7.310339649637401,-7.0245065705889065,-6.889988502746168,2.701288217702066,-6.370388049971056,-1.3076372315963747,0.421969924915213,11.558275480011083,1.4301168091798915,1.1645510171453264,-1.5625208417312582,10.113589887820032,-2.431035710158344,-7.457634490218264,7.965333451533466,2.736992847476392,0.6532309494283186,-10.036550158310476,-6.573829248875599,-6.245212047334316,-5.797896030642984,-2.4365201432476917,4.405890696734741,-0.4816157625009285,-7.591160206418429,-8.736235060358911,0.535020084396424,-11.581079470594688,-3.684481007716425,-6.337211165143404,7.529785122074777,-5.153258935014336,-9.352555027077031,5.305994007073249,3.6405543351769754,-2.857994790083177,1.8843340990036423,7.8538259860211825,-8.164125975233366,6.163812119959412,-2.065058950289856,1.080607024671745,5.377106839532956,-4.265728502299731,2.2774390138202634,1.370837322980716,-3.147341001690962,-11.206660959724086,0.6654202146340044,-5.369000084083645,-2.8900912872775075,4.932594197167174,-2.6715949621654342,7.39046873546563,-6.862761180046351,3.439673955635454,-6.974672229686079,2.338231637141284,-4.116300563129778,4.033038679492983,-3.5639987277901346,0.7719648826527268,-3.3744567516820774,-3.7289903595041274,-5.063673217046806,1.7990217324680216,-1.0982287204948347,3.2424039224052437,4.1335426829709,-5.101285340603681,3.9526601010566855,-4.830476162464912,-1.835749328847311,-6.163851128599466,-6.257075741175658,4.485395247220208,15.890346169339848,1.4367656354951963,4.401505440942768,-2.296939198086208,-0.7312835565878385,-0.40406915459948384,3.8376565733555204,8.588200123878549,-9.227713505672886,2.2448617485453313,5.7645331163456985,-6.646025523193287,-0.5761014384971648,-1.220762196622747,-3.994898055485896,-4.333190576156375,-2.2676349277705476,-1.8764656699180087,-1.0962907390064807,-4.770028604132188,-6.267709165741589,3.330194731946602,5.332275642183457,0.16149315626719374,2.1343905184471335,-1.081411001914631,12.37616087692523,-1.6836882053987843,-13.272659987606735,-7.025427188606599,-4.459379959691339,-3.936096612442144,5.0464227035731835,13.488755457956882,0.5552736460519592,-1.4642473785506662,2.1232028229511957,-6.935127230121068,4.967311443547728,-7.883534602623797,0.5914223237260952,2.6914083947219978,8.428717458402827,1.6144963600892992,-1.8231702854539886,-3.0848870247407008,-7.036074335674465,-1.947882745362448,8.274380607139367,-6.977290902097905,-2.4884988139290507,-9.553098089572686,3.935106748183384,4.76044551248679,-8.354941792711983,-0.38537274677468336,0.9590478684241288,-0.4083900029330975,3.6840202535110094,3.7802256878363734,-0.3421131190539887,-6.293761256728462,4.3482864742640555,-6.262098944593523,-2.655105232148094,-1.5126851661611889,6.382566632015295,2.124318493795781,2.9317046007119227,-6.27289560500407,5.981158469820669,-5.675122701431924,6.941517028488661,-11.268182624337452,7.37261791379518,-5.37712461011648,6.770804816976522,1.1113128965046708,-0.2505409100391919,-3.257163205159621,-5.2707678415334795,-4.393259246515481,10.586101165302065,-1.0531097745548266,0.9127593701674923,-5.922782681873331,-2.4730793789200454,-2.055814008565916,-4.110977646728488,-0.1170935368027653,-1.308606754314241,2.395962884752331,-3.110139690524113,5.774842856462506,7.689875562831297,-8.959906832615761,0.0693330372401646,-2.7363017524488678,0.22652447228276912,1.0503088473352296,-12.06961497523728,-0.05267753976241507,-2.499819016614366,-0.12430753895504965,9.296853918026027,1.783936103963051,-4.565706928251324,-3.0060687655908622,1.3029755210813136,-10.015357557571248,0.9260313233277075,4.508224667280213,-2.6376146170598886,7.428991103104042,-6.374927804927132,-4.966516296593617,-5.387594876253134,0.22586381715030904,-8.37505957483681,-0.2669459545897942,3.8204024170148174,10.062140705034592,-4.240647336626604,3.1956322024495663,0.594537097930401,-5.101403141357566,0.1874983801365927,-0.22794997744287437,-2.549453391183087,-3.4301537607924635,-3.4286068588894567,4.4830159389811275,7.763364159358244,9.053094646150242,4.652811888362349,-1.9801926869857105,6.14124228302539,-2.8429608879559973,-3.157763888280634,1.081641171481178,-3.3650207978123596,2.8609069527187687,-10.765950351449813,0.3586097069051948,-3.5865464830134064,0.27184323832724944,-9.32855080188989,-6.2343058444424075,5.739758806802862,-1.8279522253946314,4.782974409068941,0.12835497242437974,-0.7225603793777748,-1.4568392539238686,1.3894193436950857,-0.6608522548427824,3.2523468010845216,-2.840757838486029,5.503709673625713,-2.319178999131023,2.230129860598412,-4.821625981413359,1.0054983212379645,-7.868069402600282,0.17911260471251125,12.501026503393485,-4.638936648074502,-2.287137714338353,5.242113693525832,4.671947121916097,9.716894685350864,-4.766174647203528,-0.11880005985125237,1.4488176753219522,3.2245828421764564,3.0160536302377277,7.838159286803397,-0.5157177599033199,-5.417672356054615,-3.688057466407009,6.555089873665607,9.201076345266033,1.1387147184684765,5.9545963815064775,8.728347184428243,-1.2754879262733971,0.4582452794082592,-2.129933178755223,4.923083701697684,-0.19920747554403656,1.579415808148586,-2.6374029428336194,-8.709832419069839,-2.1643676380527777,6.13646793347603,-9.21964438506755,-2.6646353614987777,1.9468995244485203,0.9885481774011748,-4.0580348007067935,-8.386610532123099,-2.8825629070545,-2.62178704876779,1.7312812879655544,-0.13038254841840777,-5.197043777936423,2.1740544358774603,0.5946719965256686,-7.148125034819816,-1.166920232979085,9.492413805538078,-3.9776271334215187,6.1343438671733095,-3.488932871842597,-5.546357718740525,-0.765547707882511,-0.2262247909736874,-4.748799999849263,-2.0479861860777,1.8267050131150773,-11.52744256379422,5.524888087812187,4.839755976675926,-3.5050621932614043,5.199931165171986,-7.464397137923516,-0.784134892515907,-5.387584580251478,-0.22023469384466224,2.5429129243884825,-1.8711952237726504,1.37576491351845,-0.4779869837696505,2.2321721193096575,2.311979108161999,-0.8229366718632286,6.743429497127286,3.1406599884977093,-0.18867764659830544,7.266467081101404,5.2299309788329325,3.0961147247989524,2.2204679035037223,0.24480653451931156,2.1754416978651996,3.3206281006379106,-5.195445335840159,5.5309420022472375,-10.809864449910329,3.4821647254189827,2.0998993177210545,2.4813366920990463,-5.027337885898996,3.595192599447513,4.2053622562335535,1.887499162710308,6.1457763262465335,-1.5662863765275252,10.421926452165449,-4.036769534340246,-5.1820714583081,5.621976024058837,-1.326336584159229,-3.1129019127132143,-7.279195780049105,-3.1025576887755433,-4.3428384374295295,-6.656934140046449,0.27939547550743743,2.2166656546378514,-6.802139953803367,5.593365244924859,-4.415769086288159,-3.985311556448174,-8.80241169090032,-6.077772577007777,0.7706269893893659,4.670881306004496,-1.7646869114707322,-2.563362509860478,1.232983845976298,-3.181201778982329,-0.5268484018567519,1.9923329761474935,6.652792587124313,0.10935588334728616,8.017900989057086,2.2781883239734726,5.132546728414339,13.054431271422551,0.6710706555736925,-10.10773858864242,3.2921262869474055,0.9822256249125472,-7.50370106229383,5.171374741564447,4.8573392480223205,-4.637036955912631,1.3353111051551654,1.725815515221556,-6.747498583216492,6.485093412164958,5.272351507447399,6.136773949424489,-0.7858950612499065,5.153706090932156,2.3023544968110485,4.982179749567197,4.536632039665144,2.928354669781772,-4.378740168010375,-12.997762713321169,7.66326894257652,6.051608363330914,2.9424203818077275,-1.3914988780731288,-0.554641259629907,-2.3703390278386287,3.395677053879867,0.8587632063879023,6.870380039271764,6.161341198852097,4.289230092067675,-2.710668346606066,-1.0136433644135505,-6.117448867489438,0.8113652134586332,5.206079858483285,-3.6751976078353663,0.6266416982566743,-11.713040591929152,6.391839709627334,-9.026434264700208,-5.327989141712051,-0.022520596355775302,14.012055928205355,1.2505340309668824,-2.5057501381566074,3.013436599355119,-15.24602396212778,0.6814522284595128,1.6743864004851696,3.132894173222441,-3.5317694671192066,6.513607845183083,12.76653517475887,12.856918082650669,-7.217789947615312,-3.6225366844285762,-1.0611438980407955,1.5504641132572177,5.188240706915297,1.2216832353679288,-2.8869203834691217,15.014672898425047,10.629915054509611,4.878459298065442,-1.4775026570876904,0.5673335702183613,3.087716562008763,10.620093704804052,1.5057813575260015,-4.978304954095462,-11.751533288532231,-7.45163669154673,-1.3050609046725652,-2.684355827925664,-1.8520943636850837,-0.627434732068235,7.051457421036013,2.815954837102897,-7.5734529661000725,-5.430446467966878,-5.263317654266022,-6.270581490036759,-1.0778320127424559,5.367636600855151,8.789253371945122,-2.4497930756162254,-7.663057897658732,-6.070111648102712,-6.023664931935905,5.874537534934845,-1.181859212576328,-9.24221732283164,-11.652066441256636,-0.5899610719075637,2.959491776303392,9.994912016489899,-2.564943564063516,0.09301055435913974,-9.079932035352224,4.360780389397258,-0.5838472972764811,8.845701928591456,1.2326404991888613,2.3643820797674175,-2.1680228985960435,-2.25959143764189,-1.0380968742116103,7.70435693562378,-1.333315064453898,6.206917199209682,-0.012641658784559806,-0.6328122056754235,3.5696025257001995,-7.400440138816016,-4.264364722874127,7.119846180981581,-3.4773713460358397,3.2635533310399714,6.721381172166468,2.224244063397735,13.261622995506233,4.533058752025876,2.3889918884928094,3.8409321669570855,7.48125843361789,-4.179100403456639,6.47782832235918,-1.784591978516705,3.0599760709163535,3.1755981625828205,-9.622639141895979,-1.8082169387063678,-2.620336241876867,-3.7812555622125568,-3.5448053887661586,-5.748950312563972,-0.22040853489040746,-1.3284079265285877,-10.661537104968692,-5.919807306919326,8.506479598929735,-1.452892013093608,-4.0365609343497875,-1.2931464990736212,-4.22209880357429,1.8663036802332509,-3.103177800195885,-5.9229096229042835,2.7180784833585596,6.134359451617056,3.4852624416098963,-6.258603917699645,8.538311931950203,5.33191650711062,-5.11862239593995,5.872049466615012,-2.3285476879976166,-4.143836888311086,-0.7018755151533982,-5.135356763247937,0.566384296848115,5.414212356331486,-5.246893442592504,5.470176457936978,2.4878778776238084,-2.4192814742735185,0.30295303964770315,-4.113341691042522,1.6498604423258265,3.1781463517675097,4.135841173242316,-1.0751288351438915,-6.7250116702196,-10.847877849514216,-2.1153386526462326,-1.9719923015498013,3.084962590827881,4.1027336482984476,0.06830139026712229,-6.039745301901789,2.3208174465152385,-3.1086151410196816,-4.212043121046162,-5.731057637108112,9.771655242142968,2.7705088711964425,-5.018708634591661,1.1456236764209127,-4.6663474414028165,0.8445132612523288,1.2650282933298826,-0.44870238672312057,-15.93446419463074,-5.201913076795895,-12.824207096633316,-0.9249230568137973,9.70335439442832,0.3889666270733487,-2.680309585267512,2.586461562532584,-0.8258599871494554,-3.3792266172539978,-1.1090400594239629,5.081106304474963,-6.405656218351144,-3.762953450263274,-8.503763338964937,-4.461718589980076,-0.2689978162213792,1.4220765414609229,6.2245590245692455,-8.87105432533892,-1.8187032242948993,-4.179691161166681,-0.03606406227544978,1.730859289323285,1.725276809799127,8.174465904566876,-3.277766011929993,6.221782443316425,1.1143562077850693,6.10648549388393,8.65814206401743,3.3257497185969056,1.1229965669293278,-7.967839813554784,6.871124569243091,-2.6999503697863276,-4.363553355053804,5.777706009428653,-9.896165607524566,4.283369413470238,1.1486224202347275,-3.5111790087145542,11.331300898000242,6.965204466410916,-4.765771489027148,5.726636514994906,-9.06584933317619,-4.10825452547128,2.2735854482363376,9.450900108099725,-7.369489546235253,10.107185162836483,-6.6177429936734855,0.48569796088964656,-5.040176133332061,-3.473608796292168,1.9497332051915564,0.7034824557070863,6.657689100827998,3.242523661110611,-3.4466021872524073,-6.7950617883759215,-0.531219912533688,0.35195711807561214,-4.340980677347044,2.780415880416268,6.472891408732549,0.9740897758330467,-11.849568555433798,0.33773014353990427,-6.911854472524309,-1.9523748095288336,-9.315057355628987,6.809626591813938,7.719787007776262,-7.140248439287721,1.4939789836145614,2.8696121539313104,-3.170429825508876,-7.786689741296893,-2.861696433953136,6.841871310875269,-6.912283732061647,0.2993684057543581,-6.57750488413177,-3.2829739628004346,0.43087577926521914,-1.350239464042832,2.601387177672611,-1.7382376257531287,-9.810880059154888,4.709500196623524,-1.4269900894336969,-6.007779039395234,-5.141308850490926,-10.724800869092329,0.47693945657557935,-2.2784198464696797,-0.5238478435970418,1.0760978688292973,0.4226772091929889,3.400381252922313,-1.4877280598331044,-2.8388904373014494,-9.802729753422913,2.525122480996546,0.7577349706663807,-0.17179106660449206,-4.563160243624225,-2.1140942371212295,3.1788287033678615,2.360135975167399,9.846590029120906,1.0982754771341772,2.5987537053358247,-4.820716247646633,0.6934089997986443,-5.857653021316415,5.791797913656526,7.4998629592061,-6.080392327415851,2.494150164931386,4.352015082489647,-5.339509621767433,-3.312965250556689,-11.269018407226593,6.023403309144557,0.4873768325154192,-12.723834544263818,4.534260179807284,-3.5277381982981404,-1.9208232717667295,8.3706178402637,-7.217050468298341,-2.3379909410804816,3.9204147649415595,-7.7630177628122565,0.39429783582992006,2.259544455192582,-6.8335743478888205,-0.202757044220369,13.217183948389327,-0.8856607384703277,1.1241386470411487,-1.6961685429478346,-1.0008603160134788,-1.8218611202742985,-4.549357574408991,-1.2687712264108646,4.315250732933153,9.72647859121074,8.569593314817824,-3.7944698634409835,6.088255457402531,-3.570607663423294,-6.115806610831909,5.615595367205053,-6.275210351278645,-1.6762804815273655,8.364838470545665,-4.2991294023966,-5.8629062542482435,-3.9880731784062626,4.786210241129342,-4.364001365658041,-8.700514353430323,6.999796312731886,-5.397810479024715,1.6591406284524761,10.204012481123955,-1.3307299333789584,-5.676753234552126,-0.7312165769967771,6.827412256763198,-0.6654900767475583,-0.35135953544944604,5.8867764377977,9.712475174136944,2.1315999095365035,-6.1651207517278594,5.793360808430088,9.467462805198876,-8.361867305465971,-5.55035637300819,2.889287606037772,-1.8713118293765159,-11.683300472763772,-0.9433574314130544,-4.7027161885024,-0.23060733038690473,3.425040527209123,6.610519539094838,5.4638763049927235,-1.7179652273012003,-8.95807900315212,-16.46890474671957,5.979619593373588,5.723866350670493,3.208827175732337,5.741090862863408,5.733656055313306,-3.966599447223145,-8.884639687162737,1.6909235470657968,-1.210822861148165,-9.245393069056966,-1.5668975506448133,-0.704182489944261,-3.671551547979415,0.738894838474651,10.213500721192002,-1.5112418027711318,-3.465816047079785,8.178390696800419,1.5211262116916224,-2.0867295567490247,-5.350612680228513,8.815119049974413,-7.040362258628857,4.546510233532303,3.995779552989817,3.8767895028802806,2.143624671128956,-5.93266176380714,1.16885804788234,0.8885384135054742,-2.324244891235363,-16.29813250009033,4.511588613619958,3.8898259934542976,-1.9128562168268834,-3.9201211707378234,0.40645108999921703,-8.223190866881625,-6.912626719884149,-0.23301901356422486,-1.6993797496443364,-5.050747695129021,8.677715382085255,-1.0620139401175728,-8.080831801270737,3.6560653233637694,-1.5497316477878726,-1.8662164501079244,-2.558136225315163,3.4767450805337146,-8.016143386589007,14.284014391695143,1.9550855632799524,-6.0948131094231215,-7.415436256967919,5.0231957749796905,4.8444982992727965,-7.746217945577861,-12.019372901391963,-5.547481230961623,-1.7458724212304417,-4.696934284906209,1.567364789156573,9.089160279990173,-0.6930533371189402,6.040890733372927,2.9015831642699417,6.0407779161783,-2.261002868555569,-5.700723552130165,7.615173901249113,11.14194090107066,-3.508233686757473,-1.4329866986847206,-0.11587949844224552,-0.3743003563751166,-3.3639488512435465,-2.3664413952904453,11.580150146014304,-1.7500616423000188,-1.9049697588848025,11.929292449023407,0.06756343261876008,1.9639407715157347,-8.471923607473364,-6.452279713519201,3.7203851405782062,-10.084858487169498,-6.673970900876577,-7.900950746894116,1.804107251541243,0.4948782107778228,7.49828483165521,1.7181663528742641,-3.1141608511635366,3.422571592130547,-4.318593127474073,7.858552517956712,-7.029424002499749,-5.137360215946059,-0.7988769597270415,-5.225833976843733,-8.800523941941933,-5.023147094323437,-3.4020608352140473,-1.554456537314971,0.4856607722461961,5.6835018815266585,-2.2841021449206638,-0.6596658069503992,-1.7889993796769073,-5.562908777945484,-8.838548014266669,-3.5141979204829656,5.738500363912715,-1.0793012108384905,-6.1820903931074085,7.273561728679619,0.3456746826804328,14.977331473589278,-4.610338739269313,2.91712346036753,8.332522440184814,-2.038895575997505,2.169649205125476,1.35166664400857,-2.322536025763241,-7.847418464252926,6.539941404328877,2.033544796970383,-3.34098171847239,3.182679953533821,-0.10799589989067693,-0.3969302432869859,6.43485509482434,8.227430324299673,-6.8828196564844015,-6.9413412503077785,-1.4240559963450121,9.221653387705159,-9.62295765893127,-5.307033247657302,-1.2637022846495616,6.463836315724609,-2.545683379369426,5.246791413034365,-5.99236003868633,-1.9459229674390626,4.439625211345317,-1.2029071001648626,4.1726402860210685,2.3637784053198776,-5.738618257198856,-19.510280775506086,-0.01713766988773313,-0.9094728973248024,3.068240651069669,6.641566610865178,3.6635995701614728,2.9863442440921446,5.462768933479403,0.26560219343711855,1.808819570148533,-8.44431479367136,8.647979751692718,8.799591314738416,-5.780984658384351,-5.223409798306817,-0.6494227382012583,-2.930971563157183,-11.386502785636056,-8.078225207908908,2.5972319004876714,5.6937890917934695,-6.410014541902626,-2.574458836386622,-1.6648183971298138,-4.233685948322832,5.631029513814184,-6.591144067813746,-10.92024002223984,0.31126996479140046,3.4905716706106507,-1.2566900918893045,-8.003465079667706;-2.9466831708899033,-3.2839958066261015,-2.138077950651148,-4.733578065973017,0.627797932895066,2.5051591077476956,-5.303735524538405,5.933194168939572,-4.386218312759265,8.210710011312715,-6.249645157994674,0.3059727377404864,-0.4668025163942761,8.237492721838203,1.687875832115114,9.35142372956949;-8.387361604539697,34.25015783002047,38.87066118224641,-2.4944535823726266,33.85713781551476,-0.12357512865081338,7.877237280411727,0.6413562771565006,4.0334596254548,-15.63565030679008,-20.165231901475863,-12.755849767572357,8.419622708105063,10.43355891230329,17.136716760709394,-26.648467673188673,-17.93528027220533,18.491350766960743,-35.14838062337174,-6.430980172559909,-10.11142221769611,20.558701569993122,11.729308645385222,-48.41239434053699,-13.122998849431347,4.141466753578687,4.809529013158772,4.392376342764614,-33.42534081907006,12.142966736689587,12.61836022458901,-40.11755455657233,20.965142069531105,7.986232298635054,36.75042795759437,8.925595411171734,12.016085854711058,-11.688720165043764,11.059502848458976,-0.9594895650228794,-12.569883456445368,-5.2091764036500585,17.73093319344883,-45.67107359549581,16.228443800510778,-14.303965535390427,-25.47476717115961,-22.767854615572574,66.59288324943023,-20.56782247664826,0.9057358058154549,-1.0267066752547644,-11.23765349388162,-38.50330922004066,-12.630668171452488,-12.859908737374443,-57.089862529730624,43.92206869514298,-5.430671528117566,16.25982529206199,35.42915589864951,-25.263274500889082,-0.7999189451542932,24.817527512630974,-11.717841790011658,-7.818728634646327,-9.935985925975537,6.068815796274688,-15.021411424148106,8.154689898055151,-35.40160922445814,4.516344924318131,11.36975410050018,16.098312251975788,-33.18654678273666,-7.137398989244446,30.542260059411152,32.510079081071716,3.354029827301959,16.851699269835738,-26.768163853621658,26.01088897241648,-3.0315429650663894,28.940856770818804,-8.80063191327952,-4.485539013816211,-34.43328473520072,-0.7909893979434144,-13.591828441870392,-1.2090366539608155,13.094502724425103,12.652480645770483,7.367670899347702,16.773261135125985,4.3422484020962315,14.067841111558554,6.341332127845773,-10.144020717165002,-8.792317252421485,39.74830793271,27.355119499780905,-24.268171029330933,-38.16380211104368,-27.351052566196635,-9.042111072920004,-38.12665188926903,-22.302388981471303,1.8430268627563566,7.011776751119427,15.87047366273639,-36.59543182624476,-0.7723336991920858,7.75343493392221,16.00201413990553,14.55827422814113,7.558037398290293,-9.442633564119125,-19.37786841501063,17.418481920168468,-19.78222761882887,15.993614584883982,-37.15475928833231,11.573759214590925,-9.601923103777649,10.22662056970944,-45.14574608796477,22.685201915820315,-21.77952033226377,26.96189695186884,38.30933978867286,-6.978385218415438,-55.40443776352444,55.85232492315022,-7.622531951587918,25.23797880806566,0.571302773297661,-2.807403252484856,-0.7353656055778834,10.830442752979781,0.19353680873944235,14.922781574660416,5.035624308202715,-14.653863597150632,12.753538200256436,28.223402598945647,-26.71189825702146,-52.27381124520673,-0.7846049740728491,22.968085292656763,6.4400342517403715,12.723687643521249,-25.615303826338085,32.238619440716114,-23.183872753984247,-5.49748519150462,1.1910074685055094,17.366844757985387,-21.970410393286336,5.200516986224469,8.261768978976882;27.43150807020649,3.060815667608351,-9.706763722728985,-9.437238552568838,13.371367293971034,22.28746820667654,-33.99874758630583,15.702092626308296,-3.029446746707558,4.779068116411864"
21,1.7206448219932169,"-5.024304623056397,2.9464955933994887,-5.467377389671039,-10.069726687262344,5.461480812986463,-0.9457298795763961,-13.124007679149305,-4.739505264720631,6.926071757075439,-0.04642133011237792,7.560929124132456,-11.173570406223167,-9.875308663896291,-8.629641016244824,1.9874230564676152,2.5683799743929554,-5.787896357444678,-2.7166283938860705,5.344251663677967,-14.15097596408236,-3.4106428904821433,-6.473848698240625,-11.373722381755249,13.167001354329008,-23.669223828489866,11.152082283812836,-7.810440808084834,-9.368801692140774,-11.548967045557681,4.609264752957393,-0.7628906609662603,-3.631981550611791,9.385173226185632,3.1184713049389687,2.1326651135972385,5.283499660731711,7.010860535108168,-2.8405695187425284,-1.0981340326791298,4.908030055307621,-1.5839423685863188,8.975103519530796,2.779498580667133,5.388893083953021,-6.033813358263,-0.58649165517733,-14.129663880836166,1.4462337869257476,-4.599473843743459,-13.105943186594635,-1.6770247818864699,4.4577300508125335,3.8068418703945897,2.4425572135300446,2.1974509651088936,0.9906798330387522,3.942119885449008,-15.17441766615697,-10.892572177314785,-0.09846619575900495,0.8306468329872485,10.799968419028177,1.3790217671256533,-12.553289291151817,-6.853361599658129,1.4370076604345192,4.414475316328709,-1.627545435566954,1.7375280374249342,-3.9269284058997567,-0.10103441413668635,-7.831434667017216,1.244962632468291,4.341347696337251,-11.199373249259118,-2.6234956742808557,7.057505840608693,-0.3554146252662085,3.99200098848901,3.9764369778150215,1.9437515934468057,8.905559772858762,3.8520316566562345,2.2044886462383113,-10.914425913200178,0.7653545023998976,4.595308265742789,-5.061005523583051,-13.17896131067398,13.683330045859892,14.120684587065506,-10.322782154645337,-6.571053814875306,-0.5764638317297881,2.858889184380067,19.812951978225563,-2.745975681491781,9.11545321818139,-8.664455566389897,1.6079016209723263,-0.44555325943647994,-15.635851779924378,0.6828783211355308,-4.105471530855737,1.9381185673069217,-2.6493824630374316,-11.157774698987105,5.885248506138829,-1.6691065681624333,-0.22029122851291816,-0.8148300107960025,1.8759590224983786,11.954413947017194,-1.671434534849402,2.6200224888127277,-9.312739476011524,10.910252282377687,5.4409069820320735,1.6206337641941035,-2.8713265567292003,9.901484003794906,0.7835431889799551,-10.93508890830223,1.2381160618961844,-8.808119538171695,-2.3595011400065196,1.572236444998345,-5.348059717782989,-3.4924595303753048,-2.8683524766395183,-12.923689294109739,3.4681617971654384,2.9228786288151154,-10.59817253055964,8.868006682401182,1.8373052840455597,12.653125632822933,-4.101013157801761,8.366043050700142,-12.661252537671647,11.242450974114636,-11.218109150069079,3.2982864360586666,15.438062849172294,-10.461830928059676,1.8865264115851512,-2.8575457130480233,-7.304937519961469,-1.065342579344731,6.0901149277255975,-0.7448380731544408,-6.416733119757893,8.846737424546586,-2.3847443764140923,-8.017405143499765,-6.112856973235111,4.970989303066896,-5.2715064050343,-0.7817931299017531,9.064432043345471,7.789882728531733,-2.776776531014122,3.5941597082848964,11.73800263631054,2.2723219052016113,0.4201568591359396,-5.154677093982797,9.080416455407573,-6.375154568027317,-11.170248587867354,-1.1003428440013854,-2.9553800849481675,-4.087831025313999,-1.2018478087674627,12.789186678755202,2.577826447948468,10.199778168034479,-8.718980026620827,5.173756512102744,-8.312958687564464,-3.3020708508665524,7.150320698903515,0.9053152289720107,3.145485368111724,-0.46915150169835895,-1.3882986119109835,2.948831871982036,1.6154884878856155,-0.41282938741047737,-2.4594667736189453,5.287602003625034,-9.391021798396363,-0.6357342411911275,-4.060878570299532,-7.574363765978031,5.692599441118504,1.8817737405376107,-4.1458502477879735,-17.014564947028834,2.6333923349551993,-5.714384675492511,3.4138941857064387,-0.21233028339279159,18.077881667988134,7.982012692373329,-2.122499007371574,-4.751420883948597,0.4034241261762289,-2.462754107828915,-8.359249201891998,-10.538816719635241,-8.715020641515189,-8.771534425228456,2.2097636133610576,-8.631835344613016,-1.089474941644028,1.8716565335273758,13.263629296731539,3.562536087614343,0.6572570803977026,-1.0180602569970443,16.121924935276535,-3.062698555601729,-9.794479061067404,10.122691032826314,3.0907231945018925,0.8082176422032507,-10.349165409112336,-10.349676049322342,-9.466888842678346,-6.733801070634207,-4.1928942070637945,6.005266607345609,1.6752173918382305,-11.008946338113748,-12.3654070302175,1.2607013486954912,-16.337446793298728,-4.058847497540577,-8.162287411509952,9.388330777452914,-5.322462871992613,-12.280100452629295,5.867820323701923,2.163021297146787,-2.9659301695002345,1.8608906351643086,11.284323813150873,-11.110730474313494,9.381676036963682,-3.3339611305870847,1.4286873969169376,7.154198041873235,-5.1167127644162465,1.0038428657797045,-0.010709545782713215,-1.900620906415982,-16.064708658504152,-1.9017716105677434,-8.035621583267474,-3.4486336296492155,6.276853442306328,-1.873134335837709,8.634720525547495,-9.991672874885893,4.372602343933399,-10.24854422312403,2.9622789500640216,-4.03890738067213,4.4623957403541405,-1.5426195219283874,3.7214627866235324,-2.486205150370168,-3.985028105762416,-6.70602646699508,2.119537819702757,-1.0178372222946541,4.135053587556648,5.212527536126409,-6.168769703829684,4.229332479051825,-5.495709926758253,-3.0341264303355837,-8.331747472361435,-6.2843096350101755,5.5046326572744055,19.125545831644065,2.8364446956736433,4.940252355023761,-3.1360931092068554,0.5863772446464515,-2.064286769763605,1.4500872703558274,12.36880697480812,-13.275169168177491,2.6206790106641433,3.472307073107593,-8.692170967491721,-1.6029201788720098,-1.7128930418668096,-5.952118887202982,-3.8129561547000574,-3.537587574743275,1.1029863107485816,-2.9485531500023345,-4.294325350952293,-9.785346495264328,4.993330155115956,7.80776703062436,-1.9966720526240906,2.3235472024955963,-0.4001336706367512,15.548988717012126,-0.9498100794738984,-15.032449929016682,-9.679985730895204,-5.704016165373612,-2.1535104904558313,7.700133371676511,15.376072132896656,2.7279734672626823,-0.1854366535655665,1.6228965770933361,-12.133647656536773,3.8268490444251246,-12.429961778963808,-2.3229931835326907,5.1338505381113375,12.903877298621062,0.2971423384054759,-4.846030184326063,-4.775967834355489,-8.715410617710331,-4.817003084446269,11.55010968413466,-8.32181416779924,-3.5874529717928274,-12.897786633177208,5.233248426583309,5.581405732748028,-8.942028927205198,-0.3409821376330028,3.395064672113785,-0.6780373175357184,2.1605675428719557,5.211044579952862,-0.6679416667566218,-7.489987184317723,6.0553904220653205,-7.754779363239077,-3.196058002851143,-3.290363715343382,7.064758413334446,4.151588218540081,5.6374051446891675,-8.608386881251656,7.387656267640232,-8.179410259677553,8.5368340828021,-14.596949082929626,6.049106089482305,-7.90365831588695,8.37954777471044,0.47048632510624877,0.5654680319555907,-2.6052119597911108,-5.646487680203071,-5.86371962804194,14.078105877855027,0.44827013744841515,-1.278474942839504,-9.737468206631275,-4.547804763570325,-4.131268628079544,-6.384518313900244,1.3228657416112148,-3.2092606737507574,3.5025199060600958,-4.919725547879954,5.752362887150843,9.11283656870218,-11.557001774412758,1.4696119590838754,0.8273419397078228,1.9918932713663327,1.620068736301794,-18.64702826329892,2.069582105128388,-2.888762810874833,-0.394215104147823,11.334206100347892,2.434462162878284,-6.740581188427681,-5.367955206016542,-1.1760203757459355,-13.222910670546463,2.308069792316779,6.955394228670755,-3.3706861423284087,9.77864801337747,-7.02840904828837,-4.397819382530276,-6.912324441328893,-0.7811619944314958,-10.079841817151761,-1.2026865709668892,6.344070196809392,14.024926344085502,-4.560782764447016,5.131235423944972,-1.8805578193764052,-5.856934442173761,1.1139610890305596,0.6243280136664159,-2.3351719794264705,-3.6199359339970245,-3.7028781290101414,7.649995404547921,11.837749176921669,12.536123913681104,5.85127060352923,-4.410802962579149,4.650250689749006,-4.651669993084669,-5.702476221653066,2.7704858257059835,-1.6561162812797607,4.164963086121724,-14.547707328584448,2.297371590513327,-1.4913210450337377,0.6062144069155242,-15.119656242700328,-5.404702652948047,8.173908781522831,-2.631037877039404,6.85699675425397,2.0442752306350043,-1.3418858092881067,0.2176236402600371,3.6711810796349598,-0.5425231760990408,2.7912578068082623,-4.087718077031257,4.6903773378515945,-1.976833317495537,4.0776118230142835,-3.075231642589045,3.1143241199328013,-10.15878405610774,-1.833953704261674,13.411256750579025,-7.1399145923244625,-4.1326841919041355,9.482477245290188,5.421646851806839,11.595700766995332,-6.478898357453858,0.5529161701467262,4.080242708787171,1.685989231997162,4.492319269120539,8.520451331989365,1.9124070813618066,-5.951286455280689,-4.761780519685357,8.660085365760585,9.541587307818707,1.074568579589526,5.6971912514361795,10.729164859691362,-0.3661440215684695,1.476603834415935,-3.0446842372430116,6.630970701976125,1.3948272114739328,3.0631061233385704,-0.9770965768009425,-9.435961008033,0.5649861740062923,4.963502536868134,-14.331738081617097,-2.9098823249572505,0.5175357039030171,1.8242979743983017,-6.956482669032665,-11.07645060129715,-6.29422174364987,-4.169257231073379,3.6463032545726373,0.5706218762661803,-5.6230708358533,1.8827510355029968,-0.9470923850793984,-12.976984027686267,1.980362951923044,13.574112695887674,-6.151823869815599,8.457170960808098,-3.6428860515520958,-6.807093627886192,-2.240125875766842,0.7071504546016939,-4.748149548454499,-4.694944188098219,1.5278972364188013,-14.571749093528442,8.462134606955827,4.139708036932116,-6.923523546993864,5.7952905693804,-8.05588666805735,-2.5639949918118488,-4.350997259075302,1.0738925967686814,4.800953407921256,-2.890941646658705,1.8033758702754323,-0.36882088966090804,2.6358323569879736,2.7047957797100843,-1.7434171414818505,9.14423055273933,6.068524931180907,-0.6413477115765223,10.402049452885915,5.537165791178973,3.331744651768463,5.109420559192529,2.2838141822080975,4.06390342429408,2.3691785413822437,-4.656798739854324,8.890753788158682,-16.791350618284884,3.4611453489418267,3.0110917731904885,2.808099663299527,-7.370932039026206,6.32536732809389,3.918197051434928,1.031738745839859,8.034163900922406,-3.2348267721296446,13.868609392743693,-4.144465577040404,-4.766448137268554,5.501633035475723,-3.3721141124465346,-3.1932895631033085,-7.368715045894964,-2.2032442226686073,-3.921196592194843,-6.887222021259815,2.8881958479701786,2.5489756640286467,-9.151273929790698,4.6127694880286505,-6.945569473865522,-6.412935518797022,-10.985419336643432,-7.1189777104515946,0.7963894489435477,7.169926365387061,-0.8040339947178716,-4.040636485508978,-2.683432327679287,-4.941280432790213,1.9539638965824782,2.277896661836736,8.328052327721,-1.2685442994700735,12.8321942767521,2.9022370763214616,7.6801365312989756,16.668905589289132,1.4130097193728062,-14.470297386647315,3.1089807536500986,0.08130577084010812,-9.266124875638933,8.276595296016435,8.109869335067078,-4.983590073822381,1.7698835824793682,5.0080225564586645,-7.129848065772004,6.486523894902467,7.042255023560972,9.599634749740694,0.17257895319801742,6.797191907985701,1.0721040791755272,3.674815234016342,5.5961202202327085,6.909748261864901,-5.0757000840035245,-16.04044148303268,4.507074117605025,7.752963272786975,7.212963735446071,-4.0830461672678116,2.747112222792385,-1.2512356393648822,2.6369568667644407,1.3946425114457495,11.123040847781425,8.013248012565477,6.547681361977836,-4.676118459119765,-3.307490355099245,-9.65579626518305,0.9080798352891274,5.922216787073529,-6.567572506769957,0.5087447213779539,-15.703021750841918,6.912214739536669,-9.637755912295463,-6.303754343413557,-1.0722623461322265,17.754338017078073,2.8987428553363705,-4.605621322142818,2.2969262904871033,-17.586887969762643,3.3951152508376348,1.2838550354141733,3.326170530750205,-4.462954862557544,5.931893813175966,18.066172785385337,18.572175148099863,-9.138137119576829,-8.045199349825499,0.7411346423129328,4.315534409112235,7.909957035178923,2.463430523436502,-5.486667284843746,20.00561490978315,13.77319876995944,6.991891802646019,-2.424143024253822,-0.963117319022678,6.613536290709454,12.265722357542499,2.8906608660618436,-8.05912341394174,-13.041785738311004,-8.66833908536632,1.4456185784968991,-3.471661860887384,-1.0805446467951194,0.8154054271355129,5.465660315030053,5.849101179394337,-7.644820702155383,-5.079207185227564,-4.321454547225569,-8.895409790020354,-3.2432785594724987,5.515244476454798,11.485591354357034,-1.6264358463128354,-8.416483807930138,-8.876557558464343,-4.974089074842547,8.85384667899694,0.6328235551570798,-8.842994940247694,-15.433197401952615,-2.6663064199556477,5.573250937041916,16.564880138736665,-2.3290528094706313,-2.093955307710833,-9.69947801978816,8.624463606764234,-2.3455452675595927,10.461955163034874,3.6151600770768972,2.914894836970279,-1.0900511670626332,-4.418589687422681,0.41396841087208847,8.527101745160602,0.7988931175339644,8.396784581780773,0.369906891039965,-2.221001082558406,2.0712408855306714,-7.5391338032749164,-5.091558946704472,6.379966720497694,-5.2132037644927225,5.285309738468457,9.960347075697236,4.811340952100288,15.118322077441292,6.163053583481612,0.41662956983466604,3.9305774617616915,8.369510101199536,-5.322161708369921,9.761778752574344,-3.500808554466574,1.6648632786621642,6.8062991012742735,-13.230438614500175,1.2292913391249285,-7.370054510040999,-5.15534497415605,-2.1768931797229207,-7.625578545650496,-1.44405937420239,0.6580962662102168,-15.259237915994376,-5.700916780461288,10.97159555857846,-2.2430770688567248,-5.387084423868832,0.45865189791016503,-4.301639300920689,1.814673789477916,-4.317406940328028,-7.457515743414239,3.09697423388046,6.518493164254656,4.573932701122244,-6.548042086980648,14.719893025700177,5.649148844226024,-7.4135184560412855,9.174899393814442,-0.40820038053347973,-7.09387569480925,-0.567053808774715,-4.4999609355579295,-0.8348900834878996,8.84296442679188,-3.9749143050434825,8.722442974366736,1.9808283749261482,-1.1045322745417854,0.9237898325947622,-5.428254480788144,1.8970310876061585,6.871855902141186,1.9537072681205871,-1.0924581778109062,-8.641374019879244,-17.011633035267838,-6.468192487751762,-3.959068642062735,7.171531198864144,7.422591667486252,0.32514291589278815,-8.177048821197907,3.215078473559979,-6.022197687048179,-3.5960795089820206,-8.97845851883059,11.507547934833873,5.062451749326687,-8.20780811926343,1.4224614954826018,-2.9565191528029544,2.293820364313105,3.2920916080560945,-0.7341429815488844,-23.496250682073978,-9.207803780141639,-16.526779165473755,-0.9022714891390009,12.808128552803172,0.5754790879509217,-0.43208149376287874,5.397533527773931,-2.282363706030573,-4.0250991558883005,-4.536846576867008,4.964150904099097,-10.36683275495896,-4.9310791947435995,-10.334293393239687,-3.3092877156611316,-0.7911525865748273,1.229883701428887,10.193681017882255,-11.261532532673924,-2.991722443210009,-3.794950198638939,2.1933708361698034,2.7572427990324595,2.588730842824566,10.281064473739441,-3.0258531203124046,8.746905909435387,0.5112381694350109,7.924122471047726,12.840123561677023,5.159558312282757,2.0526155905746464,-12.032914654748133,7.587007249320013,-0.7222683223862187,-4.557838358914033,5.1213172871395205,-13.89466787484838,6.9442291724502105,0.6090853225954358,-6.000991753392846,12.683057812288151,9.898354867166553,-4.454971798975581,7.100405706343373,-9.642744622856615,-7.74482772114518,2.0218411360767217,9.245385645989499,-11.444277169081529,11.827549827445049,-7.457241791115102,0.42085875196475553,-5.878831732575772,-6.751371697145093,2.1300934613585762,0.25794860038382705,8.038596706439753,5.985867418072493,-8.427227538772298,-7.724128354089615,0.16426070039466178,3.300687396371468,-7.49673701732044,2.9094520241344357,7.003902648311609,-0.2443302924419154,-13.113842495180325,-1.6309694806639063,-10.318018505927247,-1.5540700185585734,-9.870988446885026,10.197020064906608,10.00008058328238,-8.08981497352497,0.04365456372739929,1.3919113755492107,-7.41254316303989,-8.85902067715039,-0.2466185596478625,10.62805598559168,-9.939701130263263,0.42036860958749,-8.441836890523103,-4.043507502330045,-1.4773490991048845,-0.5913562694526295,6.681336053083101,-2.4265796189362767,-12.73308385888602,7.2028012132051185,-1.2428509699068058,-8.98786950519261,-8.802174770329792,-14.553473560973504,0.8594019982281262,-1.3429881777827823,0.49719362501481235,1.312287728768822,1.9686655962662618,4.79666189521339,-0.790888978200567,-2.2178948162672714,-10.13457089413942,3.573433092310439,1.00540258563227,-0.8097682998691236,-4.6890581716956055,-5.3657049675054544,3.2271821080362284,1.6608183869184203,11.360901449037145,2.0237427930843412,3.9813020599730335,-6.644779658477742,3.9641606250995496,-9.0756145113908,7.765193372959014,7.366326484374224,-7.1589993486836185,2.6449716735856676,7.6776667637423355,-9.031996285690612,-4.644003494438104,-15.214531753610068,6.4516471192875295,-1.6599164554596815,-14.03000492655433,6.681895937440862,-2.833509295813473,3.1228090671237148,9.740571158805064,-9.559304538663847,-2.4690455808820113,2.495229119267101,-8.842270434490407,-0.0916730065049991,5.555485991885982,-9.966722913870584,-2.1481149306356264,16.835662619219345,2.9189411951377653,1.3761254617732295,-2.2901721849140753,-2.68529117536456,-2.53516799504409,-4.059655574849692,-1.2787769560370033,7.108676593814962,13.835750177373281,11.776903257382457,-5.350614217316792,5.65149842619174,-6.717782696779101,-7.5560102703610905,6.624077949216542,-9.971894284013278,-3.1268018636892827,8.738948728245397,-6.064961523132373,-7.15880938659025,-3.4988133862244744,4.223689219093629,-3.240117376728774,-9.990544089324294,9.125285486104715,-4.160011334846217,4.7825686566158,12.255156315951783,-4.187144483247037,-5.968631449584175,-0.9713959169705545,7.918446237867392,-1.2840568495362423,0.8080735365394872,8.333706327860417,11.63618251661075,-0.9042250531857561,-10.467557640854526,4.781601414083539,8.827947510014805,-10.811164485466477,-7.070014679089928,4.251456024310883,-5.559237247107858,-13.336966039962126,-1.11551032732355,-6.879081284606531,-0.2244028450379063,1.1895439714335883,9.151254129256408,5.788468677135385,0.5580966638479146,-7.452289672776086,-21.177733982687954,8.185593655384828,8.584906762354986,3.035397317277844,9.83167263893288,10.519606929784217,-4.986987206042985,-9.096994428128815,2.3093999678619794,0.4601625242960714,-10.56638305384283,-1.3563473313490921,-3.519010477422567,-6.622445751733052,1.144100693405173,11.040903962677678,-3.5163129675841085,-0.6016832495420013,13.550474232802507,1.9731242887608706,-1.694773211398362,-6.8025295133865455,12.330125608202852,-9.862096666846494,5.545281178915518,6.518504627668877,5.318887286539678,2.151570933071363,-8.907055066517648,3.222170720781095,2.162949122017837,-4.6479374176820265,-21.573243626025288,8.21330507181573,3.974360484518697,-2.2757268554037244,-0.34383125388543023,-1.7872284826066387,-9.417622955407122,-10.149615957494298,-0.5348396295179859,-3.777665134841409,-7.516838152701737,8.964181728989322,-4.3926414835305385,-6.48265933055765,3.268486257046543,-3.7004520379776533,-3.4395693308632485,-3.347601205645896,3.7935336819197105,-8.978947924535401,18.006967662760108,2.235901280774975,-6.116375414991337,-8.04031131132069,10.041832107873848,5.259820248725455,-11.021562803242158,-13.910171614780324,-2.9238628585933286,-3.728333536740653,-7.98098550110028,-0.3855417018344629,11.146746035044817,-2.4765464435980302,5.33877868364814,2.958266287867956,5.4101364811433195,-3.4954829575012676,-4.299161240265839,9.334611025162307,16.46550102690067,-5.055758028656699,-3.147800124554691,2.7968416759786585,-0.8581298930495864,-6.598354457079493,-3.856063463937331,14.259283519472351,-2.220603301253983,-1.4465019219509005,14.47814009036168,-2.1077228326599533,-1.0551734775163748,-13.02276995677677,-8.661184260602823,9.270777605908737,-12.1567316862924,-9.4593990324542,-10.034758186796333,2.779800902637177,-2.1484213888905477,10.41265972367376,6.024581509449323,-3.2521244280462254,3.7047506889884687,-3.905287392933427,9.620409950090703,-10.222326388493503,-8.6682668478091,-0.8631061780230938,-6.936616436870124,-10.185184889119315,-6.424005935743963,-7.572171951568492,-3.2235365117345207,-0.488043508011908,5.959548919367087,-1.5546323409565455,0.3482225682665135,-4.505278981620536,-4.768101987224767,-12.962221424003154,-5.552305475837931,6.7904595190161,-2.6556937734856554,-7.078181973132031,7.379478567709648,-2.743415436572368,20.5725726650699,-7.39442494016562,3.2019201832247814,7.829540281039726,-0.47668389840691816,1.9200727090834349,3.706197045486192,-3.609206324100642,-8.211495357153531,6.970128533809415,3.2628896179112474,-4.793867849667648,3.3680295582010586,1.5514357637275062,0.3317713681254775,11.193677552910177,13.248153479865572,-8.812287973284405,-9.484663109678092,-3.1883404142473766,9.780633824471275,-10.560006335965085,-5.336952480930003,-0.8923177009635058,7.865878467253696,-0.9781080131402782,4.745275915524598,-7.09138103183812,-2.4248758497240908,8.3875686346631,-2.4008702594548996,4.0600725897090655,6.270372187367624,-5.04597603920948,-21.685293066668628,0.15470614795427795,2.1786529342595577,1.380035714735524,11.158847303260808,4.738560223636076,2.018296350923051,4.949637570973181,-0.5089124959630252,2.279701098876928,-10.834339133598432,10.276251494637584,12.524387125062244,-3.48581607134814,-6.030310593588024,2.7723282317051465,-4.481751367170696,-14.39900948082773,-10.979006889788636,2.9774261418274,7.342348335132914,-9.089736958619488,-4.225641752932789,-1.4606819405212068,-6.722797342147633,6.577855113985171,-10.120063165765174,-16.091674633817107,0.31749152950277626,2.638262471100481,-0.07751914909005608,-7.683747539074514;-4.292699892782921,-3.3994590644811016,-2.299130510144578,-5.304954019733022,2.605259191115116,6.024206602246748,-6.46479831125175,10.134585692313518,-0.8615295081707743,11.744925674418893,-3.9197969125131324,-5.863730323306184,-5.001790836880716,6.068866462149837,8.90401482678363,9.473692860200213;-7.9768716372361474,25.105656367278474,29.254959037019972,6.07805863859338,24.249155426088812,-0.8145981942070298,1.6394097999140238,-2.3178381141187856,0.7004516379042576,-8.909423009795155,-17.284605462476502,-10.206368970388613,5.156209456838472,5.652106239783876,11.171801787515756,-19.419184853010794,-13.678576095551513,14.329934096829273,-29.073591834228203,-4.1877574884596065,-7.466413302765022,14.91199219501784,7.4690207219807485,-29.74042809865489,-14.029345344589347,10.940879361059574,3.2960631246153027,-3.0571095392897174,-25.529478821342295,4.340380331071283,13.42661112010873,-29.754312961019558,15.095572102712605,11.82440990262823,24.667352139914534,10.402636908604071,7.657315211339354,-10.29821123941363,7.228805026840844,-7.01077132786242,-7.6455868172657375,1.9008032047567969,20.007512926564598,-31.772554112649345,15.153350403376916,-14.41062256767534,-20.37842952189198,-12.321769825530337,49.6597010231157,-18.562019963285955,-3.6520099237030252,8.53140458263379,-5.9646692280574385,-25.85123253037259,-7.262889416150614,-9.77533545896544,-45.80436565892007,32.022935807419714,-9.571020320767396,10.792767203813497,31.235423078363837,-14.33386744732935,-1.6100228172467337,19.682004801172127,-14.675294522127192,-9.016329361012652,-6.715791054115515,5.0510481217560415,-15.780891686356203,7.770056985009566,-28.392219009916765,3.2350679102847892,7.145558067726919,17.243936908002254,-17.631089300671814,-11.855033501319504,26.77831625653827,20.793619302012985,1.3409537559813471,9.828591840191361,-18.72322062342964,22.787161784401867,1.7244687198557749,26.42449053565103,-12.273962080591188,-2.9017327919022726,-25.269563251605963,-5.917721453240841,-7.091589615354463,-0.8680387703422123,12.833159420477903,9.858304927660882,-1.050337442877625,15.698070532053304,-1.839082905675252,13.306345516293892,3.856123757790181,-5.876902923859491,-4.0791760185515535,34.86041220553334,19.069285167136933,-14.618726309139713,-31.80961220923406,-24.230107204430716,-7.876769525747391,-35.326726156767776,-13.748077957708066,1.0269083925847287,4.163848875689687,14.746593271258218,-36.23429395908366,3.5172759002496505,5.427330788034314,7.399409085891869,11.702293436097197,8.752043383931515,-2.567243589258294,-14.147501028463235,13.413723044641667,-13.535366563349505,13.273039047558182,-31.29378472577843,7.920804749266885,-7.033973257486799,3.996186811016571,-40.59994520361033,11.784003915337415,-16.372767601700446,20.281887501277303,28.94408909400625,-5.392948771684587,-41.40123196701942,43.612236007078266,-3.053069424510821,18.37884859107468,1.3205674024639977,-4.699115285360251,-3.622476586163557,8.858664828632566,-5.86199391323399,13.534273858808794,4.074106026764408,-11.108816616636897,13.536232097464008,16.7483840305666,-20.860489266731605,-37.90063518641922,-3.9564165004926566,19.5156508674853,4.324489872406096,3.237334663223469,-19.017393529267324,30.284735891915012,-18.930355551061353,-3.3571150255495654,3.7101345683470965,15.326055880800572,-20.714194703796863,-3.628572035813083,10.183127882269591;-1.668095981568527,-2.4706846415783437,-1.5105764475248176,-0.7762218808085555,0.538484875548952,-1.4051867073324154,-4.767500340016181,1.3046370800697122,-3.7226095825216095,0.3301833706313788"
22,1.7117870443036007,"-9.238029390738486,3.2006904694906986,-3.4703810465675717,-13.37799961858382,6.5407503677825725,-2.7351446347875266,-15.097522488519674,-3.5160249243123944,3.4098729073877303,-2.625537542433344,8.549711717163788,-11.16556426279185,-18.809290541467398,-11.431372284822022,2.094064221716206,3.816699882983007,-2.7197439841299027,-3.9780705872984483,6.769308559566881,-12.998826587245034,-1.331470554545958,-9.27947886171234,-14.730422870121911,16.95588084659623,-24.86638249956212,14.866030839264326,-11.321248711914052,-10.76592761268744,-14.077673667096743,7.174514275957295,-2.1644088874630336,-4.622058839208154,6.204339562103677,7.502662572096132,3.1167425410731626,9.439518037424799,9.625686441040678,-3.5423113773465413,-4.784118027470673,10.672664888231463,2.8041082981908705,7.8833524885742445,-0.5605123737179529,5.576816180510761,-6.412699701583506,-0.5672181923930648,-11.563085909973609,-1.7132311939679372,-6.597404874370293,-16.756526618614537,-1.6084872680548223,13.177077798130309,5.434788931460162,3.5285198347859383,3.7101495615032225,2.6451072874745303,5.422616399418959,-20.74726702585629,-11.445381276479257,-2.824926972095158,1.1674578473869186,13.680625977435529,4.524982681595384,-7.805501843166063,-10.737722156765615,-0.8275456059012021,2.0458998654557385,-5.259741228032549,4.0621762360150715,-3.610623930291722,-4.335275084067917,-10.529230419881092,6.6162982189547375,9.02076140540455,-12.435536000662363,-4.788746216627366,5.255652408847684,-0.2473086145288661,3.3557826822537242,7.12873892110664,0.773477304121288,11.70796301004543,5.111075428453992,2.7883167129517368,-13.736082205367794,6.639329783783172,3.4624905785868907,-4.529559277013265,-16.825878214860435,14.40268887613234,11.99491848268854,-9.707544780240145,-4.4435863655184304,-2.615278389159946,1.524653743754664,24.142979768467477,-1.1137797145792019,7.565603964914458,-4.578492494240952,-1.4291187126685814,1.5970030528302146,-18.597299509558717,2.0790105691636875,-2.737222132341006,-0.5725326938270401,-2.034186044355194,-10.735440883102795,7.547810984902428,-5.005986370494365,-3.4992367773602795,-1.0521231691669268,-5.657230112456306,14.39611496719706,-3.9666917098126127,0.7431071998899994,-8.974274174635363,9.140577933337818,3.7406977466037654,-0.7190884472108704,0.8399594147294106,16.31992052484172,2.3039722431626948,-9.526699202596571,4.144384071363941,-14.175133358390159,0.17007512408431014,1.8885292681421935,-3.792532872920394,-4.334199691659117,1.172533246112652,-12.953008023166392,4.133974276706302,3.476439854421579,-10.094487615627347,8.636756737950106,1.2399379705766977,13.569413357875264,-4.994056981045031,11.144690984200581,-14.34616748927383,13.342609726580683,-15.155362390799851,5.64539474800546,13.970314464376226,-13.839957399046213,-4.023685399708817,-6.259197657001323,-1.3288089589418584,2.819686629929313,3.68517630313629,-2.3001815405708137,-5.064270610413347,8.013644564660925,0.9834013888851223,-13.181921912665002,-7.657228137169661,5.56557999405,-2.505663936632317,3.790273076801068,13.731724205389929,7.363018187449972,-3.9898179649762087,1.5544096780184127,11.770141337886832,0.2654562779225025,0.9744158261175336,1.6899663392530975,14.379113059717682,-1.9105313770022225,-15.83904054919469,-1.4381117075542076,0.7382038874648793,-7.115094292693256,2.1139332355463596,15.70980974718927,6.484269151712828,14.15670778406546,-5.861728883647923,0.09553609750903425,-11.617186730910118,-2.9730658179638962,9.159391873605689,0.511810024111157,2.6494139256972895,-4.959643098696464,1.3189085639881988,1.1634168503355553,5.6675936598841625,-5.090240903051809,2.7552666273350845,3.955203056900631,-14.335055839274654,-0.701765341057115,-4.84100681634656,-7.76915588931386,5.488943660016325,8.301355047267448,-3.0251451252395882,-19.6377127443701,0.6985816321401707,-3.72778933125088,6.188823792883223,0.10299172817168178,23.468563659745957,6.484258466923876,-2.5467335185141717,-7.435628543320549,-1.3778246734554187,-3.325428421495918,-6.946206551976961,-9.305861458872005,-10.70303905432371,-10.038847764412937,1.8541071532703028,-10.801632650727488,-2.169404459670977,3.7964329770593155,18.553057565691454,-1.2109049920224655,0.5301289262330593,-2.985950556115324,12.788307064896378,-6.897950820413321,-9.564127470736183,7.697725910024445,5.92078035757566,2.2364501393751905,-16.890319453138325,-8.880119542231462,-11.17309018706381,-9.716140236641838,-4.339469568974228,7.993662136631954,3.127735196897138,-11.495198846124026,-12.023247238492491,0.18844031168658787,-12.89819443120623,-8.469822274935915,-7.305320450731064,11.823420719610855,-4.007126810797818,-9.935146132817202,6.11438614046864,2.822930793927149,-1.0046783316278707,-0.050867443881061236,10.7080434063662,-7.647420960626964,9.389802072514245,-3.1901093187144527,1.7997558226904986,5.770357566152764,-6.1086796046210745,3.803487576412465,0.3361887423385522,-4.073374204667713,-13.666861672989482,1.6749319564262621,-10.102305159399016,-7.613378032494311,6.500870290441635,-4.942775683158495,11.483075949506498,-9.74398396268241,7.333312914768866,-11.683568609683462,0.9963267176845536,-5.690451179006818,6.092409895858752,-9.807156573885873,-0.03959105107916816,-3.2905323789954437,-3.3511653943591475,-10.232665506469875,6.085276758866862,-1.0495956699541962,4.835287639181691,4.873134738098021,-7.749868783273434,5.1918514407225835,-7.731248013976069,1.0321239713892818,-8.091589581992599,-8.069930350428095,7.896453547617292,24.2014349895604,5.371326534704864,7.225564825323294,-5.681179773400987,-1.414812514620035,-1.0757538872709165,6.304807346771477,15.10421960331193,-17.08973157491638,3.701012887744837,6.924059367576051,-15.982161253606147,-1.853435129307917,-2.7870678801729074,-2.4647971556622537,-6.144704351166772,-2.9661939703840505,-0.4173805623602789,-2.5392714735254533,-7.210657036966816,-5.356764800174139,5.124923595761178,7.703723512612645,5.269662846487902,-0.20563575544318569,-0.6294431342969447,17.018744841983054,-2.144678064188221,-16.415569809017732,-11.635990852264687,-7.012301269077849,-9.851207472995277,8.747500235115,14.073840248655374,-0.6027946053202651,-3.308300681390566,3.2747407291977195,-8.71200298829336,6.797617280635894,-12.338436475323745,-3.1147072406176233,4.704886835627245,13.194141410613359,1.9916266293618903,-0.6556399691977832,-6.095557208218771,-11.874852894310399,-4.168421746229162,9.169064674243558,-8.161463258289494,-7.260399144669856,-14.657744976691564,4.430637473367505,8.62467327069917,-10.069596238545525,0.8153638649456058,-0.9542558157019627,0.14410883646842088,5.55341790583688,3.3493804180466693,-3.2693293776441643,-8.454856979452616,3.748638046998117,-10.20969935340729,-4.422692534955554,-2.3020710115080374,7.580664163942467,1.7035169627617055,3.8846614149007532,-12.155815939543322,9.658996907152275,-9.123692583216428,12.794389250433017,-19.662144966729823,12.235069390406899,-5.725740587755589,11.689180748853714,1.5955301939859852,3.0693645607729043,-6.93644920784026,-7.640564433502038,-3.62109677980659,13.851034426221243,-0.5868241245583776,2.4095504770779623,-3.7477959301833748,-2.4277493260915937,-1.231061754952191,-6.074665020746255,1.652815746841036,1.2215984311126737,7.092709618990589,-7.099599701484875,11.53348549975828,12.668553368461282,-9.71838952648141,-2.7273712437917372,-3.8857086750995986,-0.8010976944557375,3.4932131819194896,-20.844466765253102,0.08405415100293911,-5.033049767092286,1.8800042957515501,15.502486830740663,2.873071363459037,-3.9279248179498065,-6.740216068457107,1.389987822174073,-15.323865063787451,0.8787103064106265,4.857429116370747,-2.531192932728382,9.032637186839457,-7.977084856891968,-11.272591770874978,-5.257633166415685,-2.0082780383564613,-11.387647797184066,-0.49572327202282784,8.544304889080166,15.788275049607277,-6.476595855799232,3.1687605304006805,3.853878765659923,-7.814455966289246,-0.8799121419597136,-2.192014507647552,-3.149447552963233,-1.7447079438401056,-5.944018499960273,4.923712389772905,11.9028325173383,14.21840650715971,5.050537637330503,0.9988532280183906,8.995633462715578,1.40449303809089,-2.8790579744607108,2.5887500319890933,-8.12022367411005,4.486618064693606,-16.917410098315933,2.0940379278912906,-3.575561541770319,2.3935238402042365,-11.979551092768851,-8.412255348511156,9.480608351414896,-1.355367640251254,10.190972646102663,2.68144215963782,-1.2065769089146534,-4.592658577923238,2.5728807318023246,-2.9789953599046264,6.264931656411713,-2.924774950750162,10.243628958727333,-3.142474838759945,1.1186763063662257,-8.263664892803098,5.0307783155767805,-11.247942287028707,0.7517146287344089,19.982613554610882,-8.140613120584819,0.274067330497332,7.750922623780771,6.909148535184738,10.695977662926964,-4.0577189340187925,-1.120702987401824,5.2476190195509425,2.6662830574813348,6.530762468325873,12.462833685309526,0.7067627390786684,-5.600856402610802,-7.372118217492465,7.4618311585924735,15.856875544515573,2.6228627247003358,7.36118932963897,8.74312689263425,-2.576698619454673,-3.616211844003989,-5.3914700465296646,7.604062451292158,3.3396507376418754,5.276315564723404,-5.378621188119883,-10.49107500151871,-3.4133712839966446,9.373599160334608,-14.879929044599661,-4.086568726239798,1.2742631235586237,1.7454499731102624,-1.5107700740946084,-12.056458772919514,-3.916004050086721,-2.653288663033482,1.1308453934076261,0.4847376754322724,-6.6360722886704595,3.788155961934667,-0.5117170555193586,-10.342474929225144,-0.8511375892193265,12.581933853579203,-9.771879951038345,7.435707012119888,-6.354525862808003,-5.8800900510206855,0.7386522435402119,0.3303720505055484,-4.256853171734611,-5.71973705937349,0.19626811000726857,-16.468251029048158,7.612303409722509,4.961909875673118,-3.4200630777065344,9.26354296188564,-10.315983361477617,1.3392113739308356,-4.274030303893946,0.8334165864119298,-0.972563526798293,-2.8181936035340676,1.2331183926163494,0.6453488112612301,6.798530046943423,4.003857734507932,1.2780910096952485,7.880787804978331,8.170209664391908,2.9176735066228767,8.568331380822594,5.314985303159908,4.382079538291968,3.1432809083273487,-2.5968729324446347,1.5300105752294875,3.843413228260807,-3.3419002903620694,5.834718745691589,-14.373498334674716,4.43777107060265,3.8611909737210475,5.568053328054441,-8.002662196253379,3.1307597816517707,7.585189878823959,3.104856269032821,8.990495424643745,-6.884458300834356,15.651023867546206,-6.108509935523267,-9.08594131643319,11.02576531016982,-2.114191648659542,-2.2039123733122215,-10.986565599137693,-6.322747326784096,-4.676213377555716,-12.890830792488153,1.9584187460535878,5.14592655482183,-10.605188340635067,9.236181883993535,-2.640608386223394,-7.275039819574548,-14.346756521894628,-11.466125152500968,0.009987670225279466,6.3966871419994185,-7.697964009614559,-3.784637064943923,1.030728877248811,1.9166360624184906,0.7591105286401396,1.6641967550118506,12.10144860860946,-0.2844226398460606,11.113772800582742,1.7979064314521587,9.911839396623018,20.003283504260555,-1.2588828592185983,-14.554415626945653,4.897430890094578,-1.5757175604116749,-7.4010693703689245,9.41381315706297,10.058443489506816,-12.701358923674148,4.24271307573457,-1.064720238987863,-12.705558069371921,9.263580414253978,9.476106470828771,8.659371511737367,-0.2304513455844348,9.13955830174162,3.335346450455453,6.0301835579155805,7.069093918657596,-0.6280016107511169,-5.815534148602028,-20.733097094146796,5.6162782715012,5.1897000647587594,3.9906409230753397,-1.001458720003101,-2.633601089258054,1.571483445651897,6.0057290884615675,-1.255930480314082,12.014528299285471,5.981683730081969,4.605415614138025,-3.107359158096508,-3.928954164726471,-11.491230599571164,4.052823110031147,6.2516095350578675,-7.848208898216906,0.030140907838833164,-15.746627518432701,13.116298405904274,-13.78024742078207,-4.746104063328207,-2.0075211619622384,17.641699092658843,3.709172321335163,-7.860043814139953,1.6096563991139359,-21.350523141156575,0.18139732629300065,0.07203492064885408,5.516098955284353,-6.507624308470044,6.919756147763836,14.681504827677763,19.492173797083066,-9.78859832187459,-7.16123281314722,0.3231668828809918,3.1212981119533127,9.650888086813017,-1.2298105388787943,-6.546586453974106,23.269267017380912,14.146888766943235,7.0360288408922,-2.668209320068378,1.3641018479539262,3.1103377376441013,14.110031989880975,3.391080499412186,-8.294193394860816,-15.667240407871896,-9.865482741501133,2.402385723461392,-5.793291338773139,-2.283975801864817,-0.3366454928248923,6.89358002194853,5.598108891674951,-9.617480970628511,-6.84741602076567,-9.055467698772494,-11.633420408451666,-0.8201486862866223,10.055125525119408,12.121069356805268,-3.940557234711762,-12.45829159258783,-9.559680177702285,-6.303143585559429,10.278408045572379,0.05082447477649432,-12.74310392030971,-17.691085585070525,-1.5401976763346155,6.356145938903754,14.518767917069827,-3.7082589934557495,-1.4267680833225367,-10.791817941788384,8.822926841178967,-0.4512853870552408,11.566799276443005,0.43107261388368867,2.8787744681856537,-4.456030794510978,-5.334888050625452,-5.945499282593827,9.315021225663243,-1.348641644098966,9.661471213084955,1.5901894837062964,-1.1638556642064186,1.969050361377244,-12.717989396968495,-2.1488912642158926,10.72098582085038,-3.4340611424387752,6.517880934998972,12.768884927332216,3.470160926427285,19.411564950259077,5.216438708643068,1.7365638590622892,4.373919390106949,12.909075483864868,-3.7023900869523656,8.8921237724017,-5.597311848754822,3.0627431918372783,5.898480598250887,-15.863711870422438,-3.2027241637633983,-4.466725775754038,-6.796964579924871,-2.9697794653587604,-8.456359400344763,-3.938292325193223,-3.6938820804887045,-17.09434577265172,-5.901055727902773,15.179910503842931,-5.453768322678242,-5.158872411011316,-3.262598231816597,-8.982599748085242,1.8418033755018464,-1.1336933364202313,-7.959822160927283,3.5678770761378296,6.326138982507365,7.764816949990396,-9.297778654407757,11.745245976017939,4.432303288059193,-8.110428824485348,8.434879135167417,-5.597196420275428,-11.931790687008178,-3.101811274440787,-7.184206853339627,0.8444389938994936,10.891689376387733,-4.950723733135567,5.706018137322058,0.9248013254979364,-6.677645758085019,5.078414590655826,-5.386919314256587,0.2015823716386158,2.958261628242598,6.838686470196519,-0.9697175883402304,-8.25867752620955,-10.775288356116379,-1.0337902416734577,-3.2707587603587327,5.085685595969861,3.702058938621424,-1.7968680701036606,-12.143531178011227,3.4164014344349196,-2.5598001123462115,-11.734911485962789,-9.260515200845225,14.986798040001453,6.3595698778328735,-7.165130337767665,0.032838499087168904,-6.896957379729292,1.2125830972830824,1.7245091578634213,2.1002477893930926,-24.40061986009398,-9.598328591126858,-17.931157438386418,-1.4051077554184008,12.902490439346051,4.736452919874553,-5.974682793876195,1.314102042515873,-0.4806735412182362,-6.866179628872025,-1.5462717672886432,7.876203517750886,-8.84496411000906,-7.516369598244076,-9.255211947003438,-3.2142186599835405,-1.0045362715043062,2.103411636541525,9.905287490197043,-14.496330861970524,-1.9500102550293168,-4.934687366730742,-3.914009883949376,2.7858854438629734,3.1297007965898707,11.4772037318672,-5.322590868330769,6.529950801968639,1.5637421568741656,12.186741136393593,11.870535815055383,5.094392713499608,-0.9054284993377233,-7.200675925381024,8.747325785772299,-5.980444810675143,-7.361904836377137,2.8753012763221766,-15.815300898433462,6.889308422177092,2.8698156320526484,-4.046212938304922,13.303968465768323,9.04602162129732,-7.311313212977098,7.055767969090049,-11.630748791752259,-1.9470238307843208,5.34033529698996,16.6453270620705,-14.25716001974108,14.576639379415228,-11.253774110929866,5.957107360777041,-6.703570007559332,-4.252492213210865,1.2016022431669862,0.701138057135092,9.288392100282769,4.631127596797938,-4.972250495149039,-10.651481099393797,0.482636136040695,-0.6464506028351777,-5.2962913200167465,7.35074049867627,10.218329290159911,1.8428412954291105,-17.07504790368605,1.6092893503042198,-12.035418090683333,-4.563688333410591,-7.267457708390509,9.556350371755293,9.608249031060573,-10.528977697401398,2.065860189619931,5.8223726684835295,-6.465448046160437,-9.323584674841225,-7.413342816948119,8.57147975356882,-11.045180876568134,-3.061494305839574,-8.953218984424945,-5.471220769280174,-0.4771521637775019,-1.539890330992923,4.869121167047945,0.2676661885615186,-11.375899048262687,6.57453573826029,-4.290237038619532,-11.493727381804566,-5.861584964726829,-13.62353780780605,5.8479471757538874,-5.203954005107195,-3.309012363716171,1.1834264972142619,1.8091939710111742,7.40166436935238,-1.7214254780836065,-3.7436533791406315,-16.138196200320465,3.2818371727200883,-1.1155066171099022,-0.07128187251643325,-5.202794648978385,-3.928876596495363,2.3181213260793396,6.321343123286807,17.921524791174836,-0.06319743707430936,10.220045603477825,-9.988283367774692,-0.7468034402798824,-15.046209085333498,10.963324805862474,16.37109172809857,-7.885162863990097,3.7432856210245795,7.820522723587909,-2.8563875532051073,-3.1543062601272,-19.036327075685204,8.465959936914865,-0.14568663543638072,-17.310688985214604,4.651038318607521,-6.66549619639419,-4.722561733733317,11.656166112064694,-12.349464348286176,-3.7710183946130718,8.105139544402775,-11.256057367589431,-0.01265488884114127,2.7632765570701534,-12.72795103161239,-1.4237501269462345,20.131086147295342,-2.9156615901194596,4.289494453056129,0.9653197915106028,-1.1584397178037174,1.1166060828014213,-5.383595038061174,-5.675429538161534,7.923352789034671,13.353467541687493,12.132281075014195,-6.417566074228491,5.169947198114583,-9.219139867967371,-5.246486493459775,8.043385559495725,-10.19262679100885,0.6832629979395164,10.079139402376086,-4.680050702803176,-7.186527185987622,-5.175272444933153,5.488565508062665,-12.430996449276162,-10.317296580337915,9.197805431754713,-9.677399368567356,1.459508038946785,15.284996971548031,-1.5214578295937677,-6.022347090337157,0.8043618179840641,12.295511853546056,-2.5722260885699293,-1.2925665151847974,5.698819531538493,14.990368402891619,0.6902188423505458,-6.034814738110179,10.726497853943792,13.122535569424954,-13.140459074605833,-7.291657223148329,3.0612949426040097,-1.7837740747274546,-13.914760014537112,-2.333963986113511,-9.211352013260344,1.7556177737834562,2.66390059285495,5.873802607266776,5.033031424418733,-2.8938389773604767,-13.770928758750099,-25.00052314890183,11.226777123958566,6.595185282064334,4.71437889971973,9.133147240633257,5.565996445927185,-6.066753434549404,-13.652067083396421,0.43475700927884176,-4.149901477689087,-12.506459238429803,-3.086328731901896,-2.9980993341607585,-7.611491970987308,-2.730035375721374,13.459026379018043,0.5088513226426379,-4.878745199265964,14.269177013441379,0.5797937263139525,0.5160522028810748,-7.493140745826828,10.512938211824085,-7.778254433568622,12.573350439648543,5.197202044396591,10.891094212227745,2.864859549332576,-8.942681699657724,2.1920636933693443,1.7976998303305662,-0.4529870013635118,-23.104909001049833,7.267873038589769,5.423317459799031,-1.3351648598957282,-6.160842977502282,1.4434816522354204,-11.37641097800127,-10.97595501123262,-0.1489902110815201,-0.314591115515928,-5.801548009137421,13.667405847386,-0.503328436870758,-13.772229652941393,7.222579528881275,-0.19706586221257605,-4.2475216325741565,2.292805775884306,7.717995591127921,-9.35044154872975,22.178068328644304,1.2766034890726825,-7.716787726090847,-10.905758123410683,6.923751140024413,6.738782059632461,-13.96995029480753,-20.707219280070174,-5.348116719106889,-0.24077478285317533,-7.745239202530252,3.348450346110939,14.67756327214845,0.4943927389313778,8.82759317012641,6.978722934109309,9.455309131016358,-2.537148783776963,-6.912157123292683,10.315990528640452,15.40767854111262,-3.832502281190055,-5.10330757003742,0.9662064297326204,-4.254614216386155,-4.463230576526626,-3.34533633274527,16.991084169772687,-1.9510647197533735,-0.6939112107699102,18.254573914423066,-2.5925005612105916,4.782056380675094,-11.368075146644836,-6.601343366133371,2.994483203470364,-15.747076747183714,-9.7917569344791,-14.428384204493977,3.7443298862950662,-1.1613044187003092,12.766605163748151,1.7657305670056447,-3.673624528279653,5.2628686648331096,-7.488362100062005,11.630251505537165,-9.235648355193288,-6.879957943799308,-1.6347573665955415,-4.976450787885536,-11.189384229476481,-11.117321557251909,-5.988665101206802,-3.2591006732246846,0.6207604588396423,10.117446122786784,-2.5869413992073462,0.3199179752783038,-5.488339863631623,-3.577555554830905,-15.793237298047599,-3.8300434479043863,5.973394167954115,-4.188941716885079,-7.781800667539304,8.0340311751928,-2.555385279117682,22.648754555353996,-7.355039094457535,4.871423324100296,14.56095922874923,-2.45578627046966,3.7869059433520063,5.566854352599341,-2.3959565210192872,-13.327454177097056,9.968014161248336,1.8801805911381595,-5.149454763356193,2.268146389924465,-0.9280620442187701,-1.4438285683950816,11.554907090754025,12.378528091771631,-8.26304923014671,-6.788516292218761,-1.039513358050768,16.385137882899397,-13.693762780916916,-6.764738358947854,-1.5761705985534833,9.889572670050189,-1.4582020587168387,6.67106448176334,-12.961528165297311,-5.3888224219582,9.162580425845501,-1.8554877925928897,8.156729682179297,7.105805067995665,-8.681443712622809,-32.5881748960022,1.2512179091338116,-0.2928191323349876,6.346700518391636,6.0958866913765215,8.350872665462708,8.479815976700264,4.042832064618383,-3.3467303051258988,2.014780761493665,-10.251895869334891,10.828285863575992,12.107848312334571,-6.097381388757215,-6.967115063705052,-1.6364805677739827,-1.9428360829636924,-20.49919049951156,-12.864034690433904,3.462515573719799,7.860800399701972,-6.905992900632162,-9.447082718462664,-2.1075997974191623,-9.112614026677855,11.873312286564396,-9.198839797577248,-17.21322737982404,1.9096601283905636,2.9610782866538,0.03294447777901921,-13.29708214211379;-0.26890213157700993,-0.45086136231160245,1.3724627936756608,-0.8490601159894489,0.6071194784426337,1.4349281180272864,-0.1870996297653742,0.7217008251395746,-0.799612257957129,1.7622364595960303,-0.6123316238617598,-0.5669642220885875,-1.7828414907508567,-0.7625463602659466,1.5794625253225514,0.9897125464476755;-4.725690044527832,19.19240919854313,21.121795593333374,-2.600383848333238,18.684837231287172,-0.08754749711711735,4.992168164857626,1.1107532691237578,2.323166074692194,-8.738922735953004,-11.19843315941104,-6.407796277991221,5.053247148220588,6.0390453255339045,9.529117241473214,-15.324590877190904,-9.892017375554408,10.024369079412754,-18.692647971440426,-4.4747898426509645,-4.498466100637369,10.747281931035783,6.7593582062592406,-27.38595139739314,-6.498005410262699,1.194002333842874,2.5672291784240193,3.283204636552326,-18.051998558879358,7.181626758788479,6.797176066895373,-22.31066534793819,11.71442127921163,3.846377554743984,20.798867481414334,3.125234008701006,7.222223601967669,-5.751798240506419,6.519414626541803,0.03064560099202307,-6.589369271644752,-3.88129911478868,8.220126416256814,-25.93478130263642,8.740410486130084,-7.88616514941209,-13.020503462926822,-13.414167754457766,36.35352883775331,-11.08499813059336,1.5016203072961967,-1.3245421421306578,-6.4662372729065485,-22.219880528421964,-7.670814525722184,-7.087422797981613,-30.376766851151416,23.527010633594983,-1.9766327874051801,8.797124699437733,18.367495522430303,-14.563942782929288,-0.9569821952604537,13.848113918276463,-5.183346802468739,-3.624208793551158,-5.920550854397498,3.1951768700081087,-7.393025179895688,4.559658269668217,-18.706964156550466,2.246877841035097,6.6251775716722205,9.101212167842142,-19.490019650956672,-2.82227809434359,15.557197150744654,18.734420685176488,2.052806153968828,10.503929445645095,-14.113972885124515,13.05785007510214,-1.1995346282500916,15.644842832143997,-3.8736747544405254,-3.0410515320039346,-19.018227009003137,0.6660529288016183,-7.734978619054904,-0.33620061573719356,5.961046983105782,6.958648570467639,4.982030990461748,9.315895044704034,2.9860051650991255,7.629991156719268,3.7011895855889647,-5.752117530777136,-4.622198442890201,21.203900031197172,15.934779842457745,-13.611088384428434,-20.8638207467863,-14.763907797930806,-5.1200301828913215,-19.723506003640896,-12.305873197840207,0.9466397789672545,4.384876703604722,7.945863066071318,-18.301279554345143,-1.5845577233572719,4.990416198983709,9.224059386810017,8.086342397669734,3.1471664983162575,-5.04441963577497,-10.70379326179889,9.948024543327476,-10.736795145732291,8.071266196940458,-19.93402925161001,6.427611957034885,-5.221586700896369,5.902412707013674,-23.449305001341642,14.03012218203183,-11.54776281875085,14.662592565592202,20.96164299222764,-3.695448663442994,-29.68722458103405,30.420871863677924,-5.007988934457615,13.374989334664269,-0.5743709558441026,-0.40584420372195473,0.3391108106972047,6.3844775595655605,0.7299641112141491,6.872933783974408,2.5752831102043774,-7.872324599076209,6.369217535522313,15.879719313688295,-14.498454667164694,-28.76369796228691,0.6670957330874112,12.557247309546579,3.0594070636301964,7.898514678169485,-14.338189251974784,17.090332834790726,-12.5797118871845,-3.172931683204183,-0.3130142015133631,9.817235918067972,-11.14890760626716,4.070842147081727,3.637419703783388;14.794832859235067,2.2601734172076204,-3.289211278115113,-3.124995470209526,8.392777811287925,13.448692512575434,-20.9513911195717,11.463462642324185,-0.37708001125321444,1.7513166576605168"
23,1.6977173192145532,"-5.192726783690378,2.4217286154457893,-1.811592739465106,-4.709567462287472,2.1842851834708292,-2.2026489683831785,-4.978266030529421,-1.8701500094821668,1.0886383685277006,-0.6393266493925102,5.32587650369541,-4.579665797557569,-8.685892351135262,-4.775503637986246,0.6994617034257792,0.9644097386181907,-0.7181326511510762,-1.4646115655653238,4.190127934646424,-4.52263170745911,0.09779614794190561,-2.5790644647482845,-7.057592165099308,5.5235480208319405,-8.75582951390069,8.449796451337953,-2.095320183488216,-2.582671391762628,-5.910761965803786,3.66496421549799,0.6783775673782423,-1.400752745141715,2.3667772021852227,4.18473532807455,1.8611907518778446,3.8783315722728284,1.9545362492995078,-2.5673614068108273,-1.1404200100484692,6.334949775500639,3.8378566897875666,3.6286820875114016,-0.7478521571198513,1.5585815203626079,-2.515046198212037,0.7810586978038372,-7.3471269531534915,-0.7947236778863722,-2.6980457350892815,-6.401618253290958,-0.5023492843660294,7.291890580241467,2.5847465810092425,1.9743426959719879,1.620384223769171,-0.6795911745078972,0.6670538603698692,-6.659957170248192,-4.185240699347355,-2.446521435278485,2.3058140729163683,7.103912153132782,1.8661576389604937,-4.639363221153378,-2.78472751828629,-0.016185084086605787,1.2679922941287058,-4.467241054296232,3.594997524427849,-2.3727689232880196,-0.6045915598807434,-3.5271688926448563,-0.039518646119320655,4.786704923495104,-9.040468462214427,-1.5949773273895445,-0.38107112304625046,-2.34790970783742,1.0907392906178592,2.745369661080489,-0.22936357965062415,5.242774896641449,-0.4685058181919195,0.9866882818302468,-4.043896242565042,2.7422649367656735,1.1925431399380637,-3.0747911992370534,-5.531349144079805,6.486222688749809,5.320931107985563,-5.780789171130481,-1.1647645463870666,-1.4117744789831201,-1.2998250899471813,10.706127240442719,-0.8170292807205768,2.152148970442146,-2.4315013935403513,-0.4365452470241105,0.4111562880011001,-7.643599110723264,0.1765348474626911,-0.250921022204587,-2.400053545148532,-0.11545161772412693,-4.097076973231818,3.996788726972319,-2.8037035789306604,-0.9451030824862175,-2.605168457787663,-3.1918844185160253,5.27219124430732,-2.815848896559329,-0.6571211988647275,-6.086586699505842,5.035562393950009,-0.41877351709009925,0.024264498522091654,-0.2807367902382776,8.079299556074691,1.6051998966927106,-3.669825503278806,3.295371921958059,-5.11969240025125,-2.229401071843206,-0.3789982045947671,-0.7086929420091643,-0.3999467331391622,2.0242370293103384,-4.2968831705917685,2.7643412612441085,1.352792255284268,-2.5458297476761844,3.6769220897927233,-0.7308104605626594,5.915637974459765,0.2874571347664876,5.521841979632142,-5.155902276848106,5.910564717397214,-5.542654106718573,0.5069453953629324,6.72645038233385,-6.786719170899596,-3.7551921497513563,-2.235390811994204,1.0714943187528096,1.9822324405257552,2.9825427158729036,-0.8930043814353428,-1.113130148762819,3.8598157288553026,1.5759657114211305,-4.428112164748931,-3.9068466704525,3.147109657672437,-0.21598487146680956,0.26082621972663084,5.8642983764379215,2.330616118665074,-1.5337054941185828,0.6074288030122815,3.698729708797222,-1.5476220783764838,-0.49062485076709006,0.6657914427665923,3.81052145419947,-0.8604352569948781,-7.900450723184141,-0.7066394271497798,1.679024127431589,-2.2510543139833663,-0.005130007637056677,5.845929038778175,2.7605272773817,6.202889774447581,-2.1127754358819306,-0.4300175472272991,-3.998552528024055,-0.2933544292246182,3.8975071862128288,-2.1595469597074772,0.46907189240774305,-2.2245020999459433,0.4176182376760652,-1.2052515381509807,-0.0282014554502652,-3.7514908487967356,-0.5262654845729013,1.570842531017829,-8.537410042386298,0.5085141583346645,-2.563975834076293,-2.4484130455200734,4.866464138774986,2.03945579236073,-1.269792722573262,-8.434299812051371,1.4392049810972685,-1.3330872514618488,2.2742817232603527,0.46028530888834474,8.43350442742,3.704635289242525,-2.695081795623299,-3.383832034362372,0.6220157203187724,-2.6994757441555097,-1.392271642939721,-3.424086773507662,-4.132143178860698,-3.8737191878702384,1.965592518433744,-3.935073049308281,-0.9202784173833523,1.0046095211347548,7.292317154247133,-0.8991414113888996,0.18650004139485432,-3.6513083094687926,4.905735065074047,-2.060924551451974,-5.705118959841732,3.267029662826317,1.7105818065048877,0.021809537439455573,-9.47241948459299,-2.8290539921078515,-2.9431200934939046,-4.465444661926389,-1.5663774155227457,3.089778623506341,-1.0950167848712744,-3.4962127629704685,-4.958905164637933,-0.046115924271360464,-7.271838250825542,-3.4618888803439276,-4.189224870540849,4.660615582822359,-1.3613488138770204,-4.5415195088452265,2.9647347091250476,3.4973284008486076,-1.2778330744898334,0.5127203358480408,3.2354299903144343,-4.681910709964928,3.0956478510409187,-1.0473057586019083,1.3822907285097934,3.170547576291918,-1.7195020136390426,0.6332839465613276,0.8491316653601145,-0.9371382581699692,-4.803530008616098,2.0384067887476105,-3.854985486126406,-2.1593723267547382,1.5583674400626917,-1.7484833937096897,5.516267014834099,-3.2744324381268552,3.1358526951946155,-5.135706719159099,1.0300614239409587,-3.9931274602130538,2.9270782553965606,-3.5742996954322255,-2.2783901146313625,-2.475903611189109,-2.646313540109425,-3.374713144557533,1.7069444895833872,0.22968613076067035,1.0718491194117148,1.9448373906329308,-2.55138925875463,1.5689910486189813,-3.1280762532372988,-1.765082217640296,-2.8621083528714375,-4.725973854049634,3.0091424042686468,10.329398954932838,1.449359839906283,3.514599194661598,-2.8215706346715974,-1.5900204416736563,0.2732462414438469,3.8923308601585833,5.529117425541936,-5.805269938924227,1.5592500348333451,6.3700059536251254,-5.513862556566592,-0.20275931025241778,-1.4429449933670124,-1.0021189236041572,-5.584695141319022,-1.0863478259999204,-3.4319615342518937,-0.8369788609756927,-4.157119281387143,-2.2264436716286715,2.519883514128793,2.0378667615262174,1.985870897930094,1.0551514356790208,-1.166438139279924,6.316814444761939,-0.9808498393549063,-7.5116216304794605,-5.194508612814406,-3.944754882675473,-4.721966911515061,3.656757510425073,10.349545147672865,0.1405006648675154,-2.558934354393547,0.3344896478381767,-2.058429910859317,3.3910155974249125,-3.333496774914852,0.8932271679983146,0.25136851582337005,4.047257215320224,2.193487507051426,0.31804486885344696,-1.9296603181475165,-4.136177496967715,-0.23361980313879127,5.381710398284792,-3.774809938951997,-2.034211548326388,-6.029884431444536,1.9543473720476618,3.5509402454823142,-6.147923171036135,-0.6773746046933123,-0.8483398272580331,0.6943590507701635,3.8677736311187045,0.9508046204143321,0.48267581166003515,-3.5050275132668816,2.1485551752045673,-4.316932203823238,-2.5300306593744817,-0.15855225323919941,2.8059795606300737,-0.7924558897377092,0.2985286425309397,-4.133213574049504,4.245599448346238,-3.314790589958749,5.557371323370704,-7.018195849961537,6.823097119965908,-3.5900064413607824,5.811098478358433,0.8611461175634672,-0.14666923623749217,-3.8249163039781067,-3.307610772521129,-2.2896881393788515,6.711532324702124,-0.7364791576542024,1.9906951584414267,-3.244551640794443,-1.0397625296152573,1.202828331738091,-2.4637224390676105,-0.14164733899138682,0.7074919470598947,0.945751632599064,-2.545404319065476,6.1232628928191355,4.985290113765098,-6.303591309482803,-1.626064040837882,-2.9737989048531475,-1.6136323195091302,-0.08495851218226536,-6.913543151999485,-2.67183734895411,-0.6893185879866708,0.8238475023353906,5.090556778369262,0.6339556171540045,-2.126288171357935,-1.9232482599591643,2.385455755874097,-5.287205062238594,0.21320084600656553,2.7005820407630443,-1.4689570778715682,4.578560500525315,-3.7675442745003433,-4.758154265547788,-0.5111758024584305,1.171378996007476,-6.411797257405215,0.2962363428435173,2.1521293220237934,5.665095849913669,-1.8050197446121783,0.8832512230996481,2.3484241060933906,-4.253729354929419,0.18094246654054122,-1.2119358427679192,-1.2492168970546764,-1.0995624700013478,-1.550045619866032,1.3257676328548818,4.613939138992214,7.037680340262142,3.7173769825924396,1.2895067889611647,4.932215844658064,-1.5548228211007156,-0.13139739719616328,-0.27165159080561296,-5.212537187494823,1.771215396607554,-5.951694045604598,0.49893798567221687,-2.420132958220136,1.0396123665849688,-2.8339767655139267,-4.31049234544284,2.6117034752593664,-0.6653996971240748,3.8886917650801047,-1.174095006716345,-0.155161839146237,-3.146143169541119,-0.5402743166398043,-0.06124270476506111,2.5775159687926124,-0.6186876173186049,6.05944764536515,-1.6399165450907145,-0.21344516188675589,-5.763615368916668,1.1764858228091226,-4.619611237746499,0.31812357203134173,8.831683335037487,-1.5879516064111443,0.22298812349240382,1.8794790192548931,4.1560529664717105,5.575519768323488,-1.8226041473831416,0.05692764673850856,0.5837231665232407,2.1744512551759585,2.022211779302974,6.032098079795551,-0.6650776222398533,-3.4399876334761252,-2.0953035445958004,3.1926942854492917,6.894110999162939,1.2463768715684687,4.439912845603302,4.382979861101245,-1.1559081258364838,-0.6485661186277099,-1.5552401458180447,2.880917804126592,-1.1688715294675704,-0.24615824958064514,-2.6943835531723983,-5.933134743019504,-3.2448089937128644,6.501533805128399,-4.365558661939517,-1.9029022932772999,1.641299449464185,0.8004613940659717,-1.3605967464392104,-5.676861612109402,-0.8110750988706437,-0.730326073358772,0.8291193613943528,-0.0491523304687978,-2.4953885858940685,1.6627315627346806,2.0458524004319383,-2.7815907485565203,-2.2170018431111824,5.389449033321519,-1.6750691131863138,3.1207953335924397,-1.7638843415833063,-3.097361125841764,-1.0728980931355951,-1.3489614323779318,-3.8110425278105757,-0.03520213461603694,1.8309952718254463,-7.799430095924746,4.042153935211287,2.673853164311386,-0.9048979078303725,4.8038148463984225,-6.542441775638815,1.2535890265501597,-3.964427211450872,-1.2337026668158901,-0.9539611616138011,-0.9211327690660368,0.46143370649663173,-1.128278208872977,2.0434361461717905,1.6516056077345382,0.7702879313492353,4.61438329658167,1.4052402319309123,0.3883742395999752,4.301981399710968,2.5707661977322402,2.837025273203078,-1.0470256404885587,-1.2751873895114298,0.43895709911600767,3.176779992383632,-4.354376038881272,1.9524825642218828,-4.770149682444674,1.7853463358206827,1.041982604690975,3.1531811401778302,-2.747184334840788,1.211577703494042,4.213920554293261,1.6866732231765684,2.8925536849012947,-1.5692302098570867,5.24206527673187,-2.601216493092715,-4.4292461417553985,5.437195762636697,0.24286750737997864,-2.1111073989657028,-5.936793277695086,-3.0061604591252435,-3.0916081063531538,-2.968313842200052,-1.1905367490596845,1.6185101304516967,-3.394282021437986,4.447104400569828,-1.8935837757237313,-3.1708432043553785,-6.17171828536331,-4.871084926670928,0.004411510637787497,2.8493894641530755,-2.577175808159753,-0.781811022339937,3.5392266047774825,-0.44654483844972137,-2.1425315482735745,1.3962977748701473,4.268055710964896,0.5353345023400604,4.275943317793475,1.085402460492698,3.193688545298215,8.988668438817683,0.437367153796027,-4.255770659521531,3.4334865151508445,0.5889934218938576,-3.808407620395338,1.6431047798622833,2.969437200574741,-3.4609080905281706,0.6712496490603804,-1.1152816840706457,-5.292880581669075,4.956245189771204,2.4715834067471407,2.8472048043303935,-0.42978791491408685,2.721909293993005,2.4782692274645237,4.35150395021428,2.779078722071816,0.6806133598864521,-3.513797599250914,-8.436842071444381,6.379230605948129,1.7830401983964688,-0.7038066651146222,-0.1099749999987848,-2.8403614161686006,-1.9586414165411128,2.5811475798798087,0.12222380717519923,2.727079803702399,4.340078813950082,1.8456288902328493,-0.17818434457360022,-0.6558800848278822,-3.68544613168489,1.1593284348883897,3.0123843741885947,-2.2890516545600037,1.3998836722867485,-6.996221268233887,6.2753051164622295,-5.339019729704737,-1.8614141224257454,-1.434925779221103,7.5183277512613245,0.8651728420223627,-1.1156343187520519,2.9344968288217825,-10.113715167078507,-2.832840195522337,0.300584327122375,2.154518017586324,-2.115272834601906,4.703565621562468,5.306179709009602,6.062940312999695,-4.25908227410797,-1.5496618527623265,-0.8989452975453955,-1.3354826869292893,2.5648274875751644,-1.7276369698081557,-1.3593338540654314,9.09372388065437,5.520313374717151,2.9864388977299963,0.3943557653033336,1.8831448468759011,1.857081321970001,5.589167455625406,1.6214324573294734,-3.5106398317614014,-8.772522734785447,-3.3295213123751832,-1.451194952907342,-2.0613773664110715,-1.456132143074734,-1.0449320972739211,5.51976198580478,-0.440183812585178,-5.00440356625454,-4.943866101127916,-6.432835157990876,-2.8668144485089235,0.5656133312384717,4.647581209928234,5.275028085367474,-2.1415888461079886,-4.378398593400543,-3.3298545361950054,-5.512663140323552,4.615951184326079,0.11515399830467027,-6.990763870963783,-6.940764617532651,0.9915142997990645,2.4075616987935673,4.506098933336871,-1.788114092947958,-0.4650303434926159,-7.626197614536382,0.5532927896846638,0.7845940273197696,7.285965446429245,-0.5366587094716289,2.7346508225860005,-2.581427958184364,-1.0315978226222131,-2.463489027860903,5.639708504187311,-1.214906217888742,2.3350930356740975,1.4315157985812446,0.880873670490424,1.5559532855348075,-5.444848755041206,-3.7450177184553,6.48205344850191,-2.4156367994940435,2.77919786816204,4.535552110955447,0.26464492303758336,10.11709430777912,1.807187586148337,2.7378579547113366,2.451353562696022,6.505373100497061,-2.330201922748321,2.5283005623575505,-0.06312180135472789,3.6576287415112465,0.6128094066151166,-6.226447092444941,-1.885227145567187,0.13204377524687105,-1.7001204819941704,-3.6902667962967275,-4.167544129165109,0.1936391628919245,-1.810924245732274,-6.600320028404224,-4.869024959588056,5.779123972672302,-0.8912104582147418,-1.7960905969721916,-1.0912215388624809,-3.5076153109721195,0.5235751131383005,-1.0371696942792226,-2.5385785682773623,1.3198334037616466,4.910812049147822,1.7438212960967352,-4.372836647561681,4.783745933100967,3.6427718251499868,-2.6312606349866816,2.204129864968797,-3.292335842741118,-2.620276470672445,-2.0967251515419485,-3.927470194633103,1.6642710753255259,2.804864152013433,-4.315104282850644,2.266625182441439,1.3039032499884262,-1.5186224018201007,0.6294956282896125,-3.7550440440867363,-0.0019832548850708953,0.5247193213861494,4.670536284372675,-0.7639817373515834,-3.4903693520062378,-3.1622510850927164,0.641091269887559,-1.3337440591172638,-0.2364199681416821,0.6411081504980656,0.6329686095469084,-3.9373336480274834,0.05497728819961156,-0.4540580442625466,-4.886660737580481,-2.638829937401532,7.25550657262213,1.7022491919641836,-2.36111044039324,1.0905243460981402,-4.211033566187702,-0.2405516438657176,-1.6187042898138921,0.037536191770905836,-9.764783509976365,-3.240065228981582,-7.163894220860757,-0.848537808661474,5.433249050702618,1.5203050606323896,-2.0516641063421117,-0.09170947073598956,-0.14377615326710003,-3.0070495812969344,-1.0966124922034124,3.523863546246255,-2.3709371714579546,-2.1650916998494183,-6.555683727515192,-3.247450771927862,-0.49718098682294193,1.817116668209731,3.527727231598317,-6.289614054190826,-0.7519465941827449,-4.345633123803874,-1.8478363050361386,1.5062839175905003,-0.09412754269463774,5.748827143459009,-2.122216866749413,2.4038811965188343,0.15027253138333085,5.196272187515926,4.135887872240496,1.9257708139820626,0.4174930521396705,-3.511934312307454,2.2938542962471486,-2.871670448532056,-2.796636311865917,4.234748111371776,-4.741799351721427,1.5582163781272675,1.6474038942838691,-2.2405039122245123,8.123491796368874,3.457993307330625,-4.000275028554605,2.049422986055777,-5.991398441034402,-1.0863070266320136,2.100335649975592,8.389422601971084,-2.988565633522322,5.6011605302591345,-5.003529781901298,1.4359381040243355,-3.035039025970944,0.2303484582953721,-0.12660767382016602,1.0635866242577907,4.209391667139741,1.6530525855080787,0.10964508376660875,-5.224798003406172,-1.369212080509331,-0.4749235498317311,-1.7496411698526972,2.7218323484560796,4.046519004027259,0.3556478898558058,-8.242048477024325,1.5211820154766755,-4.6988686220184555,-2.5737808007406415,-4.545742012833283,1.82641843064351,3.387934096006264,-4.236037536921199,2.2048161160011803,4.978045268495411,-1.204873542915553,-5.169283595901206,-4.603561819392542,3.207086338530432,-3.608821992311731,-0.3259478712143553,-2.8642788980200473,-2.1226093184989474,1.0129588380261847,-2.1744244108602375,-0.023931549698193777,-0.9386829702344859,-3.9283295261121696,1.350613730292428,-1.3067152559268247,-3.631182719732228,-1.5149238773880374,-6.076686185530367,1.8467846572209607,-5.070406898695868,-1.6553571262111073,0.3900499011066877,0.7507944363811888,0.2638749148816726,-1.7022440821384677,-1.5833050324196267,-7.599036314153176,0.3947380239522904,-1.6550409261736034,1.7886441705800782,-2.5903825898991935,0.33647941635725553,1.629309428082715,3.2627610458895053,7.358165211623153,-0.43791587185908853,2.150792052782326,-3.1969432316769146,-1.0465213109881133,-2.7851880434330596,4.3466219465598215,5.434490188766011,-3.4398410619730626,0.9287190624726385,1.0384716855079423,-1.2371472350848767,-0.8199718439659207,-7.301562033697906,4.622380118899777,0.19970587386046515,-7.872879747449133,1.3686838578057445,-2.390698918429587,-5.083642296004674,4.780157259281897,-5.839488412652381,0.24678820528518708,3.2843878108568854,-6.271433772288113,0.4947277359086474,-0.9308188261025201,-4.513270979070488,-0.6736714401130686,9.179142580119837,-3.9353027729083783,0.6367608442467775,-0.9827263707486991,1.4276999373123476,0.07869422180017394,-3.986911811966518,0.04843243555665855,2.763342734158888,5.2325554232054845,4.0037434593788905,-2.5966606367238345,3.165119272870209,-0.5337336665928607,-2.199901761068529,4.726916273811316,-2.7528203481096427,-2.7194773855577914,6.166992573408345,-1.5627639349576106,-3.752516116102722,-4.844122807334282,4.804616001728381,-4.497798236382025,-5.176271959179109,4.302280357646721,-5.230293628394301,-0.0693510435412028,6.192357863599902,0.43375312732274396,-2.843591586716977,0.6160503516811936,4.43372132028985,-0.8470900863857043,-0.5952487058983318,3.2263402361971796,7.5251974791939436,3.466983567698636,-3.265757954482952,4.981161116490782,6.87658276345852,-5.438716518895565,-3.296888830964053,2.2986075963972006,1.9134421051837678,-8.055362570402448,0.01896524216583051,-2.7439671019182836,0.19906083614968798,1.9514821872640906,2.7157654233476474,4.686067408766537,-2.2349379815958765,-7.937237225703463,-9.999290929522726,2.549037936826178,2.9551244627879196,2.865414846938149,2.067964021652741,0.0342500294246153,-1.6070837721222604,-7.789773560000452,-0.12062761980710734,-1.9883756612763972,-5.3671167480366595,0.43627944472336666,1.9025394185987226,-1.7074900248782923,-0.5875920677358601,6.582957270236644,1.3127766808024424,-4.91094109127296,2.9093878839718768,1.371240774652477,0.6099020307301857,-3.373370078108354,5.313306646392079,-4.703036317545267,4.139485127875963,2.8746630170517493,2.4445946337817266,-0.44076672002871176,-4.723308318560438,-0.41780726045237004,0.27772226744550454,-0.4496687959989426,-9.74495459835564,2.1800133237225015,3.1271333449793834,-3.3651675466735917,-4.276529249798673,-0.08103410210460904,-6.768171879787994,-4.372426843438422,0.5486395474655618,0.3973684321624755,-2.779523669208187,5.8711365429789755,1.4440180995024867,-5.957654074764848,3.570850868773367,0.8340090206550101,-0.6468490718772395,-0.5576135264860774,3.10588133121946,-5.407872134164311,10.013539116207351,2.1003847317386333,-5.035308628151369,-5.186905071463582,2.2827000839520193,4.088388580657889,-3.714113546279153,-8.57810615405133,-4.794579886550595,-1.6199751440595251,-0.3150212217794399,2.890838541831438,6.864781731038482,1.8679852922178546,4.916781808980493,2.4784048867980384,4.189650099244103,-0.6156532814523508,-4.849574617787883,4.785289588978161,5.252560271314683,-1.717423233941935,-1.2154212510389684,-1.939503668087151,-0.6044342004526037,0.3135720442527723,-2.184739111516353,7.213238954482227,-1.7149189252755435,-0.43402694301036016,8.70510669864091,0.9931067635535695,3.998000947480594,-5.577056845771022,-3.987845778944047,0.13481618385138194,-6.504459589071432,-3.003389411026946,-5.7622399712695564,1.400639516634139,2.4705711654766187,4.954188512759195,-0.02196539508671358,-1.2410484576870247,1.1821284102792038,-5.008599376351585,6.1116225270942515,-2.7302401171785724,-2.155850108559176,-1.5386471758980755,-1.7867657586350996,-6.323066742834887,-3.514268580441653,-0.8700386555312001,1.0623221070606503,1.147163472809799,4.2850100530010895,-2.0110922766851864,-1.016851824439012,-1.044597331571053,-2.589413948075333,-5.006024499341697,-0.6879354308899879,3.228727465539129,0.6312429214723447,-4.671523603279814,5.499183061452184,2.7475481202854395,8.910012127766027,-1.1209547722040658,2.66123189032305,6.89837945259927,-2.912555614510855,3.405834725359667,0.7590588059107197,0.01315834584724973,-7.35591702813687,4.65993044806644,1.5513685671777326,-2.8646200707655227,2.6574068570877976,-0.41948980205111586,-1.904218939405186,2.2339773357374426,4.855056778113942,-4.011051372226593,-2.7697023508506136,-1.2774567904338203,7.530155333902648,-7.110088746899182,-4.223368706833676,-0.29886118320730704,5.44051353109759,-2.851100381457565,4.216467204269912,-4.31787128939505,-0.9829563039553619,1.6469674888109056,-1.4952956855739095,3.952237307093996,0.9802154165274879,-4.32486786240363,-15.20099301708378,1.8620472424543544,-3.4509052104092017,2.909559511368638,2.6120885445388846,2.931977360318112,2.553733482075504,2.6525227484731815,0.7258609935988132,0.11753333035013935,-4.240781901946411,6.46559615124627,5.541784697915526,-5.801119457186483,-2.524946450207465,-2.2732294818231997,-1.5211652158949112,-6.7118051599292325,-3.720759402529331,1.5305440339444787,4.064192214723202,-3.2633306682831345,-2.3870871096261785,-1.8113756596594102,-1.9109821847075974,4.2536766873565135,-2.472457275390619,-5.810091636219815,0.4776691121058641,2.428408644681094,-0.7612626588663227,-6.011292794155249;-2.8511952264177456,-1.1829793661892727,-0.2306496275694021,-1.2643290889071768,1.719055604125159,-0.5497252378252653,-5.979835203411387,5.02827678778925,-1.8268477792226419,3.7080530533166196,0.05840918499973391,-1.2816413941499905,-1.0325051626214032,8.28919651012193,0.2291609483453555,8.439819802100246;-12.371282010817731,41.8756094752306,50.12695203974484,9.061841842774388,41.41355571727176,-1.6411780945334893,3.682668147051127,-3.798181478621329,2.739370038845987,-15.751842166996083,-28.0952087815962,-17.55108611484246,8.353142992468275,9.853771457955657,19.390220273852545,-31.68866534844453,-22.394862229897143,23.61618096282052,-48.74338969595756,-5.192390777756002,-14.460182049683292,26.064247989124393,12.489184180636787,-51.33278087935214,-23.199934471670776,17.322860638335154,6.0612893233735665,-3.661930563966638,-43.21332005754864,7.721176659740134,21.31054259299185,-49.08519977092289,25.06060768759085,18.38922816728026,41.70998918692692,19.85214130220826,13.145819952362547,-17.397470597751866,11.796581197241416,-10.261476119189053,-14.405867249519401,3.0106274123165813,34.036115316026034,-52.45123912017776,23.830409154856564,-22.563616854737987,-36.019630479424265,-20.236710168381705,84.31783989667397,-30.471965622821997,-5.7988007317242385,11.107133236734917,-10.566124230709079,-42.0043222188742,-11.294881633678159,-16.936091091406155,-77.48688968754261,55.59070428489679,-15.25301105804266,18.75701781874594,52.49374420265103,-25.097490634592454,-1.7906288048852794,31.305064383071027,-24.232715217758436,-14.548198865013687,-10.090242088514968,8.43528319241143,-26.598356047230496,12.719300020300121,-48.06757058278914,5.8278781818188765,11.638526587086874,25.54572287994475,-30.430283401860176,-18.72784963787636,45.13455018065377,34.92157360096936,2.733751062167806,15.418407790232639,-33.49243857525532,39.24740061199741,0.2554693590664569,42.67294593077033,-18.88035329817305,-3.6220531192823735,-43.22528817053488,-9.772403261255485,-12.533187639107132,-1.772523397620464,23.19469396258572,15.909214708867577,-0.8397329745905903,24.657281316392385,-2.506519218075746,21.208282986679716,6.097529512775122,-10.125602513533051,-8.47834004105917,58.52054416181988,30.84543233288144,-26.132315713161624,-52.67881727627647,-38.84514486678067,-12.099212416492728,-57.88384817229026,-24.39765029790416,1.4357786566887822,6.921287642346838,25.107603378739533,-60.334249408753244,6.14437062170761,8.231867256147474,14.186336108253883,19.16333500397286,15.467933561844175,-6.559715146196439,-23.769767927979267,21.103534455027532,-23.94037848398277,23.126873758797537,-51.86310229580888,13.336932979710149,-11.407132653360359,7.8830981495561385,-68.28397095922449,18.81719741469343,-28.170018902735613,34.10306326668949,48.73144758124963,-9.004476713912293,-71.05237716535707,72.63933327188003,-5.242410055137646,31.552315624039647,2.794726935834761,-9.731261044150065,-5.738965311686851,13.50151699602731,-8.130429254761912,23.961303835497255,6.415196242453158,-19.213827755097046,22.796103559437697,29.49846007229505,-34.86716200972431,-64.67263403966125,-7.645286714909953,31.620181668946707,8.364675192269136,6.815507814042376,-31.44174547607496,48.76130578762685,-31.03455172631674,-5.96370268522231,7.089304939600629,24.628569134641324,-35.430467680326416,-5.469449206205508,17.883522396067782;15.720922708476591,2.420437735352887,-5.030452098891115,-5.011118575329941,7.810061578140939,13.40227459903589,-20.033589502783578,12.088279515845901,-1.6904585038901012,2.2853808254098236"
24,1.6881668114182524,"-3.4118032703146888,3.366156895756541,-4.3617239993732415,-10.557624324433336,6.561923944807324,0.5911421692315162,-15.225946209230178,-4.394774744993467,6.012105073314267,0.3417875297348376,6.17580915773211,-10.34730563184352,-8.49562794860703,-7.598722478714185,2.064437430252128,4.284203315320266,-4.740854792910916,-3.7562686477684215,4.472636615953376,-14.542872184904313,-2.3586500637148626,-8.526113213486434,-12.306337852440416,15.327796676685605,-23.73527232086661,9.704140460410825,-10.343363713660553,-11.655694166916993,-11.128527953397857,4.413682499939795,-2.788374738766002,-5.065691661022075,9.181491006923485,3.489872080640719,2.51026772056691,6.523626649242933,8.0077977662164,-1.8715101694762857,-4.225428199877813,4.478700437890971,-1.80223941604517,9.327982937983014,1.515850701451106,5.93692118262138,-7.393483588392455,0.08450471846651553,-10.534277924475242,-0.11707439310677836,-4.84337781606773,-12.423094537807682,-1.942652048435986,2.4425539679656456,4.756128708437286,1.8907337192493023,2.364455530258579,1.5994742559911532,2.51262638242465,-17.237620924284972,-11.517799638137674,0.4036629662448217,0.8576382619122408,10.203242376765267,3.583421741471617,-11.962626828111446,-8.20077166460356,0.012135713113872737,3.3536732374274876,-2.1276814109284334,1.8822114443515017,-3.796586441075176,-1.9540932972262264,-8.650854644176771,2.217351391032079,5.720745867414425,-9.368555516604607,-3.6970204368438857,6.891548941245016,1.3790343847104083,4.514170949479667,4.40238731264818,1.5320093221563043,7.899463714167853,4.579511415968216,-0.027757199043155767,-10.981816108335444,2.0877912078633276,5.858690572855837,-5.0937764149358395,-12.682900779076864,14.673744524672898,12.138530127765405,-9.332631795850865,-5.573226641271094,-1.1339718350589112,2.3679995696995104,17.233055895971862,-1.210689618111655,9.083604043600538,-6.737999370178802,1.9752045056782952,0.1462846899136474,-14.400603318111363,2.368339985211156,-5.6197616610831895,3.1267907061105094,-6.008464188571847,-9.243991550808815,4.537018669335432,-2.149075759605531,-0.31298603722628315,0.4557246664370037,1.0920454979795333,14.028739909274805,-1.6573626237067207,2.266237813759483,-7.411904604114371,8.397904524910912,5.327125721226736,-0.1742465488493672,0.8685046992255017,9.51533633989898,2.186024947621246,-8.956660564741876,2.534766171285338,-10.942369237958905,-0.29583820179293885,2.435296029415977,-2.9349972927829073,-4.463520789844453,-3.816835230082696,-14.44729232939135,1.4006159474913715,2.6390271444564894,-10.070658355686607,9.1609383029824,2.3044811398254312,11.62357270302577,-5.981482789686898,6.09699903817056,-12.440696673216815,10.810853692194348,-10.686624525667732,4.038740563320141,12.746177728270666,-9.974619299964413,1.4646216982270015,-0.6626681432288981,-4.312244569838452,0.3986183494865947,3.8682738171392734,-1.1277265316068292,-7.04938552719135,6.647697252555807,-1.8504878451990323,-8.309988013781991,-4.825653324266395,4.590910795402289,-4.999083213682183,0.39387277924234665,9.443438011496207,6.985805990443258,-4.15468616653318,1.7351721326445069,12.818188182588834,3.2878499299739676,0.6723263578631582,-6.301749674310659,10.551377336833072,-5.528452317479216,-9.407618427508066,-1.6407541826358143,-3.7496118999692474,-4.5514356182604505,-0.4988019319598951,13.234879188434022,2.829913257239899,8.800545212334757,-8.29236642523855,4.362544643870745,-9.23941341065459,-2.7027116959110917,6.44134378390192,1.5300398943663474,2.2212975628907143,-1.1095137703561293,-0.17478917112487258,1.0315865920937424,2.752498758353127,-2.512323144327184,-0.630141528805505,6.5567205473705314,-8.363366038766312,-3.105172873993218,-2.7890285776443866,-8.18807987870112,4.252649162556182,3.3222398060168334,-2.8652440825690264,-16.088778896625662,0.2711908535730077,-3.4922407048295048,4.7168245861875855,0.8926115031438512,18.07531376676309,6.542583888978835,1.159114294562436,-5.649017926336235,0.19733665775299414,-1.5586884205353249,-9.272550098497161,-10.051746522212591,-9.343600572315616,-9.310342521892787,2.6875859846859695,-8.617666985583305,-1.6324519267355497,0.949985072170521,15.018046202101361,3.501382612185747,1.8510058359169625,1.8968527396012669,14.361101438855806,-2.847865981342139,-7.140345421633941,11.311014817399382,4.200881597161763,1.5376449945228718,-8.475606174762868,-9.82409159742178,-9.818341382090074,-6.798169229070308,-2.9611294631816167,6.029690802342338,2.2532316567736843,-10.813748853495362,-10.849388384668874,0.7247196236270014,-13.009112832821465,-3.9540035382668126,-6.690888094106372,9.555279943016224,-7.691371092122007,-11.596638844424495,6.486539461688642,1.2803850710981215,-3.1139716815464085,2.4522920021305468,11.964635210855512,-8.59087539548292,9.479087607214984,-3.1014677404549023,-0.3699580129021126,6.095409209086801,-6.5632325774889555,5.010242996056633,1.0375035792162606,-5.370861844300521,-15.904271659353222,-1.5254754898048588,-6.738792687116289,-4.589972409906817,8.550372371787091,-3.957113683779948,7.294706945148682,-10.036092684215857,3.5560396405489443,-8.103198779737419,2.2989466731787367,-3.2426156921716407,4.510190285330539,-3.970943905994308,5.23283969270221,-3.3344822300768673,-3.417551789210101,-6.959236415551684,2.96320560789556,-2.671933067711167,5.2378645220927895,5.41170617286945,-7.410618245028171,6.585999972598592,-6.1226991370449335,0.3225421157204649,-8.299311009020167,-5.72569582513725,5.98161595145788,19.416703535888082,2.0143828346026664,4.506933329527718,-1.473467286856543,1.2221061094407446,-1.4032885889217468,3.025363753304765,11.189613232462941,-12.738134666014579,3.060449148781244,1.9843579628466288,-8.614063535500724,-1.5651214293333073,-0.9251806593728962,-6.4020710017176885,-0.3354856230086165,-3.246210730638991,2.5628569800729357,-2.170218199928462,-4.4597742444297355,-8.91523389746817,4.584853081268716,8.604808756759144,-0.8993261591641888,2.167332315524455,-0.479786052929522,17.80302064612004,-2.3438384255644156,-16.96676597444749,-8.22092002884337,-3.972771752463391,-2.891378153342208,5.765168460703538,11.322837422694798,0.8909673092586639,0.09221511920640713,4.308821348371831,-11.846861049476408,5.483704557073642,-12.37703509871526,-1.5178118894342973,6.751351597998489,12.132685507766519,-0.2612388589937671,-3.346008739248003,-4.688044054417668,-9.465201469662833,-4.5079395473699515,9.277819367076116,-8.565900221777168,-3.722146947040062,-12.308274164313339,5.488407415676832,4.784444726280071,-8.075109503157197,0.7781186922003756,2.4551910840231628,-1.9161648400249902,1.824661153685196,6.089378799135706,-2.6513823448447793,-7.776012972947718,5.498388559242275,-7.45958815033957,-2.20894440622037,-2.780809039933839,9.04150412007764,5.8010676704079085,5.914629933318374,-8.815000781076977,6.669498581864504,-7.818839617275451,8.40530210192368,-15.359427950863052,6.030993761437163,-5.708596179509209,6.8132005802426185,1.595782031633158,0.12760675568827073,-2.1261688157440197,-6.888782605018344,-5.148800752803725,12.579890727196847,-1.122601533946185,-0.9799390390313394,-6.201988624401578,-3.1769808956335504,-5.929826367511132,-4.8941553862191505,0.6463529381216301,-3.2704166527828544,5.7625751081174545,-3.257150594423396,4.701148727858268,9.802641291547339,-9.044998137304335,1.2696452517191619,-1.6317256413931487,2.3398739386282337,2.285752153510092,-17.734329366426977,4.211103925920215,-5.4057579730042,-0.5952043071243263,13.589818763773298,3.0692058630939627,-5.883440916028217,-4.959304487694845,-1.1296349185673424,-14.005338786528956,1.5009826033362952,4.7952704898718626,-3.227446058166022,8.74930481368034,-7.678470479953375,-5.059416388426583,-10.72406146452742,-1.736795592181919,-7.971096260151081,-1.1786506542623778,6.0263587868620405,13.739387950050855,-6.639844489330471,4.7750027692569414,-0.8665495602752327,-4.8395039947558764,-0.6615377057380185,0.7968025066141351,-3.4266009083171305,-5.423110374925367,-5.667265604895719,7.209310850864333,10.323215951432974,9.268245204338166,3.653256790640066,-4.231738136248974,6.302773470300749,-1.700055497889962,-5.963551137706384,3.5573156043156815,-0.8334217682888383,2.946354737651995,-15.013658951578071,0.9659650249630958,-3.327679120738364,-0.7985470351289623,-15.674535813309106,-6.5893210838490015,9.12385427051938,-2.0659042369028335,5.354282769671822,3.532126166333074,-1.3033022427631635,0.8810759924563123,4.304684605266741,-2.681507908477837,3.472043400260349,-4.721950799660753,3.937386965486557,-2.3543826993576116,5.088677788489811,-1.9143603292381122,1.14594511575436,-10.231176778231875,0.18775916640331308,14.543353539812086,-8.23781588713087,-3.805668523888615,8.56162921052297,4.026726759398647,11.908336145591027,-6.609968773547805,-0.6633584647197582,3.0349969381293502,3.3305606935729264,4.687573406366217,8.743309381978522,0.47592921290213874,-6.035815595988623,-5.6472349825684205,8.647543920172724,10.28981879273227,1.2172191896155624,5.5813578549001335,10.905979866902376,-0.38863878294874366,-0.1405292186984335,-3.715532087478598,6.907475774249858,2.4953957334585044,4.556931142715122,-1.4798342563672588,-9.521925775957481,0.047075148989207394,3.352724680308538,-14.387327982032094,-3.0630846390458575,0.9695990782077142,0.48298137539422736,-5.7339124544297455,-9.511034597985073,-4.238080576546137,-4.2885923604346,1.8490510163841685,0.145027071884103,-6.950091491107016,2.4732627654911514,-2.076020535615487,-10.350179264806531,1.2101296304501739,11.37228204406184,-8.21798928996296,8.281933955137205,-5.709478120850875,-6.8309595682333875,0.8821920134051205,1.717920908806857,-2.7802248400819383,-5.369005083877204,0.8026016688710734,-12.916033780007655,5.4044147492190024,5.27935629841008,-5.507925736244987,4.7023661735668885,-5.7130621144786975,-2.8411319997866764,-4.807694547370113,1.865772452091531,5.398962365963214,-2.858479439275289,2.2462942840384796,1.171968479512453,3.4123942697650587,3.161528658045738,-2.646201396133967,7.195721446626223,5.534740519444567,0.15518304550782247,8.592098429652223,6.878132080372328,2.7635363708878384,6.2981580060501035,1.1634863997404412,3.6173494385605682,1.7234875235100877,-3.7274170882420385,8.244907691583611,-15.82230547487389,4.887297446717267,3.718188464997318,1.402649391496423,-6.880904127275467,5.030487190943155,3.344261612016672,1.522323460592344,8.625258351967615,-3.290271149785415,15.315319374976774,-5.428004247215647,-5.0392532426603465,4.856978616233956,-3.1620359308413555,-2.9865033797431795,-6.764006955002626,-2.9765419822326717,-5.0518768742176015,-11.315138028462261,3.4579726375766615,3.25500510710625,-10.213321613259746,6.26547427418285,-5.505659431503762,-4.030589489143408,-9.955366393389085,-7.050306499873541,1.1293258976989509,5.916169946985645,-2.3135034913894303,-4.388845730076439,-3.430074774722085,-3.430529234650052,2.790507364244783,1.2792485110587462,9.753594588873696,-0.36245157606643713,11.336051859410937,2.7211728187148876,7.393802992454895,14.988100071338103,0.3566921246288872,-15.740475471524265,1.8968245608315355,1.0084602623467096,-9.35956242511611,9.511800135936113,7.6698891663181845,-7.298221482211169,2.6339005233832786,3.837031528162176,-7.709862903644727,7.275441921713239,8.733017276543965,8.552088449441502,-0.7266880606937487,7.817864174985731,1.661177105196858,3.9188928889757286,5.635896660279157,3.7675065095629545,-4.200796085063049,-16.19879468365113,5.318758069617459,9.009829880630763,7.198182848164242,-2.2836100312852436,2.568034186854627,-0.011038460150853302,3.717139829147666,0.577820495407723,12.103517036749889,5.543300442313619,5.679193664050133,-5.2137717416882285,-2.152390931976133,-8.794502276351036,1.1766904915123793,6.351990315213871,-5.418673587475328,-1.0179060346901685,-14.325569642608668,5.821751288627766,-11.559628794765109,-7.718110195071404,1.2572389197862694,18.770296823367705,1.7838097211705441,-5.322945183532719,0.7939773589228513,-17.60037385157473,5.648472010516114,1.7912143533537812,4.406385864151879,-4.5247691812301785,5.934860515912259,18.547194215996242,19.86382446046172,-8.327801361509447,-6.155063716288509,-0.1095158657521024,6.101825436297588,8.470106340552832,4.573990055850726,-5.347096383707748,19.640809431992697,14.77832489172538,5.6398479521545815,-4.179764562770296,-1.260094709427869,3.1370442418606155,14.32706703074458,1.219430330373555,-6.247606644698452,-12.153561740125385,-10.965560718498955,0.7122415872697121,-3.17426356942227,-2.3877765720539275,-0.04769202052118453,5.2238970841863415,7.801552123899831,-8.538453490944654,-3.8736059675785386,-1.9579601486247733,-10.864264252498115,-3.0562337315968655,5.529821459933572,10.910430983789016,-2.069495332423987,-9.996133782219948,-8.211024848588057,-4.297449058250901,6.370401367680196,-2.3804414333871056,-9.506484060766345,-15.407276782872254,-3.3453819482619065,4.085272103270937,15.324190827315727,-2.861767541609308,0.2829491486091491,-7.087257754356051,9.6960583354652,-1.9033307294906776,7.747261375179468,3.7405488345233824,1.215801281826896,-1.5468392761515277,-3.4729292284384576,0.11825327558575482,7.585995339991775,-0.995932344124443,10.68755581364527,-1.6874856994170777,-3.1445239718327773,4.478803747112302,-9.0860749296717,-2.0594657732321258,5.829337507310125,-3.817365656830546,3.8014786476563955,8.766839469630584,4.276481744929955,13.51098880515924,6.6623238716235855,0.6176413267322998,3.7793454423813997,7.400018827989053,-5.1814766695419605,9.850659527856294,-5.627395277180637,0.035572543872872675,6.440092331073153,-12.322169654253273,-1.2160792968460714,-6.408980270148292,-6.852237593956369,-1.3892904168080658,-6.335741105134712,-1.9040080270127524,-1.134564641234999,-13.773930968994014,-3.605822215641708,10.685239112446235,-2.9420532597699482,-5.68951876215558,-1.756120795866245,-5.204273162557492,3.001612799756894,-3.677136182377292,-9.124116265252628,3.9190552554722777,5.165169112994775,6.180022608101358,-7.346615331489897,11.262707174501092,5.016136195559774,-6.8119024502976995,8.676471487472242,-1.0409612637733763,-7.021678115246548,1.3509549431879904,-4.954419141062746,-1.2416177797820214,8.29580018779297,-3.635248200672746,7.782829450826996,2.0400933387791893,-4.226694394500251,1.9149572559626222,-2.612690083104477,2.492219117575874,5.4936741564591856,2.3419825725556027,-1.3859364362007391,-9.207122912941442,-16.706250707947117,-4.381259840198679,-2.5341718266154363,7.079001122883367,6.953075671024855,-1.7439030852549404,-8.539114945770294,4.905221456175666,-5.243129649021815,-3.688574441400003,-8.821786711367356,10.379220205113239,4.152307484198849,-7.303855068398827,-0.05781339197970631,-4.287775108091036,2.0970931070527628,5.2026479439226065,0.19584646900997016,-20.689778099456085,-7.282966967300275,-16.73134441507713,-1.3549608679190313,12.721474337132033,-0.43042190370894806,-3.6535029812206643,5.468293900961733,-1.4991192483011235,-3.187483912750954,-0.7197289779504765,6.009865773458089,-9.896202778719283,-6.185360112182076,-7.625056333713148,-3.540498376814299,-0.3090772380141997,0.11132334616836803,8.988975727565231,-10.600325657304673,-2.6374588955955853,-1.8786283881035075,1.0914452337923057,0.3995238820605651,4.536964500117004,8.715168533759968,-3.933948329505049,8.999690566500806,2.3884820198710797,7.13743755520268,12.210616753369738,4.649894958981167,0.6832708714765912,-10.440982649948962,11.056888429646955,-2.300195856912425,-5.79259154471181,3.7931125278598796,-15.391848742134759,7.53569294548782,0.45724661866156113,-4.029575370136947,11.334428113836063,9.568977752989566,-4.831315729903947,8.685389474294155,-10.492122759017555,-6.273883262959478,2.90205478604181,8.772967421273462,-12.922288176753232,13.861538458605699,-7.683896611223003,1.2687885878666014,-6.023580588256023,-7.991255469430898,3.6651724479595416,0.08875987364659968,8.452250994658975,3.9815063234680017,-7.651578947897521,-7.978100663996653,1.46165081688234,1.166750299740788,-6.528769936365211,2.701671462553115,8.795279025300298,1.8391578013189402,-13.81589891267045,-1.204303323310635,-9.020031423110684,-0.7936259295869501,-11.411526301350452,12.164607386424532,10.43826651770822,-8.928539188097286,-0.9050777038117739,-0.4652437143374941,-5.7677342471734185,-9.085855878778839,-0.8416357803851242,9.721971818198682,-10.504483197476876,-0.7922678279635849,-9.702764548810077,-4.507876175703849,-1.1101569921953376,0.14935582670139314,6.698555192038465,-1.240369962005178,-14.753248601939577,8.127558954890127,-1.685163657750665,-8.795765251438265,-7.993632809773222,-13.516791518491257,0.024753077441422633,3.097177863829861,0.38069126794724717,1.8404341349657558,0.06140320097263463,7.9065470244739995,-0.16219698751340772,-3.4099194157938695,-10.819378004524786,4.378798570029494,2.896286256067964,-4.2325739029967435,-5.522081038130375,-5.673113275319878,3.3689512293675468,0.7749981498811187,12.127114234939027,2.251373067841443,4.498403895727542,-6.986550011738591,2.123268425817333,-10.85642430801759,6.9671154626965865,10.400736108465122,-8.177356208605733,3.749752518834415,8.156910886504656,-7.785937261728618,-5.069603550786499,-14.422961847392848,5.4017110291344,0.9695520739645095,-15.834420384738355,6.617171370203798,-4.740093143240357,2.4099932327400504,10.742459102213124,-8.091283384785585,-5.853399331023669,4.531836403511878,-7.661037575652484,-0.008344538558047065,6.624437902789414,-9.093768570706642,0.5636499356815899,15.238583019159185,3.496469667570706,2.335805762898427,-0.9707620599843916,-3.627296687778362,-2.379125345151299,-3.2899451166217673,-4.058155822799375,6.460354945512113,12.41148015833064,12.978471436367315,-4.699099030274726,7.624774960764895,-8.76808120038941,-8.470891500382379,4.7897090039210335,-10.19904958316098,2.1750441481879936,8.800160523485271,-6.655815122325425,-6.416157136862258,-1.467194738924748,2.7659408468152717,-4.991191094333308,-10.832243966842384,8.543873187665595,-4.77287155418757,3.3394753203247594,14.095101961828291,-3.8334324082074342,-7.250608339847726,-2.1188249237845014,9.153197532675945,-0.9809052408290284,0.10018092733491957,6.811047584937575,9.897482843286149,-1.7736691158147273,-7.614345837626494,6.14306643816248,10.376984356965236,-10.408159805998462,-6.899196426505241,1.5800806865316839,-6.984170038298525,-11.657650948363164,-2.362042253905546,-7.457800661207523,-0.46557439640118936,4.044129835519742,9.590787031331871,3.736603556155903,-0.18424620592110275,-8.076227107334535,-20.750275738235803,9.693787232275847,7.310924369295056,2.563599042320176,9.077905494015372,11.11021715204395,-6.589539249039873,-7.772364661585414,2.7819904945039893,-0.34873750753213306,-11.546897633881485,-4.295731516726643,-5.40519449520039,-6.3164965760818665,0.8613034546703677,11.314805639799099,-4.49788460663218,-0.0694768868363731,14.792759991780171,0.3735662143687364,-4.5020524669234305,-6.508862906704718,10.357901227912253,-7.5222021828219985,5.919190657947235,4.393730849595141,7.333922507371952,4.758733172568791,-5.761631655269449,3.2439537006940125,1.6123100303814548,-3.232467461615699,-20.521999701495364,6.309571869018444,3.700483653458663,2.202030100645352,-2.202490389267361,1.48252319603179,-7.398535447829192,-9.354410143993402,-1.1235301488271738,-3.3392707611283994,-6.507903910247219,10.981107807467485,-4.37947184841185,-9.586986691227036,3.6717177848923743,-3.6191055840843123,-3.9062698128108204,-2.343301512134815,3.456096848290076,-8.323522178381062,16.569302611969178,0.23075415079002226,-5.72970982773886,-8.309344316627225,7.3990054711101125,3.909589230734456,-12.303012664247658,-14.420583127884246,-4.24780980084483,-0.285177369375752,-10.003795905342006,-0.29480174871473697,10.150074398461935,-4.136082190081254,5.697343254366681,3.2612304703428916,7.283840796774201,-3.654111311072654,-4.456095670973601,8.436935805400065,16.39022252263955,-3.776492108138472,-3.012382305710225,2.6495548664553548,-1.327283686516936,-7.628735444758645,-1.6277385174901462,14.578010197206503,-0.715294347690254,-2.182089048912382,13.265566207047737,-2.414859305861689,-1.2378431565613697,-9.940555500696597,-6.492779636555169,6.5016559862437155,-12.448999181181978,-10.497709443227185,-9.929672736954707,1.9606211128229594,-3.3704976750653173,9.545555782327156,3.383572306591359,-4.8378262257231075,5.783416051312953,-1.656277877717379,8.28636012780824,-10.887062225810539,-7.795500143507871,0.4572920003640969,-7.146559128031886,-8.849377836416163,-6.856274385770078,-6.2998095981797615,-5.514848718518267,-0.41628288109417855,6.321906392510119,-2.015859996732873,0.024720849957511476,-3.2384559023354473,-6.778640780157078,-12.86044801870376,-6.163266643549205,6.943343134295579,-5.348099320672464,-5.719515244627323,6.62027000503717,-4.769143558726876,19.90357193546945,-8.908307351276038,2.531154223062734,8.536497585702426,0.6041932148443181,-0.42646731417542605,2.7796873123177015,-4.925113136734585,-6.747460474088648,7.328093075433757,1.6549339559022391,-3.374371620019937,1.547371285425052,-0.14119561193930963,1.3648176292123158,11.63824564884699,10.391974613550643,-8.929728739646368,-9.545359869708667,-0.4844447481638488,9.659664208136041,-10.121450396795108,-4.776062182273517,-1.476495094182779,6.9187656186362325,0.04400045613866532,4.689721185727728,-8.812323723986548,-3.4653370603435247,7.32773426202643,-0.2394242259878383,4.4492354443116255,5.747810448582742,-6.241690602634863,-21.484048482125125,-2.427544989262538,3.7344006925151914,2.9585419508261186,9.164280632417896,4.619342073561478,4.329260569134896,5.763807439394277,-2.25674468610592,3.243511189794816,-10.745314788528079,8.366882417439903,10.810613574790791,-3.192992772615951,-7.8513103233262616,1.8668475021861564,-3.3053922891863703,-16.38379853557337,-12.709419350336347,2.7600760408181175,5.983404207269166,-8.283092742706526,-4.296804921797916,-1.0502964144869642,-6.980556355070824,7.1253978767981305,-10.395464771615949,-15.337502725025095,0.7950048499865162,3.0379633481745674,-1.4735433793605104,-8.889643904732969;-2.725194518821773,-2.117815611096072,-2.7180087833835502,-4.856554477298985,2.219717068011791,5.226330874302282,-3.5597503227825307,4.486018325399326,-1.347940175628199,9.40170926725602,-4.7475850939274835,-2.9980210219374928,-2.759878800469429,1.9462811579999042,5.626397576771762,4.793937216151276;-6.424226304389214,25.075030141257592,27.981884159697515,-0.8158951621744814,24.666261409044512,-0.8466310463422753,5.084905660660429,0.41869826598651827,2.067817541793027,-9.550684010285343,-15.42105958957993,-7.979198978613631,6.650823037772183,6.885095927313684,12.201064705802441,-18.442443545821405,-13.27755971489243,13.361064148271593,-25.68468695051653,-6.239490828708248,-6.036378711368963,13.894443424882873,8.291304313268574,-33.78053644953089,-10.955450952647233,4.987167262759214,3.111186007204545,1.6154461991988496,-24.388830688589305,6.889258670148288,10.930825230066398,-28.808754142588178,15.106042872300826,7.638158075584032,25.50862187374414,4.864683288746965,8.747478506743745,-8.237503922345905,8.357017910879502,-2.6482113901399145,-7.39875507682627,-2.7193449531919898,13.796021485993617,-33.31927045387834,12.700554868378811,-12.19504198963299,-17.87418435915485,-14.782133420867618,47.758342676343574,-16.025709587637788,0.43103507154072385,2.430929036603478,-7.330508829647549,-27.66911157618586,-9.612561566942123,-9.99643169897271,-40.61851739409468,30.768761933161485,-5.094921762322548,11.049856084948782,25.947050622148257,-16.836555106302153,-2.260828904612311,19.017538966269314,-8.857065772423786,-6.332160077411199,-7.703111208945565,4.54252091646815,-11.89597229548676,7.470639599504279,-25.105849493260504,3.322057541073181,8.390684471250207,14.279376004585554,-22.836155112115794,-6.147062487221522,21.797623488415226,23.070942396866734,2.3011668020827156,12.625292495542263,-17.898603379178763,19.278583719517574,0.1590051812850115,22.26829841210428,-6.935133749411881,-4.29589632900524,-24.493821578566447,-1.1714317785964625,-9.047390698688016,-0.5648209556027148,9.628062725738978,9.181924547406012,4.438551489043656,13.635607255184723,1.6924143087399246,10.357445347732568,4.72573700464034,-6.761983916502378,-5.247468700612022,30.195579553890386,21.24606941761016,-16.33312105128601,-28.647881664021796,-20.598092177197657,-6.641635374903916,-28.891952256673967,-15.386763871308027,0.449729764959528,5.2256975276904365,11.59952919426552,-28.18713854751033,-0.35898535307904333,6.683866286689378,10.282155658033053,11.298563340835443,5.720737897896798,-4.593341902940421,-14.006220823295076,12.971670621271052,-13.735833465448662,11.390619116698273,-28.62753001402627,8.158486146347547,-6.593407832817302,6.0581513451596205,-34.296190519343696,15.794310740815185,-14.956912104550318,18.197595986808135,27.248850656736792,-4.884383053094798,-38.07987064583369,40.35775135852131,-6.307084714631761,17.257284750858574,-0.7767540272051234,-1.0993231763750457,-1.2774471052728096,8.889492589167547,-0.4780789616205663,10.366411007589415,3.500415352477142,-10.620575539201585,10.264974125099359,19.912502393345445,-19.88794986078516,-37.71782831692145,-0.08451079508664944,17.433047539314362,4.16476031320162,7.52356006705444,-18.673821309819242,25.566831746730998,-17.810708884686616,-3.9028065067465603,0.7868351696599619,14.164613410912374,-16.526044738885208,1.7598794855315159,6.283047558658959;0.659438812100829,-0.8660346846211007,-2.028291847895199,-1.8653079419783207,0.6615995671839388,-0.7229740940073839,-3.185523993398572,1.70081074337135,-2.088836315050574,1.2413813656138268"
