Individual,Fitness,Controller
0,3.5065714559737646,"0.012973358730141746,-3.208565294345355,0.3118965573267382,-1.8184489073132302,2.385005189878904,0.8929304094171441,-0.051264693816254606,0.175627549472704,-0.0992898227931446,0.8699563882626098,0.12422355421755407,-2.0845679165902844,1.3033350024093464,2.34517931071632,-1.5151368420952476,0.6148066351739941,0.5119584312860885,-2.548548256907617,1.179813365185043,4.158597995422149,0.975858697492486,-2.453025996840224,0.5159212123113134,2.8471184333697708,-0.06478132812290399,2.678679911978193,4.1518677163674145,1.9427010464864911,0.6798223988283195,1.7603740594227801,0.744056715954077,-2.4713959215346946,-1.2772148226603712,4.662545613171324,-3.1931976431518647,3.2070017885505315,2.4550266727023065,-0.3782412640844784,1.6144675691759145,-3.8850056836658475,0.06720385055171205,2.484673423436812,0.09816623943076969,-0.1858047322503028,4.964781545739186,-1.4021046061373232,-0.41606750607329834,2.064553991379783,4.0464749014051336,2.0299040968941497,1.753245915320127,2.283400456086106,0.03804411233710025,-1.158330544237091,3.804430649697177,2.198854250746977,1.5704188308554778,-2.127195583019135,3.2205537663607893,-1.5286502537636657,0.43583684614535145,0.05174856240131677,3.3099889282141386,1.8994089644163181,1.5768557353998847,2.2210851992589142,0.8392553477123174,0.7633747342659088,-5.883299042511684,1.1371005459757415,-0.6093260839789294,-2.824476022598749,1.3782711844675575,-1.5955164293429607,4.520715010228934,3.394342838569793,-1.2032104655586102,1.2827785095801516,-0.11109207116851678,0.7458272453803545,1.1189441509704887,-1.1040050353306623,-2.3996677213708058,2.489999961927354,1.6209421142853788,-2.487148009978445,0.3029689423701592,-2.256790563819308,1.8453386441269481,1.129125622206265,0.02367198241539778,0.5509883256092181,-0.9140057820050626,0.3715223806406774,0.8581152003711935,-1.878739775845407,-0.9399157776993571,-1.7132797610143482,-0.5056270828671282,0.13539596698272321,-0.5461571991718983,0.8570267812138457,-0.40689989283658395,1.1086128676590896,2.1536695468564,-2.1193510942413853,-2.6041907347546034,-2.4980255947559313,-1.166421498417081,-0.9827656715306377,-0.3363265276883103,-1.6807085595459965,0.9641440813933073,-0.38613282902194734,1.296842190561235,-0.04345214229077807,-0.07176075139159399,-2.1789355345996237,-1.0459691885426308,-1.643725234131163,1.3917120757342751,-1.8728898889309253,-1.0907204961029133,0.1316447741904523,0.3787793848222507,3.4070738910642033,1.5402520573711223,-1.5889829201866124,-0.5825603055047623,-2.9310364580025405,-0.46591071178185367,-1.7535149291057295,4.305667060485257,-2.0620768102206375,-0.08516169164945177,-1.9900108256771731,3.887184773367229,0.10424947142763123,3.150232907396801,1.7440754157866318,0.4711391638634923,-1.2104914113276244,1.8084262185010835,-3.0207376200944736,0.17667659835160004,1.6123571354249813,1.6816624876426407,-2.0268732303116663,-1.2924315574494272,1.8547982180599285,1.4602444222351285,1.2537933676648583,1.650774133723844,0.12573558413685676,-3.4026359401143487,0.14109587788886116,2.7841867286998605,0.20404149065380217,0.4538437222947761,-0.4905363845853813,4.253072251120071,2.8604332385871727,3.1214608064760503,1.1101962525867262,-0.604792614508454,-3.67607569437807,2.8950429919993756,-2.2694353461336867,1.4081923732846175,-0.9883785530020099,-0.8637987863069365,-0.48001879890648685,-1.5225381376120948,-0.9234315548264942,-2.1113033475660803,0.0037723140728275206,-2.177029287077293,-0.10059723320794844,2.395078830912004,-1.1794840449676895,-2.9346031862887143,0.5886850421307285,3.6007642369949773,-0.968776904469604,-0.04541404823857326,0.4923063729973216,-1.7877390024873785,1.3803433855964977,1.098731815068557,0.26152477048379785,-2.293824913368344,-2.4057786443915914,1.3064691889872744,2.996022464938463,-2.314371593802192,0.48186073881318886,-2.9603390655341295,-3.055021514313634,0.8679932503933603,-1.5735121180341498,-2.531898756012001,-3.9729679101047255,0.31678193844932534,0.7513171520336452,-2.5026050649065885,-4.101567310892749,-1.4462029288449745,0.5990237914970216,-5.053398160935787,-2.233107668192696,-0.7011766547021262,2.1010181229891427,-1.3029519894363,-0.0123245116443816,-0.5664915290118416,-5.063990900212028,1.741022051506705,1.337540497535172,1.7672371076413476,7.185568970894605,-3.485488812509501,3.791397753740886,-0.12636167073712481,1.8178547321557608,-0.8441406388015134,-0.6930391922585427,0.3171645923262068,0.3969093995177783,-3.8728428103651247,0.6860290971808263,-2.163825782465535,-2.4827361985044787,-1.240654792757901,2.570138054979666,-1.0121967869421846,1.6085152460176666,-0.8487207458192352,0.6105967396028587,1.129192186683258,3.8721904246165373,0.32442222572560525,0.46856578870130705,-0.6801971143247688,3.4983136219937223,-1.6455216191202353,1.588713000829933,-0.3116402419788392,0.3495083009213812,-0.37674686678310176,0.43979465042488813,0.21372319841818915,-0.7847874076059559,0.8166127187825172,-0.4203793020628808,3.6306852518626767,-0.18648990064158785,-3.436150499937959,1.3638939241138623,1.3593853871792445,2.0734079463584894,-0.9609872330396039,-1.0416818242481591,-0.9010021751218291,2.0642032098623075,1.933885525942281,-0.05428363011004324,-0.08760904270680828,-0.42732245748090425,0.4507690662911144,-0.34861434487496523,-0.06675083275718048,-5.177714793964486,-2.1381557011219763,-3.553245691170907,2.8207000717586195,0.4735863817639768,1.267450532765902,4.334224046797376,-1.159526967757804,2.2952972459332273,1.5761064878026032,-0.36226450387448644,1.396736067809677,-2.763880119096652,-3.5801439161461595,0.090156860839959,0.12550396474066652,-2.0339882016480053,1.0623071651687677,1.185736004749162,2.7176408890329924,-1.4827298298393001,-3.168860572929621,0.8600990695818321,-3.2929196714888773,-0.11093246209756023,-3.5928680353240625,2.2449130813392664,0.9230259420954582,0.05823491592628769,3.590491093155625,-2.6411460766744304,0.9470361329951301,0.9742895361603101,-0.004171865862907492,2.5478598323578425,-0.7551335824289034,1.5112801267144933,-3.301882349764956,-0.7225232108477239,0.2620455025644204,2.12844302076136,-2.0288916339280387,5.0212415210914,1.6541649692976563,0.3204859981000944,0.6291517849797048,-1.4566233433423532,-3.554018520771909,0.4761233139692072,0.2583435825102868,-3.6504436385914163,2.1894587595315116,-1.493296318530985,-4.008837651390682,-2.1470954246960607,-0.885119503520911,3.5076015024918847,0.5154338469303897,-2.757428388633087,1.4186147613755637,-1.7862291131771957,2.2614029549597676,0.16377654671247371,-1.798632636229593,2.2343471923633365,-0.5019263758318149,-2.1775957286380265,-0.4613592139413575,3.809889109363135,-1.7825864659072956,-4.703088881575618,-1.85405348700483,1.1329213694707465,1.845883907923689,-0.625868720863076,-0.20914525919784724,3.1513794901379204,-2.7402144796574017,-0.20720149327426676,0.12804077077548218,0.44100959958271735,-0.9486950025148789,1.4724110570204934,-4.82335278889587,-1.4037419552256498,1.3383549625055309,-1.8197441254471787,-0.2868369424078478,1.7391600875423796,-1.3369212212277808,-0.6498470638145323,-1.9857930871162133,-0.15394037184668072,0.7806906719483718,1.5279002621280207,-1.2387425472971543,1.4087689046021394,1.3858073092787186,-3.607267100809006,2.131648902292564,-1.0776465664634847,1.0261656844054854,2.3416714924461126,-3.2700387769435966,-0.18006865389713542,-1.1784859407051018,-1.4686706891794874,1.9918277837066969,-0.6450732387755993,-1.1402474778751437,0.7643171606834859,-0.2925792815872661,-0.6845861359009088,0.7772534660520048,-1.486897960202309,-0.5774773026940183,-1.8396024715590549,-3.7567107134876734,1.849000123871324,3.6783884334028802,1.2522053266475406,2.131897491557552,0.1541183055724253,-2.5639944264068597,3.498681233646026,1.527779802313715,2.538845027744165,-1.7512287323540028,2.7325244224656275,1.8867874642776146,2.5116082003219713,0.8076063627521723,-0.20162771611554314,1.9303930765006774,1.0793648628430281,-3.78051856898463,-2.325505896428058,0.24236321912864722,0.5606475905751043,0.27610786715968527,4.05399369859308,-4.160312138887866,0.22980850317888155,-4.255169352714168,0.9956749010611563,-0.35402290699918937,2.334690908361604,-2.766180292302825,2.7463839028261234,1.4776013380553852,1.3013801492242387,0.1845909502156905,1.912563292565708,-2.0439711175349817,0.45245560403368096,2.914952980999808,0.8858975935854452,0.11307684949058139,1.647583669353922,-1.8938571036248868,1.2076411767808588,1.1475002516783137,-3.2550339223676192,-3.331325097346932,-1.167896040787841,-0.6393991432697692,-2.349885376074988,2.1268709719872203,1.6444677247892252,-0.8916442436076786,-1.7169241887470827,2.242201823199589,3.033911470619323,-2.6987126431016972,-1.025690396398769,0.5982978084572667,-0.37495866885349377,-0.21242704884874797,1.3224617931258231,-2.3198347073555037,1.4091788301996702,-0.9849537976140954,-0.6364645595908367,1.2959079451130402,0.7278343974908105,-4.691895102141956,3.553224764267041,-0.762805131594647,0.30624667195938055,1.0214384692030651,-1.520939910013294,3.700003740376751,-1.1593502854128104,1.812055648518434,-4.098362587213377,-0.8403669049039737,-1.864377607682444,1.324526309093673,1.2906106744589105,-1.299022230278836,-0.4720286118543397,0.5149288867863221,-0.9169319912406663,1.7331403674840422,-0.12260489565798134,-6.161420834325746,-2.0164984910693025,-4.437098108578707,-3.750371165650996,-1.521272114640127,-0.24407640848834877,3.0232788697595145,0.6196289165917173,-0.031469593069535146,0.26069161188756934,0.012616220844070714,0.020961785122518818,-3.5108863959721126,-2.054726772711676,0.05950159576514726,0.9227842383455231,-0.46130597305636784,0.2880775129871551,-3.702777079009608,1.4122764569433799,-1.1845830848033547,1.525935779072493,-2.0169623320597534,0.06383220225264236,-3.4951110630210818,-1.3354455395208182,3.187651154218336,0.6177169459177319,2.954909550459655,1.4543374711469785,-1.5626682913579095,-0.2813444773317521,-1.9570592432182226,1.992854170327287,-1.6677394250898536,2.8768061734372057,1.5748712302519587,5.105007970899888,-0.261010638329964,1.7385412160985516,4.678373573555601,-1.0727953353913962,-1.5125032296593246,-4.243954571099169,1.4760595517820594,-2.918067738650439,-0.8852127050339279,1.567385698378,2.012451856593508,0.44768191792239354,2.3903236825860272,0.9748859024480631,0.298031081163312,-0.7012411899295623,-2.8474263509324924,3.468941313661257,2.049746627393475,-0.38339578331430657,2.7348985340134377,-1.0478342178062072,5.3746185133554745,3.8062191029765344,0.6893346874592571,2.8265685704040244,-3.128636464812129,-0.27522893904748774,-1.4421834327978478,0.6348920494057003,-0.2555083766982692,0.5471905806177588,2.2267366776334057,0.7819007683584988,0.20384789727465902,0.3975090523346851,-1.8559877364435957,1.8000127454150707,1.8277409399319695,0.18198391865034294,-1.169711755501231,-1.6788408989836796,-2.700996469115721,4.007881482934251,-2.494942038426382,1.6671462417012226,1.1360780729933853,-3.4582507851159585,0.15683924882584682,2.0018560084733266,-0.6168617630656901,6.245820935755986,-2.46670464396904,3.0991335774380087,-0.7767700234820146,0.39527406098924645,-0.5875405681041257,-2.096585783545905,2.0173867887422565,-1.9984071025841768,0.6379244532994871,1.8612439954949693,-0.6892465084612907,1.0399581051372002,1.5156909063689876,0.08799221380541669,-1.5121918553824718,-0.008446396449864293,-0.26536272321482424,1.669255442337404,-2.0561961320885676,1.16077363140629,-0.9401229320743814,0.7922347142406088,0.41406243982965485,3.1532878686131687,-0.9325608090225991,1.0674085923185024,-1.1077166825945153,0.7644350593477333,-1.0192560879057893,-1.8380896393423598,3.7038632070055444,1.7021511443673907,-1.5972263512989486,2.479820849486878,3.339498752127254,0.3890585033929088,-0.29384972523775155,-0.10877173599981874,-1.5793556068666994,-1.2511391587191436,-2.789223136726748,1.0238086556568642,-1.1728629269860666,0.5170613925821698,-0.2494163956856663,0.539575349462484,-2.801501868092223,0.4541965672164644,0.38660871250392825,-4.910068592234438,1.5521731839474704,0.9468205882694479,-3.7524338264541397,-0.3583196544002611,3.5941597306760027,-0.39548909666717663,-3.3062147514289357,2.3592216607867185,-0.6160181355760934,-1.8547957608531735,1.1819704593760803,-2.310809053376949,2.37696480582714,0.7781226883748262,0.35792485276910235,0.2627064999795133,2.7029878988869918,-0.9031165777235259,-0.987630688795432,1.5022694653649835,2.8581467031452705,-1.9093605341314333,0.47013123017743,1.731914573019162,-0.36564189936908464,-2.8320363272680784,0.6637006260752815,3.841691379331749,-0.5540482546531239,-0.45180893440777126,-1.3477457563375814,1.801892307994171,3.0933331003059426,0.877149613500215,-0.4913795533463293,-1.1607101099365948,-1.5320551218654839,2.0928047245638695,1.28728981162146,-1.3332283591276552,2.54348677359036,2.326286336782052,2.6555829701396685,-3.3460534355871006,-2.189832561038123,-1.0317748961650235,0.4359770217867175,3.678466372987985,-0.32807264983189793,-0.9375911108079308,-2.6060819804491127,1.1006071903656425,-0.3790819733743178,1.3821197633901665,-2.083985456952779,4.305130540341566,0.5845844267083486,-0.3776484449524475,-1.4949759124330588,0.023031770878915045,2.4585316394113947,-0.32841878278547376,-0.3960641267532694,-1.479566433568688,-0.23927690628609288,-3.3881120125710398,2.026002315157045,-1.4899522749741698,-1.478075969074448,-3.4398115579080297,-5.131429725222933,-2.799375903015165,-1.45393485550867,3.1006435717255028,-2.1780736009629056,-0.33374162347615877,1.6163229142937292,-0.09143312995469874,-0.14116174729731473,-2.7441090734476776,3.824907818164778,5.587297650676625,-4.194277592620135,-2.784089222791032,-0.3411771630008012,-3.5863916271396463,1.0064955226157357,-1.649471247181363,4.3437313934872765,1.7402558133137895,-1.2556006506541195,1.1751572085927278,2.8644772789175956,-2.545570477711057,-1.3751313426135345,-1.267062886043623,2.119700519572223,-0.14384163170424924,-2.4808030646029753,-3.1224533630139626,-1.2463185241424015,-0.45515260743188884,3.5854888827172893,-1.4410410252822223,0.5519550407855833,3.2988289195957345,4.186863125633852,-0.7809084615151729,1.2367665738873506,1.9806819114782064,1.0808895773246483,-1.1993008841750976,-1.009438068166525,-4.405028034483197,1.1875114058632883,1.0476304747869825,0.16567807380364302,5.048938230519139,-1.0846682904764207,-0.06890578997465091,3.1039222179570998,-1.8326639350455785,-1.969281795370092,0.11153035842862306,2.405905605032582,1.5897620428333807,-2.1849908138157756,-0.9202501791030672,-1.2501825798215866,-0.9942721545079939,0.4559596991467865,0.9704868457345801,-2.481861747815289,2.2401586802619455,0.9533896274816208,3.0003490872053096,1.9202204208532803,0.8385379107226506,0.6033265579416943,0.8319643763239212,0.7160561700008413,0.23324944374763876,3.941723906376263,1.570506755353836,0.39545816277602586,-1.5711816562213163,-2.999151255002095,0.5293218944524946,-0.9365198510993301,0.4727427084696232,-0.41170692451723134,2.8442998713529124,1.3305371393718761,-2.4034553262841944,-0.10885260801237673,-1.0222390436814976,-1.891215823500725,-0.571430300328482,-2.288245719115867,-2.6893372652479917,1.009648762712886,-0.20365926834604742,-5.449186614869755,3.1333945745601133,-0.6264901029078219,-0.09457795053810572,1.7327486735399686,-1.64279310795288,2.1729878535440186,2.7495240975324307,0.3701521715068187,1.2869687909386998,-0.3442838047997746,-1.0047171167232323,-0.5502109306409815,0.012702373570684192,-0.9660531100478308,0.41258961903518715,0.6969895618705514,-0.006957649272698574,0.5423664648536772,-2.7590968466090247,-2.42556664174561,-1.265903640339821,1.2538035637772111,-3.570582375465602,1.824169224750859,2.4826000411799676,0.06621460696030998,-3.7941716744308662,-0.8027568383741535,1.2597672613244577,-2.642851823372137,-1.3712193660990182,3.1575179753332825,1.5070078495143906,-3.525817655325216,-1.8603790395405746,-1.5855357893992075,1.0056819710494151,0.22776136931362162,-1.7618343450600646,1.4035015821633474,2.87759132064763,2.1590070299466384,-0.24269795677945474,-2.1808598003937467,-0.1009834204979543,2.92819959191603,-0.6741815847579489,-1.2436565458256919,-0.5987036943507907,-1.1318346507780928,-2.906959649276435,1.902864729757155,-0.25470106362765493,1.8375046104159285,-0.29881792677183866,1.8430900888222688,-2.133060453188442,1.7605818243595075,-2.365687986832793,-0.7418609404159179,2.1289810160264686,-0.34460572101225506,-0.24482406129444179,4.321663311878447,-4.168370446749763,1.7006482396201965,-3.5738950737249966,-2.6508381183709235,3.186546011207571,-0.934960063945805,-1.2845513762487886,-1.7446838812868342,3.1877535672199095,-3.25466945364802,-3.4660703109419293,2.990550232725156,2.8040218348205643,0.32841429865560406,-2.168787780146774,3.5066047367536064,2.1481077695658892,1.0335020842691023,-0.18234504072211832,0.8921894786676513,-0.007627921572549649,1.0290705866355643,2.838951636394955,0.8708118792217121,-2.681543194046287,2.3629950136189954,-0.14665723045249243,1.5658008154038843,2.170798673474132,-2.4670638614906606,0.563516023405845,0.22680165096820218,-3.7413332470706906,0.24134411279426587,5.19736087455106,-3.951854199872847,-0.3067130576782217,1.303252566548358,1.8081986651569397,0.12830905410556565,-4.038134267726723,0.9819290903790738,-2.043815830550946,-3.6191162234568233,2.744136253153253,2.372081039211763,0.15477873624592206,-1.8934285639317925,1.4845267155333979,-0.057589038554328655,0.862745945663393,-2.575388424424454,2.2895130437441975,1.310774937375317,-0.14508892679228375,-2.608543299684847,0.6264259480768136,-3.228397329809628,-0.95614650120999,-1.0438702414157468,-0.9370864987368699,3.5448777947885732,2.5819046469820957,5.8045854292534615,-2.085166945520528,-1.6472467811828948,-4.489783080466793,-1.0800968931548536,-1.3969226238745187,2.3073316538962643,-0.6419403852426253,1.1820216393456022,0.5473991345407467,2.917195669551908,-2.7388068161783927,3.197294909063792,1.3576849814161451,-3.4865078596186376,3.8425913635839484,1.164515565290484,0.14521715764851706,-2.334546212424302,-0.7410252457601395,4.95934872294794,0.022270140423344506,0.06250730991555094,-1.4432844513912777,-1.7476522402931798,0.5450879701685815,-1.0681625551234548,0.5774719031233967,-0.4527521924266329,-0.14230228259476274,-1.4468122072881184,-0.05246816584886525,1.9518940646488818,0.10504563913611557,-1.3979932263485966,-0.7740538319573692,1.5265879953745167,0.7910946740398404,-2.650142709607182,1.4338132205048622,-2.6296833710620655,1.0507708158809173,3.6323156160796763,-0.697642779964756,-1.7816908663274829,1.2028137565607109,-0.14112811713270737,-1.9373160248384595,1.4234590361680992,-2.4325629824423483,-0.5255935575437584,0.9083166032875083,1.0184998485985894,0.45314766644831184,-0.12516106208967215,-0.935515917738421,-0.45301354810112837,-0.5023133924995085,-2.6380068035115745,-0.5059647596265988,-1.4275906089347414,1.0850225722204767,-2.0514565024037594,-1.2364092272947864,0.5837511746524119,0.3250919163434736,1.3044951012149217,1.0550735182733146,1.161708700138192,1.6137121820525575,0.7399887654272357,-0.11170287582032662,0.6374498729858807,0.8153326568188701,-0.5244632330443025,-3.874201437186552,0.9451146817773339,4.400583723669962,-0.6539364392617796,0.4415710003685237,-0.06962755566387559,1.2856351368676902,2.4425876396325226,-2.2077088527296804,1.5174036142564138,2.7007082078519047,-0.250069294356047,0.5150166945367323,1.6515267253936263,0.5952034635858621,-1.6959232897250038,1.7540388488703655,-1.1913615353950207,0.5375924476329664,0.18094080220314318,-1.3162458102347483,3.3429169909651453,0.5243312092266297,-3.5140823237098697,-0.5580609741702254,-0.1761394230977764,3.6274129977363363,-0.25417707817197766,-2.5375737879131073,4.300478843266511,0.0454966446305578,1.1559433109243982,-0.9267716612219965,0.7807167356850168,2.1965445858660924,3.211699607160608,2.521577071271101,1.8645857248549305,-0.39790291658625837,-2.8438120272823855,0.6092187999582391,1.3681710238661395,-2.7639449653360053,-0.1002262930432268,2.757657191493859,-2.343689799170477,-1.14884128909919,-1.93501571805098,1.3493170410173092,-1.011850390107604,3.5666498899148324,0.21090717041412066,-1.2373970882773548,-2.63777387447438,-1.732340969027466,1.3989409488060842,-2.5694481000648586,2.6112910780845904,-1.4364914959120714,5.4651502868223485,4.84395138334915,-0.6701676612741829,-1.0991992136707391,1.9471233529084768,3.760416296947464,-4.363609000005689,-2.1162228970664434,-2.166553769239884,0.3107010018036682,1.6689013496098135,1.9687002084143141,-3.435018893047278,-5.66025285978315,1.068291136164169,-1.487435565760354,-3.7296329451852226,-1.142819060980089,0.3251756785554962,-0.7672902368270248,-0.0397473170536959,0.820509097766171,-1.9415434380400254,-0.9753757884088147,-0.6365419210955436,0.4475434125456097,1.8997073612274744,0.012107811912442867,-1.2125108544254746,0.6671720477947521,-4.582602512678109,-0.6799003956370032,3.479199131230984,-1.7688231117390585,-1.9008930210552164,-0.4782095514331537,2.108774051101542,0.17257664345836007,-1.4812967853344323,-2.518384173273694,1.207203763503185,4.060031191362813,1.1297187337846806,-0.3734749786236465,0.9035954658133257,-0.2105721403429658,-3.1990474129981696,1.531753667919214,1.9629577314057356,0.3771371440553245,-0.3032979485596701,1.4629548297155828,0.6405631108531731,-1.5504251748746034,1.8608210250589834,-0.6856174057645986,-0.04610177536944206,-0.6629224927462938,-3.519788322697126,0.26021914032530497,-3.364069761031031,-1.0748700383562215,-2.822003434683592,1.2480721224693316,-0.7238886478443848,-0.623474567048623,-1.703740356106778,-1.5006864798451947,1.4622700673248752,-0.8570559622873625,0.5748005751828474,-2.2280232101633124,0.37036257706765274,1.2133276624068803,1.4902559523660317,-0.8479456893286771,-0.7505138411910921,0.3015443573878992,-0.7362218973424711,-0.36193283263985315,-0.784814839494599,1.482109029660607,-1.0205664619181418,-1.2217704061485308,-3.684185359596128,-2.4334459438125946,-1.6620768400814878,1.0848416865996382,-2.249508853271841,1.9285633462907223,0.620670448536873,-3.846139040305632,0.625416257962256,0.8358210850600354,-2.12864244683837,0.22436357445622582,-2.1869131389071503,0.3673542296393998,-2.77950409887801,-2.100826642258668,-1.7004569777148162,-1.0977855632709503,-0.47251889758402216,-1.5535113431710028,-0.3365098670001357,-0.3929389520975682,0.060130407115618664,1.6385859082800178,-2.8017286222164115,3.283194531368772,-1.8899288122579976,1.8927945926467993;1.8308355498338305,0.7828495396511483,0.049093305699617146,0.3624962444145571,2.0391552075639754,-2.5930036335511133,-3.0351679759742654,-1.029672829416037,3.3757331343172114,-0.15297023002577537,-0.9055153655997505,1.4377276790804412,-2.8939783811122735,-1.662125979717425,3.282038250787825,-2.92014271289432;0.5595709437106905,4.325475940727483,2.3026200998793036,-0.010309132629623297,-1.284329782473058,-3.1965347830350703,-1.6817701443718331,0.16499395315936163,1.6552303133717616,-0.9560709618550268,-1.034860569121293,-1.8361338985550286,-2.025719780952061,1.2745437789387641,1.6662654861771735,-2.681921723280818,5.060685815517506,-0.9852424743319628,-0.14632958517230668,-0.10226265453681459,0.7904790275669618,3.2941624983191558,0.7534316180608309,2.293931185550233,2.2363365353849223,1.2783178395253703,3.2037926691552348,-1.0644239703936975,-3.0217354288719784,-2.9341687924244666,1.9881611490320767,0.6008187176935311,-0.34249136615937403,-0.8058413776165981,-3.9314922870860274,3.2179138037155113,-0.6283481880779154,-1.770843178995222,-1.1860958050191237,-2.7152180714096863,-0.46553633899235164,-2.171095335859016,-3.9523481625502024,-4.75409853480891,0.46332854854482597,-2.0880465171135563,-0.30250203197104947,0.5147203171221161,-2.501950128658141,-5.77465567085086,0.6761711137127537,3.665590830537533,1.726798513607402,0.4911075405612835,-3.702541069755421,0.9706889607204223,-0.07591966732591998,0.8255385281106286,2.631715639268186,-2.895007633212718,1.5859373961915777,-2.5305338369038606,6.870428230638938,0.6105331462199204,-5.354213695292991,2.326316117184735,-2.70788432104187,-1.602695811734899,-0.6759735341960451,-1.7218867641959748,-2.8101527990026356,-2.8381681835058727,-2.0566281428423254,2.5643096517576067,4.160891421937969,2.907271660992009,3.1780141008315623,4.565366136340611,-3.0432571546620855,-0.3347420143090847,2.93274454530059,3.357740570347942,-1.308134808184369,0.7689880176340969,-3.8044036524418745,2.4030898775029437,2.6089052558635313,0.3074556801648303,3.5942616326708894,-0.7702586007964732,2.2941429393731037,1.0336425548938757,2.7847862178097897,-2.7188264610851776,-2.5069727305122296,-4.247244403524697,-1.3043532000640792,5.0787611325506266,2.413929467931936,0.10548823436856675,2.914757725069731,0.9649885535008781,0.5676638483118956,3.162942447837113,-0.28125683813622937,4.083364614557582,-0.299572324841943,-8.042904507977141,7.588031810648102,1.1262410513801508,4.624804859597408,0.5626855208960572,1.5027346405464777,1.3890573933404873,3.564537706107803,-1.8966438863056836,-3.588979645957324,2.4712586507523735,0.05955252329181518,2.2888788675770178,0.8290229054456044,-3.259580684171701,-0.5696049118294486,-2.115929351481729,3.6782497517572628,0.2720324913390761,-0.7657857274831095,-1.7426136314295806,-3.5248143561414267,2.2336323625833217,0.19068641957473692,2.4230727730439874,3.1980323888693007,1.98006735502321,3.8944824137475376,-2.960719025290376,2.6258176685944856,4.324548077081993,6.3156281409725255,-4.087376581085305,3.29450972758324,-1.2393906038654383,-0.2830228200107281,2.609403786057133,1.7295247730195173,1.7763815617591368,1.0466148730770994,0.414831513052103,-2.3906651382690254,1.062784472345073,-3.972170318724079,1.2570721285277229,-4.4017346087691696,-1.0998902316503576,2.852392852211851,-3.1402368322694203,-0.901462100783384,1.555013549014085,-2.6021198919417046,2.4969637093472206;-3.485432313866058,1.449637402433162,-7.362200263995169,-1.7334472930879214,-1.7839314224248985,0.22431677294145813,1.8810178854604667,-2.6145802545587946,-0.9718659576525674,1.4872145688714207"
1,3.4097060413942435,"0.03573470425389362,-3.2707578551820786,0.32745894631589767,-1.8086744442193075,2.4451084712623903,0.8647153068548712,0.053142035552299294,0.25414301392321015,-0.1100933871745578,0.8302129651526016,0.17600046844552733,-2.058003426160189,1.247373814150853,2.3402124347075524,-1.596888816067348,0.5652975862608192,0.5070673064184291,-2.5578814487329535,1.266420976898169,4.154820767497787,1.0877017113702085,-2.4011022532269855,0.5523638566580111,2.800782601639822,-0.22934324626657498,2.780003480852422,4.130080015527198,1.9620689280795887,0.7525109050519608,1.816907714728857,0.7912749071387634,-2.448976514912091,-1.2892940998894706,4.528555595370959,-3.2215579302447495,3.29957374929501,2.450055923748936,-0.3353616624496302,1.5893585193586892,-3.8313425894071775,0.14087854426213486,2.4220525131170225,0.14015370437987332,-0.23408555398498115,4.921596972226825,-1.4076495433278702,-0.33883047574115466,2.0720879276962543,4.170362385347931,1.9593664533018096,1.6753948317839846,2.2671380754466375,-0.003918325194507466,-1.1922973928624667,3.800591693736706,2.1340443182654623,1.5344235589704012,-2.149080685624213,3.2366032284714734,-1.488986634792041,0.4702517153528633,0.0012932380571199359,3.317676502850408,1.8644265183323407,1.5131816288070752,2.207399192475811,0.8550763992527957,0.8422257625806608,-5.777184807808838,1.152346479762714,-0.6012913575161277,-2.799646451517907,1.3742901088496213,-1.5423371603304439,4.364400886592559,3.3858145682722154,-1.089874230653383,1.3338737130770784,-0.028938647480868412,0.7132009507614658,1.0891481571522514,-1.0912080728133415,-2.484572989064436,2.4437558769824697,1.5752376343604166,-2.4888650476818173,0.3476494974088391,-2.2089658129550043,1.8573213935038513,1.1638443864341008,0.09896130793787414,0.5848902910187611,-0.9489918720080986,0.3538319227072849,0.909637990663018,-1.9612580183314252,-0.9082837983957718,-1.7032782496128962,-0.5254328931359215,0.13149305961802873,-0.630694330275489,0.8614040727754375,-0.4206907295753961,1.012046537113298,2.1592887347750453,-2.034228197741948,-2.490567044906167,-2.420102959685608,-1.1627084850329157,-0.9682778762738662,-0.4475495155019754,-1.685271783089833,0.9419906224278307,-0.3154562076871609,1.248330430005486,-0.08654490496819288,-0.10079879586136932,-2.146761570097829,-1.1031568822861137,-1.6948883778482522,1.4108013251340414,-1.9243134665115909,-1.0923786910179583,-0.0005258873384003659,0.34431891994327035,3.447961897970608,1.4787006275398669,-1.6906915221305632,-0.6681265577462707,-2.971949804878715,-0.40198706002290974,-1.6915930358222373,4.31747146658609,-2.049371312787622,-0.07333391038265752,-2.0017209148639163,3.8511114373385764,0.10375451534233288,3.164528895230006,1.6694129681513357,0.5133656985251228,-1.2818616792599304,1.7191799389692204,-2.9611966468155293,0.17500873432613967,1.6052360315517518,1.765941751022511,-2.169320266662122,-1.3086143603217881,1.8515055290318299,1.4529200039310641,1.2658725315149948,1.7285951409263736,0.03644599592804135,-3.2634144391230864,0.22953276525444294,2.794297411659717,0.2051053440613288,0.4951830618770055,-0.5565776363163681,4.157932611813158,2.8223918304935007,3.08178797205469,1.0945587823843512,-0.5963806127998266,-3.62501467283426,2.9498806557832564,-2.19422642540173,1.3964034051358283,-0.9550685620652611,-0.9296754681753021,-0.423345410032551,-1.4085214812810798,-0.885070333251565,-2.132376136258396,0.0753198516577096,-2.127036209810191,-0.10449917347247786,2.305253238406408,-1.171466196214571,-2.9372572303632984,0.5684218706794851,3.521627583751893,-1.0684757341112572,-0.05753025942524835,0.49352449650176805,-1.7124416648824825,1.304563400419621,0.9933430082658437,0.10702526580676419,-2.3236112114524463,-2.370308025431753,1.2915263299763922,3.046936301680846,-2.3741705046034114,0.44340070406837995,-2.9962261964004395,-3.007131127762761,0.8706780785861544,-1.5957909763035703,-2.4655867955620776,-3.817026667361329,0.2889131578706486,0.8051630381554468,-2.5657110027289045,-4.154788127204958,-1.4533798892722707,0.5326318486814826,-4.990633762120593,-2.233595424491987,-0.6479713658674559,2.0728587187671073,-1.2727996705210454,-0.04072576918709673,-0.6075959198420977,-5.046971780706964,1.680274211950319,1.348016224183953,1.7152554874988595,7.17059001652212,-3.5314894092435627,3.8235018880021676,-0.10819444547197533,1.9101103205338268,-0.7565911388803478,-0.7411161200745794,0.31448230525745685,0.47583271059553583,-3.877980519441003,0.6514550910024556,-2.195043893542889,-2.5038920034188314,-1.2721892114196582,2.5723523968232835,-1.036293774422908,1.6770644192073794,-0.9191214385483597,0.5206170000988823,1.155912576695282,3.831538851812555,0.3206963755149117,0.49423600363935505,-0.7039846010355575,3.5464575942149694,-1.627604177343629,1.6069269154927628,-0.2755740131363754,0.29942765706515173,-0.3640139762229773,0.4065808531638224,0.19962186266915172,-0.7708435168428822,0.8891898894113237,-0.34092158056273053,3.5775019014029095,-0.15337328604352968,-3.477383212772209,1.3959383016341829,1.319430730441967,2.0182719730774363,-1.0538100337684977,-0.9926454052145631,-0.9743786122043578,2.090968337135463,1.9058818320836013,-0.11126104063409756,-0.06934468423576813,-0.36370936155929656,0.54773302774675,-0.30444712100616234,0.019226416120686346,-5.191726296285158,-2.1550927530592983,-3.5349118759063582,2.786911482524842,0.4668747372202163,1.2769169155953408,4.261314827549331,-1.1376339257752948,2.2961745972083523,1.5375317668150301,-0.3798690451795757,1.5076085416728673,-2.7387671058165663,-3.579929370674328,0.10780163265908722,0.12137095089590601,-2.0090764596305344,1.098806222525753,1.108195466534712,2.757683681637947,-1.4970771226154398,-3.212629075353551,0.91566341357275,-3.2977640316212846,-0.20577455944055212,-3.668390044035566,2.2927224827048334,0.9497747363319918,0.056004384383061816,3.5711031510302895,-2.6335050725980262,1.0177676961156372,1.0270458089438737,-0.05967008621179211,2.5297717655978538,-0.742009951611647,1.4989886233499887,-3.2845646576524867,-0.6917585198229582,0.2706098002753758,2.091670301655929,-1.9802853928455362,5.05854946192434,1.6675465852626605,0.328271144452688,0.7476045082643362,-1.4510706324305676,-3.5817529633360614,0.5057553107104188,0.3042750545469777,-3.7447580501155273,2.232571370230537,-1.4362145933708603,-4.003848479625554,-2.182054904911818,-0.898675023242111,3.4984963864057637,0.6135444375917696,-2.724061457544855,1.5111777536475635,-1.8611855565174307,2.2606939197222875,0.21074124845714384,-1.779257003643426,2.2713818913676236,-0.4795838024602053,-2.207900262072346,-0.5143846085186486,3.8456054472383996,-1.8627918490532873,-4.669320469473598,-1.8925353124816993,1.0721205269118113,1.9185206409349047,-0.5575775452242062,-0.2644274453218703,3.0578686920103006,-2.818675114834002,-0.2327045940869944,0.15334865263466074,0.468697209967369,-0.9155583362374067,1.4900665106159277,-4.830805654393411,-1.426367238146037,1.3604375834886175,-1.9128831520037906,-0.316829610748199,1.7280212248052584,-1.328942763019589,-0.6300830814559032,-1.9643248827718882,-0.12901427826963136,0.769934389411167,1.452899250503804,-1.2671971769267116,1.4725928202220626,1.4594547538277745,-3.6694902972946433,2.210019195894453,-1.0148436582685452,1.0187043711277874,2.3966179276373922,-3.12455149448603,-0.22652939510197453,-1.175975900710307,-1.4679226190111219,2.0744223306671223,-0.7321895172298639,-1.150264620252132,0.7340000018215486,-0.35609610636288624,-0.635628507113037,0.7625565507094507,-1.4933504599983027,-0.5101442833925238,-1.7562434577424368,-3.721900765180584,1.855206113544673,3.666501228657563,1.325467718717826,2.145419903859509,0.14717326285596855,-2.541593248160986,3.408837991485309,1.497384711308478,2.539405109596187,-1.7322806382549107,2.8300250026038314,1.7862159794044485,2.581558043196721,0.762451833938045,-0.12122001507473734,1.924782851200736,1.0206782702088784,-3.6621057262564927,-2.357232444576483,0.1985986285791719,0.4926265357675913,0.30766616343293607,4.061322805363083,-4.137335228944421,0.23746407418315485,-4.23308588248554,0.9970907534511547,-0.41508181762574087,2.363135447868004,-2.8910922381637194,2.747785497361714,1.4227214100310572,1.338701023205437,0.19554572684165475,1.9222995203585282,-2.0103674643710296,0.48739652398079614,2.9612965277043832,0.8680662196568427,0.10986000941877663,1.6710709581684928,-1.9384381884981392,1.0710235215400028,1.1290157874990812,-3.283458223492258,-3.246166982690391,-1.3011059744177236,-0.5474754393065439,-2.3274715321903177,2.1700956192158163,1.771838865882553,-0.8919365223150584,-1.716341090173805,2.2599705642336723,3.0354199020442203,-2.8091021900285384,-0.9980731470281261,0.5607144932477733,-0.36728172029181244,-0.24335382544992876,1.3719340191667626,-2.420924177819872,1.3544460662754871,-1.0097845973666237,-0.6942969330914466,1.3770645079823163,0.7361949277038505,-4.757549983965965,3.456905479026307,-0.7531972456606946,0.2258286344690672,1.0482535125810917,-1.4634770931802525,3.709801746607328,-1.1532303490929188,1.8303513918022327,-4.153164737114866,-0.7236500783538325,-1.8486736748805273,1.2802258542097966,1.2506841074490935,-1.2323618815888835,-0.5555438721454626,0.5398548447218472,-0.8903648566585982,1.7078076797867525,-0.1427454504688102,-6.077314458382757,-2.0467928955169747,-4.313758068041884,-3.713961402104812,-1.497481342073192,-0.27952173228670196,2.9862054322853706,0.6556609442742117,0.07424837884890403,0.2142503090320229,0.08512983315375572,-0.013449747596972011,-3.4946437860579076,-2.0434250065486195,0.12189969726367292,0.9990150236235834,-0.46716652323859803,0.25848312257829686,-3.7853813716568916,1.4707641508804743,-1.2302070336809867,1.6100190983787481,-2.0279696490076233,-0.011843634992506347,-3.4911102791496598,-1.2710590383302596,3.208657049333396,0.7443276377246523,3.0493847750750085,1.472012754531564,-1.5436987531132564,-0.261158449752125,-1.948460422004092,1.8960728310384414,-1.65773604463061,2.927875486022439,1.6252221179155615,5.050676117968032,-0.292072296236181,1.7622275920259913,4.695225387927219,-1.0091647677569167,-1.5504337075699042,-4.189181187054837,1.5193014325249838,-2.891832175170747,-0.9789860566669697,1.5798972365807116,2.0431401652624137,0.453298290046618,2.353878317593227,1.0399351523502849,0.32859878904239287,-0.8351015217286322,-2.802874964893858,3.4160444225741586,2.102187900386763,-0.3416175112301979,2.7497603011555354,-1.0672445253036889,5.410375484185785,3.7858493385414262,0.7220942541663518,2.81601380351067,-3.0795595611460227,-0.1681663845629126,-1.4517754623301906,0.623360333732869,-0.2408065168183049,0.5527187851567891,2.2202918156752496,0.7472627189299561,0.1883575523450667,0.43268222594076206,-1.8157655006856772,1.7435650750444647,1.8324140409157217,0.17518245821394537,-1.126726103003692,-1.604640747780037,-2.761682678923911,4.030611661630722,-2.566695680466255,1.5883328551950378,1.100101446783262,-3.460481290678111,0.2041605543345808,2.0625849606701387,-0.6167145248005594,6.351634508350693,-2.512322278970884,3.134234917021544,-0.8420811353716879,0.48619076431269265,-0.5219021714283618,-2.074912667847877,2.067772228827062,-1.950028833388324,0.6114899806500556,1.7932836785253072,-0.6698891751617806,1.0446124654969566,1.5427994155075069,0.10829171911132006,-1.5670541589462463,0.07842422149014802,-0.2546388453884352,1.6634615330762483,-2.0262999162750988,1.1869677015111264,-1.050965316711016,0.7143632871642529,0.4990520539311203,3.141409162115373,-0.971914530008967,1.1337040410741546,-1.030107765683489,0.731508853016383,-0.9331577719700442,-1.9166651315489784,3.752819723101971,1.793277693452498,-1.5775472315618213,2.4727328648583695,3.2485836123867813,0.3249871298664575,-0.32591662299516266,-0.14901869197345763,-1.5661269735124377,-1.2546971878017101,-2.8167839502984684,0.9039290166974847,-1.1971838921659743,0.5052043300792273,-0.27975870828006877,0.5665223457608198,-2.831506275293978,0.42968562170741315,0.41763439059622853,-5.039780378610575,1.583472938958115,1.0073147043409412,-3.781119529664642,-0.4305230082110305,3.524328406556536,-0.3459114807958017,-3.2817881027771865,2.3214446880295427,-0.6959053190831657,-1.8331075606180194,1.1185403458531533,-2.281770767992842,2.422120079119082,0.674524857619422,0.29313342703481227,0.2500789342465473,2.6186259850021583,-0.8405617227554563,-0.9642354947137433,1.498853698480801,2.891170639852437,-1.8721266552768119,0.37068945810709225,1.6721584483075675,-0.22146910324968028,-2.802051551254645,0.7267635728834803,3.8767532258662563,-0.5781876614479239,-0.41437528450539474,-1.4104211901481585,1.7689350709966232,3.113199036310737,0.9419989509444682,-0.4472521529040919,-1.1164552434685544,-1.5060219913880852,2.004154300491564,1.2980118001251044,-1.3221372211015352,2.4670157673375557,2.290182365131126,2.623820534727508,-3.2950131669010507,-2.2303983250162878,-1.0595792374228725,0.4097539211619695,3.7372249091542686,-0.353196257257302,-0.906364822712957,-2.5639761876265257,1.0750554227005715,-0.4639295557394889,1.4601726037873417,-2.1831057421722395,4.290394242914127,0.6483877852273141,-0.3953864278139771,-1.4999248536022813,0.1028011787203689,2.5557335070425298,-0.29907158334340844,-0.3701661974755148,-1.4373477901052585,-0.24719400481791154,-3.348533409451124,2.048635787967293,-1.5543911958774281,-1.5217539427970161,-3.2801509921533425,-5.096627273042786,-2.80755664522618,-1.4774437449088282,3.0576750971580324,-2.22263929448002,-0.2854169786432564,1.5737590056859887,-0.08451508755380928,-0.14824983553914578,-2.7902549315613694,3.842300750214584,5.564379657375711,-4.2103924574918725,-2.779542952738162,-0.2894879857925702,-3.568700268229577,0.9467743042651889,-1.7222747330535781,4.321311582985602,1.6436203851419282,-1.2989544357134066,1.1663269299880576,2.8436949505529667,-2.4944002783902905,-1.3755783708898912,-1.3279895475009003,2.0878658878555543,-0.12424259108148417,-2.467397405947712,-3.0761405845082437,-1.267250226904945,-0.40007411359145617,3.4947177827242437,-1.3582382007634624,0.582594356263746,3.2560030622678497,4.084900671781167,-0.7278276973619378,1.3556244432113793,1.9436786717676406,1.1482727953478649,-1.26205512570023,-1.0353183764154241,-4.425069725150087,1.1129934173739453,1.0157624139667032,0.12107154667858372,5.0486953688176035,-1.1234095394862171,0.005960877828874944,3.0893716427328277,-1.8523344038096623,-1.969756655673946,0.05055883547560336,2.3859977137311716,1.5548391304660059,-2.1753640208744516,-0.983694941796685,-1.1996248394184326,-0.9643058600314088,0.4296654361020149,0.9969331818268422,-2.5125802976064158,2.2341011491219565,1.0460421265732103,3.045072378976897,1.9328849225295206,0.8391445902493053,0.439928456726094,0.9622835626068031,0.7171038650866173,0.24354196239596634,3.9232694081652357,1.6245134808941981,0.3752669592042702,-1.531344422402177,-2.9956389608215472,0.609798396178041,-0.97323741038924,0.43872747735093437,-0.44650342790802006,2.8792889153927903,1.3137393748067119,-2.436324220606739,-0.09084934647008601,-1.0439504018767125,-1.9655168450990117,-0.5700712929235264,-2.241055744406842,-2.772753911322493,1.0044564862228766,-0.1639067374235247,-5.462347173658936,3.189393027194647,-0.6184536452838574,-0.12148944162316822,1.6859952492780939,-1.5584422288758513,2.136688112521198,2.8427085469467563,0.2991887772560805,1.2582850315451848,-0.24481844405351416,-1.0504353438607277,-0.5604077117668478,-0.006542027919968279,-1.0061358832970644,0.39110355980114186,0.6585134201002851,-0.010591043030523418,0.6386841113808552,-2.729886565965576,-2.476838924104336,-1.2253101058777298,1.2968368541387951,-3.549734389068246,1.7742772712554813,2.456334974646269,0.025905407314426476,-3.781457567523111,-0.8168124671241531,1.3593372892486286,-2.703454701642382,-1.405247100694668,3.2538369852082876,1.5759393703923368,-3.524430794848648,-1.852225162975327,-1.6311347961000489,0.907033013584045,0.2601906681779432,-1.7809889963555285,1.4083483286739156,2.8684855865906242,2.2059894815476624,-0.10151764969574917,-2.1356139696406,-0.11644094669029255,2.8740492275625704,-0.6115838745784345,-1.2317518828173524,-0.6293454041676735,-1.2412662036863837,-2.854846074637084,1.9777713189888741,-0.3942568260368791,1.8162334652528593,-0.2662588268268515,1.8269167699826938,-2.195321456268385,1.8255779292626901,-2.459334129587324,-0.7953339462709966,2.0834630333325594,-0.3040177947226634,-0.2459123891052127,4.395793545873646,-4.161636838386776,1.7314783846076167,-3.601101785447562,-2.6183145027809283,3.1298872555231534,-0.9304141040873771,-1.259856714410908,-1.799484570326718,3.1027468877006665,-3.168922687162817,-3.4555954191269813,3.0280645882266213,2.8217042060538255,0.3168963381165401,-2.1624853943644013,3.4805079733422613,2.20755296969232,1.0708816864772635,-0.09670005147905386,0.8631917798355949,0.032845895650142946,1.0395167951436834,2.895304583677485,0.9410469697960151,-2.7250821098441507,2.2768073212693425,-0.13106586080021965,1.5134128104925315,2.0532345015696096,-2.447355695304043,0.5868142325451582,0.27509041139028667,-3.779122763607842,0.19972642091136397,5.1652356360456,-3.9072795296655647,-0.29807904583578637,1.2742590520442365,1.8858208508516203,0.11113301391038297,-3.9885550392723723,0.9745235469332538,-2.06469851236395,-3.6471411972903667,2.703817575237181,2.3442366862767745,0.157981241874456,-1.8572490277588785,1.4676618695372479,-0.015081890876805948,0.8977580175484129,-2.5211418612255536,2.231435144482396,1.3422832633446422,-0.1573780009146405,-2.5549306992778353,0.6451290310697471,-3.330924663696158,-0.9572573463894513,-1.0567677322230726,-0.8557623027277831,3.519470539585466,2.620248291346369,5.732851711841746,-2.0990671777119876,-1.6362922149057861,-4.452569016349887,-1.0789642190268298,-1.4320335108373998,2.3454758635758366,-0.6746614751701059,1.20610738253648,0.49180286886795593,2.872145960108282,-2.775346517138494,3.1728126359578517,1.3366756490656069,-3.420297069076259,3.7252285634437783,1.1433539561767856,0.11369505369606306,-2.3081414607116475,-0.7777166056619776,4.980424153543063,0.0625167502577583,0.056160515195654216,-1.4380418176823062,-1.8044708445983761,0.5178633620515155,-1.0983645502948898,0.5486567427856781,-0.30590126977313514,-0.14268760128518307,-1.4529858870601888,-0.0007224357569223516,1.8938533026010953,0.07726609828013331,-1.400107140097618,-0.8121243692819575,1.629325937339158,0.7994199072234237,-2.539947244545808,1.4533502978054846,-2.666117215070011,1.0405360703156112,3.6730874870565065,-0.706186240171713,-1.8792202039545742,1.1518082195208252,-0.13052718432019988,-1.9602792273549166,1.4793770107370439,-2.4511383202932184,-0.5732026129045886,0.9772303820008958,0.9895573359143761,0.36153284764941507,-0.044308046636964776,-0.9305335904946248,-0.5027117723185983,-0.4858793832744317,-2.6690846385197915,-0.4834036222235166,-1.4385596854706604,0.993744995896654,-2.0708000922194882,-1.2800782565808708,0.638960072124825,0.26497973354876053,1.3101237731714248,1.0918381735232021,1.1996835967984054,1.5812597137546471,0.6406830499661845,-0.16987043274174077,0.5599346782001393,0.8761803125744311,-0.4643603102727495,-3.9087277782925596,0.9405546930178483,4.3686240418232325,-0.7117347014728201,0.39209294070316086,-0.061883249478749264,1.1600606946186633,2.4559122622505685,-2.225446228905528,1.531926478793058,2.634742901201433,-0.25768359781745415,0.558107780315674,1.7050705458970299,0.5843145639415813,-1.659302899806267,1.7951766230883077,-1.305008782604101,0.5714381669759473,0.25894949637756776,-1.3387895972644366,3.4510878480165603,0.5115427357182194,-3.555196361569966,-0.4414857919002782,-0.032528406653726805,3.6152328988242104,-0.2480043404417935,-2.53632619646247,4.349710803795268,-0.009190320474726968,1.0972555916213185,-0.9671392144062813,0.7744738858689207,2.2798846757573377,3.2647044050727803,2.519835983411395,1.844817684722262,-0.418245816681246,-2.834172787918317,0.5051470977385346,1.3759462804194122,-2.7379873367818144,-0.023232154828074447,2.765217703750437,-2.386391820703385,-1.1260906308591494,-1.9961061326710288,1.3604652815530105,-0.9874787655005177,3.577088231828199,0.20892711421914428,-1.2615574793178697,-2.5826795145889454,-1.7179726353329143,1.2917003028367788,-2.6857587546391786,2.6926948792005754,-1.3965922474772567,5.590939144229344,4.856649639233931,-0.6260169967702354,-1.1122271899191714,1.9370329997916385,3.7498863833204985,-4.281136893562742,-2.0565873235704726,-2.1437889893865973,0.38963536609363325,1.6833080168932306,1.9347878356194308,-3.43782660916839,-5.658005923198396,1.0952461529341875,-1.5239985016484627,-3.6571597683708306,-1.1019177365888828,0.3549751212086545,-0.7049645488173761,0.02913870980036977,0.7806568076335557,-1.8969422286716884,-1.0016795547844004,-0.5878951211121553,0.39041759799249043,1.806787100479315,0.0994800332577288,-1.2109811422504106,0.6412414695769025,-4.582838916125951,-0.6366192621289759,3.445287975537786,-1.798413485443281,-1.7901907915328699,-0.5232545759871373,2.117601062202629,0.1176728910710145,-1.42041426419001,-2.377838273811676,1.276611751922343,4.103319535439945,1.0948055596103021,-0.3341565247825179,0.9840988379084681,-0.17317134957150032,-3.139647859132468,1.4715374578474312,2.004207362946637,0.3457102751878671,-0.2857043922376013,1.4698686364687978,0.6190294301048274,-1.411017299781312,1.9000000530465075,-0.665530397431743,0.031496081427868736,-0.7170559019491632,-3.492484447111561,0.2607666407785595,-3.298128328655436,-1.0972128998544017,-2.794567326334303,1.2435665960892746,-0.6486172347171941,-0.6363362695574856,-1.7099557697515726,-1.5308184962530536,1.465425803833175,-0.8494699528967523,0.5577125048726822,-2.256223450780356,0.4056238775027039,1.2082341033497928,1.5132864254962508,-0.8356027687977557,-0.7291455579009335,0.36394136254051,-0.6678121112648028,-0.40809686866582123,-0.7593220314365203,1.562528889206961,-0.9443352187637856,-1.2792040846853627,-3.6930227474721904,-2.3918828405664176,-1.6788326002536689,1.0196024103808434,-2.275397784773408,2.0053207499266836,0.665754042600219,-3.7894624528430314,0.5902867794929152,0.735242712704476,-2.0759041051929485,0.34340424593382496,-2.1868780361176396,0.2887977278965498,-2.7604148065816116,-2.117180605721693,-1.722698549487697,-1.082727048667118,-0.4084521690753329,-1.5940846895619014,-0.39023458870201194,-0.4508267247363131,0.07995913340629762,1.6145872111805144,-2.821542397336936,3.294532950645701,-1.916865948134527,1.9164554694202751;2.1099370798194643,0.9653844019699627,0.05943763625335757,0.26300018584822016,2.0065938702350676,-2.7969198706302794,-3.0014539128510274,-0.8732488687451383,3.7197072490078216,-0.5543642322534919,-0.7036687776057098,1.5550937167070775,-2.8551598634099706,-2.028725041388844,2.711491054889955,-2.977358031003518;0.4466266591186135,3.5437792708968097,2.2563338205525914,-0.1551259555205906,-1.278381777347374,-2.8261527188935442,-1.4178655780924005,0.10309750344335025,1.602700547685427,-0.7815601944548235,-1.061735942608734,-1.398617730680687,-1.7798717873000751,1.2157565050866448,1.5386757118798342,-2.2833462901644954,4.183866474698565,-1.0050196388507828,-0.14660569455521386,0.01237520382389265,0.43965362341926284,2.6508210494420577,0.6417655027342455,2.052000669751589,1.8726274761493948,1.2031368610911426,2.312408637671863,-0.6447302253415261,-2.4198899615655933,-2.776791331406271,1.4403628647504347,0.5691719684461319,-0.08942530120254918,-0.37369510351060864,-3.417440831671266,2.4277750097709476,-0.6396362456133337,-1.4827782530791087,-1.1813080458958518,-2.3992755819389915,-0.5130564800885872,-1.7150029509837852,-3.6236287268213725,-3.934357470048685,0.424117478535311,-1.6186561446691645,-0.09855240043993327,0.5287190271843335,-2.083163699774401,-4.931906905735273,0.5338372475371179,3.2289525565293338,1.4256622097656297,0.6278634768191504,-2.7704711695086552,0.7797336231128654,-0.15539727275688406,0.6935369415614261,2.282809135012868,-2.2848925040576207,1.4833157508776476,-1.938768554876927,5.67983395335488,0.45354543717394386,-4.264398579001027,1.7979624796692564,-2.523523324599169,-1.0664154365260674,-0.3252353653429986,-1.4931619370616513,-2.377624020838734,-2.236124874165106,-1.6490936067454554,2.279466391893573,3.5058111992579146,2.2349598890900397,2.8080520660512573,3.6707074739795544,-2.4907075780822003,-0.4586329975240991,2.482365519963739,2.437006164666206,-1.1229999725564326,0.6815360064936091,-3.3197587653368763,2.080129246837465,2.2571937837907226,0.39815653986134864,3.139809504192933,-0.35682270678642714,1.8073549871006191,0.7770560693097119,2.3209923847175014,-2.4220162976451287,-2.0790032080175997,-3.565355171571368,-0.8577551286539483,4.13425752776548,1.8500881735590862,-0.12777371575684845,2.361468514153191,0.8655252650763137,0.4415761188740835,2.6996868987905858,-0.31323182813408207,3.131939122753619,-0.21414184956599294,-6.4859159183175175,6.42026704919127,0.8910181526588555,3.507892985192491,0.3974375047064868,1.35574871441578,1.1583039951228469,2.9407372444149766,-1.4244964362846109,-2.912882840495074,2.40691286926499,-0.044666964725656524,1.9908063345275613,0.610935336500979,-2.8057110328249326,-0.4008881755620324,-1.9645872033072502,3.2861334892421947,0.5322679114334758,-0.6845207454063981,-1.5649888088714325,-2.6853543022713575,1.6561768012355582,0.2328834233333892,1.9906350829689183,2.745665942666792,1.7741482015248,3.3277588600691317,-2.5329465864522636,2.310126483772543,3.7372329349881825,5.491911121734871,-3.466721660919252,2.692242704618891,-1.0484878245227223,-0.1894232566969412,2.077422222923158,1.760281185630288,1.3757012795508445,0.7314060055501883,0.29781391381610406,-2.2499857494309787,1.0707214530673739,-3.504203156038215,1.1477542134830938,-3.835957785853305,-0.8571379871822067,2.4009544217774392,-2.3939192983453914,-0.907994209768939,1.4033182891016798,-2.0187712858124827,1.9585001883486695;-3.7088593832898225,1.552512487228523,-7.716348919036361,-1.8459946773253681,-1.9377407005656733,0.09541477913668395,2.1245159385001258,-2.756928510492496,-1.0650217854029613,1.5916409807182863"
2,3.2703628766378388,"0.004128564015130426,-3.3134790811443304,0.33162610572714935,-1.8935295732118687,2.4808208002368457,0.9471501914497756,-0.025456238368335493,0.1716097084987002,-0.09849580575218117,0.898485811069884,0.11525293470648196,-2.1211898637377744,1.3550667679492676,2.4496820925448493,-1.5758360224186743,0.6497228332576603,0.539916990103488,-2.6580504084079926,1.2272256092001477,4.301677009356073,1.0086556269590565,-2.5279373939127305,0.5106956244707087,2.9134017909059304,-0.10194228186052953,2.7905529154842372,4.251764876981835,2.0060374760307855,0.69897143220905,1.812843159530812,0.7788552261440796,-2.5879252940396276,-1.3318084336348912,4.815041378658107,-3.3097393417900878,3.315057751177196,2.5579981016110143,-0.33859440494423987,1.6819443887187384,-4.005020048782416,0.05109033020394428,2.5604432773616446,0.1301733902624966,-0.20250686971676266,5.100911224799256,-1.4584635580624428,-0.3921864380721179,2.1102140804947997,4.161950942762176,2.109776995159688,1.802082494552691,2.3457837016053564,0.07063124229733399,-1.1827068330650932,3.948916808555764,2.2404225477372695,1.6256416520054082,-2.210101594886138,3.3181610380347353,-1.5638746935488568,0.4610748386565347,0.03992454739140846,3.4166499861624993,1.940396016502151,1.642715970490041,2.3369258563145228,0.8739607287875089,0.7994674278224226,-6.06447366082267,1.1966441388047089,-0.6523240332064978,-2.9031929019375373,1.4209892207973185,-1.6670843056905236,4.648649736089313,3.4880471992529913,-1.2381553141383994,1.3545869492927958,-0.11250581099704846,0.7892441912067012,1.1523224839634865,-1.1270730113690837,-2.4653529911551417,2.5830741623565485,1.6755303469446183,-2.5856578425965817,0.2927326935836251,-2.325785264047669,1.9087789189008608,1.169444642816069,0.031730879113187074,0.5734226259858127,-0.9517738188438337,0.3911413761421893,0.9069760571958776,-1.959978076826268,-0.9803501738967992,-1.723586443863043,-0.5032709753061669,0.1368587520028787,-0.5893819351911475,0.9090472961118046,-0.44130573798452655,1.1206413737142038,2.227441258453633,-2.1864594344349237,-2.669783509132734,-2.575844844492853,-1.1976113394042625,-1.029975455237468,-0.3518659304504602,-1.7048850799301307,1.047644501073501,-0.41049590033891387,1.3338388530799408,-0.042475791114698666,-0.058923486476101454,-2.2475909241785246,-1.103185274821428,-1.6877472874698787,1.4353191038517297,-1.8992794742755725,-1.1151782468562106,0.11829758580456139,0.40100389431727584,3.490949003217657,1.6073792147208315,-1.640450015087182,-0.6334274061322849,-3.0136886263586176,-0.4938344185725685,-1.8144633528400609,4.483398885785821,-2.140288182021619,-0.09350088407068637,-2.0527280958164025,4.0184450079771095,0.11751204420121565,3.24319652931107,1.778887430253705,0.48534166911138765,-1.2844959988529552,1.8638798491428699,-3.0799779581244486,0.1852392385413256,1.6747917631237652,1.7687091700584456,-2.095231621620087,-1.3428435304191866,1.8910656512556627,1.4966207216865046,1.3222908317573547,1.6922467364065448,0.12481762378492188,-3.494594084948284,0.19488601783622458,2.8632007228612215,0.213134981857815,0.45391231298034346,-0.5097820029016111,4.370004322418631,2.938319871283731,3.1814855987950423,1.184215503223828,-0.6363980334715913,-3.80244647184664,2.995108177420404,-2.305547694845532,1.4686275570671812,-1.0040313844696231,-0.893800714325685,-0.4880527328761177,-1.5639293435588963,-0.9397183135692734,-2.1939506792482346,-0.011193187481060005,-2.2411116136461215,-0.09954132278829896,2.4432581604506614,-1.1927213792211793,-3.0485120123557965,0.6030373052868682,3.7183289648281295,-1.041708701984134,-0.015716814472633935,0.5148382404062994,-1.8181804258859686,1.4074525117815242,1.104507190919994,0.25537419550588947,-2.382431481336997,-2.4725394964804304,1.3545614651243039,3.1112371668441785,-2.419223495236341,0.49011809205500595,-3.0194309026060515,-3.182907048191495,0.9170122998502845,-1.6222544648768977,-2.6090724306403965,-4.129232504649307,0.33275686625142975,0.7995482255452308,-2.559055436071405,-4.229321057023562,-1.4828859601785769,0.6079371204050111,-5.174238640545602,-2.29243732066284,-0.7141844774154816,2.1432738949787344,-1.3450900068225684,-0.02539841823957461,-0.6025845639987096,-5.222488864616042,1.7930469828670321,1.3982872444622834,1.8255950351948018,7.396511882686641,-3.560625434902075,3.8969823714038423,-0.10711197305112465,1.900544935462443,-0.8668873239641122,-0.7070218610448463,0.3625636216879133,0.39094289960636897,-4.027254897161272,0.6840641614591461,-2.259936558597287,-2.555777513698071,-1.2990202445623134,2.65839218327438,-1.0171468473846386,1.711497661785547,-0.889039361074573,0.6040663113079776,1.1690022549981205,3.9916678399717864,0.3542265509342216,0.4655995623045599,-0.7239163295493114,3.6295528680083544,-1.7045465551815584,1.6352012423013726,-0.33050441494513905,0.3568604135721501,-0.3844432225381963,0.46125919689086664,0.22813869261348865,-0.8349199866724711,0.8123992115525049,-0.453983104700988,3.7736241231615337,-0.18812835280914125,-3.5444056754006317,1.3930173118801459,1.3864501604507056,2.0930129199378222,-0.9957441960694449,-1.0823286245136865,-0.8964131523792178,2.183053402117572,1.9962590508216707,-0.03524695964737076,-0.10423742341874931,-0.4477694171383793,0.45159264172599967,-0.3191678586437218,-0.060918986065885875,-5.3271039354720005,-2.2384613083885334,-3.6500784757194986,2.8947827132677704,0.46207036084738323,1.3214729235822646,4.456061559547665,-1.1753144934158346,2.3336391583701106,1.6224074992382624,-0.37643658445353073,1.4326209914896009,-2.8625163653710577,-3.732741579197673,0.11609848085599048,0.13888348419814464,-2.100124094472705,1.0622300327345227,1.2486845991729083,2.858883460314409,-1.5563112475452427,-3.2656754168356454,0.9187702032078109,-3.364239284961317,-0.13664367432165986,-3.713078887358114,2.2702573756129967,0.9471238649580984,0.058027109387063895,3.6946958490927324,-2.7442265280537987,0.9815779065246204,1.01137614219928,-0.020075894776115766,2.62138820441639,-0.8152903134547528,1.5725904216014281,-3.392888140570234,-0.723467870780171,0.26714256621767485,2.233141965986824,-2.0803947177070654,5.187467200593556,1.6772717809035587,0.3082177672154861,0.6683271264275203,-1.532913308013426,-3.711278102138707,0.48161159977887813,0.27311866990444184,-3.8054095941398347,2.275072686384551,-1.5457924908491651,-4.122658262464232,-2.2339504423237244,-0.9158552224223164,3.617361404907943,0.5347503026570151,-2.8293431024856885,1.4648958836660617,-1.8202028818379723,2.3376416451216544,0.19876151903232567,-1.8848554810770564,2.300302708715486,-0.4858878727629753,-2.2254737780808953,-0.464718549004929,3.9521746287064987,-1.8230258242571122,-4.808487885163148,-1.942145579217596,1.1618260345070803,1.8914225900508015,-0.636702087781719,-0.20058035051544462,3.238976427969459,-2.7971836777964274,-0.2016878896745586,0.12471168123618165,0.4634529507925244,-0.9718162300471036,1.5646014539971258,-4.977934144357798,-1.444937484012562,1.3906836989396638,-1.9007253207854042,-0.2907358799497528,1.816189527563112,-1.3976370405087275,-0.6821317260402591,-2.0543116500242853,-0.1517472151118278,0.7917951027555371,1.5915215734381203,-1.281220529044939,1.4848793398534066,1.4196632316463698,-3.737989432747194,2.193591659864446,-1.1033233806336797,1.0673982857800473,2.4261454363401667,-3.3285554157218353,-0.16915221672099728,-1.214397278433635,-1.5069616269815527,2.0323809134613597,-0.6456860247470109,-1.1964387419746114,0.7962643652647268,-0.2719343666746063,-0.705520817168094,0.7856059050741748,-1.5636383197320463,-0.5899618603088874,-1.9089520980906491,-3.874149812380344,1.9242468492541043,3.779341865363925,1.3103287615661492,2.2341680086790072,0.1498207207133282,-2.6273120962670755,3.605931569407623,1.5756561703148126,2.6333947233074375,-1.8010675318881313,2.8192641496467763,1.920825125583109,2.6013741462501945,0.8439148550145987,-0.19552751795101733,1.9681707717216024,1.1294279476274423,-3.8927146771939425,-2.4045824054478113,0.2570989168752768,0.5758230968383935,0.30347944220964046,4.199491004483385,-4.279961527668545,0.2430090849394311,-4.391172144883033,1.0243489484310502,-0.35652077603386684,2.4354306385721674,-2.8658364866633224,2.8244782351039657,1.5098946337309145,1.351265741670561,0.1790141322396577,1.9971510917271518,-2.118100549327979,0.46703984718912833,2.983134125687799,0.8946258810800577,0.14997570484539857,1.705555179283349,-1.9480045810164164,1.2117574131849362,1.1859226184606635,-3.3527642776034536,-3.4356715826809756,-1.2242530733791441,-0.6284724751613333,-2.4203255363543548,2.219032399697004,1.7300568543869534,-0.9236065382399985,-1.7670372169179445,2.3065998457901817,3.118163673466257,-2.832120271106284,-1.0520397299984632,0.6084024056132793,-0.36914795044049936,-0.21973723581675234,1.3543156270270076,-2.3504602443147,1.4094025412293938,-1.0380726134921638,-0.6453920819027061,1.3761662910603347,0.7554371662398763,-4.87753514954044,3.6749349829850444,-0.8150329155311402,0.2922029084117769,1.0375336647201034,-1.5510473391236457,3.8632114099718233,-1.2102545021807536,1.8790321430419217,-4.202202766945209,-0.853346613107268,-1.9106721215916012,1.3683991851170376,1.326345464353728,-1.317693343982779,-0.4997954980458635,0.5397433416266044,-0.9019959533381934,1.787959898451176,-0.12268985189467164,-6.348970313158867,-2.1012534633454716,-4.575589277503017,-3.85563535350297,-1.5374244039898557,-0.26545633041524413,3.1073570273638493,0.6402156403631721,-0.0027685079800011947,0.23836624358675507,0.031102630208931663,0.04452702164170817,-3.6184248264098597,-2.0801616364112436,0.0884899159267811,0.9891530768338852,-0.49193977708191466,0.31660409798492634,-3.8643330326458787,1.4650568972479863,-1.182285288961481,1.5649606892761625,-2.075562346258394,0.09377861815011361,-3.6065466201985257,-1.3582985939027672,3.3063795367678073,0.6567363605035226,3.074933569002654,1.503818572677643,-1.6005469504315457,-0.2760683945343433,-2.0450157662662036,2.033356636030205,-1.7056926405093065,2.9920840954243695,1.6221873550464554,5.269812886109719,-0.24395435028754647,1.799277453000466,4.818492866704587,-1.1043634980798047,-1.528318149064421,-4.375119301173197,1.4972109459899718,-2.9775233626134803,-0.9239936500553649,1.6334146347498968,2.103901932990513,0.4483284555991833,2.484203350824489,0.9791078066715609,0.3645002096402946,-0.730091788744208,-2.951375035288524,3.6136465929440567,2.1339830381271976,-0.4473472859215271,2.8253495881662576,-1.04959546066029,5.57302588249112,3.92235589826276,0.7072928299442407,2.885590333251343,-3.1853072330975487,-0.2637202944282777,-1.4911926223877299,0.627250353977699,-0.2231021958498512,0.5316643123342285,2.287016858731376,0.7806794192809083,0.2144145445553019,0.46890398261437916,-1.9101495595263236,1.8315473837164666,1.9000689156928863,0.1987314539431359,-1.2053098826834563,-1.6612298246584796,-2.8062609913472114,4.135411737641356,-2.5609914966984038,1.7305872906382835,1.1402046373837174,-3.5618570792743327,0.15765636332917699,2.0673371342528712,-0.6549899890738895,6.442707508784402,-2.5411436526919737,3.2049701227700593,-0.8179789287137402,0.3828752846797463,-0.6342095052080686,-2.1597120972284554,2.108542593022485,-2.0389949559894016,0.6424333391351077,1.92085695561313,-0.7435930244506551,1.0561465692096657,1.5769656263369385,0.10762450194672028,-1.5444024158134266,0.0357754466211989,-0.31978004646655855,1.703503708376653,-2.1507619487612946,1.2292108439529263,-0.976158211273209,0.7694921240816917,0.4433034831541447,3.219874817005292,-0.9496101496744853,1.1241094322402911,-1.1667830916906463,0.7693446068340486,-1.0482248628458317,-1.9028256265288195,3.838423845115223,1.769500432783102,-1.6479654844200398,2.5473761908954553,3.46742736399101,0.39091169223828287,-0.30946443713368676,-0.12653250529601734,-1.6212921703953982,-1.3003276640651074,-2.8466664314628765,1.0207274150798433,-1.1775638862578373,0.4767292430716441,-0.2508318787266504,0.5856058297026121,-2.9076166310877323,0.4680788843863634,0.36771806624615194,-5.048575028133185,1.5784341320506603,0.9758248491519839,-3.8738618968701855,-0.35313876004755723,3.6868426018129985,-0.3583370621645129,-3.412311681907287,2.4477219899326506,-0.660699583664904,-1.9259854993624486,1.2203876277158296,-2.3921075149611597,2.4585763528674245,0.7766712970121048,0.3272627116562368,0.26179727597097113,2.7503010700002664,-0.9249765104364494,-0.9975731819123067,1.5423257572535876,2.916610844846742,-1.9578274996260407,0.4887628743554377,1.7825942835665864,-0.3782576844922214,-2.928440777003057,0.6453485751444695,3.9333182839883305,-0.5950442968570048,-0.4388909276688075,-1.3837510877093404,1.8887109866674636,3.2025519770816193,0.9044237841837477,-0.48831889254734473,-1.1863126926578664,-1.5729005230618227,2.144852690775245,1.3283997494257098,-1.3287125611078028,2.5970090711860205,2.418901306351484,2.7352115225113995,-3.4586850905583986,-2.2458362836380563,-1.0833076797870558,0.44021188029334735,3.788636287395556,-0.3904084558596843,-0.974496223013364,-2.6809557180581605,1.109543469559049,-0.37855687241514324,1.3925350111153385,-2.1868338730892476,4.43150681802748,0.5957613996941972,-0.387309552029347,-1.5630731642695446,0.047815791369659584,2.5576790961660927,-0.32748824050593406,-0.36805548279410044,-1.5166537451260271,-0.25762442975131755,-3.4635060270108617,2.114331119202748,-1.5186899082772323,-1.5321247667331377,-3.5196385648245023,-5.298865010771681,-2.895089868224179,-1.5139470953891927,3.1601675965118354,-2.2868623070858085,-0.34307910049743706,1.6656539527320622,-0.08410369468260376,-0.14355857116076068,-2.8497961717542784,3.960555496462111,5.76566419089417,-4.341001438156038,-2.8874686902376734,-0.3512173166621615,-3.709620112200058,1.0366947868758312,-1.7193191582574279,4.46331202498102,1.7793763844976878,-1.35164566043636,1.192513477905401,2.9445632089523572,-2.6441022178976796,-1.4022344829806626,-1.3529608352145173,2.1784820975073513,-0.1443963298392152,-2.527862942557435,-3.2456139538531863,-1.298929629953871,-0.4653446172418073,3.6851914198171376,-1.4562536714896437,0.5555359967915309,3.3842815058266074,4.27460804071127,-0.7920977783059197,1.280051683376088,2.065745805922343,1.1321319512833619,-1.2546865291556109,-1.0730035746121946,-4.52815583142789,1.2019284147744564,1.0787900877530616,0.1818757229087335,5.193923785513272,-1.097551167884947,-0.04447791285357086,3.1833866809166707,-1.876885243072545,-2.0422889420467865,0.12455584824435079,2.479172410736521,1.6632180162724737,-2.247755311279139,-0.9518636728518816,-1.2634585285851618,-1.0295668102584206,0.46737098602399163,1.0105197666329773,-2.526548796402939,2.295521335254658,0.9905303647551503,3.062525900238904,1.9934385002759705,0.8323723473398121,0.5902243407770555,0.8507451073274775,0.7207378219373307,0.25698487524290653,4.023636797658291,1.635765325981156,0.3973185743291447,-1.5981775414854333,-3.075066186822477,0.5547894170042957,-0.9763338652294893,0.5150095280466732,-0.43050149558901907,2.9229663153572294,1.3729059245632345,-2.4653985230036484,-0.0949710871736303,-1.050967324284042,-1.9680753679875083,-0.5661443838011461,-2.3911303684529304,-2.78494704292189,1.0598852591868737,-0.17813569094624246,-5.601357090238441,3.221000175152261,-0.6953354310161651,-0.09252714616945867,1.810630553991497,-1.6734896415319684,2.209621171713978,2.819784050727458,0.39353568646062786,1.301786680653424,-0.36097226298350105,-1.0211338219359385,-0.5624845591214738,-0.0013991839129302687,-0.9997331851932648,0.4340474354430681,0.7219590416137224,0.0036142349890322945,0.5769535906969029,-2.846343896212756,-2.5312974310345155,-1.284545039377384,1.2995347561634765,-3.6475769504058544,1.8640423722334079,2.542780542137926,0.08055790454696429,-3.8742409527227895,-0.8239716705079091,1.315348065093966,-2.705421033619402,-1.4246172419803023,3.2564330949749123,1.5746839461746307,-3.6635864809535277,-1.8956812085919248,-1.6494460719162127,1.0572019563108213,0.23158632411958532,-1.8171468750404574,1.464106666818937,2.9533890528650213,2.2177588155472963,-0.24271096530549316,-2.257984398323651,-0.09343276493833982,3.022421707323562,-0.672622801961227,-1.3224526389229696,-0.6321340625254875,-1.1657714999467756,-2.9877366339067097,1.9852683727211538,-0.28544811106714013,1.8930086406433244,-0.2933967257604713,1.884826285629862,-2.209127929502948,1.795246370087311,-2.4445662572515423,-0.7800058226211626,2.224662918920708,-0.34408893550914965,-0.27697957798693523,4.495848005760093,-4.277984032243079,1.7786372788249638,-3.6517100429402327,-2.7208669523769986,3.293660075922101,-0.94620108036301,-1.2946774072816216,-1.842117277163931,3.2407928700979864,-3.3286591966151198,-3.6041715111141635,3.074126803218014,2.8724177297655626,0.3413313940657765,-2.2107221911068313,3.5799095460400703,2.1903391737848943,1.0664793397071464,-0.16973859366192667,0.9462445419765296,0.028044100986550427,1.0543055204286806,2.936039429995671,0.8869682845712148,-2.7816981923673927,2.412060121863282,-0.1529442905117104,1.6210878320785156,2.2028136996276033,-2.5515788530202643,0.5827272163904808,0.26137978919391724,-3.844921070049877,0.23406982018347283,5.360942579032884,-4.075287008750268,-0.3069576579649495,1.349268232783395,1.907924438205577,0.14126967728975726,-4.183182814099516,1.0268989755385813,-2.0959748026866354,-3.690456583936947,2.8166214121194297,2.4475186689872404,0.18358180926825507,-1.9877449777433887,1.5029575234473878,-0.05159270670866836,0.8653729348981672,-2.6703729426343887,2.3458175602434106,1.3852192515521295,-0.17357626462970313,-2.6744759882636813,0.6490848876835079,-3.3652873982625406,-0.9897962637868918,-1.058925135427492,-0.9196605857999602,3.608140344315205,2.6797746148188413,6.002678378641842,-2.129537858713047,-1.7320036591785017,-4.639169463163962,-1.1051661333252418,-1.4356221607288733,2.3777904714373723,-0.6562585229966589,1.2069243821277291,0.547486688994593,2.9789750615265493,-2.8183496371796033,3.298190907247756,1.378591229151205,-3.5915403471087766,3.9993464581896188,1.211088717447451,0.15333497087343034,-2.42735795209002,-0.7484918915862563,5.121131776337773,0.01306394145101105,0.06244067320804547,-1.4882347046525757,-1.807801756539137,0.537927208021642,-1.0747140659355696,0.6155424180859552,-0.46713653413412215,-0.1648741798063814,-1.5235212472393245,-0.056039041887329714,2.0228976589578362,0.0740879896847985,-1.4488207131418342,-0.7988163887897566,1.5786388353812197,0.7924083591718586,-2.7191539942092104,1.498946125447714,-2.683668078372435,1.0969482393510759,3.727714912853316,-0.6758675923204565,-1.8354324650641562,1.2153276983743977,-0.09466749258128357,-2.0111142179759307,1.4721187472770245,-2.517329080859223,-0.5281122545446085,0.9178283545739209,1.0568653743570848,0.45155168964648285,-0.11177952867799419,-0.9781029737977011,-0.4846498473194321,-0.5385116350299785,-2.7652594793170744,-0.5099862131721765,-1.489559287160685,1.1358729185905696,-2.135938665234613,-1.2605166264659708,0.5985615902097512,0.31103812067673703,1.35170488129689,1.1139691699702854,1.1991012453438092,1.6471735025957022,0.7428542920757146,-0.10573985552258273,0.6350607343538143,0.8613497180496635,-0.5390118431008478,-3.9636603366131973,0.9745894018386925,4.523399413283017,-0.6782650332679259,0.4756175929678222,-0.0768394712471552,1.3473002408763137,2.530559513629763,-2.260452809004115,1.55914868436865,2.791451049077766,-0.2560927867923614,0.5179851874929273,1.6966308145085143,0.5791978308959486,-1.7176323412430514,1.812229196702467,-1.2749337151551146,0.5730612675391303,0.20622510591989965,-1.3668345992617248,3.4666290845915966,0.5474175548812503,-3.6580462691557782,-0.5554616957059281,-0.15704667738436512,3.767976412933954,-0.2864842777684276,-2.6364568058741447,4.41996786929472,0.03957104460122298,1.161704169818386,-0.9915595912807907,0.8096590782566692,2.3005340087124493,3.309394213534781,2.601334532937542,1.9258377160437266,-0.3993752396672612,-2.9525095659766665,0.6127102038466457,1.4080395453261088,-2.8732984207046877,-0.12839320769833257,2.8286282108919436,-2.4224350782974287,-1.1864044394471893,-2.0299767779187134,1.422097080303595,-1.030238609925112,3.663959286028846,0.20515973847799363,-1.2998966117291826,-2.7194833416402635,-1.7436474749261555,1.4359825855855812,-2.63505108388278,2.7171634881449407,-1.4832799405074797,5.629275844638486,4.98968525234175,-0.6729835447290973,-1.1479142074928235,1.998488180838369,3.898470113305268,-4.5217829756017265,-2.1468660527592105,-2.238470799436199,0.32475412727754316,1.7207290159424886,2.0151120865430965,-3.540988355909185,-5.849148886159332,1.0937310097112396,-1.528224359901305,-3.833189297138074,-1.186908466018268,0.3159681989257682,-0.7981248454888108,-0.006411458045918063,0.8418755885438055,-2.012819949173576,-0.9779153963047492,-0.6291012036455512,0.4316001098994668,1.9567433458147028,0.0006323419009275633,-1.214858091914671,0.7126035641605916,-4.74104103418589,-0.7108192213945276,3.5946953363594356,-1.824096901507932,-1.9529212594963974,-0.5222402470338432,2.1273167447962367,0.20108140746665554,-1.5167801211805094,-2.54460530575168,1.2653364552661959,4.196535234946503,1.1636821079500914,-0.3828341617769138,0.9476008942471912,-0.2163636748608751,-3.311023043836522,1.571174109121536,2.058493394243779,0.3972113387067394,-0.27783122406702565,1.4766465189406905,0.6411254675054942,-1.596667416904554,1.9235037339595658,-0.6957905968221552,-0.002636240507933804,-0.6786883203746732,-3.6128437482927507,0.24098755012961612,-3.438646350789018,-1.0825477624873148,-2.8630720503019917,1.3096545211432966,-0.7270340366507828,-0.6644406220534025,-1.7295393235982333,-1.5382461879291616,1.5112535450641744,-0.8475101404785604,0.5983268051790563,-2.2983569990760753,0.405608593881492,1.2252607320071356,1.5485342049516961,-0.860312722251663,-0.7894112453284537,0.31469734193913573,-0.7711305630364403,-0.35371007326930837,-0.814676950621767,1.569594122853469,-1.0144563107378766,-1.2594474233671344,-3.8095132178328255,-2.483007613378064,-1.6968183109548733,1.1195378920872117,-2.3234311142212714,2.0193167722449537,0.6519731325089133,-3.9524157349604665,0.6305485665672091,0.8117341945972452,-2.190673413376605,0.24381110457833235,-2.256646524894731,0.35783027184552396,-2.8611906932805233,-2.129621966550701,-1.7674739373265949,-1.1483151045333488,-0.4707887653589001,-1.59727374411683,-0.3613781373137204,-0.42344249711579374,0.0594608115041322,1.6972917635664087,-2.906153625208524,3.40186766641654,-1.947094694089137,1.9757952100816782;2.198818092696022,0.9397518329412231,0.2233233866311881,0.5034976689334179,2.174815994267608,-2.750988706435998,-3.2431580226345833,-0.942276027304069,3.7610907973966397,-0.533141801539757,-0.77806708115141,1.8040336545281344,-3.1236863336797738,-1.947120772844342,3.3263692959513396,-3.161971460695746;0.46858801845633746,3.708453343794383,2.248776033205139,-0.11288634994427663,-1.2625109023435657,-2.894504238036548,-1.4744405832556589,0.11743719104388331,1.6051757595101812,-0.8246605758828123,-1.0430116715573603,-1.491545993946553,-1.816207707581909,1.2301817217617805,1.5531906896149448,-2.357591875377245,4.3610376055591304,-0.9884072167285836,-0.14888211084462474,-0.02331100641935313,0.5238807052113624,2.7692800568979923,0.6516032246829186,2.0959836698429855,1.9488229840656976,1.2102646794176763,2.502005680032743,-0.7486898444046671,-2.5468025117673565,-2.7915324584707784,1.563409057887657,0.5811797413936257,-0.14736154795212755,-0.4818644253001611,-3.520899684263464,2.592650206511699,-0.632985762596414,-1.5342049384515284,-1.1692178040250463,-2.448730312750195,-0.4994824846102702,-1.804545968177487,-3.679299823151969,-4.0950852656926,0.43074468816003314,-1.7165243835299937,-0.13648450385809408,0.5198038864853881,-2.1687832525800896,-5.093294098746277,0.5639593996113575,3.3020902786721096,1.50552300196897,0.5866237565566343,-2.9770935903510147,0.8291418487335254,-0.13940788493098963,0.7134287640011777,2.3538881142220913,-2.4308661847064044,1.4956927226088406,-2.0684185871859917,5.928150235982209,0.4773726788819333,-4.487802684845686,1.913552950726822,-2.539915523563247,-1.1921808225328552,-0.4153687630420929,-1.5363421915290794,-2.4683529082289812,-2.3762932336060367,-1.7258923047276644,2.3282606476291727,3.6273838637026756,2.3931723800435662,2.875273556496621,3.858772556158178,-2.6208094161091586,-0.4122859613974174,2.5648191192745684,2.6452707854076998,-1.153212196399551,0.7009203594941772,-3.414265813404171,2.1313623652151183,2.3206189070679426,0.37536780439935685,3.221962364947923,-0.45356878344464696,1.918523224738478,0.8413438131057053,2.408649696295584,-2.4613011813889916,-2.1631590583373077,-3.706102541233502,-0.9525166573173278,4.353469388507873,1.963643392094799,-0.07181209017437945,2.4622570104767245,0.8848251492496444,0.47162079870456414,2.7930259262843196,-0.3076681055550319,3.3263681661941313,-0.2310550363496502,-6.808944366027639,6.654534646844354,0.9452630913995924,3.7435995534308755,0.4382327728022748,1.3788733611810253,1.2006263941530497,3.066248134436252,-1.532726886189797,-3.0541786159775537,2.396622957714323,-0.02108580056406356,2.049054033540863,0.6519633781781395,-2.882104949482093,-0.4455403845903072,-1.9937401972541422,3.3515895982012505,0.47816967088023565,-0.6955046102387874,-1.604178826228112,-2.8630761680347407,1.786899151707041,0.22283009034311668,2.079245108031304,2.831215592542691,1.8141392123834066,3.4383164585605526,-2.60576715398776,2.3614291602657884,3.865822023378764,5.653539555341727,-3.5914231570765756,2.825666969454341,-1.0929760634745473,-0.20438425353734768,2.1719586599925687,1.7348127253773273,1.4564063513011412,0.7933271872918175,0.3230075597818806,-2.26542158441026,1.0665653168277764,-3.5918271990685757,1.1612998615529344,-3.944410436677948,-0.9096179855338122,2.5012933735413787,-2.5533511715413613,-0.8998312366092089,1.4243586264797032,-2.1510517134002187,2.072026637673526;-3.6559442944473823,1.5362732887466257,-7.543289893523936,-1.8168440451508736,-1.9124838223779366,0.07013808857417148,2.0977604004080295,-2.7328739727356166,-1.104472501460151,1.5464371524729121"
3,3.1806851672537477,"0.14565554605653325,-3.325425562348753,0.46483640019829275,-1.7501568412778101,2.4435850199207567,0.8942690592280552,0.3955581761543214,0.2180428907065778,-0.13542612724250422,0.9750801408307317,0.0737177782527889,-2.135310206472911,1.2802623972414438,2.176015312711471,-1.794043680639177,0.49943236143043335,0.36180572219994833,-2.7060626607953884,1.2358645414193417,4.068468024883557,1.341509670350563,-2.4101465962496356,0.5596475522017383,2.6160163212673977,-0.43082069205339923,2.917658205108342,3.9477395225569403,1.9983657359454798,0.6924242830043442,1.7886535011383626,0.7510884542531241,-2.3087962717063517,-1.3492055421431812,4.411100999413825,-3.1401721894826515,3.1273652006547605,2.628214014021517,-0.41315999694146843,1.4040192523414057,-3.814515551427626,0.18482658478153458,2.47456877404129,0.19505102075591174,-0.36131829259215337,4.749657932262246,-1.5103828675798514,-0.14468650526644128,2.146790346856364,4.252582956965748,1.751828267840617,1.6577082987728766,2.111348004590073,0.038600021688600876,-1.1625749482266523,4.072516659405727,2.112521364387921,1.5044569656802729,-2.2533497312360424,3.34488041639273,-1.3284450221637942,0.46144724408419674,-0.06587355859844399,3.228767508405798,1.6247233104064218,1.6727904803260185,2.549104191463162,0.8959430582098385,0.8847342944160147,-5.782738295808605,1.1269848901276356,-0.6555605421313468,-2.592372781718385,1.5112400130551158,-1.3592503926553683,3.994149941760461,3.5832404188226956,-0.994305797623807,1.52511768328974,0.01708684506717184,0.4892004544919767,1.0270385802770547,-1.0202124735222062,-2.2490450035926184,2.529920250464226,1.553669004618331,-2.571990596448273,0.4353659779226297,-2.1838229503465456,1.9064730331115438,1.21516973563504,0.16331014226422352,0.7235941729438131,-1.1229193801558612,0.4063531492806141,0.9430561085429628,-2.2464338977311438,-0.8842703622799768,-1.5764036269148374,-0.5239337242559307,0.1714003309748044,-0.8904197057488568,0.8903232893529054,-0.5063559680761276,0.8124773525889579,2.15364302842987,-2.077803580680889,-2.099225787602826,-2.3837872328947696,-1.0825623418050843,-1.0411700259196925,-0.628500275628072,-1.622270685446823,1.141634638401214,0.03790447561118787,1.275006934359534,0.01827070981361914,-0.10937820026539903,-2.3170815005861063,-1.0728017720756817,-1.6716983291441896,1.528103017583019,-1.9153667095138096,-0.9198221211841461,-0.2634825817437253,0.45678935714898145,3.718536923065933,1.3420753092697604,-1.7683372099348862,-0.757658185382272,-2.964482107840585,-0.6563828259600212,-1.6388764524022166,4.358714312529277,-2.0864374084780204,-0.2393923140122267,-1.8196102365669762,3.848078632326856,-0.03613784735057912,3.1684514054151416,1.412453752651751,0.5716405557703531,-1.2597084227878272,1.5354031542190396,-2.8854278411106637,0.23755628688134203,1.7660677613660005,1.7756698964074848,-2.4272403939283755,-1.3876470201207523,1.7140511401275198,1.3876146982324755,1.439531064587537,1.7865968998621085,0.059229326743219166,-3.155772964812241,0.3171630065863309,3.0316076222277206,0.3756392150146254,0.33578628315317727,-0.5160935054108873,3.953920391731868,2.840921516628781,3.0866773568645853,1.1189637235455372,-0.5288921086663817,-3.6023481448439503,3.090784689033742,-1.8945126521590288,1.3972857409319466,-1.071999859446366,-1.1729721927337773,-0.45828515535819403,-1.2034113758737774,-0.8580025600727194,-2.1466903660891155,0.15367267260495782,-2.082809412406856,0.10255167810613341,2.1678693475565503,-0.6805060423021567,-2.9014105790206104,0.46709116347292584,3.380658015806317,-1.1906207882503124,0.03902392603008528,0.6306835580545826,-1.5394742668278898,1.2353332823319294,0.7385344517272274,-0.0390391415233573,-2.440326693027353,-2.190758477592007,1.4187244743027074,2.8983015325698425,-2.492797302752127,0.4335152451436783,-3.070808177518894,-3.084090539751388,0.9770500552481063,-1.8580993797673355,-2.4099788938609126,-3.8949008383081587,0.4296773164328094,1.1505242064831338,-2.5581258662479645,-4.270241875222195,-1.4318859472827155,0.5167044361676519,-4.865978340474399,-1.6829407690066251,-0.5981292087957996,2.2046756049912144,-1.1654816501547076,-0.012522670463554889,-0.7244310793585047,-5.037069821386088,1.5914905301950015,1.4538032525268914,1.6688949950769982,7.14605169028197,-3.298945005227878,3.534001448786081,0.07027717047686659,1.859396884939514,-0.7346613240250084,-0.5343265771344289,0.43856694005966845,0.24011310476433773,-4.124742618667537,0.6524476996016083,-2.3982286256961585,-2.4969132501390012,-1.2963972366189012,2.4129615895304886,-0.6887035960156107,1.9140019855639605,-1.114028968082705,0.4468714436191669,1.0261605032462724,3.9970193355525714,0.30452714877213866,0.3811244301029318,-0.6437947379617741,3.7093613109856793,-1.7875645413755719,1.584211313199189,-0.28724938507473197,0.18965160762744,-0.2484360889600562,0.4242666504699811,0.09062615770021376,-0.7863241109821141,1.0744308534413642,-0.37787307513884555,3.4396159188877866,-0.029520129353663396,-3.3421709750865842,1.2149531248377123,1.3208547661626038,2.0512780865772022,-1.1800840080215163,-0.9330887231938736,-1.2925603020272576,2.0630838481558804,1.822788588925139,-0.33953222273623385,0.04040300322639796,-0.6081190094314991,0.3924955629259523,-0.13843909416178368,0.2607472337564358,-5.39377293807366,-2.1988017087380687,-3.49732375942342,2.670196410607144,0.43352611830902704,1.3055461414937242,4.1550764714642705,-0.9871463581366711,2.0440585108820084,1.5543949132912538,-0.27814891393588603,1.7589544863069055,-3.080425471068362,-3.441301293312775,-0.02620080247440225,0.1264863563556957,-1.9552312135370258,1.044911300270316,1.07327409605027,2.959741264532199,-1.6048476694466116,-3.1884487612328267,1.1803290731690423,-3.2640059343234378,-0.4455331698571938,-3.6208581418694874,2.123810783668514,1.0321428880645847,0.14596938489374497,3.4829562326962287,-2.779894953530939,1.1576923634244762,1.1123564155116208,-0.1362271599709846,2.497650501026433,-0.7652243891156095,1.457569874671755,-3.136652653938253,-0.5570625410770738,0.25449130329182323,2.392041351867972,-1.8236003955144875,5.210442390585404,1.6252766461233958,0.3230832354341094,1.0300532912598444,-1.6038362531580035,-3.673576954073675,0.48262332354539095,0.30273528869940247,-3.868987794925954,2.30029960517428,-1.1590125400581313,-4.157761016051497,-2.4521877747329994,-0.8520501270386637,3.549882192233377,0.7131347456534114,-2.5645473581897313,1.5903402575306123,-1.8901281750449606,2.2528272990430493,0.21409136011092078,-1.69183153303605,2.258448559660745,-0.48715983172522564,-2.221300204250438,-0.4508000016886712,3.875210108615377,-2.0019210918090566,-4.528694878703931,-1.9416109081214439,1.016660831118218,1.8192559782120326,-0.3582540676109848,-0.42707596782737256,2.86196582792449,-2.7906312250865253,-0.1818548587987043,0.14374201872034398,0.6670937329951843,-0.7753862016318227,1.5934299228817541,-4.839647893662173,-1.6356983256915747,1.39508002386039,-1.9431616858129308,-0.37059035261299345,1.6632577586665125,-1.2835363067121996,-0.41071758046653883,-2.0046819299319103,-0.035874543973234474,0.748059815390256,1.469405760017455,-1.2131967673119761,1.5449867956310037,1.436401989706475,-3.8115501829845297,2.1906917809825037,-0.9294169017959585,1.2326334809019188,2.508852407405056,-2.762552939478999,-0.2592795120476167,-1.1436319098538132,-1.3120714808817304,2.2109471391279003,-0.7133599400094269,-1.2745807849740574,0.6701688868268288,-0.5268742116424493,-0.7372120623740418,0.6841034405414856,-1.5706883686345887,-0.4222831014964755,-1.5325354932839028,-3.6076184782144947,1.8538535923325625,3.54932541289128,1.528695707271281,2.08134563879361,0.2876728512223296,-2.314909105749645,3.3570950867200673,1.2684016760622185,2.7221735830281077,-1.7886321703403087,3.0404149571627146,1.5923644354673019,2.6277776886319377,0.8181673281589602,-0.05255686450984261,1.834347616496902,1.1163437202001736,-3.745816895389407,-2.409028289365219,0.23346517674605421,0.5280274089993716,0.4660933185162376,3.9841653119253353,-4.306016517461581,0.3598820435722189,-4.201634463598342,0.9266783407587712,-0.21900660116972306,2.541530628060119,-2.864995582834619,2.648997064165513,1.685843109278837,1.603561122423698,0.252046841559854,2.1138611429177545,-1.9106757849965166,0.6644149607236624,2.8406417032653954,0.8372641262828618,0.3337875155427871,1.4816164617192435,-2.0390684833952175,0.6145100476583718,1.1365642114295842,-3.0587395350016346,-3.076056453685218,-1.3383156671520244,-0.2903772123192268,-2.4899781167461086,2.01560466344238,1.842331347227882,-0.8092464162430778,-1.698072604615196,1.9751239146607464,2.9209266753504703,-3.1525445814814828,-0.8480554959999067,0.5467812638735852,-0.4279445229140882,-0.3313375605878452,1.2911553671351341,-2.4363189622426757,1.4140909836456,-1.2283502406836366,-0.6148618741703477,1.364731279612918,0.7352907935020137,-5.005948646278932,3.2857559764533866,-0.9308057113959148,0.01526973428668954,1.2428032625554137,-1.3549075148993965,3.753478140813865,-1.1255701933806224,1.8470920693541863,-4.1322666183736665,-0.5618539506597892,-1.785137409209927,1.1905049234693696,1.1077905534281662,-1.1260874596435069,-0.9346603851354487,0.260271426760237,-0.5602990401104568,1.8449304685494363,-0.1374303116466921,-5.912206230637396,-2.0898503739934005,-3.9992589436070904,-3.508801359500673,-1.3876140202942726,-0.4970966836079044,2.748588191450319,0.6695190773926207,0.08941153390200901,-0.10127561840070859,0.10832164226962389,-0.0885361736762863,-3.259288991433703,-1.851355537850691,0.2512861831684666,1.2635434396919938,-0.4837738319124354,0.1989640139234012,-3.7263636800557474,1.637097368139625,-1.1811999925322951,1.6468777365806315,-2.1341393497181884,-0.1269136411899489,-3.4373609782048327,-0.9459334612889261,3.1467481718296173,0.9445074599402832,3.0530912353565016,1.3675541358377759,-1.6361014094928326,-0.3723583605245818,-2.028581778094747,1.6019748565508887,-1.5772683029060992,2.9954676580673643,1.610512338375898,5.046466226161515,-0.2869290406858915,1.901780779091867,4.765570199078232,-1.2094942281106218,-1.432696092075979,-4.142950256547301,1.2828347097654023,-2.704614260567401,-1.0623565245048703,1.7586284830830319,2.0394322002660084,0.16034459207495494,2.186362386057726,0.9457053676562421,0.5809042979676828,-1.0895711539159512,-2.777325775512114,3.247261641622555,2.1711934124287713,-0.671965797544789,2.6426222352782216,-0.9693230169630488,5.555147151476873,3.7558061771182825,0.7740729383773224,2.627521558719833,-2.8970642188522615,-0.14456180860111192,-1.3499411413887035,0.7250917523016932,-0.4590683161291499,0.28907638676948266,2.2692301523049854,0.6210271848788002,0.22447867481272765,0.605408892761271,-1.684094086320907,1.613132309982718,2.026569221260802,0.2675531622795455,-1.0015102929502082,-1.4536467704270613,-2.895247932101581,3.962498387837468,-2.6030027367472757,1.683929758337733,1.0752670742065273,-3.1953390526651115,0.2566608326097359,2.125251063545237,-0.5981073137541333,6.348537019157273,-2.7666754785281835,3.0720955503352636,-1.1526621325896174,0.3244139841332656,-0.5580411141190479,-1.8733382978411113,2.264095440096623,-1.8160435903306273,0.5463541692603379,1.499715055239202,-0.8010551672164656,1.0258811859646475,1.4680961287886463,0.20805024801085925,-1.3819432215526386,0.2174476816621131,-0.3320624633330727,1.8722697647835702,-2.1210778739129954,1.3369337932928897,-1.1205484881702785,0.47232285242683497,0.6976742817813267,2.8998216025144967,-0.9512856899978416,1.131495081538963,-1.0095656912219688,0.6817654756488314,-0.7682102701299128,-2.086949081385692,3.800616987796035,1.7074107764936741,-1.6082658985476959,2.452274637806461,3.3779657155012854,0.19698194143144077,-0.18002799846820394,-0.03452458321549122,-1.5586320134086777,-1.1218466749900007,-2.76665048421499,0.6588086795455619,-1.3793249682910396,0.5668682649585037,-0.1926186363146868,0.6858037110807835,-2.9798459847815675,0.34726217916176566,0.5579743626167105,-5.047282416062923,1.5169084737558607,1.2362784214653506,-3.685522625011596,-0.3031073073905606,3.360402418010897,-0.0649367201199792,-3.006373350721169,2.4992638106404024,-0.6217280502701038,-1.911026680272192,0.9578515119391915,-2.2598144866449665,2.481181259611659,0.6154806775082008,-0.0663771736654904,0.4213734094493235,2.3644988578278365,-0.846326612327792,-1.0428142689713387,1.201392182905215,2.9266935160844594,-1.8690086850630103,0.26507382146396113,1.5397156637971143,-0.2551165246709104,-2.6473023455630496,0.5239068170623853,3.5201868645606837,-0.6973342576929492,-0.3945292323292846,-1.7052135981895766,1.8133683877290205,3.1375526912457183,1.0364723662440567,-0.1868077160011518,-0.8487868473955966,-1.4408104817048255,1.8140893862022218,1.723343888561747,-1.1989269415352677,2.3341459761610044,2.3446966815592205,2.68425595123512,-3.4089970744257387,-2.379065927144563,-1.216418033837029,0.3314701427166076,3.666792009269829,-0.6472649870468188,-0.9081854304034138,-2.6012741394266228,1.1346616340859943,-0.8885328890062083,1.5706060306361558,-2.161203921409859,4.08976440614815,0.49703120466820044,-0.4270840499372118,-1.6849781906024501,0.05661309961881157,2.4544366796554433,-0.07925677192499939,-0.14167108924594354,-1.3035642114490844,-0.2505104467885368,-3.367740966666247,2.0766949390874734,-1.4355322039309266,-1.6259144514363824,-3.074104165916196,-5.256291968910697,-2.907420563112813,-1.4390803259289426,3.0064412568792713,-2.427310789397577,-0.0978052044140501,1.4584594473315498,-0.005566202715154456,-0.07625054380528296,-2.9111452147506807,3.968599574270635,5.496660771976261,-4.299530247291941,-2.9072778721149914,-0.35569667939586536,-3.497942628131566,0.847569002483558,-1.9755331744292448,4.056583035204893,1.7362985288399277,-1.5826284524898468,1.3726809534954336,2.5489871697375537,-2.3213046696513873,-1.3813457675669365,-1.4260784362692371,2.0442740313583396,-0.14842057047987287,-2.3979134820839323,-3.057328582257988,-1.4285439315933874,-0.3359159384480063,3.384024655383676,-1.2198467559589465,0.6882163653131365,3.0039978387778565,3.7381152668469486,-0.6105215368122094,1.4072084273927565,1.9981627273363283,1.2627130084100289,-1.3679380241674666,-1.2322494380898472,-4.503885275004496,1.066793105771316,0.8315685982864806,0.16289396213864854,4.896023299405971,-0.8891896341136659,0.1434021253261239,3.057093990221804,-1.6861447861074423,-1.8410436948001245,0.19887894639221895,2.14771006315514,1.415653892615541,-2.2160238310521465,-1.0735608531723781,-1.0352849943672384,-1.1348030140111471,0.3559634010748523,0.9857153051809878,-2.49354142447667,1.9615755565340955,0.9214764164702903,2.840133138564197,1.9024387595526882,0.8303354771877466,0.1327483689442897,1.3353196640128688,0.8034515128112883,0.30694296155719747,3.675953285460483,1.7702272631390135,0.20372366592620464,-1.3882773201831078,-2.5236427491942965,0.6532982137344754,-0.8986591264741705,0.4623144877485088,-0.4482461051171766,3.1982014643637955,1.2428566771553482,-2.2196924848073802,-0.01405372934287541,-1.155596374206222,-1.9396235087992268,-0.32978327498530857,-2.271441130885083,-3.0785919051607973,0.9678539284717103,0.0014518541186989975,-5.38983438382433,3.236223920668915,-0.819218589134392,-0.3179164075340981,1.832951582269212,-1.3973217660093542,2.096655908818701,2.9207453076492493,0.3998564730882733,1.2374813615464855,-0.2513026959087916,-1.2039211132985574,-0.5060850432114445,-0.029676030542898267,-1.006921345963013,0.1913991636227964,0.526301047356784,0.19203968292555737,0.6685006627425797,-2.589977952212367,-2.528842505416186,-1.1321027265427874,1.3958804038069048,-3.474859702356677,1.7422663772997222,2.3722926944857625,0.0246153508833812,-3.7433532821200144,-0.8219288934254169,1.4138342380778208,-2.518212834577457,-1.5098506478003921,3.195313597580046,1.546685909536912,-3.4053156725007425,-1.7600245284790093,-1.5615924875041522,0.7760288466288903,0.24683313801771642,-1.6584092930152354,1.4812094257691775,2.9434138828809844,2.1837769291655476,0.11569359870757201,-1.9840700344194897,-0.09181401459641338,2.904696684592732,-0.22832622269895675,-1.11943585700863,-0.7362523593011437,-1.3499392868107054,-2.8772739746776117,1.9820451703430475,-0.522255921227584,1.689461925939783,-0.31303247309483845,1.7857954392831077,-2.1345513173716553,1.93530403416927,-2.6469858473675414,-0.7843694116522373,2.178426356818145,-0.2249827686797159,-0.17285692689157373,4.351401471072149,-4.0664746369040765,1.920064958416755,-3.4093019205580233,-2.6040030973701103,3.4838146667517846,-0.9684649048764782,-1.1736418834391313,-2.0602723009763673,2.914248247860111,-3.067615045635264,-3.3748856789173622,3.179456067348025,2.6941351385906414,0.14071724241827774,-2.061433678275311,3.291670204626146,2.236770890066458,1.1009194581524213,-0.17629692496980584,1.1732474851697263,0.34312210112982433,1.0080683585612231,2.920305113808395,1.0001871936982232,-2.8397107973313993,2.2617811493275997,0.10525388125249577,1.5411397779976312,1.7833483100106915,-2.6536216590263977,0.5126521530939883,0.43447577834733586,-3.553686947969251,0.09013193493952151,5.234083651219191,-3.9437837119506947,-0.05034928948551878,1.6047601058487928,1.9407404511295678,0.10866231626592833,-3.8814282778052993,1.1251468462384466,-1.830973626315921,-3.4684086242852183,2.616187887281906,2.3576606228386057,0.37883553250137214,-1.8097869328645517,1.4215489568472406,0.056631622691080005,0.9751223537248497,-2.370314460976504,2.272428905918197,1.4642731367316162,-0.2323691103558599,-2.2819958861664467,0.5570644414691817,-3.3909081743629743,-1.0102355308418574,-0.9855722804568737,-0.5312834041390149,3.433577775783841,2.709006375020629,5.604724732034641,-1.9477569139627875,-1.627597644306304,-4.345324962490648,-1.1176931050993468,-1.3771340617178425,2.314756446079995,-0.5348794938820459,1.1448343013083457,0.44039060703575006,2.8686514700775803,-2.734608168735911,3.1449601718611158,1.27270973354364,-3.329581245785928,3.656227461985741,1.182393649250434,0.0961407424232532,-2.147469604116415,-0.9228864968964673,4.97272288066494,0.06441369524415116,0.2585809923327737,-1.4219669432301432,-1.964556331165574,0.6780591917446239,-1.2189563105072514,0.33066507946447343,-0.23352876602142436,-0.2471852366077208,-1.7300344362091782,0.14822417113028186,1.9689704085688733,-0.1409312130381794,-1.59188069859676,-0.7832511246408694,1.739632833142647,0.6351781905424788,-2.1865126779194424,1.3089956302419201,-2.8292674038765746,1.0481206144083488,3.630669005125611,-0.5507289226691036,-1.9774594324372865,1.1433751504276148,-0.07564467413491904,-1.8806631786372718,1.5077053803524434,-2.4065353865543777,-0.5108379455379283,0.9285357539601984,1.111745028977494,0.3977233246833212,0.05108358948441655,-0.8177747404828323,-0.6038077881517656,-0.5202228587381024,-2.8287863208458455,-0.17390454113591614,-1.5373646712863493,1.294121413073344,-2.1898119378728085,-1.5052054824060532,0.705848458308912,0.0696876774833356,1.3917787173019889,1.0882217738113102,1.1426480498839287,1.3954588948672468,0.5149277905909299,-0.3900552680420261,0.30293513116659404,0.9912393363718511,-0.3709557968020452,-3.853994906716911,0.8149200771315052,4.3915137297389215,-0.6123212879227202,0.3241325721132311,0.118081639984836,1.3542934397237085,2.531237422917302,-2.153514342885122,1.5697206012241551,2.373304683387545,-0.29996134028736077,0.3707673485418246,1.6017101077004352,0.3930454578378698,-1.3209581409193643,1.8763382681198058,-1.5207263036266438,0.6582128330241708,0.49905808621809356,-1.2442387193476743,3.56905846664704,0.46981049667945224,-3.604395483738081,-0.2508371565041123,0.15373379380001745,3.7782087607294557,-0.20382573687093647,-2.7453907023041912,4.461775702384379,-0.032058619736198904,1.2512722042739255,-1.1749507991966945,0.9924516299361605,2.5000937510548997,3.2366844381613613,2.5430127856770306,1.7419324839068935,-0.3345402389310783,-2.8573524389268186,0.321447883003914,1.3272504421518725,-2.515184749802998,0.10773097675673624,2.816249324565649,-2.3432377496966077,-1.0466759414952744,-2.0493570098919154,1.305169702206824,-0.9233023524855652,3.3082980739371344,0.2214763404776185,-1.276926421806411,-2.641040582679388,-1.3464880175306944,1.0909977979566097,-2.8118968326057936,2.8579587894602043,-1.318500983412732,5.741079570580966,4.763745856344174,-0.4907653556584803,-1.159949289266785,1.970233916910102,3.847813974212784,-4.345323764066981,-2.2139045037507055,-1.9609593697226002,0.6326179458031254,1.6819481461111419,2.0306110477258787,-3.410428599325495,-5.764526201798607,0.990753162413157,-1.629179643881367,-3.670373642574234,-0.9829575457303782,0.2555952555739596,-0.8681570746345502,0.25967405697431256,0.4392134895401272,-1.8257807587860615,-1.117563135843966,-0.48995286071364447,0.07918790874178977,1.5905349992624438,0.2515279370674053,-1.1264320536007522,0.8262836815680759,-4.628900336001647,-0.5941673981077504,3.5013888550828223,-1.9839186376557834,-1.672110822635433,-0.7708027589124569,1.8583895116199751,0.14058851915375295,-1.2133802414197976,-2.089130852067619,1.2533225468900875,4.061418787242906,0.9741114521450507,-0.06538137107417041,1.0488345722951973,-0.09233580881231451,-3.067337114092152,1.4243391943528982,2.025359393028344,0.30117667366685574,-0.15680569739200312,1.2992128468592645,0.7593653917683618,-1.3081017341617331,1.9839167394005373,-0.639935392304311,0.17672693734911088,-0.973153491126166,-3.355473541575302,0.276277813656556,-3.103776280460398,-1.4590843567581921,-2.416347082505008,1.2258661772034551,-0.4699170952003479,-0.8318344475889666,-1.4931059825717388,-1.6108653115699725,1.4174761932072906,-0.5607504730291256,0.5603496540146646,-2.2955852116656974,0.5761940451821026,1.1813918535590828,1.5626420978556945,-0.7411275848544221,-0.44367331348626965,0.5001144787937384,-0.6585272522302935,-0.20826694464369433,-0.5991773130149185,1.847819365737593,-0.7590672864373716,-1.4322558589001426,-3.570677455748596,-2.493329228891006,-1.5654854365597262,0.9512507615541708,-2.335296698099015,2.137058481953828,0.7021806292503355,-3.7442602979698307,0.7800568108548179,0.6601355293482618,-2.125986984998622,0.45666746353897364,-2.0881675804402007,0.06937060395431618,-2.6136651550167502,-1.850638563926133,-1.8498596395244014,-0.9637828618553883,-0.31646529523372235,-1.5464523105632468,-0.4623123472107895,-0.48274287953641437,-0.11891069531785317,1.4921303019086058,-2.756656141003651,3.272414899376026,-1.9923122248223275,1.7201033767391083;1.8066401175590663,0.7871859555276849,0.06719866812029128,0.30510001807795667,1.916690576142646,-2.6016711490665783,-2.926423989743514,-0.9897206272236022,3.426935411983324,-0.2188250990614775,-0.8272514882095217,1.350136420218476,-2.798780422419329,-1.731326058296211,2.9114638709841105,-2.8305643053154044;0.36198682230294554,3.165457984223046,2.111267229637288,-0.14352726778244637,-1.1687311010958994,-2.530589705668595,-1.3037752103032592,0.0429099737489471,1.3713943130021835,-0.6874832872011867,-1.0370086342013458,-1.253799475128697,-1.5213440717601259,1.229551647125998,1.4785098883454586,-2.1177589300699915,3.680402764288064,-0.866684701665788,-0.20734132592513055,0.02696510933021054,0.3702465753253376,2.24894606891433,0.5214162966910731,1.7469159890369934,1.6457003766106362,1.0935768279099558,1.875383829683071,-0.5021027316506411,-2.0864622843978275,-2.5038048876289314,1.2440520620689042,0.581888176493125,-0.04074528448087777,-0.2739877481176191,-3.0492842054105096,2.0815338065988263,-0.6262534245579461,-1.3061103532605276,-1.0658687463475216,-2.1689208709349606,-0.577657104187507,-1.408441117369012,-3.350594797640701,-3.508203425102501,0.35615598670351306,-1.372541293928169,-0.03634301743755469,0.5376898724531483,-1.8617005107271076,-4.338461965749086,0.4385073079000635,2.9813593023252243,1.2184648228109147,0.6065145921768466,-2.346843365009434,0.7337246816001423,-0.17920396415454007,0.5858620270899763,2.0194541165213455,-2.0150302302012393,1.3590323484011688,-1.547212385734269,4.994545296798633,0.32948690248804435,-3.7407661098695244,1.728837219685374,-2.3004533352752667,-0.7910545540723425,-0.1854442128995388,-1.3402902257676514,-2.0589739005228083,-1.9085254383598604,-1.416672209501706,2.040304612173042,3.046596951475421,1.9220405138532786,2.4446246338991897,3.153586888726383,-2.2439949115000113,-0.4225680554172541,2.220331430012043,1.9836189272645388,-1.0171025190855711,0.6572547909556707,-3.0723490178466086,1.8588215195611228,2.0588503806376797,0.297176717538622,2.8929785268634194,-0.2348487485628069,1.5593159430045889,0.6726494012574932,2.024443063482915,-2.105978620272157,-1.7995683884203362,-3.2118192085286372,-0.6721310411555014,3.602722128574726,1.5898055009238932,-0.15977564130123736,1.9997880259262644,0.8237029153853233,0.42793299835651005,2.4431602162028865,-0.36736383788331917,2.688302104241487,-0.12341649335579473,-5.655373846474422,5.801509151062559,0.7946858572295221,3.007324571049116,0.35113651612683133,1.252512681239171,1.0256826790186417,2.6055547860671857,-1.191212113417455,-2.5698094970217142,2.1055531899101894,-0.1810992426874698,1.794719504335065,0.4545159904087943,-2.6273022886628294,-0.34825282167417326,-1.65519833013969,2.913264442773774,0.6236397542124211,-0.594955488927303,-1.4381950209625016,-2.2570693651303104,1.3944153636937464,0.23610632045956803,1.7771939842261884,2.4137562164072053,1.6391567199792776,2.9711491606923888,-2.243152609212428,2.048834969204872,3.326054111364413,4.874551026070703,-3.072544416557711,2.4641877984774982,-0.8554355581565782,-0.15303053039076692,1.8165654402848865,1.6629418477840636,1.2271892429560947,0.6466234949870556,0.19790272451698895,-2.0744341363404315,0.9974856311046083,-3.1470928124062567,1.04123719264922,-3.394401360109659,-0.7042137941725143,2.113871414237169,-2.0242753285053867,-0.8393469889175403,1.1737174525810625,-1.8300411253421263,1.6697815726607206;-3.80138021583221,1.5394449697407315,-8.474036869890828,-1.9096986540031942,-1.9249008051546865,0.4243767152596405,2.013551987607313,-2.74970198720445,-0.6821490382294163,1.775145543600695"
4,3.159977398102197,"0.08457828996280889,-3.2047372071018674,0.32101908980926375,-1.6775407868198484,2.3899192520805594,0.7373218535353933,0.17460645670002856,0.38168856510057475,-0.12801609010318796,0.724705282912347,0.2698786626310124,-1.960356191915601,1.0809469749556047,2.1710399076381455,-1.6294234414035336,0.43482826110642564,0.4563019700483113,-2.4030820606931536,1.3269928242382245,3.927871656283722,1.2098581711506116,-2.205093407534762,0.6167572262629272,2.626742842851389,-0.42622650620773417,2.7637005659527496,3.94203032280807,1.894120690043331,0.835249885859419,1.8231890084485136,0.8104680686117746,-2.2342474606461926,-1.2235931794839763,4.085825391535125,-3.085283892978236,3.275645039008457,2.283243937970703,-0.3303658377801989,1.4462779087127953,-3.5629444297895363,0.27963570650565966,2.208185805457024,0.15557711022163206,-0.2828867097090773,4.644487809317717,-1.3291224386212277,-0.2563750889236962,2.0131684266784413,4.183361284098911,1.726924587978771,1.4796138959291103,2.1456004769643178,-0.11912594503808792,-1.2071184790792828,3.5713726115039415,1.9696492314400107,1.3934566863405426,-2.054780021605916,3.11056519182602,-1.373255916367375,0.48443350281793135,-0.05840692318568728,3.16472458342764,1.747024562032421,1.3130014843021087,2.0072309131793467,0.8258928810751183,0.908303757956164,-5.333213553824862,1.0838896391052657,-0.5224263379279147,-2.6396275473518647,1.3021221041607693,-1.349555066714827,3.925127601775971,3.227826018077994,-0.8607231936871993,1.3018638339596467,0.10020461021585825,0.5956850344169824,0.991519638677756,-1.035783013408463,-2.514275243376921,2.228455794116223,1.420247000702526,-2.3392831266148946,0.43251698183538706,-2.0284350417564685,1.777799818483596,1.1551898465086883,0.20285805672589477,0.6026122233928695,-0.9446926991991955,0.2961745348442281,0.9137516968755292,-1.963236017926987,-0.7969136607603562,-1.671894315385021,-0.5596815399119668,0.12320101086081708,-0.6945377953395284,0.7877770545789916,-0.38883265002139694,0.8442259437414845,2.0539669964537253,-1.7989726619246296,-2.2136090024254442,-2.1794221286323707,-1.1087702139851323,-0.8729314985328309,-0.5954172827172882,-1.65496173137151,0.7787149349150595,-0.16858350071576036,1.1161871831641959,-0.15464855582079445,-0.16551217900766624,-1.990941619897933,-1.1031130049502025,-1.7059240961395803,1.3729119714469717,-1.9630005676944378,-1.0571446494267267,-0.18415363975757257,0.25671893515143085,3.381530364615032,1.279842951328989,-1.7683338832945752,-0.7217500300551656,-2.9074473477946827,-0.2600477312859035,-1.5017113604577386,4.061050085806369,-1.9088699462407919,-0.04216821598342196,-1.9228952944052884,3.592517014301813,0.082493866782102,3.0429572860828844,1.5002330166532871,0.5566735517535972,-1.277790647053702,1.4955631856659843,-2.777634050569782,0.15919868900883755,1.4977457998778039,1.7616650292256377,-2.283815584876582,-1.2557171893680612,1.7903699963189448,1.3853856660744244,1.1786846603411731,1.7847673403197422,-0.10012199835586988,-2.9061533892220566,0.28307525302020337,2.6878154192090484,0.19269647986717417,0.5589621676386433,-0.628894803620885,3.8302006364708867,2.6432386294499994,2.927716973828353,0.9560048275002151,-0.534538378928009,-3.3508146212911316,2.8799868214587314,-2.0221924495910737,1.2847894425176962,-0.8794022581574911,-0.985115695966577,-0.32334782584705857,-1.1683568429018485,-0.8006182840515342,-2.0372198961958112,0.20901561489205606,-1.9507460420627913,-0.11216095067764578,2.0919828046489313,-1.1386188018443884,-2.765326003116744,0.5149277731932168,3.2176486513963387,-1.1098410453450211,-0.12214803834098072,0.4605866031267942,-1.5490348016333564,1.1455603367315157,0.8215517916790639,-0.1222306195321986,-2.232711377691537,-2.212321267776653,1.194112915905223,2.9475668502060106,-2.304546387492028,0.37120445590319406,-2.960366042397391,-2.735490042512666,0.7990739696859863,-1.5548947560589055,-2.243846562113684,-3.3345491342870233,0.22115784476009798,0.8138400730257228,-2.575996401009783,-4.03960621893554,-1.4077817146024652,0.4162563765113556,-4.706893939789227,-2.142662169840055,-0.545646761707675,1.9640403161238504,-1.161083427715185,-0.06441239381257856,-0.6153403830003734,-4.775730696964073,1.505997110719628,1.2703282537740828,1.5447386475982403,6.821454248909749,-3.486463096137373,3.709946412330372,-0.10986727973980893,1.9248925021619365,-0.5861413108150388,-0.7938048017839121,0.24017826552570204,0.6070199649562487,-3.647294462641736,0.6010615941785059,-2.094759884691436,-2.42370902792008,-1.2307249941168843,2.4393879901556583,-1.0658831062676448,1.6238518781505655,-0.9656097638640555,0.3916558693312462,1.13568401290176,3.58407826666825,0.26887941891862865,0.5384902677212107,-0.6731824504839891,3.4180435867824754,-1.5086987495316782,1.563232256973705,-0.190685514619845,0.2106720626218801,-0.3324429702150325,0.32208188087305334,0.15555244397358725,-0.6718208420587016,1.0078608826837907,-0.1661982450681061,3.2744179918990928,-0.09966340342068242,-3.3738078513682552,1.4004523489784135,1.2158600555963326,1.9027685988481635,-1.143543981001171,-0.8540505000664869,-1.0948650933291164,1.948661660964723,1.7662144321347675,-0.22873189445275116,-0.015422045026170686,-0.23380439694303579,0.6963067273259707,-0.2816979461601696,0.14308174269024632,-4.982516020283678,-2.026256421039932,-3.356935392657115,2.620209137204724,0.4742993378633709,1.2080608269202882,3.9603565762717614,-1.0794030243995527,2.23827750853104,1.4063662692280545,-0.3851735109700377,1.6234930124373774,-2.5475271277678857,-3.3437760109792216,0.09497982610637538,0.09430738303009444,-1.868373010161135,1.1553304373611495,0.8910859764373086,2.6012912836366007,-1.40553772438316,-3.130652171272509,0.9108622342869113,-3.1950343180432377,-0.31260824071038884,-3.5993286739167267,2.327439672953655,0.9538713473757939,0.05287849993933679,3.380105120419601,-2.462398039011647,1.073694774725145,1.0512614425165878,-0.12085826889889564,2.388189296243036,-0.6287637403557,1.3852456697951783,-3.1171634095971426,-0.6427554340442909,0.2759680041747081,1.8730424239736596,-1.825578163421211,4.859322205115339,1.6525174351281053,0.3592612888499215,0.870118411109578,-1.3245923687362364,-3.381587040804113,0.5430665864722619,0.3524235956902977,-3.6510281967848117,2.166890566986986,-1.266874794621244,-3.8202418839672387,-2.1018564336546435,-0.8721250388145461,3.314804430502761,0.7353115389832084,-2.561361013599587,1.5827009597756527,-1.9245194773367684,2.141780227880834,0.2292545163383351,-1.6160669322112078,2.2266881574845554,-0.469841600602519,-2.1807424525807004,-0.591137682964204,3.6809152664809868,-1.9242455800613112,-4.454253538023863,-1.815868459235726,0.9334911778140824,1.9603975028643774,-0.43529983757337726,-0.363095647888984,2.7779879107113654,-2.851887612121637,-0.28063727580429165,0.19760373586781999,0.4768015979296845,-0.8286183544066954,1.3748814906214974,-4.603435815637042,-1.397669099469021,1.3136957567032304,-1.931671655334592,-0.35715441368494444,1.5917674456335398,-1.2227838076740167,-0.5496480010068538,-1.8252608798358352,-0.0938831885294996,0.7361512188681145,1.2386746960260266,-1.2455257296718873,1.453605444030464,1.520947888056546,-3.563632911097265,2.235406027630518,-0.8781086165900871,0.9434536326366858,2.3509866233655123,-2.809287342123155,-0.31519910006486845,-1.1166001641696464,-1.407592407305734,2.1393924139832583,-0.8658705272262961,-1.0789079264309802,0.6377777250907113,-0.48615821185320784,-0.527618132838312,0.7269364747702882,-1.3847288100509676,-0.3867955723591231,-1.5202501505244943,-3.4866177053123044,1.7485117476222447,3.4921192488023904,1.348863202810333,2.008270108550476,0.14308192700192793,-2.4091248140937234,3.1042529648670123,1.376425344310258,2.3941551765650435,-1.625978555512658,2.846654639748336,1.5781933192848276,2.5509345782434787,0.6365602817902172,-0.006386477726139025,1.857731904812368,0.8526183884996914,-3.3057266184228205,-2.2840586291513376,0.10819328886348423,0.3640560007180466,0.3141362504275692,3.8478000460195654,-3.9169229991229115,0.22889490989782815,-3.9887820906120846,0.9549664075894612,-0.5055810444401563,2.2514117031517658,-2.930122042300948,2.6292658590614693,1.2880054089268036,1.3192837233192904,0.22109336890575518,1.8066251889162332,-1.8438786071733713,0.5188553822947597,2.9275490792427186,0.8270213755434973,0.04786590343047694,1.6177796357575736,-1.9236544499789217,0.8535357850818199,1.0410729493512627,-3.176353839073461,-2.9533098320876814,-1.4198731263223665,-0.422304012708574,-2.183976550628482,2.094469560048372,1.8364080680742616,-0.8429942242189636,-1.6379961675406862,2.1879104742307423,2.9075491003328975,-2.7735304432893795,-0.9146741175732059,0.48701841339405133,-0.36439768030681746,-0.2798504970202714,1.3991611794600018,-2.529817929146271,1.269517274768738,-0.9660687836125473,-0.7698736492793155,1.3784525969701706,0.7064583031092067,-4.572126972036538,3.119966432270448,-0.6576374646064709,0.12325497271546655,1.06481978115515,-1.328147540726989,3.47272509047297,-1.0651062033483527,1.7551209958225944,-4.077382208944054,-0.5232192834664076,-1.752862341295479,1.1439643046224655,1.1337583473623898,-1.1004921067407791,-0.6416964509765498,0.5400271596881213,-0.8723903598277027,1.5839418191495196,-0.1737390276819533,-5.657502171091432,-1.9626304703555193,-3.90912861870156,-3.4950209134667913,-1.43575402094303,-0.3012581625071916,2.7989798402553125,0.6795298513815045,0.19326895157444812,0.1769819584053301,0.1686225436749863,-0.10304604996237249,-3.30335469451125,-1.9866528503853966,0.17353059891496708,1.0142555066322811,-0.42888236268486063,0.1686639664803376,-3.663370832209645,1.4795840425171967,-1.3042644740342137,1.6796515890999761,-1.954420712955144,-0.17507044899661275,-3.312716942432487,-1.1362405290904805,3.0576383974311594,0.8796896915529314,3.0099021082090966,1.422860590017819,-1.4558465263896734,-0.238116877437885,-1.7992454530932023,1.6839167991754502,-1.5836247458951782,2.8286486050150863,1.6299119882756767,4.712025924181446,-0.3664329425955433,1.7049713738880135,4.5047299456080685,-0.8620462867029376,-1.5846107114432932,-3.901835622399152,1.5534396906062788,-2.7594064874170554,-1.0639703763397392,1.497192369594491,1.9492399741149753,0.46097858675348014,2.1524762519641767,1.133936686535113,0.27311735091681016,-0.9973817576115486,-2.5733855093226237,3.110673425931784,2.053052241188269,-0.178224535273374,2.632945916643759,-1.0945190863566956,5.15901835515323,3.574894448155891,0.7449681206728361,2.708491430704466,-2.916138927071005,-0.020499015150722694,-1.3908608608910942,0.6173487633290669,-0.2681664700460089,0.5852560054594288,2.1171760813646774,0.6956211247532941,0.14808952459088234,0.3767057459514256,-1.6699059989334057,1.607598727935156,1.7278613606503987,0.1387902451006555,-1.005284081006599,-1.5171889613290395,-2.6927921213563697,3.8686554260303905,-2.5755108279869496,1.3684952964942154,1.03812666553832,-3.3038168899729716,0.2760273315505606,2.0552410333212636,-0.5575642803967816,6.21089185933225,-2.4677822235588596,3.024921946234367,-0.8793282711427189,0.6458527301961603,-0.34834434874676756,-1.9438650876711119,2.0047664089794197,-1.8125421171480987,0.5636706464678732,1.5961341295283649,-0.5559885136883191,1.026787859929451,1.4899995407240139,0.10932282504578085,-1.6020597733239008,0.14433290489644757,-0.153970753239088,1.6015810438269458,-1.833958431192731,1.1216858754835546,-1.1665709312683463,0.6291681304425443,0.5852049367040435,3.0201496881375434,-1.006383335890407,1.1485313846023457,-0.8188920667815038,0.6730381295906844,-0.7553350681216924,-1.938052464659399,3.6205285847660504,1.8300226632797378,-1.46872407432182,2.3573803521709937,2.910386241319241,0.223108444642444,-0.3513415481569656,-0.18376845825144217,-1.480875626725162,-1.1841806343259262,-2.7706040776875533,0.7234307799954887,-1.2275043119623845,0.5492092399580342,-0.3244617333222326,0.5370310577865779,-2.7138866400438326,0.37035333367294143,0.49477422001699384,-5.026189278447999,1.591259824518823,1.0559785851332184,-3.637797069939046,-0.5501112948268366,3.273181763373919,-0.3267092009862157,-3.0800792077297436,2.126297916800878,-0.7503116572933054,-1.6895755909671617,0.9611473075605933,-2.11125825628854,2.365781180474604,0.5166695064235161,0.24039061737828754,0.23196961042341005,2.415137572584563,-0.7101085612479436,-0.9127160061042805,1.431672726284536,2.8518557844571006,-1.7396860439058561,0.18822083071685422,1.5014928072624776,0.020829274478424115,-2.606731814839795,0.8525809105911524,3.789338557588387,-0.552137706909103,-0.37648923106718496,-1.4516367079081638,1.5838354302705642,2.9751145379216033,1.0000669676127336,-0.38378831953506615,-1.0084987425763758,-1.4026690584068442,1.7867214272266716,1.2510507857472104,-1.311975803708104,2.266126350593133,2.091262326481591,2.45167881739277,-3.0420773901529583,-2.206540769192744,-1.0229097105651574,0.36268471479530473,3.6577746491550407,-0.2956891653402866,-0.8010757280970949,-2.3831980325698487,1.0217581880512374,-0.5958630327047842,1.564698576584486,-2.1773443527522303,4.072321295534693,0.7297156966052648,-0.4078682927828291,-1.4023365400293748,0.18777465094803536,2.5527268270622097,-0.2551569699425475,-0.37342805965387377,-1.3147897307528056,-0.231075005459983,-3.17085670304108,1.9471113526001707,-1.6095633519093169,-1.505727049795549,-2.9100510149458247,-4.784092550304845,-2.6722843073961795,-1.421032094692091,2.8992849508481484,-2.1233901550090644,-0.19630692693601245,1.43174613450483,-0.08515084702374037,-0.155499634850857,-2.698240922681832,3.6595518985612854,5.253318000035782,-4.008551584382026,-2.6127563736135744,-0.19409253920194097,-3.3509251642446403,0.8078127364748474,-1.726842227527257,4.101866541392049,1.4338253978406899,-1.2175263229662867,1.1258586890716076,2.6878148782878557,-2.2630534749564353,-1.3343844735732162,-1.2893993488088704,1.9478291554577047,-0.0930973497159778,-2.3739550052774003,-2.814239353340946,-1.2182934221088386,-0.29920619947013516,3.2003630988446394,-1.2067667775194941,0.6244098797677162,3.0577637611309134,3.7917301655456073,-0.6285058192904018,1.4724132869104023,1.7550382213903895,1.1732165782496407,-1.273442428109276,-0.9770803190576981,-4.265762228905958,0.9755548014835285,0.9183605305553924,0.027105818161221207,4.824261870622047,-1.1633706223662645,0.0839081177367266,2.9440824191588715,-1.8143939589244715,-1.8576665073878087,-0.0637948757991855,2.2420071389661627,1.387352263738995,-2.0634917653333016,-1.0328864375371938,-1.1009773536964174,-0.863452709606261,0.37139592753807005,0.9759367072666234,-2.4909936197318396,2.1391834494924766,1.1318290488525693,3.0181000073034445,1.8393064646002353,0.8496102980039567,0.2076637816065104,1.134653173673521,0.7114880106494901,0.22276751601128197,3.76816337009635,1.6071250729539512,0.34118877233187134,-1.4280616692574701,-2.8728934913814097,0.6948083268034042,-0.9684522023176132,0.3208425077512759,-0.4712325389866581,2.8117906124494527,1.2223044060853745,-2.3913932935677997,-0.08447967925344241,-1.03310657063297,-1.9615629478167604,-0.5761398707644508,-2.0091330006945847,-2.75391085538981,0.9187978134917282,-0.141917557293182,-5.2475236386259265,3.140547884174346,-0.49964185547015194,-0.16624727505786369,1.493385992274933,-1.3806499354098427,2.0239786168097615,2.8781356692547098,0.15338668591270918,1.191058330953269,-0.06531632935472012,-1.0957174120513833,-0.5571981875730141,-0.014489690625623983,-1.0160305028627175,0.3247388327340603,0.5604656474574767,-0.03254363544534119,0.7340813966901412,-2.5499154100955748,-2.3926796838197064,-1.133769458095504,1.2926675627358808,-3.398530177020483,1.635555827568805,2.322743480935305,-0.0585536222481208,-3.6380717192946164,-0.8057487573057307,1.427317479934229,-2.70041596601297,-1.3753128173898588,3.249825001810822,1.5778794813934065,-3.309381990097392,-1.785068937235316,-1.602836865286293,0.6749645114043081,0.30439532968065297,-1.725111232311633,1.3221803515783483,2.737277229586897,2.187801355139144,0.1166800726586057,-1.946504813113894,-0.15199739518157404,2.6447569483629043,-0.5172553656659415,-1.0915844937834076,-0.6250358594879432,-1.3579344208371855,-2.6494792891783843,1.9661855010506293,-0.5624079433625975,1.6975864292284464,-0.2243203844067779,1.7374244001613,-2.173985169911497,1.872451799310596,-2.482156145585545,-0.8190217650173459,1.8652551578465386,-0.2420925427091849,-0.19790168955707793,4.241171103838499,-3.981835885401619,1.6585998403044546,-3.5228926544448944,-2.459831710397391,2.876795554685348,-0.9060171823823414,-1.2060454143335702,-1.7336007181803996,2.889412999979527,-2.922068631864168,-3.2259884810937405,2.956880833143637,2.743332398446094,0.27913482277355267,-2.087941078031753,3.3268944919431043,2.2341548739244903,1.0776849974846245,0.01617245583166395,0.7348434691798791,0.040266506564225604,1.0166625533562772,2.832353652546652,1.0246192401475671,-2.6375885893339976,2.067789968682938,-0.09725531168802301,1.347013683430058,1.822077380661311,-2.2862910193167276,0.593130237041015,0.296278571200753,-3.6774391921269616,0.1466527221550242,4.862793491214971,-3.6476436601028457,-0.28435819130464274,1.158341153790553,1.8516623469899756,0.06456033247470767,-3.687780622361886,0.8935834600767135,-2.0163646710441094,-3.580202343504219,2.52949246519748,2.1846264859613833,0.11841856518411117,-1.6555828303179925,1.4131165728357613,0.04134129616578172,0.9478053674673879,-2.290522713801566,2.0546705257845415,1.275930725383131,-0.13234548267212715,-2.3701874650655173,0.6390157182733481,-3.2778210845084867,-0.906972262897099,-1.053433718403995,-0.7570149946948758,3.382441747888905,2.5282573345101254,5.315866220198647,-2.051978311186649,-1.488381394529024,-4.164199894133976,-1.038472231169276,-1.4264876729961027,2.295537424183635,-0.7031010810501815,1.2048448054151404,0.405750050636784,2.707054103528779,-2.7088902347955264,2.9790552111814654,1.2719000322714085,-3.155660651453878,3.301611481913996,1.0386778206979246,0.05243620723392996,-2.1239063446687796,-0.8228799763232697,4.762977012514366,0.1389402707272568,0.04645526698038632,-1.3604745931433384,-1.7993233105547262,0.48685703945441333,-1.1349136021922506,0.4452927701668056,-0.05673106440725356,-0.10840084430058092,-1.3439817541799115,0.08476289627812239,1.6944303729947778,0.08217749266096613,-1.3248260218655805,-0.8326902935255698,1.7076569132228478,0.8102554330301711,-2.263004214783973,1.3828872897131268,-2.6389944126809346,0.9533576742035095,3.5886672024596717,-0.7530401572813089,-1.9468890227770217,1.0536463090144284,-0.18594413538456622,-1.8817197068740135,1.4905938062941473,-2.348848256956764,-0.6428844774588787,1.0690292538654955,0.8855406505570357,0.22241927695442093,0.05996122164707415,-0.8570206834160675,-0.530624360666947,-0.404542406337198,-2.520457693121311,-0.4423233432157844,-1.3597457778739277,0.7741029478234658,-1.9701360614335135,-1.3103084634300892,0.7013911914903254,0.19380189398008582,1.2458650435937157,1.0576373121202942,1.200583552723754,1.4793976777598528,0.4827893690781049,-0.268976724155473,0.44383616269034426,0.899099258365105,-0.34899511495164537,-3.823835947139657,0.8879580391774639,4.12943684387954,-0.7634581512602682,0.26301537916361956,-0.03877016150571222,0.8707039191109232,2.3405536834069878,-2.1713476619022627,1.489857750337996,2.392568823814546,-0.2601420098242296,0.6201125454213554,1.718113161677416,0.5922218752164168,-1.56916158388954,1.7688238690161968,-1.3514862747479965,0.5689298552721731,0.3404288628808849,-1.2954493333659287,3.4270706882197333,0.4561024069927177,-3.3962538827233866,-0.2653493897889337,0.1598999880446777,3.3791856982947945,-0.18853810689702044,-2.381586074260303,4.241136742728148,-0.08454529569089934,0.9976578669638333,-0.9294003838529941,0.7200992945049322,2.2479735516401336,3.1956415434440246,2.393889526208419,1.7196107213254619,-0.4474080819498419,-2.6512971657149755,0.3389209229313618,1.3263499006239876,-2.5288799141409624,0.13928192820471097,2.6672241962542755,-2.33069119012262,-1.032882708064831,-1.9437630198557991,1.2652205594221884,-0.9213984371125842,3.4428391982727127,0.21474915191563276,-1.2023088432683229,-2.3712652323826804,-1.6782951796625412,1.0687289437754786,-2.7641215171903624,2.654881511635805,-1.2626265771219471,5.531694266554137,4.651058690067651,-0.5534357010678558,-1.0570770865409533,1.842061219623699,3.5202676416571097,-3.9092465758968684,-1.9170721276778084,-1.9974693480353534,0.48990171703286156,1.625478248355597,1.8106561192865789,-3.2784022194532665,-5.3626168746302865,1.097587629220513,-1.5174679329612657,-3.3851267611547846,-0.9705745246057845,0.4152557482441722,-0.5609962280808085,0.08407732796282692,0.6860503561720184,-1.7178667917366166,-1.0384042767128794,-0.5242159496364761,0.3267748521576217,1.575047297191245,0.2522375559555796,-1.2049897708970936,0.5309597155621791,-4.338356082903702,-0.5219519208273601,3.2143964089400727,-1.7587227758414494,-1.538709924227211,-0.5248221025118248,2.102586613367795,-0.011225196093309853,-1.271492125650745,-2.1201193699389096,1.2940364015144035,3.959265596114539,0.9883649260259848,-0.2589309415040112,1.0405021325199488,-0.10642267269093858,-2.8748075952078147,1.3175606900582593,1.9203146635398656,0.26612141710265214,-0.297871450962114,1.4593942134313773,0.5848825938111876,-1.124116800730243,1.863677868670954,-0.6187668055686103,0.08424358489781153,-0.7763485028463469,-3.306483252448171,0.29133290739820905,-3.080974193228571,-1.1198761509983624,-2.688701303741716,1.1414354529849493,-0.5274332572581308,-0.592904286418832,-1.6796916823442343,-1.519339869243849,1.3946044004681082,-0.8524986133120457,0.49494786347591174,-2.1911109896618446,0.4056474965481478,1.1819214441678647,1.458815113153926,-0.7974164315774646,-0.6360120007207173,0.44004222530719805,-0.5081455522893027,-0.4921452871792856,-0.6737774910652574,1.5516103986048253,-0.8359712888449177,-1.3097356894029608,-3.5130003774406453,-2.2510601834052513,-1.6510377921710098,0.8651638351795539,-2.201167903299494,1.983691537674822,0.6870508241150339,-3.53763725237485,0.528066905984111,0.6170340917337551,-1.898541589597128,0.4973137742428556,-2.0790590131169773,0.18211602137988828,-2.60467748395424,-2.097953940605467,-1.6535034349612827,-0.9813683948111698,-0.3121182649548844,-1.5891563794833101,-0.43482885253782655,-0.4931458392739008,0.11163688763866736,1.4867770178933388,-2.690785660536347,3.128659726338949,-1.8701509638702922,1.8247528544522709;1.9725818906841888,1.0049965334367286,-0.1938285846321667,-0.10866048954938806,1.7466262920604325,-2.8679011020646126,-2.6279285372997556,-0.7665754847176569,3.6557538248504096,-0.5871610117933901,-0.588694918463759,1.1703862169149222,-2.4401836731300257,-2.154834874945119,1.7612687929829105,-2.692059610884188;0.4126879519878758,3.2892947899431952,2.268013495175509,-0.2204023157370509,-1.3029083547044302,-2.7205234564029177,-1.3304355378281083,0.08093719677304378,1.5988753978886852,-0.7149536060368229,-1.0906721091582032,-1.2550079903796492,-1.7237188808334578,1.1934640232549805,1.51624451484938,-2.168608439308543,3.9100692552354874,-1.0306921903749062,-0.14308775996082623,0.06752405956758133,0.30949053936514925,2.4677565360292237,0.6265624563783613,1.984030097626347,1.7548762482731148,1.1921216532005363,2.019408628219495,-0.48407281745756336,-2.2237614885382455,-2.7540106470904364,1.2502093934549205,0.5506153625871605,0.00010837840491149942,-0.20653209341222686,-3.2575572996816353,2.1729797154880828,-0.6499137877234649,-1.4033043377026104,-1.1999920978109906,-2.322849091236852,-0.534033499318049,-1.576624711758881,-3.5375955717258365,-3.68597149811307,0.41387590272533387,-1.4674122510184997,-0.039932779998203695,0.5424963323391694,-1.9508487149571567,-4.6825019124458205,0.48728699162289946,3.1159267782138196,1.3022467145707517,0.6915946314630659,-2.4511604328746435,0.703379000732611,-0.18010699779155734,0.6627964611705008,2.172964902630136,-2.0593072877625196,1.4641885915661188,-1.7384096240674987,5.296090239576376,0.4167232275090042,-3.9191537148981825,1.6193309530866535,-2.4981911021572274,-0.8720597713220161,-0.18594476223569126,-1.426431914221788,-2.237413158201193,-2.0195111014515836,-1.530410219312194,2.204060588017479,3.3179348938688054,1.9904610257763853,2.704169130480962,3.3800749294532877,-2.2896504344844026,-0.5302569102925236,2.3549431452440395,2.115157600543023,-1.0763105212792263,0.6515797606488882,-3.173709198148342,2.00095446656661,2.1591776887697307,0.4333738598291458,3.012851885666718,-0.20731298330992454,1.6355575040117352,0.6777068953703616,2.1855282825293405,-2.361306113746912,-1.948950203856211,-3.347846606417136,-0.7113122915276037,3.7954912871648587,1.6746018912309044,-0.21425584976305104,2.2057117048287305,0.8356995559049016,0.39514558723336124,2.5554423705142226,-0.3218299093486043,2.8314718219111703,-0.18800450150521048,-5.98671330917398,6.058233931627723,0.8071889569822335,3.1436361072271755,0.33439319879940244,1.3200122828953824,1.0928996873262453,2.746774872931292,-1.2572389598473273,-2.694526778415024,2.422814721657132,-0.08110889038129737,1.9007913419466569,0.5475313063034037,-2.687653187491846,-0.331883419451696,-1.9195346676999405,3.1849787438679824,0.6158704022533769,-0.6675464695440778,-1.504425229856896,-2.4107059865584537,1.4541607283746925,0.24841967128588066,1.8536986737424705,2.6134589846353773,1.7123467809241633,3.1569050482182077,-2.4204109334138826,2.2308442095857894,3.538513568669177,5.242133319376328,-3.2740101127967103,2.4860511397549647,-0.9797364649493332,-0.16630278940973411,1.9313272384760496,1.7996397062165481,1.2509810492601108,0.6357140759204748,0.25888008650427446,-2.2261314754480224,1.077144274554059,-3.3687904664917054,1.1268210018513038,-3.668356923935476,-0.7760363000376747,2.245892330886189,-2.1475360226795552,-0.9206091281409663,1.3708029134719917,-1.8143473873647558,1.7830583654643057;-3.790633451798218,1.577608265355896,-7.9837913615953715,-1.8910435630902218,-1.976772245866145,0.13447694214049272,2.1658634870497804,-2.794101979563405,-1.0040553270989458,1.6614981996825346"
5,3.025206423247388,"0.2585861597725737,-3.2912777677039844,0.5384915701682227,-1.5849057299258513,2.387507584571749,0.7841062977864338,0.7166611047313718,0.3245410265830397,-0.16811854986766528,0.9540342093626089,0.10796220759870441,-2.082735059685017,1.1330105526248009,1.911111117438996,-1.9415252907359213,0.33056170638102833,0.22634868347838805,-2.6376572025312153,1.2786211036486306,3.7911727687195955,1.6116435064761192,-2.2194108639642343,0.6282875268421609,2.3342524803957834,-0.7451711265466567,2.9816119733274338,3.6533800519269115,1.9515795860457665,0.7401310263683052,1.778461771653335,0.7468517521137996,-2.012338083774411,-1.3184347242978058,3.899891371137396,-2.956447912916061,3.0030339288631787,2.5652733444900697,-0.45352285002341514,1.1528804918363331,-3.536306742286315,0.349206724955687,2.291320564470361,0.2424811488389725,-0.48429981255673954,4.372303339196109,-1.4917522603947888,0.050960428023768656,2.1314245154648237,4.3135188255362795,1.3983856415510623,1.4516156029474323,1.898980291722868,-0.05181817293926954,-1.160066990100488,4.001837692085443,1.935577773335922,1.3460187029849093,-2.219840934681783,3.281971110032125,-1.1191139031591497,0.47049577030845235,-0.16473390373197028,3.023979075328162,1.36756745532061,1.565666909713065,2.548159803479284,0.8905859834453225,0.9755959925506854,-5.342004885850764,1.0437415096421283,-0.6083360258118768,-2.3115073368623436,1.5189177610229714,-1.059723421405046,3.339009654089921,3.5403568460473727,-0.709435601818208,1.604608566668455,0.17306429527548783,0.24108577414050247,0.8931983832215478,-0.9233949276194269,-2.1414276344937795,2.364856487898877,1.3861032363846137,-2.470873273036711,0.5713747059130416,-1.988633163498724,1.8556082846992037,1.2364393578409718,0.30472412145249006,0.8221844776834462,-1.220024971930989,0.37931715462356064,0.9666535434223519,-2.4146776779587404,-0.7588996972863062,-1.4710481203727417,-0.557308312241816,0.18637537492892434,-1.1056905720150139,0.8335570103243048,-0.524443198701709,0.5283021561389192,2.0450296801214933,-1.8679537526532106,-1.594104480486874,-2.1219332834248967,-0.9818965526499773,-0.9883218783526866,-0.8818675663362376,-1.5552291727706542,1.0947571828644458,0.3907966747533113,1.1584168606347638,0.011277592049609014,-0.17909362416492008,-2.2605629929185738,-1.055059988079738,-1.669213578738123,1.5586039411716488,-1.9488375927630346,-0.7839826116725677,-0.6004216877028632,0.43476288817971576,3.809858450248657,1.0635611233845865,-1.891249251419238,-0.863481184493682,-2.895625767531289,-0.66276358201438,-1.4182594851433494,4.126338703049235,-1.967546647105507,-0.30504346880829214,-1.6346088267947305,3.587715996305741,-0.13895978691675534,3.049166733085192,1.0934591511715066,0.6489243351938961,-1.2427214017236732,1.2046392233815297,-2.6576898410593977,0.2582132726260794,1.7523470769772396,1.777064964559815,-2.692110601459929,-1.3808281742503417,1.5727757255965058,1.2820054795189932,1.453591137754231,1.8765858012422671,-0.06405532712860255,-2.7357538240363857,0.4217964579801827,3.0634843419342515,0.46265652682783964,0.3066324595922686,-0.5648072542131873,3.507243395156767,2.6725716581983856,2.93545701130894,0.9946385547774805,-0.4277021261453612,-3.314932852311789,3.103041978892328,-1.547736883391462,1.2861862055866609,-1.0645078817835427,-1.370261443377481,-0.3786584526227065,-0.8436616173825335,-0.7577692167217778,-2.059879735767301,0.33305039522148744,-1.8807337434080922,0.21560653212766465,1.8745001343844203,-0.361414687112782,-2.708579717902208,0.35451833474487565,2.994489750646149,-1.3032001966213262,0.030700028110927813,0.6777133621154482,-1.2752224109308083,1.0359670587183518,0.4181824814967896,-0.35345479829326315,-2.4174753586582716,-1.9280891437087098,1.3954712550063493,2.7122737144501046,-2.4923360378412602,0.3555554886885165,-3.0784314742825996,-2.85731901618444,0.9674638833989267,-1.9701365407050095,-2.1558176463873657,-3.457826197830526,0.44399157651903154,1.3605567850721303,-2.563988910713862,-4.2223728392103705,-1.3737561831556404,0.39104282212383346,-4.509560804187537,-1.2709599336628863,-0.46674518638736706,2.1727102571528336,-0.9911958994730299,-0.019766073329249043,-0.8002938176077661,-4.7600556091453115,1.3654499762294345,1.4377921773902307,1.4713486480552593,6.782609369197019,-3.118338582939013,3.251658849108919,0.1726584469874647,1.8446116677561617,-0.5514257800228746,-0.4664509781063501,0.4366078290549085,0.2338690155054665,-4.037925998318021,0.6026329222820838,-2.416407188697154,-2.41266145975888,-1.2690469977345842,2.187067735057212,-0.5156378068362002,1.9989308943178927,-1.2741540168734131,0.27491452182581955,0.9302827301786857,3.8460386556033193,0.2432830656171071,0.3594313773495129,-0.5779001574642957,3.675924879124287,-1.7619206294110998,1.527272801953814,-0.2091679658721547,0.036893403310985506,-0.14947983392606806,0.3500790092125312,-0.01699090748756435,-0.6963270700440534,1.3011026830900225,-0.224693529056392,3.056140496015625,0.09639972356586077,-3.1597629708338513,1.1139475827754561,1.2181143453035195,1.9550182305522728,-1.3434393321633489,-0.759770550955791,-1.5985559052859855,1.904519708915421,1.6346754264241903,-0.5900917738454852,0.15831171645763892,-0.6207119341283578,0.4505613334120874,-0.01890244124238516,0.5254161781103017,-5.302361694345733,-2.0954489612765514,-3.29743231778892,2.4354458047371916,0.42150751019293975,1.253381719038498,3.792178187794311,-0.8411768550197164,1.839170456520014,1.4330611175252157,-0.2241476030147086,2.0213809078887186,-3.088382195516502,-3.1243237575037774,-0.1171499020189395,0.10240521773253818,-1.7831344292108846,1.0700132176106885,0.8358044375664025,2.921154277785308,-1.5761416150993186,-3.092374035093086,1.3298356235267417,-3.141594274250851,-0.6921530511664098,-3.5240842988893255,2.0600475710260637,1.0842625124006218,0.1952956961650161,3.2405660008307544,-2.6941374518936687,1.2951995675647723,1.1863105985964326,-0.24205032952398292,2.337340405968848,-0.6655128659323515,1.3196785934383048,-2.8830144323556874,-0.429527806333839,0.25045195754836447,2.3485384786141763,-1.5775412837030123,5.0997731016153285,1.5856028996679592,0.35104867891821645,1.3172429987073837,-1.5664247620022533,-3.5269470722927,0.5064479821653519,0.34998610184701495,-3.8476874736513933,2.2741063205716983,-0.8280559317667701,-4.063889877935321,-2.529484574708905,-0.7983164804427848,3.3961496464225545,0.8929658752793157,-2.308845583602746,1.7080174915961521,-1.9703364790454578,2.129327139962772,0.23455783992045667,-1.4776698852269807,2.2062143195576427,-0.4818346739123976,-2.20195494837081,-0.4904814124541822,3.727780301156545,-2.1444911928418686,-4.231639163085717,-1.893556545652039,0.8456968763233073,1.8032586725522448,-0.11976501111321353,-0.6205729603326411,2.4678680143371254,-2.8074933240493167,-0.2001406750432401,0.18239615670395334,0.7908690284877452,-0.6067218136833368,1.5385087599335223,-4.617433335982347,-1.7290462617196625,1.3685357411433712,-1.9796034495483887,-0.44225922199856565,1.4892450067630851,-1.1509040748764352,-0.2023860722322644,-1.889147252001146,0.053559703043901036,0.7015231359135738,1.2648049777029273,-1.1600415203825694,1.5682071996337206,1.4844546961177814,-3.7885178163520776,2.204810171170501,-0.7428755918535954,1.2821095969799468,2.5286570489490736,-2.23623316606358,-0.3670434818242795,-1.0653986917483367,-1.1608755508062638,2.3555151319942813,-0.8360627622218251,-1.2757040085154117,0.5367312250306417,-0.756504888811889,-0.6884278370653543,0.6027429337056257,-1.507156954856343,-0.24770878181079503,-1.16611397656032,-3.3057055417422476,1.7463706674491652,3.306626545504855,1.6705789829478606,1.9068386948995337,0.36549683649357095,-2.050277264404529,3.0223424510070918,1.0139385808144288,2.68348295288769,-1.7151846596316793,3.1797080190874065,1.2713207219988516,2.624101612935452,0.7247595195852364,0.10230927431037393,1.7145703142669217,1.0040595610233367,-3.4382438188119604,-2.3660529485986688,0.16338804242106716,0.4200966062979039,0.5649310162242459,3.725657503688334,-4.183950354538711,0.4226860939034487,-3.9389935854177547,0.8435015230431213,-0.19518830928207373,2.533816429866783,-2.8888102825972726,2.4728809138553602,1.7045346643071266,1.7385649161009291,0.3105362666561517,2.1098727744713206,-1.6860637971588748,0.7990806843351692,2.7365490046563608,0.7782607714051911,0.40234961819690107,1.3178676917405667,-2.082955115496101,0.13086176051216158,1.0530223226186748,-2.820617659751748,-2.6840199476674957,-1.478777145458218,-0.015310088023618329,-2.4412291711950624,1.8499059115341305,1.9479997036125796,-0.7120933961688704,-1.6090766268551118,1.7369899945311125,2.7263030130767905,-3.3172096760812733,-0.6771918397704693,0.4649617085579799,-0.46042865030198116,-0.4191312928928495,1.2712862384059174,-2.554188317870207,1.3639369029879929,-1.3120645145721057,-0.6441256549554433,1.358928739972336,0.7050270325339115,-4.965349234383118,2.849031822661231,-0.9387967995964266,-0.21006585242892933,1.3727976587794568,-1.1562787601301632,3.5418660849578623,-1.0213193773454654,1.7816219722727007,-4.044299882921507,-0.26709133664756224,-1.6522825962380412,1.0019334778978812,0.9075537210425519,-0.9322566249639734,-1.2418488493137079,0.0974385277616811,-0.3498866317568766,1.80101115726294,-0.16532500929369756,-5.396131074155874,-2.0307917033500313,-3.411267414197753,-3.170246635921461,-1.2618308748777978,-0.6456855994016619,2.422824879742735,0.7014676766740378,0.21727266431095854,-0.32250470492371286,0.20533584785921605,-0.22191003280148586,-2.930781251745921,-1.6826013297135702,0.37835314598832526,1.4330116354004825,-0.45517221234591254,0.07444349709374287,-3.5699441205124813,1.742894333261118,-1.226684911358789,1.7379998787638617,-2.1224904179903006,-0.35722959487874145,-3.227630245425871,-0.6215573429553971,2.959634854881074,1.1965801362711495,3.0157695419690667,1.2574995772736457,-1.6021226023156823,-0.41414955039805945,-1.9260798756737405,1.2183512047285863,-1.4562419848440504,2.9356489670981043,1.606625982081657,4.705361543765792,-0.35829102039483807,1.9258881027654802,4.616087814960412,-1.1791736129189827,-1.3982286629382108,-3.8286507231115037,1.1791060334626258,-2.4630351171099876,-1.1959482367309813,1.7801290989924814,1.9433701583478058,-0.002775584893685845,1.8872936903347135,0.9847682136745876,0.6725242643771838,-1.4002145407491902,-2.532940404037988,2.8434854050586447,2.162289961338931,-0.7011754211492125,2.463343261559271,-0.9395065082551993,5.388196089066156,3.5273352552325106,0.8272518802104952,2.410102758876384,-2.627243525234857,0.016867710881547232,-1.2296541873435252,0.7783925394463415,-0.6136812071612636,0.1679024682905485,2.194646882800707,0.49578662554176967,0.20527030552977413,0.650137052152139,-1.461466344062583,1.4011198907138873,2.0352146231466732,0.28501573959006615,-0.8070638343582731,-1.2781611307337295,-2.904229777808981,3.760830144817444,-2.6329859475267634,1.5198279573751963,0.9988131359176265,-2.8840890633241063,0.3591367895683778,2.15444328552157,-0.528108527473212,6.205988444406867,-2.870430690477723,2.9265535326461447,-1.3709869670096806,0.389755411052188,-0.4055533396137975,-1.6247670334904503,2.3155517270955728,-1.6004396045756968,0.4605587743025782,1.1314065133341646,-0.7636280704331637,0.9971357030065583,1.3717420785670522,0.26724345979066344,-1.3090238088415316,0.36441106078922203,-0.2765345783569915,1.9321305101726662,-1.983994677668188,1.3590865335088433,-1.276723102973632,0.24601112613113707,0.8996296645198945,2.6377095982575316,-0.9737272858810068,1.1450345378086797,-0.7863733691450666,0.5942929253971785,-0.49421840493985814,-2.207616879268602,3.6961930363454947,1.694092851770797,-1.5173526120763337,2.324994387407562,3.1152018503088876,0.02047253138982258,-0.12039563865426847,-0.002520974662184844,-1.4690108882408435,-0.9738744325320339,-2.6912413517813123,0.3353982011380623,-1.5158389002135064,0.6468250312535233,-0.186516480637663,0.7258569068880066,-2.948712687887245,0.23987464169288014,0.7169364522194372,-5.038065220579702,1.4858863520733787,1.4184347674837734,-3.4864644066671366,-0.34840855750704425,3.013682185263869,0.11808196667325788,-2.6440896944261683,2.4077907277139583,-0.6328868966856475,-1.81292380961362,0.7067722388016844,-2.076500828273683,2.4592767363439423,0.4232008626492562,-0.32872505509999905,0.5031337158960894,2.0128469847825228,-0.719234548073734,-1.0371084770551189,0.9607825490729479,2.9080895243128095,-1.7347502069332097,0.02102822511553809,1.291832051154765,-0.0324355662022183,-2.3617593492404545,0.5314528025993458,3.224883701174508,-0.7407502126694356,-0.34507235682691284,-1.918301610743236,1.654174654992562,3.013667077620371,1.1496211147639237,0.028502752167734624,-0.5847719347005892,-1.2994373536548307,1.4858431741248133,1.924363775866809,-1.1169303697904305,2.0557896305904593,2.1775600651108125,2.5473498285958787,-3.222517210442689,-2.4418858805640222,-1.2711900586774423,0.2387592307420167,3.5462773327914983,-0.7612084645848485,-0.8039578026953269,-2.442241768357963,1.1161165435779408,-1.2680223823258971,1.7395178833384959,-2.1426731374183827,3.754718464775713,0.490113854653678,-0.45804654481625273,-1.6952813214240041,0.114657586674662,2.392371021347382,0.09281623022843238,-0.011713698728877897,-1.103006458757076,-0.23632502896046118,-3.2012628213025627,1.9915297998666073,-1.4214061320666822,-1.6706161457067712,-2.58387293327717,-5.036846378934383,-2.830371775953876,-1.3603016935612922,2.818180300784716,-2.4473910474451785,0.10068793454321212,1.2492236009230246,0.03982751967487483,-0.041522674913488475,-2.889613735275832,3.859486587679941,5.146117047049931,-4.149659282142471,-2.8149644431350214,-0.2989028149227383,-3.2389137747364747,0.6507678762485138,-2.1277576606008664,3.6827935983385194,1.5805375781546593,-1.6665904910544034,1.4525230728985004,2.2212839427976796,-1.989038123034724,-1.3435144292182288,-1.444676894965503,1.8788219866102123,-0.13137178996245857,-2.2639599453844927,-2.7844594100222726,-1.4736260187873982,-0.19764195374102883,3.0251326787056017,-0.987689120221648,0.7916125730723338,2.6588322081942946,3.242758845783835,-0.4428067764330871,1.554072224892503,1.8412880562044867,1.3543787433946002,-1.4410581169032914,-1.2888278819345218,-4.390529522470494,0.9024183728073807,0.6267763962545001,0.0933119107016269,4.582577571793026,-0.7925937420900109,0.3014815852319387,2.8929859622559353,-1.551310990429883,-1.6539101699065628,0.17100014693988302,1.8647909004555765,1.1670180091050095,-2.1278574201068823,-1.1751467727980356,-0.840822628775648,-1.1333546325364883,0.2547234757500119,0.9581784842861389,-2.4608545332532836,1.707767559137471,0.9346379292169726,2.6936752660093974,1.7911093085687,0.8356652174021595,-0.27861117632057447,1.7251801047204607,0.8481788328561772,0.32313313027454166,3.376654799240127,1.8377942020702402,0.0696307806539807,-1.2015823111236035,-2.1257098454355274,0.7636697953472777,-0.8503926232122294,0.35818142698764716,-0.4739912473804295,3.3166383955630856,1.1100950468554924,-2.0484589941078313,0.03709000241825773,-1.2098453719312638,-1.92057304801338,-0.19575699289937443,-2.0572339457721194,-3.2380612398114237,0.8608549065832731,0.11984987276951589,-5.132733796352539,3.2146825421801193,-0.8174585646492265,-0.4771968397703077,1.7260221151382575,-1.1255915855429368,1.960606481227237,3.001670117081046,0.31274655819123975,1.1581255200201195,-0.07558108746740544,-1.3386898215416836,-0.4712038330657998,-0.05111148546064945,-1.0172739129665287,0.008601001174943279,0.3511696398368474,0.2882266607368077,0.7812818593361843,-2.328436030498534,-2.475002856187702,-0.9862194824708217,1.4494563646911034,-3.280001383720788,1.5848816571694462,2.1897021222188,-0.06059581886724445,-3.57775153410607,-0.8138482080297351,1.5135877251523817,-2.4071727360764137,-1.5409032559992484,3.157180787590504,1.531570407294835,-3.120819308425946,-1.6391126677899004,-1.492749380674847,0.4675811284695365,0.2832499733407334,-1.531064018786335,1.4375215743130938,2.8558908883993914,2.1526382426696324,0.46053175732132234,-1.7066063833169238,-0.11301224984125934,2.6932727586992167,0.08945257523193162,-0.9137849784597811,-0.7942726595847246,-1.5299670525930007,-2.6849833032157377,1.972951131278958,-0.7650342108333494,1.4969034181941954,-0.29836441843029116,1.672328145061423,-2.0777842834913423,2.046151394985074,-2.7792142388605794,-0.8016645897885448,2.0155848438168427,-0.11697781199428309,-0.08225278122186341,4.170897166285205,-3.831191369813361,1.9571378376950652,-3.219267924394584,-2.4371763419642445,3.4370728768491947,-0.9662526998809727,-1.069564844885752,-2.1464352338070665,2.5910142046028932,-2.761695707052402,-3.0982226294457766,3.1965379205280637,2.541386877297858,0.00023822186770738885,-1.9279732905865383,3.0279588457540196,2.2804076864138954,1.125235658281154,-0.10983169563318125,1.2256706128113497,0.5314427082996067,0.9668787692365489,2.8719302143783505,1.1182399240190826,-2.8190491149416754,2.044003104171179,0.27684567074821803,1.390906274432132,1.3948397384263904,-2.612816001958584,0.475729521632277,0.548590214090462,-3.3205677798016233,-0.026838516941349866,4.971781889270517,-3.705430835805045,0.10780517356841413,1.681533875018715,1.9386016616681492,0.06064914668859926,-3.5181958624855607,1.1320244966080206,-1.6463714206669926,-3.29726351421391,2.3907721362486747,2.205876965554504,0.4680372909880608,-1.580448962219537,1.3401184991645392,0.1548658610060579,1.070275347832704,-2.0517585795766435,2.119564835052487,1.4690442210434282,-0.2510585765180312,-1.9381237667933435,0.4996069274493175,-3.372776715703383,-0.9908382602072707,-0.9407292603702444,-0.24335551924229248,3.2464710200807128,2.6687639464980983,5.113037507683659,-1.8124497900839318,-1.4746176379555174,-3.994429457010542,-1.0997811772714512,-1.3395802581841254,2.2469076983501504,-0.48182216430575364,1.1078477467469423,0.32436295409701577,2.7015222248027624,-2.644400251741819,2.9349639554473814,1.170640139080329,-3.01205488106566,3.1923807438452476,1.1004787832666945,0.024647225085816224,-1.869558151496145,-1.0526881102491707,4.750785674944809,0.14194318947146722,0.36689273320492655,-1.3350276022450833,-2.052743263024094,0.7404516682815396,-1.3258138442850025,0.10020566613136894,0.05783670094197424,-0.2738236214958314,-1.7825576155061835,0.320549680247352,1.8133429229841243,-0.2632351580980997,-1.628409108139513,-0.7869831126843537,1.8822759176747577,0.5502560481558839,-1.7035070798710708,1.1543696784221495,-2.8972658773797186,0.9653642267317836,3.5215175194667796,-0.5069467302173274,-2.1024045610470448,1.0402965168839893,-0.09906353539516449,-1.7556852004707417,1.5354384342202132,-2.2782405236108265,-0.5441594063813523,0.9919442501702533,1.0789673004826001,0.27970984817635636,0.21096893890011995,-0.6785201645792511,-0.6906622758875095,-0.45890912068630296,-2.7732700723831765,0.047622648144334145,-1.516156926355136,1.2496074985241494,-2.158535253112243,-1.6666913691610854,0.8072774402128708,-0.11535107564262054,1.3751271803694334,1.0519124468451828,1.1102946333590127,1.185269610931947,0.28371515856075924,-0.6175356828269167,0.03699845122453027,1.0812410187905543,-0.2011330702919361,-3.737192229394572,0.6890748107902369,4.165671881471143,-0.6060838440890263,0.15543215130722451,0.24611946035812124,1.1781799688642132,2.4597955899985533,-2.0574774071576423,1.5496869385766794,1.97870456820471,-0.3270688981823355,0.32354722689205084,1.5544906004029497,0.28943735166552914,-1.0335520507955653,1.8973050990593978,-1.692973345791101,0.7062966598279083,0.7205277008809876,-1.1457725606527138,3.613821587424883,0.3900390663337545,-3.4741375152046152,0.036452910697348795,0.45475843522823206,3.6371811984699134,-0.11860210047216518,-2.712541229968321,4.418538716404358,-0.12074647442464329,1.2414706166070248,-1.2583721293214025,1.0651643639590096,2.5965708829279177,3.1512851259126675,2.4305790741149615,1.556740474562102,-0.3148997328812074,-2.687991223263817,0.04811975622368214,1.2492629811046727,-2.176176978896905,0.34660035096211017,2.748008727061803,-2.2623770483605767,-0.9071669593388216,-2.0280606977005964,1.1776860590114056,-0.8198053203057278,3.0173366090146,0.23461493981524312,-1.2266383234633664,-2.463652490082855,-1.0902242920057597,0.7510110772912764,-2.963801740603113,2.9164990584914148,-1.1390058488981074,5.7693709012426115,4.503989316391083,-0.3393284437709402,-1.1326225492043298,1.8946192310869596,3.675289848613676,-4.010856247211536,-2.166109771119363,-1.7080447754599124,0.8745501640675419,1.623325533600804,1.9623470337985882,-3.235030377938907,-5.531241554598124,0.9321722048803053,-1.6839727213522337,-3.406044705962711,-0.7822571039603181,0.2579345483927111,-0.8193347134911303,0.4490214461093917,0.14553571429098544,-1.60521612800205,-1.2218513351179396,-0.36917052042753706,-0.1659107419475081,1.2327139702486036,0.49293378259534393,-1.0711461196930803,0.8238868857460029,-4.411272641961482,-0.4547493930205738,3.303205722842648,-2.052382793776816,-1.3517859203887248,-0.9166980314048516,1.6922472363462977,0.025050905532527465,-0.9437512833355628,-1.6630871762976636,1.2571689167793263,3.892935500587314,0.7973026652735848,0.1665478956991675,1.1429806712253812,0.02154232486322466,-2.7603375956838456,1.2428444746916623,1.9537989385536831,0.19562343866156992,-0.09382109123494858,1.189241165713859,0.8070384775026647,-0.9611984856041307,1.996520408761547,-0.5782491726342571,0.3141482276850118,-1.1817583889543735,-3.089591028716139,0.3158875424108965,-2.7733092832353945,-1.692729127086766,-2.0899677253923823,1.113415178262235,-0.24454577111728626,-0.9023835530717124,-1.33641220124625,-1.6460562916249795,1.3186987808750692,-0.3954473313126518,0.49912254679384827,-2.2534217948858193,0.6756650022753812,1.1394293868802279,1.5369465691130746,-0.6478594846121037,-0.1841011863039438,0.6556082043880889,-0.4934473520609989,-0.1758087414151096,-0.42026377285828537,2.0032334692072182,-0.5426867968460145,-1.5520210719106426,-3.3193242442801942,-2.411652748407168,-1.4716059557702803,0.7569611993985312,-2.2959896144579903,2.1922361753220803,0.7447151636841236,-3.4660809346528745,0.828478350888311,0.49813724952532484,-1.9778242359634195,0.676612721558582,-1.9227975085769904,-0.16524345831029014,-2.372368543762758,-1.6760101841078074,-1.8548031160509093,-0.7930763090343412,-0.166500384804572,-1.5137529467256816,-0.5489300276479488,-0.5436700348514402,-0.20317979951748272,1.2929241909276272,-2.588068841238716,3.093646211861962,-1.989584600624037,1.513921816226735;1.5506627693742399,0.839800500886936,-0.266615614852847,-0.2756399447907042,1.4478478089824471,-2.7716312783981936,-2.3584789332078326,-0.8538003803429288,3.464100992275948,-0.29693488002624113,-0.6055972467495265,0.7134955437305226,-2.1994613521743807,-1.991678608038153,1.26281007753729,-2.364066466408944;0.498633371042578,4.0290002735756065,2.195593333852081,-0.005329126983922433,-1.2009641765215797,-2.9818010844104887,-1.5901412910217774,0.12820545153872526,1.5172544297451358,-0.894947405016145,-1.0053831422414465,-1.7053820504729165,-1.8373420922255415,1.2769081471774741,1.5992712074700108,-2.5293683068343342,4.676116674975213,-0.8980846974028406,-0.18087855968280975,-0.09766198445649825,0.7246073459688704,2.977395157403856,0.655919293191126,2.095729948682911,2.071873329777291,1.1989661498130733,2.865713152552012,-0.960373947111695,-2.7722629524245876,-2.74561274416046,1.8273467377831043,0.6114376994458182,-0.2912517373891091,-0.7244186698110607,-3.6683142226035486,2.934128720762669,-0.616350767586178,-1.6281355886480517,-1.1062634660522928,-2.5292081194949736,-0.4990953428255531,-1.9442583093230419,-3.748489430277835,-4.409475510323901,0.42101438477233255,-1.8988066292981494,-0.2357865749543955,0.511779383874487,-2.329491152193187,-5.335422294149764,0.6089733444613261,3.451980788031791,1.6071531513383754,0.4790035389191497,-3.379107260705102,0.9362479589137889,-0.09980124908017571,0.7408072681558372,2.4475897526540558,-2.703903027998802,1.4946110114643252,-2.2605141766585355,6.359552372287446,0.5120609811189987,-4.933113025660983,2.227420209695765,-2.534747850802491,-1.4113468552006738,-0.583666167590037,-1.6058631794679514,-2.5899749323563395,-2.6123726661850597,-1.8699794121306514,2.3872247335605135,3.8144408447712923,2.684641778109054,2.9272334375731375,4.1826815613543555,-2.865714304298116,-0.30117510315178625,2.720046052230444,3.0270314064454547,-1.2158449009993813,0.7464933917572824,-3.6021492972964193,2.2212090037411,2.4444816923854087,0.2624946459747126,3.386922083371247,-0.668279389876062,2.1167285858165568,0.9624360139169398,2.5564996902806008,-2.482214524400174,-2.2985101492207405,-3.9721237727237684,-1.1515386478402756,4.714512962259898,2.198278865029267,0.0688118237336823,2.63246455084378,0.9278771581172802,0.5493735776503696,2.9641521069906887,-0.3148578350172741,3.72164332581478,-0.24039015101455202,-7.405472246442021,7.099489798196856,1.0532865359635346,4.222153299743369,0.5265079897912079,1.4183776034069522,1.2810306780492766,3.301783143637508,-1.7289072011091389,-3.3227223977054194,2.272180076806913,-0.021097796698500423,2.1423708602253,0.7127563509953446,-3.078222586308887,-0.5346546903784768,-1.934309404746399,3.4096194582489545,0.3543076169009738,-0.6998184954864861,-1.6572895147432396,-3.1966332524140855,2.0378601062200365,0.19612783698899794,2.253046233288126,2.953782007669372,1.8787040563253243,3.6238643381766455,-2.729292697291764,2.427112559249745,4.044962275222989,5.873460762354935,-3.7948482888898987,3.10858187145517,-1.1225680795150847,-0.24457970931715617,2.378394262155249,1.654382566459242,1.6416635931122479,0.9544504352455628,0.34932100091248786,-2.2604368511144384,1.0227481253782784,-3.7111358201396594,1.1734956533843404,-4.085107609092106,-0.9919275929428769,2.6545563946150184,-2.856360703229818,-0.8568143671391212,1.4010186331950092,-2.443150429907107,2.2786047105003546;-3.912564674468455,1.5968622335159055,-8.581962604124529,-1.9637943538963336,-2.0099970360371917,0.3174877169693622,2.158401902124432,-2.827936734128251,-0.7756216735614585,1.8114310779261356"
6,2.981845641482353,"0.09348917402787328,-3.394194286651777,0.3600832007682733,-1.7648923737078226,2.565882335366367,0.7816047836095007,0.3003879300005712,0.44631343433236925,-0.1365998534163735,0.7258839882522038,0.3044100988669971,-1.9835961532739212,1.097393943356224,2.300297413313081,-1.779704405023443,0.43549921798497715,0.48771814075726944,-2.5514405043176374,1.4645927354942059,4.107529537770726,1.3511861231741857,-2.2547771548725573,0.6424538642480107,2.6703554440594726,-0.6199793947801748,2.9968287335194814,4.050450745291994,1.9923442236792188,0.9243302986961445,1.940535289488039,0.8969345206483635,-2.363381050921645,-1.3041574507600915,4.161829069234476,-3.2595530436711093,3.4961146286229488,2.41053923030888,-0.24155281464320844,1.5102779284619825,-3.668774447130316,0.3244876268298637,2.249462753825156,0.2338253906995026,-0.34715006203033516,4.780241705766918,-1.4061387557693157,-0.1572003272347726,2.0782670042762303,4.4411470842804555,1.7664154551271838,1.4729075468086277,2.2109458647549856,-0.11472866061119183,-1.2684793923342792,3.752775541274791,1.9652335200626467,1.432109623505912,-2.180271896850827,3.2496764260145095,-1.3830692082022897,0.5472947159434634,-0.11836274273700041,3.3079867530188314,1.76836829087335,1.340667112058861,2.143243535109368,0.8843425930702229,1.024532659743502,-5.470669450560263,1.1735991934551353,-0.5702863590321056,-2.718253191808653,1.3532259165960023,-1.3938464915323634,3.9498790930277483,3.340106690834393,-0.8047177838159905,1.439115016068928,0.17139288941683065,0.6222304048247155,1.0077393335490996,-1.053918926700048,-2.6737358023315267,2.3064184077038967,1.4494612074017574,-2.466813903686745,0.4591241366607768,-2.0741927898966566,1.8695941957248834,1.2376114082735985,0.28006387361673246,0.6614314643560797,-1.0240887963904295,0.30555074846586155,1.022030275742868,-2.1404696798845184,-0.8205275048332223,-1.6761909743722179,-0.5742660707400611,0.12160418721679282,-0.8249417093526938,0.8582065244120025,-0.44509529472938864,0.7738086949673786,2.1533221601815113,-1.8091766462031664,-2.196550310461882,-2.2097242880362,-1.145366356150676,-0.920445117777185,-0.7141200052613796,-1.6899408185476141,0.8658370966841703,-0.13694758848477914,1.1204054179963576,-0.19168934067537557,-0.17489334475731855,-2.050171702887602,-1.2271123528803525,-1.8076937424499815,1.4456518128447744,-2.042447716528133,-1.0899022273590948,-0.3186651223435522,0.25452706970927164,3.525146670181313,1.3110151981078761,-1.9245382387417587,-0.8628438006108903,-3.0495218867144502,-0.23896655525492663,-1.524651142590194,4.298877704675519,-1.997621715441074,-0.04232552013030827,-2.0135225981486014,3.7283609650014404,0.0990183959490891,3.1745707394094653,1.4784209076993349,0.6123601174091605,-1.4358661561265176,1.4871956986204506,-2.8005045424750246,0.16866930174059985,1.5712793021689768,1.9478929999114285,-2.4978235345803825,-1.334578823884478,1.833834423230742,1.425406992016094,1.2770334178267249,1.906962533983757,-0.18063355180954968,-2.900074280431109,0.4304585929866623,2.7978669235019074,0.20527335103110858,0.5957815635619251,-0.7121924072759052,3.895234481146497,2.7090630484462146,2.9692445087182655,1.0367892283724867,-0.5674908523815376,-3.4670872486103788,3.0567068753204727,-2.001558050663974,1.3516178473049563,-0.8698267219693891,-1.0820255987400047,-0.2832675497379603,-1.1199924651096813,-0.7873653909659456,-2.1616591170009474,0.25344591645509096,-1.9882936685983978,-0.11427735324468676,2.0737959281381313,-1.1484266563439627,-2.9133863869796053,0.5152812865567051,3.2977110294770293,-1.2917153986503336,-0.09492768633242224,0.4904897392504823,-1.521068091505086,1.1129023931509436,0.735296964415304,-0.26737689915658314,-2.372515432287933,-2.266198815245331,1.2423509995157456,3.14017835646621,-2.4917974546906247,0.34759325351159015,-3.067838281713157,-2.856517449424334,0.8641604071507328,-1.6370373412163937,-2.2836395085136187,-3.395869023378404,0.21682903946725302,0.9233772522192024,-2.704274910621832,-4.250306412406711,-1.4610804414553806,0.36866562027184724,-4.8056937761644845,-2.2189848380488146,-0.5150101928837973,1.9930694262312805,-1.1881911318709188,-0.10637104220627128,-0.6980303206344926,-4.963345193167187,1.5185659394703996,1.3573382567987764,1.5731972259325677,7.077964481144609,-3.6234446346489975,3.8735267863373997,-0.06910245016858099,2.1126353322227196,-0.5374456303204627,-0.8544084808514095,0.29586539432673425,0.6695146690168028,-3.849369893887872,0.5678278303374225,-2.24543488610743,-2.535934839911556,-1.3334005459191507,2.554242446260584,-1.0936259281044356,1.8164866225665612,-1.0797356312986512,0.30335211304582044,1.210347691430125,3.7007827235827366,0.30369192503292824,0.5575051468413631,-0.7502403639991958,3.62869114584338,-1.5682778948318463,1.6388797232640433,-0.18276861635176744,0.17557757889302905,-0.330973788297019,0.32002565167889324,0.16146187500944525,-0.7235563252045348,1.0669590606769421,-0.13857990462918834,3.4099972944006454,-0.07233372753347558,-3.5489152762857743,1.4661771413310298,1.2149776204251348,1.8788550350706248,-1.270478813688373,-0.8624714902134236,-1.1541931251724362,2.1244662703489,1.8211147585663867,-0.2550085724551291,-0.02046299340424925,-0.2034355643957973,0.7835165402276754,-0.20478823959306008,0.22693556138031293,-5.186051262462857,-2.1696077881213873,-3.4645050504138757,2.6849466250690277,0.45360549072172496,1.2855727821326823,4.05141765009707,-1.0801441940978926,2.2881006749798307,1.4313152675589524,-0.41894353173101384,1.767908491549139,-2.6513800260116933,-3.5387748980663347,0.14384015375941,0.10774893992754354,-1.9308331501927667,1.1876626522452352,0.9027064088673201,2.8175359943130305,-1.5124047520143378,-3.293379280235011,1.0352803395605235,-3.290564507800168,-0.42976676997051744,-3.8201961638034625,2.4023384368362732,1.0084626686153713,0.05063077536692923,3.49616772210002,-2.5874601545702895,1.1807254055381218,1.1455754332246235,-0.1905136989565986,2.466168355079391,-0.6940500715536364,1.4527469171082892,-3.2181825552327488,-0.6166280985014986,0.2900974419454722,1.9742900777585684,-1.8482677876785254,5.105093086701284,1.6939637400931535,0.3504862607957516,1.025478058993566,-1.4172419804209153,-3.6073828405844828,0.5764159365539295,0.4121345435148779,-3.933049163984473,2.314707661165774,-1.2833038830260228,-3.9613981272299714,-2.2440166387380867,-0.9234840919762141,3.4471093905705676,0.8471946451086008,-2.62370013910561,1.7241456339429602,-2.0345775417160414,2.2386680537666277,0.3157342388126942,-1.7091395911073572,2.34395947241573,-0.42947428475986893,-2.268910638642781,-0.6425498383077672,3.894649796158136,-2.0472377520115246,-4.559066092172204,-1.9627407664018215,0.9164394985434439,2.0831872325154404,-0.38847748069767907,-0.40126060838639843,2.8069461215076896,-2.994473023857189,-0.2962452862849153,0.21583252487813842,0.5301107123150796,-0.8287497400045529,1.5084909225933867,-4.807784869792406,-1.4704662704234268,1.4002513715345655,-2.118013442844069,-0.38879128032152144,1.6803994093186012,-1.2933569675939027,-0.573382612773189,-1.8938284433276797,-0.06893006161144762,0.740797642515566,1.2534120799738966,-1.3251429100264172,1.6076693318338162,1.6296921159036009,-3.7861292343757667,2.3842729073737234,-0.8551492385834367,0.9895650765234282,2.5078603790782252,-2.7548653997704844,-0.3425179844678275,-1.160304520102602,-1.4559061193567646,2.26465298015981,-0.9440606555758537,-1.1596834856740716,0.651703770236447,-0.5161882966622924,-0.510895121078996,0.7245613821387902,-1.4886216383259234,-0.34293663382875966,-1.5348882717961578,-3.6059054445370413,1.8502750162383437,3.6106877485083415,1.4883061653659064,2.1511007714015693,0.13141388522916028,-2.470210867565947,3.1616088455619176,1.4106573295143878,2.515592492695034,-1.6728918263890045,3.044237650332157,1.5323695073960464,2.7279085271622967,0.6428813047240584,0.07286182601621713,1.9010689022748894,0.8645092960673091,-3.344023460946672,-2.4133966598790546,0.08815530488306206,0.3230277400670647,0.3771883752359204,4.040419617734237,-4.049552075957785,0.2525822157288598,-4.143122860831708,0.9929017705489526,-0.5630293892693771,2.4055432262550767,-3.1685827600420238,2.7304026384370363,1.2805491381227418,1.4162540818566218,0.22369375174741138,1.923473496274519,-1.9088402681697205,0.5685566727368545,3.0559385067650027,0.8223419431141832,0.09220538491373637,1.712801094211304,-2.0325272256575944,0.7374106484742687,1.0737952765721814,-3.326618051578073,-3.0111142861648377,-1.6103224565746208,-0.32664968245606085,-2.2541618139480963,2.250761190836598,2.0590605264392328,-0.8841372838174503,-1.7015782424693284,2.2860710038867733,3.0166574154082206,-3.042259294923568,-0.9238388359728007,0.4665490435299376,-0.3501438433857957,-0.31668072676426495,1.4838638607312238,-2.6588134722168553,1.221171170964485,-1.056076865658117,-0.8326793338961902,1.5532228796364194,0.7491940053047216,-4.867918400439313,3.1900639004807454,-0.715905663827913,0.03383677391530979,1.1092335819223416,-1.3156003012511919,3.6901919191044117,-1.1247805948548213,1.8570479427923607,-4.258899348249677,-0.43611420523558675,-1.7981246408835814,1.1607199013897547,1.1439907943297813,-1.0651441618559472,-0.7514200688328847,0.5939153425189482,-0.8296795285123366,1.6315530365307989,-0.19174338673149147,-5.822667094071773,-2.097959375121227,-3.9766817791058964,-3.5973140765098153,-1.4352755545830798,-0.3601000710333153,2.8735839944705943,0.7378784804637224,0.3239155140709061,0.10716034968617458,0.2566999858511073,-0.10347949704100015,-3.4264761934125096,-2.0091448202679043,0.26605312546521176,1.166882801161555,-0.47327376632406887,0.17885686443071233,-3.943416235646273,1.5990648042457694,-1.341864043437557,1.804280225058926,-2.039157143437037,-0.20400664132252103,-3.451700656638343,-1.1082621598605293,3.228169889852461,1.0420985736299428,3.2473713093862435,1.50185766437722,-1.487442382737544,-0.21343208114211543,-1.9041113097843074,1.6497298932245414,-1.6232827588643977,3.0214791233675764,1.7351733992173126,4.874553857833204,-0.3722155664316714,1.8037061249858126,4.698931743600526,-0.8458871953547618,-1.638542516903242,-4.020941669637548,1.618916840011987,-2.8121455461758793,-1.1968969357292485,1.5927677853180566,2.0934826673589626,0.4667959527523279,2.240175704747398,1.1971358421005867,0.3852994524256785,-1.153225180065109,-2.666761837880105,3.2487666929218357,2.207396228299161,-0.2229040070779564,2.7618482317112596,-1.1140187499070304,5.444575126756259,3.705347077420634,0.797046786801426,2.7746085489531613,-2.9450203966035002,0.08935120399691099,-1.46207201181938,0.5973277863904796,-0.2136521395780211,0.5703081990063048,2.1885546729661947,0.6632815866006649,0.14784165856403397,0.49928064117371534,-1.7034459737344554,1.5977790473593287,1.8245291882052552,0.15416885006263395,-1.0126236009309535,-1.4287326133755966,-2.8813593775597606,4.0519775948506735,-2.723751478131511,1.3796146567147998,1.0114383291443287,-3.4383228495186233,0.3191193899330917,2.1929588435223932,-0.6062037290579955,6.556751461844574,-2.603531159120745,3.191487701078442,-0.9900706226249724,0.7107764414899882,-0.3497168042723198,-2.0053532879043408,2.1661343862263998,-1.8214725001717347,0.5459499281034218,1.6120003224122048,-0.6083040338496853,1.0516303062270103,1.5924637746053345,0.1524716470143606,-1.6920080478183515,0.2780856272351381,-0.21404801517936647,1.6402402951040491,-1.9283547263882868,1.2324992246405586,-1.3111519964614669,0.5308859226091289,0.6981241892824089,3.094767153436703,-1.0631587130593043,1.2799642801853386,-0.8254859917174918,0.6500617367304939,-0.7158875731915784,-2.090674525427007,3.8361465545028572,1.9971395465859094,-1.516139427205336,2.43749324917635,2.9932395314901195,0.16854889658206515,-0.39980723969653453,-0.24224750751838506,-1.5227630219984207,-1.2502596988732115,-2.8685693797662104,0.6129716619806072,-1.2551275186404578,0.48708442349451786,-0.35323265616163946,0.6198526893324625,-2.876279437685473,0.3663314158649927,0.4981785245315762,-5.318608661513799,1.652661608667489,1.1468297342592204,-3.8186055832335573,-0.6076399250014005,3.3296856151711802,-0.2351358840544772,-3.194085020008293,2.205933404896478,-0.8784472044787365,-1.7613644123586143,0.9539269738237338,-2.18944642245854,2.5102937697667036,0.42276218770115986,0.14360052162768497,0.21958651251576933,2.4006974798637075,-0.6824873691704273,-0.9046460015040018,1.4798741686377035,2.955981068208741,-1.7685969323084738,0.12369479081733936,1.5132221261788268,0.13279558095677524,-2.703401238569496,0.8851405367220444,3.937693497754683,-0.6260250719308161,-0.3267043532969318,-1.5533811993787698,1.66560242734836,3.1324694069348697,1.092574926222414,-0.34066442662125485,-1.0019250929943155,-1.4317834256241633,1.7745271550198147,1.3131619218792674,-1.2963446709150113,2.266639814593912,2.1776474295496384,2.525310465933712,-3.1407945791996856,-2.3142201169914176,-1.1135311903927672,0.34480129727386893,3.850903636591455,-0.39774698249646245,-0.820535695168175,-2.441557252166344,1.0104849209343594,-0.6705818486573333,1.6473739243898218,-2.3969713554234704,4.220876932089377,0.8007041404278707,-0.43598684086566925,-1.493837892427285,0.2903545090588563,2.7659152968082545,-0.22789053864112152,-0.3145905153180347,-1.3247156027315274,-0.26157820446863866,-3.232126924414465,2.0802045439449612,-1.703578571731086,-1.6136711525643523,-2.8702938921310364,-4.967337678132695,-2.8019821172180164,-1.5186830685335724,2.937243639510206,-2.302141512431899,-0.16531222236386167,1.4570263239302905,-0.06962871952356536,-0.16486349189351657,-2.874429015576476,3.848514804582443,5.46110524635842,-4.210546536159461,-2.7409507595113562,-0.16100711491358727,-3.492828730508001,0.7933762841511781,-1.8808743530062348,4.234902675139571,1.3980005417484012,-1.378900234768621,1.1402132468031823,2.7717878295044005,-2.3436198436204543,-1.3694496312852713,-1.4534082377396473,1.9947310371501592,-0.07639233739030457,-2.422238400017385,-2.930624796378388,-1.3041875820455147,-0.26330347249638875,3.247240059951969,-1.1526518279478561,0.6562145842793792,3.129014707964843,3.8133680208433494,-0.595653822684318,1.6333897773808896,1.8309656170660078,1.298634010505745,-1.4000465372996025,-1.081383419936775,-4.44106433126105,0.9277835516061093,0.9299011191510684,0.008189739467738988,5.009498857976241,-1.214272420020385,0.18167614744692798,3.032797606842631,-1.888435969905336,-1.9514727655130761,-0.10130945682475828,2.318034638037685,1.4502802812979543,-2.13522080283208,-1.129696855861933,-1.073036201087968,-0.8819722771672547,0.36262873581549787,1.0506419313380924,-2.5754480280782572,2.204616132845233,1.2616616762182509,3.137369559998404,1.944213514467049,0.8422629102774344,0.04571881243100584,1.274469656450259,0.7184072874456043,0.2622731094665395,3.8565415800029865,1.7385852422475898,0.32562775333312466,-1.427195453572499,-2.9668763860812497,0.7988907419477099,-1.0520038137325196,0.3446826119707928,-0.5261909909686884,2.9435029824599424,1.2615733451356514,-2.499830917362129,-0.05072703805835286,-1.0891446746467355,-2.125894359065939,-0.5681710583324059,-2.0988038173402668,-2.950325514888516,0.9784423788355664,-0.07394832262630588,-5.453860421192485,3.3023621395853917,-0.5805620338036687,-0.18753600520976044,1.5514633569375675,-1.344965105198177,2.038582962487836,3.05080414609457,0.12024300203732985,1.1845254028726817,0.001716222773735926,-1.1573386964707146,-0.5819577833191376,-0.04962658596706783,-1.094726246150475,0.3330945605093424,0.5582168167825604,-0.02224942625796664,0.8639042991944637,-2.6355596625769455,-2.573478695868101,-1.1215449144282508,1.3893996888279918,-3.4784905986930172,1.642227052396684,2.376383523992886,-0.07602327666262616,-3.729192309330193,-0.8453738957934129,1.5868835214640795,-2.834297088043733,-1.4738496938311978,3.4619318318259884,1.725693216597898,-3.4843714827170205,-1.8229793230478217,-1.725101827623323,0.6532107945510806,0.3381026080223092,-1.8128818351466585,1.404007578125058,2.826140217251986,2.304697267845598,0.24210779685534922,-2.004953085810024,-0.15607389198986119,2.717162827643012,-0.45964093231758335,-1.1817957605732592,-0.6950234361593254,-1.498577778200015,-2.7064971081375617,2.1381465069448433,-0.7257377546844318,1.7496820412972303,-0.18845599474261104,1.7764390328116202,-2.3266053979606784,1.974543284936653,-2.6662586494311893,-0.9153262556612902,1.9471984862098748,-0.20536751620437688,-0.2399992233798477,4.529840541019297,-4.116060869420244,1.785750385068051,-3.6466009784365054,-2.5205079037800857,2.963462876220925,-0.916356435045175,-1.1970555461005485,-1.9069215646130557,2.881724371645566,-2.940520368293229,-3.3933280377841366,3.097117645913354,2.8465299120288416,0.2854230662282747,-2.1359799686084053,3.3974715408408755,2.3409930184485006,1.1530798797154764,0.10839652191180496,0.7782203373746618,0.12185763216836329,1.0582227379680487,3.006611678608438,1.1076917880418302,-2.8043841333479858,2.053968522597147,-0.09144360928758956,1.3711831332975977,1.7585677078876694,-2.3768836729083214,0.6384048996846166,0.38341438648088505,-3.8435171319764856,0.10036909843115413,5.043488268513333,-3.765921679444274,-0.2769993967861099,1.1914384497439745,2.0481932156525815,0.06587682219362259,-3.8292608427180395,0.9445248626571028,-2.1016369442398615,-3.6963559757252247,2.5863843481671736,2.256378848020642,0.15810647945808454,-1.744077129219491,1.4217065506304587,0.08678058193088448,0.9822752109219166,-2.3638183152104664,2.0750857727330727,1.3991497604180398,-0.1797033166849633,-2.406885820626028,0.6846174815607856,-3.5440184763787332,-0.9510011123164865,-1.0841505534214217,-0.6624654894633555,3.440786276367617,2.6875138613747227,5.505511027282143,-2.1210845973908934,-1.58706137253031,-4.322215637783276,-1.0695321735760097,-1.5071861502438775,2.419554810939072,-0.7504895848718183,1.2580993539323044,0.3564625313806561,2.7460483990464586,-2.84310141008718,3.0863590234015534,1.279973832826383,-3.231178036379663,3.3978372686559952,1.0794471656120639,0.03481114720619827,-2.2191612845622903,-0.865032397885326,4.988642041023775,0.1629252366518671,0.040730649573110005,-1.4133127163493724,-1.9267468935259484,0.4535074659481267,-1.1701294027139109,0.4683858017099928,0.055352682726941216,-0.13761520256062612,-1.4475867784318441,0.12617350144592324,1.7336803863345929,0.01789595234487209,-1.3917183730597102,-0.8981915788134486,1.8655225539870774,0.819333087085452,-2.2533642958390256,1.4835590539635355,-2.740419836999299,1.003329794143026,3.7469210407449043,-0.7327784579354818,-2.1022892797179202,1.0243325788191713,-0.11709643385262772,-1.9965195958503952,1.6025203946978173,-2.473778532748983,-0.6884087279076601,1.1424285056886123,0.9088978763168607,0.13897440383543277,0.1489188492185802,-0.9070673051852537,-0.6152495991315236,-0.43624174072611305,-2.7108420347437123,-0.4274207579747735,-1.4487571291810504,0.7580424554570923,-2.095385774452462,-1.3799462132000595,0.7693906924804292,0.12241342904829292,1.3112529459032782,1.1656383239461354,1.2821550285714505,1.4933631389236215,0.3982175890121818,-0.3130335592486629,0.37190482793539564,1.0120258206902988,-0.314200561565142,-3.968941947508979,0.9216077778092183,4.258134421458782,-0.8459332239977344,0.26260154832213617,-0.04111388353325301,0.8380025737177503,2.464919034562857,-2.254573465224557,1.556158522652954,2.450026271383095,-0.2746123458925845,0.6621977382009074,1.8233821798360665,0.5620736526228541,-1.564391209903472,1.879808409670761,-1.5593645981582038,0.6443717311773779,0.4420841746362969,-1.3801891249146163,3.6814264694673113,0.47426935990769786,-3.616931380421168,-0.15844289761370994,0.31192589665922393,3.5481595591736204,-0.22437791228941437,-2.5069600053528687,4.437721174299854,-0.14071636367516888,0.9528802596378052,-1.0481395995843539,0.7515727731163034,2.4550386935495783,3.3677007861133403,2.4943612352155853,1.7803941889768953,-0.46736683063431456,-2.7817686535285575,0.2509149396943606,1.3842548365828145,-2.6456908498265537,0.17166566539616787,2.764721905176121,-2.469357688852861,-1.0607153166573782,-2.1195101447181943,1.368220048025368,-0.9232638661721888,3.576583710947273,0.20563818278222637,-1.3037202169860636,-2.426827253841362,-1.6799906277266112,1.0208217362666763,-2.9513817686314123,2.862634735087155,-1.2870221613674682,5.853397699126985,4.8487515567801385,-0.5178078960446562,-1.130964904522592,1.898796909926623,3.687497700050358,-4.038289050816645,-1.9032795611501419,-2.069231872877068,0.57801358765897,1.7045725457158065,1.8398896118567478,-3.4164438114397413,-5.602239576961894,1.1540786928262463,-1.6021290082040045,-3.45319162193614,-0.9906273499919866,0.4299563491378965,-0.5450582767577385,0.18792562593220968,0.6779701356680188,-1.7694074777161068,-1.0650246710280835,-0.471473805500818,0.2556230038824602,1.5654393386242453,0.31519286516397155,-1.2066329402010565,0.5660313600424293,-4.541226768993224,-0.5230435428901077,3.331997582490358,-1.8557163833898807,-1.506896504666697,-0.6211666090578262,2.1341479507825425,-0.023548592548100877,-1.262782729207149,-2.0287784711769703,1.4300664124229425,4.172333001226925,1.0007861342249105,-0.23596636331349896,1.1683204830425793,-0.08059859244063027,-2.9652580957860812,1.3144793368732144,2.079167438727281,0.2638745295858663,-0.2496640749484716,1.4830506134909,0.5664683722656062,-1.0593963260086448,1.9786682182246829,-0.6139313451805724,0.2087896841712506,-0.8446144685402637,-3.4012509863545426,0.267220023517073,-3.1177744059608994,-1.149549349233254,-2.716854585137776,1.2162029042827376,-0.46457489356318327,-0.656732602005983,-1.7182140984195893,-1.5941564515846192,1.4600637586376348,-0.8335479634910493,0.5098571136273867,-2.3061328355622437,0.48206218287792396,1.1926593465961521,1.5538230308031904,-0.8022680734114275,-0.6667795650682639,0.5123086081053707,-0.49201281158896193,-0.5226460530459409,-0.6893230970402673,1.7349699107749716,-0.7604212043694625,-1.4089609447583682,-3.681161132571915,-2.277524631590934,-1.7103641931611853,0.8515764591887809,-2.318726116429355,2.167977374946913,0.7671490473582467,-3.6232176394734754,0.5034177539330137,0.49685634176682836,-1.9310260191946171,0.6279617552257072,-2.168224641631481,0.1001332100222884,-2.6922021947836483,-2.149317540986836,-1.7589881681387718,-1.0326212491363824,-0.252979374790257,-1.681184441743478,-0.5143747277040034,-0.583598900256807,0.12839901813561985,1.540544583922746,-2.8419622804841045,3.2905306111056656,-1.9672072611027243,1.951943587374521;1.2778282646436208,0.5056243799244061,-0.005440402718621534,0.37907703281549576,1.978580716037502,-2.443671107734672,-3.060281497652254,-1.3268575621513947,3.045536611130121,0.46721572739095585,-1.163804660707988,1.088140538326104,-2.955446309207503,-1.222389901607149,3.7674577735679726,-2.7534462720571136;0.2477700505696674,2.517151673026425,1.9316120797358174,-0.16835831248356153,-1.0288394223892954,-2.1287345831698574,-1.0951053653343505,-0.010797152120321549,1.2099766509494523,-0.5765237750792707,-0.9707387046241158,-0.9174058008604071,-1.1814279170613724,1.206599938576676,1.3011529369050256,-1.7395395662429134,2.8832057501892967,-0.7618511623308796,-0.24112855978870779,0.04133840931834225,0.17249319222106746,1.5861003796701196,0.32720580712464703,1.4436792318566187,1.3248249911185852,0.9563681405078606,1.1448425651637217,-0.26455238784898893,-1.5741772300144923,-2.2011690869327962,0.8569478312580499,0.5960007237825861,0.1178862651561926,-0.05147031500307914,-2.5554875609728063,1.4289387134052465,-0.6045082565832006,-1.000978118943432,-0.9483091128848056,-1.7817120355170508,-0.6099953292217285,-0.9638126330068236,-2.9613187630625917,-2.7489447261357345,0.2979911367180811,-0.9710988155202692,0.15012072102203397,0.5152485994801387,-1.4930219381650154,-3.4843062638499527,0.31255886014265327,2.4974462314100996,1.0442042721916853,0.6186649868049346,-1.6427290300217616,0.6441455386150997,-0.24468573987759876,0.4158307078036129,1.6848577245691165,-1.6190760920871623,1.1954922904106777,-1.0508774000032302,3.95665414485394,0.12957888895527275,-2.802159359337807,1.3770516121588887,-1.9726622992171894,-0.4156347807150631,0.0008895234303439858,-1.1075479769631602,-1.6619988550772027,-1.4750461494851095,-1.0143278643625657,1.705369645660459,2.3607437473180646,1.4652039436664777,2.0146383941155857,2.3815330434009594,-1.8724046974440118,-0.37568909122471106,1.7598841427999925,1.3007926149724314,-0.8069685964462683,0.5962700749153739,-2.6219378990874693,1.4716368805474507,1.6957220215738493,0.30324716021058085,2.4280531195414907,0.026070174604717056,1.201741392701782,0.5260107586309657,1.5575033460512788,-1.6675971597085328,-1.3858450209314728,-2.6216373632088725,-0.3157524520249225,2.912863982111739,1.095874176730562,-0.2868397659871582,1.4180901087324385,0.7336550269557637,0.35925870359163353,2.0235343857853922,-0.4134411848340985,1.8697956605268524,-0.029990791300081365,-4.309753227611141,4.7469648083763545,0.6327158534607666,2.096590010376378,0.26004958613094387,1.0743468472427387,0.7907570360028563,2.0428541990218063,-0.8491579334191425,-1.99726188940951,1.8242450394438032,-0.286366884555388,1.503957790232848,0.22824981482322904,-2.1524413699044045,-0.2709777720838549,-1.4360334338220822,2.4278339666751663,0.8323027548900597,-0.4752578367872372,-1.2877627034568975,-1.5587359509774217,0.9742188045260662,0.25865595013320336,1.4026780021608811,1.9445786516763426,1.4369947604431776,2.422563687934335,-1.7603243399461452,1.6626891900350844,2.8255211783223673,4.050048390209758,-2.491674273451545,2.0237467649833976,-0.6888711144046813,-0.05060930155241028,1.2720589081344345,1.540823869211336,0.8882461416864027,0.3813928855297126,0.08976736392644463,-1.8396153691977835,0.9642146185654213,-2.652101213087551,0.8776489943337356,-2.8073782879340143,-0.49903606298209074,1.7474132426542335,-1.4154168171902146,-0.781566149649219,0.9328643705785806,-1.4317844142613398,1.2144852991028992;-4.252400422557703,1.7427217233125507,-9.237142324845548,-2.138240887328844,-2.2293497009976115,0.19433201763210603,2.488379802527794,-3.031832384752801,-0.8369496120179958,1.9970107778813526"
7,2.849909143248145,"0.0033975164055353654,-3.201644813587418,0.3091923662785823,-1.8331883743802213,2.3774862223527147,0.9112495510939504,-0.08529291095137806,0.1465452642081104,-0.09525220550650387,0.8886275906743678,0.10410289312836761,-2.0996646511705404,1.3313487389374272,2.362561173252907,-1.4945289110276703,0.6379727269689297,0.517901058457753,-2.5614877848363586,1.1554630301100102,4.181299503866566,0.9401746896009238,-2.4830308418008946,0.5019217435176987,2.8738098064900925,-0.010622953893037718,2.6586012940917816,4.1746650784651935,1.9451175488218244,0.6563078573916356,1.7476876504832712,0.732115247576202,-2.496902097275821,-1.2809719912970052,4.733888699649481,-3.200284163469707,3.189528944804874,2.4721816352984995,-0.3878859838610444,1.633636372362858,-3.9223657877074753,0.038074355826275164,2.5186868946422165,0.08770618077789846,-0.17077983496525495,5.000742912320421,-1.4084954453207572,-0.44052664322674473,2.0686282134805745,4.018747874642351,2.0674012547279013,1.788769076180601,2.2986005419857927,0.05812526460784067,-1.1496424842947939,3.827364338527626,2.2285628293638906,1.5917099467351556,-2.131616477908341,3.2292834409921274,-1.5482906459525867,0.42711472539781314,0.06828957519364898,3.3231018709947877,1.9182102853356209,1.6097738814325009,2.243320456265653,0.838690024124009,0.7401506781295842,-5.948805198828675,1.1404469160120858,-0.618651303233569,-2.845219186218939,1.3860841179444134,-1.6254782690523049,4.596494941965272,3.4114067730771587,-1.24953559753352,1.2749482689067522,-0.14110587135052355,0.7641360843387764,1.1347296062014993,-1.1120865628642314,-2.37865922255458,2.520652220418042,1.64566085807582,-2.5012116589212665,0.2852339585955652,-2.2844263025168425,1.8504497537433202,1.1225416430867368,-0.0024394617184921447,0.5420342781416807,-0.9069445056295491,0.3808649368981213,0.8467086546383491,-1.8609159809629217,-0.9574192464556959,-1.7184446308676442,-0.4980908078636097,0.13702991807588757,-0.5219336748517106,0.8631944055840887,-0.40702641907561027,1.145437803351379,2.162629467435174,-2.1602363547928993,-2.6551893574214356,-2.53789565436428,-1.1724184811864615,-0.9950598189159785,-0.2982945740937456,-1.6826575529313745,0.9846295883282157,-0.4154046060412423,1.3199566636118485,-0.02767369756244776,-0.05931266750516789,-2.2008430064342477,-1.0337532265496108,-1.6317277553076204,1.3912882593554234,-1.8581691585634823,-1.0937652827544888,0.17760280546330476,0.39459409240406307,3.4047455289557407,1.5725890356959038,-1.5597588820704698,-0.5591028218437651,-2.9285165781184803,-0.49326353968667935,-1.7850651321349857,4.327882262045954,-2.078346324713472,-0.09069575517821271,-1.9951130583500014,3.919840404948786,0.10640630633082147,3.1589063866545497,1.7763509447365506,0.4579379345456422,-1.195633345463216,1.849069763728665,-3.0511694365258766,0.1785582331471463,1.6242486749205491,1.664065796874021,-1.9853886692455995,-1.2940766502727759,1.8613997219837222,1.4683247585422707,1.2596234623324882,1.6287258162162506,0.15799056452504656,-3.466851489284843,0.11703279321087766,2.7922988135352846,0.2050112756201698,0.43885715915502693,-0.4694476860252316,4.3050193885081045,2.885845518632801,3.1448019539898926,1.1269044160177013,-0.6125562198687909,-3.713439496116697,2.8900678042096235,-2.302102983713407,1.4214791958432498,-1.0027961475925344,-0.8443734160558265,-0.5017761202350548,-1.5700711766059616,-0.9397761090082761,-2.115980361996464,-0.02441435143659139,-2.204719264217621,-0.09902429269967586,2.4348480308148925,-1.184366218180858,-2.950622705790882,0.5981757071855563,3.6470002467904448,-0.943482067029632,-0.03659114209501926,0.4952236812695106,-1.819593253594748,1.4118759256580586,1.1378250444818538,0.31665602142849514,-2.296229348508789,-2.4285996018191325,1.3190599893595394,2.9947293321984656,-2.308310237928201,0.49704405908577853,-2.9561300191862334,-3.0914609264436628,0.8743273747595228,-1.5726968079133548,-2.5674605314445245,-4.05283618826154,0.3292736301737654,0.7389739577001023,-2.4881279665401634,-4.101306678174085,-1.4490682887423754,0.6244378465483008,-5.094183133969035,-2.2417760082673475,-0.7224173861345786,2.1175333794663747,-1.3201726655223238,-0.003970457723148406,-0.5569609782034346,-5.093794973456789,1.7708159622993556,1.3427967438394226,1.794795040154402,7.222451791875251,-3.480002945785225,3.795492548796179,-0.1300823651505754,1.7967149526496728,-0.8792924554045579,-0.6776828244948339,0.3249060620381686,0.36738863870262456,-3.893999836674653,0.6982786606404745,-2.166829575260654,-2.4859509639302084,-1.2379164974651347,2.582492302454178,-1.004193044719979,1.5990008165476748,-0.8291922721582184,0.6422653416555134,1.1254339221839282,3.904750249950897,0.3302173028413321,0.4588111061944515,-0.6780856307588327,3.5004143733724566,-1.6608214356690203,1.5890362838026784,-0.3275364943245825,0.3687723027446824,-0.38251344072655646,0.4550438001984721,0.22098794384126064,-0.7973199922536128,0.7896555138493964,-0.4542142972965356,3.671289065639642,-0.19874798062462865,-3.437331840401009,1.356611015583139,1.3779148590847914,2.0963326276243914,-0.9324954573458735,-1.065530817526747,-0.873699033524726,2.072212577397838,1.9533435920202622,-0.030775652101817944,-0.09671393245067175,-0.45344793774791864,0.4157159602456554,-0.36024692285049814,-0.09707158945997592,-5.194903792944304,-2.1469656692636168,-3.574333218542989,2.844002418730879,0.4743042940719563,1.2720704269459993,4.378837929790189,-1.1698228846537888,2.300695250601908,1.5970032311446405,-0.35799092879071603,1.3618645255125883,-2.787695828151453,-3.6029720878308167,0.08762337751868239,0.12899802338536365,-2.052885512073887,1.0490547994650243,1.223250427381506,2.724171894832403,-1.4884950607753449,-3.1674163921748435,0.8486889435335065,-3.3017951023788084,-0.08035953586189501,-3.583392587896223,2.2313476365016327,0.9169148953862372,0.059013110891301686,3.6130600948183385,-2.659285989115002,0.9265263760662028,0.9606801277946582,0.013590295203620179,2.565383821976881,-0.7688630706289277,1.5248797231560878,-3.3217325257693044,-0.7338246414046494,0.25969851441518915,2.15739242437138,-2.054203101973209,5.032489315524492,1.6527554097654926,0.31583272378896937,0.5920208929496,-1.4700115642575569,-3.5674025908305906,0.46619186323481543,0.24388366718540036,-3.639332355044911,2.186582606425163,-1.521830518576266,-4.027616770201454,-2.147362036394605,-0.8847842279644966,3.527268374855984,0.48272182453951185,-2.7802545594775636,1.3919353404156503,-1.7641020023144385,2.273026377586039,0.15195483651058417,-1.8185163016595465,2.23074512539753,-0.5076405207230134,-2.173740066063654,-0.4426238750630717,3.818145125463747,-1.7595191182125003,-4.73105277389699,-1.8532267193930814,1.1592875752541303,1.8263225041477897,-0.6522580188423266,-0.1878134669541526,3.1983622387347403,-2.7202444647098,-0.19712765419541559,0.11836343465694357,0.43431130062363477,-0.9641631610106192,1.4797505355330942,-4.843695175134794,-1.4016758385666535,1.3381455263017885,-1.7980290675623647,-0.27653769852078514,1.7546850587751393,-1.3488675334471778,-0.6618301256943554,-2.0037964009741875,-0.16265590996326196,0.7862482861769132,1.56459370691572,-1.2347528992181798,1.3969624050007952,1.3641374982491392,-3.604183226974617,2.112453154280173,-1.1042578363901925,1.035019694375969,2.3343323926297663,-3.3315416847955692,-0.16158645965008483,-1.1847504315914266,-1.4746507529222006,1.9679106741454013,-0.6135611785549148,-1.1449909224472758,0.7800783176712839,-0.26645921330462125,-0.7054677239031772,0.7838303483602265,-1.4959981649347267,-0.6037651787931071,-1.8801819902433103,-3.786847469528491,1.8579670742203978,3.697751640948061,1.2342931748461372,2.142239140854184,0.1559970639692966,-2.5815608118733406,3.547263560356444,1.5459440634702617,2.552737983552213,-1.765532907263947,2.7100856341671755,1.928346641881364,2.4996152410168433,0.8294003260539283,-0.22988798446090922,1.9380604801711425,1.1081185232778548,-3.8402025212718134,-2.325785652878758,0.26043672559460307,0.5875862529442201,0.26874012305018247,4.073026666685485,-4.186485715809923,0.22899930626138637,-4.2834568951882925,0.9994361983584007,-0.3322447933283738,2.3393909948187237,-2.7357230837548174,2.757518298590582,1.5023247979856007,1.29527844767782,0.1797854233967462,1.9216422018882278,-2.067213350553124,0.4419543099600247,2.908305729464859,0.8936676064512622,0.11974497436167922,1.6477059224676214,-1.8857569868352466,1.2578160275949635,1.1599341915968706,-3.2592926918238736,-3.3777748605144975,-1.1279732020375488,-0.6711175402378758,-2.3685182276095,2.1249303228741705,1.611021169384138,-0.8963033780988323,-1.7246069262426773,2.245356720088101,3.0459251678223502,-2.678555669063562,-1.0396375293310702,0.6134384789110039,-0.3768773541362701,-0.20229750909174418,1.3092636089513845,-2.2877280662438557,1.4290677421736153,-0.9838651874659368,-0.616815524167736,1.2784320319586842,0.7289166405707542,-4.695753828101463,3.6063122052061027,-0.774077099490335,0.3333264070982566,1.0141102858315263,-1.546274487351414,3.72078144528896,-1.1691595931953636,1.8154037801688907,-4.093963085784324,-0.8846437049693007,-1.8769764818201338,1.3471381894881271,1.3104225436602648,-1.3259884153574313,-0.44587122876233776,0.5095859412191053,-0.9243430554644169,1.7505032621880348,-0.11531111551068617,-6.219893546841874,-2.0181443758616644,-4.502489768241154,-3.7792731692206005,-1.5323108581815554,-0.23440527832642638,3.0492630727523498,0.6096266906035595,-0.06554223965786896,0.27421083062614443,-0.010933662514338416,0.03695862652723834,-3.532811364379919,-2.0626187560120703,0.04118704411352389,0.9050245173099497,-0.4637470291689038,0.30306649902443267,-3.696896391993607,1.3989275926854607,-1.1676893841689326,1.501250745562516,-2.0217056817279966,0.09574996352060065,-3.513176040833018,-1.3622103078476502,3.197731654436873,0.5776033178956604,2.9385305368398873,1.4553023516870192,-1.5751971431707794,-0.2878808238489121,-1.9732918433360078,2.0340022049272393,-1.67702671387535,2.8754660635835365,1.5636595193576177,5.1492883748642635,-0.24719944062456367,1.7390034308962088,4.693150169851291,-1.1005851816375267,-1.5011008831208608,-4.283379833489144,1.463525972078297,-2.9364493537353478,-0.8569760190367302,1.5726909137824978,2.0149529971796083,0.44574084114030027,2.4175413165755373,0.9519172334906566,0.2968516357895392,-0.6569815504278423,-2.8790857893390718,3.5097045563747655,2.043280919226187,-0.4080861481847255,2.7429921725135773,-1.041055264223484,5.3912268317875185,3.830923196032773,0.6801277338776903,2.839196935479072,-3.154889111461327,-0.3123525344506053,-1.4460103422221735,0.637936164432667,-0.25601046901734065,0.5428703321795519,2.2380616947784464,0.7942844241326527,0.211042724127765,0.3953932425561159,-1.8786540988543472,1.8251918336550017,1.8368288327795,0.18694814486677128,-1.1906130031507034,-1.7031331139735442,-2.6946747417027055,4.01864870536443,-2.4787588878396303,1.7051958377146554,1.1497446328696659,-3.4728879784549243,0.13979418622271536,1.989587584764653,-0.6225996030930823,6.236787891595794,-2.4612537001684642,3.10217862700391,-0.7592206421904704,0.3604434540291007,-0.6183101305742708,-2.1138595189687033,2.0126984730910995,-2.0220085487694863,0.6481863783329691,1.8947856741864524,-0.704371186529395,1.0406831205498779,1.5149919450935316,0.08355502542651017,-1.4970914808599765,-0.03336779060710243,-0.2773659746743288,1.6764632892574944,-2.081140208578153,1.1614742388887465,-0.9052847213967877,0.8170937256352478,0.38758997902295966,3.1675243944457794,-0.9208261848312561,1.051811767707375,-1.1446771274748404,0.7771117424438343,-1.054809087604056,-1.8192358853065012,3.7061643662029464,1.6791338173908117,-1.6119299505548637,2.4924638064889137,3.3915527980140703,0.4125781432751172,-0.2845446778997579,-0.09681913524729562,-1.5904067955148489,-1.257181773213323,-2.78778887568243,1.0668383581244236,-1.1647407939736911,0.5153498101661805,-0.23862005937713526,0.5366622614272145,-2.8064374248918376,0.46515814640251324,0.3725370881823449,-4.883662201143747,1.5447336514514354,0.9291991273511008,-3.760130789560274,-0.3313538351273457,3.6333104564825285,-0.40793562013699747,-3.3308937576897275,2.386120375918235,-0.593698662848058,-1.8732771210204633,1.2107086845895132,-2.333463904752701,2.3727509271051583,0.8154887827010957,0.3768580923392387,0.2671518841553312,2.7406458916129015,-0.9290688129580205,-0.9976001268063408,1.5094804884801143,2.854882764567768,-1.930093772153088,0.5089837405227877,1.761148161566433,-0.41982472292822415,-2.857286647431325,0.6380870487885836,3.8426322820276564,-0.5514031141216622,-0.46346293750304784,-1.3303767417897028,1.8267918415911444,3.10240940224053,0.8576902625075703,-0.5069314702041422,-1.1805815873633223,-1.5475887559362764,2.132724369046633,1.289529126229783,-1.3365786754813243,2.579207859993287,2.3531915723083854,2.678977107231873,-3.3813613830603195,-2.183465835747605,-1.029371109033833,0.44612141285799,3.673575283802591,-0.32825195118926526,-0.95442123516273,-2.632519525097446,1.1112089611755707,-0.34822329020661746,1.3553570926507392,-2.063360681104686,4.3293175392001135,0.5631046442033659,-0.3726539330181369,-1.5033329916686826,-0.002211425472446668,2.4380510480994038,-0.33892641748504704,-0.40128346477552157,-1.5004114493359553,-0.23914017681162594,-3.4137103280191385,2.0309601899368053,-1.4708599953233739,-1.470288764597381,-3.5096332484405584,-5.169017547489205,-2.8106778678791,-1.4543535189919174,3.1251056299644113,-2.1781253691278857,-0.3526645887501001,1.6391185643963226,-0.09285008363736214,-0.13894771695885533,-2.7431251911722314,3.838821451656745,5.622203823056119,-4.2103061876181,-2.8011510292513604,-0.36142544920957775,-3.611181346789349,1.0326630780935284,-1.6334735420261448,4.369692619046077,1.7811448927027136,-1.2541921457667973,1.1809481892926021,2.8839563206266945,-2.5788234453259524,-1.379009901031954,-1.2577666234256342,2.1400128329192944,-0.15103432942240827,-2.4926822932218746,-3.15761603383835,-1.2465687074229628,-0.47665308541026064,3.633282531753876,-1.4733476491372064,0.541373803948104,3.32710485376071,4.236933966774637,-0.8018329030338491,1.200101419210764,2.0067876092596286,1.064084352813528,-1.1847926347482407,-1.0095261914742018,-4.416114217734041,1.216693897079536,1.0638368371277547,0.18427497004519944,5.070641807578753,-1.0725346886257543,-0.09242350183387271,3.1210478962432577,-1.8321208492739807,-1.97999395147191,0.13559110251130113,2.4240507813820953,1.6133824633021903,-2.1978405285413722,-0.9019473066816124,-1.2705028267530922,-1.0104050891599228,0.4671998187806669,0.9668612249922874,-2.4773801543478275,2.2506100446894104,0.9253150225423558,2.9933944518442153,1.9265419536307515,0.8373986180169304,0.6606495778634227,0.7874880809796951,0.7163740685213772,0.23305424389025092,3.9606308508802335,1.5606437927209091,0.4030603461261904,-1.589658259970736,-3.011743355615913,0.5039240849815181,-0.9291354734998682,0.4913839468826024,-0.40188572635253467,2.843334947546078,1.3429475505094368,-2.4007663150343292,-0.11331414666819156,-1.018645768417977,-1.8757201970456732,-0.5711352494132923,-2.320703731919235,-2.6733301554899054,1.0190219922448853,-0.21427517071054972,-5.467098973992385,3.1261407209621055,-0.6396694604944736,-0.08450944437280122,1.7613207278295515,-1.6779697715354551,2.191617967784963,2.726194162754604,0.39938194274724553,1.2995836353994354,-0.3828551685446975,-0.9905793048650082,-0.5483416549809551,0.01758135945394286,-0.9565334331948278,0.42358326075476976,0.7146702875207658,-0.004063421360558203,0.5125815335358342,-2.7827009508256437,-2.4227295458107223,-1.2834090634329496,1.2450101854006876,-3.5896243550121594,1.848213241049071,2.5011004289677286,0.08297608970145262,-3.8107213020659354,-0.8008206956178124,1.2319323406077132,-2.630195006866443,-1.36683596213133,3.1373230223637423,1.4920909985742796,-3.5468603229275306,-1.8686001417989546,-1.5785219063650673,1.0491500966267506,0.21656715221048553,-1.7631319417752989,1.4107787494958985,2.8921950963163736,2.150722205437199,-0.2939162754312959,-2.2087720396808423,-0.09425014479822375,2.9618911730415176,-0.6966579387218657,-1.2597227137418638,-0.5925717506939921,-1.0971954027047963,-2.937907843112814,1.8879759732876062,-0.20865801265025713,1.8534961378468773,-0.3098212524899794,1.855179657261359,-2.1218145311664727,1.7421710395764356,-2.343475442029308,-0.7281492960734043,2.1597586391033694,-0.35925287176904513,-0.24922321771446004,4.320739565125548,-4.1871551865875185,1.7010910590782957,-3.5756264247284677,-2.673077196942554,3.2230695916627403,-0.9382851050039598,-1.295019588984876,-1.7393297411040358,3.226499155678558,-3.296806965543191,-3.490459422124306,2.9894012309720557,2.8078040954524486,0.3345184738444977,-2.1773259934561535,3.5270007335833844,2.1328388230641955,1.024858263079179,-0.21153525725186917,0.910767967572377,-0.016992484924776174,1.0290431886962623,2.832982854264623,0.8477412081353256,-2.6806802749587444,2.401576540357764,-0.15325067515576712,1.5930483401244921,2.218220787432099,-2.4868135422063253,0.5579282069087076,0.21443895454730943,-3.743067843625677,0.2553573775061727,5.2334029572822285,-3.9864269164277477,-0.30988170931385994,1.3206309672358874,1.7949072699201503,0.1364723162808037,-4.077745129273882,0.991320049306799,-2.0440163900092694,-3.6195854506721137,2.7695693748513577,2.393428990019804,0.15791112035341495,-1.9206148755719652,1.4933926187924262,-0.07211550110249629,0.8504361674954091,-2.609228568286827,2.318976403609469,1.3104432584872336,-0.14487787871346497,-2.6378222065444774,0.6230191329723946,-3.2116117399171595,-0.9607602617002919,-1.0414358724315391,-0.9639907287783147,3.5635264855640685,2.5825857626754924,5.860141572712226,-2.0867394489858953,-1.6638569558523981,-4.525554911742451,-1.0842452964348825,-1.38995494917286,2.303998470642124,-0.6322047123047159,1.1769966634490596,0.5675810022992629,2.942748989367034,-2.737410012665308,3.22121870254184,1.368423447811687,-3.5261863224958256,3.9085375582436845,1.1791358774612253,0.15786278153354283,-2.3579621703845484,-0.7288277978120484,4.975822892857606,0.006297238611259366,0.06479981991204753,-1.4518878385747782,-1.7360075104356687,0.5538967411057946,-1.0581828375605251,0.5936010823404739,-0.508170236463917,-0.1455276777509473,-1.4560088910045024,-0.07177248217896806,1.98353539477161,0.11050791608586008,-1.404804077608819,-0.7639346528306474,1.497077569523104,0.7882703591386334,-2.7004073211898296,1.4364361745112864,-2.624514584964394,1.0613681608263417,3.631747491996778,-0.6912970455431986,-1.7543220508878332,1.2231828465512755,-0.1380471685311878,-1.9399879562495241,1.4104280487778067,-2.4384618849285804,-0.5086977910836407,0.884734636151407,1.034719210085491,0.48614509381868876,-0.1524973253731196,-0.9436725506326362,-0.43970094631781775,-0.5136718948794436,-2.6457043396262914,-0.5147488740210903,-1.4328500554779269,1.125716726506556,-2.0570343728239324,-1.2241613918626117,0.5659309284390956,0.34480374349153575,1.3094915403609413,1.0505168812179841,1.1535071849673415,1.6304737064146355,0.7764413936630881,-0.08971225740171955,0.6652140896968595,0.8001193300826894,-0.5484359501361744,-3.8750133851260338,0.9511632218234305,4.430488060712187,-0.6365958793376124,0.464596203161597,-0.07351218297427234,1.340383602861415,2.4508692986616083,-2.2091376571873904,1.518358764340589,2.738167214168503,-0.24820505687187253,0.49982698344514365,1.6388269192772162,0.5967674274177237,-1.7124447112955412,1.7477906113844663,-1.162592934617196,0.5306020832016223,0.1564109306946522,-1.3156096718370835,3.322119418391385,0.53241239585092,-3.5206304325738924,-0.5999637638651669,-0.22539111589505748,3.652787796174771,-0.26123296583371836,-2.552768560871983,4.3004330960308605,0.06445215919080666,1.178092490467256,-0.9217864532859151,0.7872964013887752,2.1818145454642504,3.207035910591852,2.5340994979241485,1.8808889133547584,-0.390742569543518,-2.863514280350401,0.647493708900254,1.3712942536160146,-2.7896648753012743,-0.1323569974331804,2.7654953053230136,-2.3399385700051947,-1.1626947902300415,-1.9270112429693813,1.3561233260105539,-1.0234331993368948,3.5773707170897517,0.21076861313883313,-1.23795022651972,-2.6699424373048686,-1.739239064054872,1.4433673707806327,-2.537034312463037,2.5975441997080053,-1.457941411809631,5.443986507916553,4.86107183853642,-0.6866041345408512,-1.1017357941994805,1.9584416911949274,3.784818304233522,-4.417109335872085,-2.1424255613968937,-2.1855341130356556,0.28416089872968164,1.6714018377570787,1.98792210730955,-3.4497990080074885,-5.689229944835572,1.0623053450360138,-1.4802526084377485,-3.7713631588989114,-1.1642301108723643,0.31299253419612744,-0.7944973447716878,-0.059767349850275334,0.8381518935354326,-1.9683499520043382,-0.9662121194280646,-0.6530803434371113,0.46589016535805694,1.9419196355442359,-0.02129930025450126,-1.2134157352268997,0.6833522092240631,-4.60613788889586,-0.7002112123695851,3.5087201693701595,-1.766329136259465,-1.9488095202063247,-0.46843284844964356,2.1083363274313025,0.19674392508598934,-1.5086734167285787,-2.5732796388226107,1.1906912646902084,4.064678346005542,1.1474477850861886,-0.3891339786265289,0.8809516708104287,-0.22500357396376863,-3.2372900772712887,1.5594755513132568,1.9622366191906624,0.39153076126623854,-0.30588365307843224,1.462487942492303,0.6484587852267244,-1.6078926849213233,1.8559531204885975,-0.6944211179590589,-0.06777201952884601,-0.6456348440524092,-3.5435667887918005,0.2571533403588804,-3.3991099271392486,-1.0679093047992787,-2.838079309391502,1.2588877451818983,-0.7516640080879748,-0.6249162004894845,-1.7053318657230838,-1.4953550703484748,1.4684280556661176,-0.8583848016408707,0.5845071197710948,-2.2282787885333653,0.3628254612173155,1.2169545337650656,1.4905896571651556,-0.8542671303752064,-0.7640647742572061,0.28086935947043834,-0.7662435400265072,-0.34395986753547714,-0.7985149925980537,1.4659777871185848,-1.0473101409592331,-1.2065521847507823,-3.699664160175245,-2.4559129130459008,-1.6611778101222963,1.1136814793838243,-2.25113790661337,1.9142480094332912,0.6089821714605977,-3.882544248586027,0.6389254391278785,0.8687171413966113,-2.157022500018025,0.1840782289581092,-2.1973222203317624,0.3944324948452473,-2.7986075914858835,-2.0991868795805577,-1.7023797028277317,-1.1107816850971381,-0.49550262549508417,-1.5453168442528955,-0.3207275356524608,-0.37648652565486007,0.052837255948587264,1.6560442681977559,-2.8101091420450826,3.296773892447185,-1.8886794458541611,1.8965853893872977;2.5758414361735253,1.2228077019541093,0.09576336726050473,0.19800783426200494,2.0222786584957304,-2.994706667871415,-2.968515879347696,-0.6192697466835748,4.097180761347479,-1.1263549922141025,-0.4460350300208207,1.8165445222427647,-2.7990086832659866,-2.4801985115097724,2.1202468745323353,-3.1027280090994536;0.5579680588526971,4.118596243722701,2.4381481108115386,-0.14771705341374616,-1.418102530390053,-3.2166426905270358,-1.5985815931606477,0.1668680286736909,1.8225897869250893,-0.8963617195151261,-1.1126860212763439,-1.6680521247694395,-2.1149452790028107,1.220883339640535,1.6716666063107304,-2.587828008263052,4.912116778788228,-1.1411716065650797,-0.0936815890966672,-0.003841525728468048,0.5892388777400754,3.2469666367738435,0.817889982904485,2.3926046902953924,2.179346452733605,1.3413046341454073,2.966138185528883,-0.8575948260363385,-2.893411259102244,-3.099086812986791,1.7670215910002123,0.5541503345457991,-0.2055006991884613,-0.5541113302744112,-3.900055336490782,2.9870314114267753,-0.659304686591979,-1.7525419874512131,-1.3117660051625786,-2.745054332693654,-0.4587796459926337,-2.135600395949561,-3.9944613532089535,-4.598079511438132,0.4947366223683575,-1.9812286533809187,-0.23778646272157092,0.5362612269962782,-2.4135887746994507,-5.742430040468296,0.6577327799168541,3.6385287770403254,1.6392435486966195,0.63301378467714,-3.4019029799263345,0.8556504720695275,-0.10540394851247459,0.8490268747705851,2.617606894552198,-2.6576884187403813,1.644470399941333,-2.4359058877346196,6.644656059454413,0.63493688907939,-5.0831179700807745,2.0336338284560207,-2.831954802298265,-1.4307927115213173,-0.5078352893239444,-1.70907026612179,-2.7783082536748402,-2.6622589168406066,-2.0045040040959647,2.600907734853239,4.146943590176381,2.66595237680511,3.2522907033592694,4.392526510567824,-2.836900287955994,-0.50507395160742,2.886888600198309,3.073181185163944,-1.299948458366163,0.7292770810338327,-3.7104742290009147,2.4208289715517126,2.571566297596327,0.4512970578221033,3.5383275756567554,-0.5712074821951515,2.146442864493233,0.9176183392368363,2.7484759814007034,-2.8444215846354584,-2.4671080004631216,-4.0937502925773614,-1.1612267462976829,4.818125506765988,2.27237860040832,-0.038711366700163855,2.8896736007475385,0.9393604622203653,0.4876662956447684,3.078270078806885,-0.2571238107900891,3.8386233047628937,-0.3172494945140493,-7.70436674980044,7.3571623076893236,1.0356436682859533,4.298092766892101,0.47436209510544297,1.5133078622231266,1.364096466366532,3.443469116395839,-1.7466330486777863,-3.4255463072192724,2.733153230225101,0.09066274639548137,2.26339671397644,0.8252040095538086,-3.1714819227346913,-0.47362604567269356,-2.2605286706722616,3.7667022313676877,0.3642760117263554,-0.8016887154733726,-1.7202099143952425,-3.3161568947247884,2.038010517839435,0.21845318020737722,2.3198369377044594,3.194201100431527,1.9629230998252047,3.834584850079998,-2.965543938983846,2.67263178370092,4.247707612605981,6.299221554734137,-4.0126584629189415,3.0665389081933725,-1.2498400861572831,-0.26714629633437986,2.5283515604864433,1.88315708585946,1.648631295573112,0.9273811405620143,0.41430083493776215,-2.479755395398393,1.1303554784147132,-3.9813018239505116,1.2989882780435815,-4.411867643070478,-1.0576421081106078,2.7668773357726795,-2.9417906348329335,-0.9787822880838203,1.6667291869389191,-2.3474299126538853,2.375080053589775;-3.404526424146006,1.4460128202449454,-6.8648445725389635,-1.6823636955530987,-1.7744664975101718,0.04003022907180839,1.9207856615477206,-2.6030076406968563,-1.1927212126956996,1.3646712010594522"
8,2.6188628320439036,"0.11136293424225718,-3.1685330761343833,0.31748762783247864,-1.605630252088848,2.3596548154633266,0.6674623565069041,0.24121461549573298,0.4516314689256787,-0.13784446808777076,0.6668474148517214,0.32135919994947193,-1.9068088039392128,0.9896825106109235,2.078269774290169,-1.6472646451920547,0.36328203015470717,0.4284634840595163,-2.318193810104182,1.3602089643066697,3.8034182377809906,1.2768458272402754,-2.097606884354847,0.6520689969650504,2.531303637027925,-0.5341925370706067,2.754760440653428,3.8389084071412185,1.8568595152380536,0.8806219472428518,1.8266335184175069,0.8209931354182187,-2.1164952266220505,-1.1875643794613704,3.843042826549402,-3.0105544979157925,3.262523111455658,2.1917682685297755,-0.32762624803241375,1.3678159529858838,-3.415761352906937,0.35572678741170655,2.0909064615114743,0.16403493396764074,-0.309648086408276,4.492527828342336,-1.286060068499648,-0.21115854364399905,1.9808583934779784,4.190489566636244,1.59945907560971,1.3722523530067376,2.0789521894833856,-0.18230302491469846,-1.21524600527112,3.445674395647001,1.879498931088392,1.3161538535575703,-2.003067812021254,3.0414489726084715,-1.3097919818462067,0.4922104529944057,-0.09114505162375625,3.0808494400666993,1.6826441609712695,1.2032275214663823,1.8974634569377702,0.8098893436225183,0.9445393367971506,-5.089750426872435,1.0463495588901894,-0.47917866343589965,-2.5518770400157034,1.262546911105366,-1.243838016543404,3.6842407277983806,3.1411889078871758,-0.7350622922131775,1.284310388340439,0.1710236577589746,0.531242140416146,0.9379825139782562,-1.0053892477014543,-2.5305632432137637,2.1103904217810467,1.3352538756295003,-2.257256009066832,0.47905626326332273,-1.929436321292654,1.7341921048289812,1.150443905563936,0.2598325277375591,0.6123305036480041,-0.9423351365282524,0.2645566140552498,0.916007554138526,-1.9643207051951936,-0.7358409635653728,-1.6546841228452498,-0.5784626717153473,0.1186538513293002,-0.7295480116553128,0.7474017737079086,-0.3713624476213204,0.7521971782241833,1.9962110955532149,-1.6699642005231619,-2.0617318922479155,-2.047438566183427,-1.0791917671513316,-0.8206458447655769,-0.676504399639081,-1.6383404300975788,0.6891784861462358,-0.08804205083054928,1.0437230139349238,-0.19199495526594673,-0.200999437417051,-1.9054937176366589,-1.1030889436775244,-1.711975817865397,1.3521343637886312,-1.984215640837531,-1.0378231508747444,-0.28485067002258013,0.20868121643197507,3.345100914073226,1.1707941982073715,-1.810911081397681,-0.7511558488536089,-2.8720757561502377,-0.18221162702973187,-1.3975848296961884,3.920434785554648,-1.8318223857655929,-0.025077700901660616,-1.8796692254456178,3.4507100700908224,0.07083503992549373,2.976290347973723,1.407458811927723,0.5804225338644564,-1.2755581911864393,1.3729371518639844,-2.6769727503786926,0.15052884150031196,1.4388007495274837,1.759319778148166,-2.346602055720732,-1.2267096567141649,1.7568447447883162,1.3483514641442411,1.1308729347895226,1.8155708195751767,-0.1750125923563145,-2.710240046710131,0.31243666184856544,2.629423262929714,0.1858917580489775,0.5939370908653581,-0.6685517938568677,3.6504803261960124,2.5449953352317616,2.8432281546440823,0.8800251806086288,-0.5006255895276858,-3.200449926820133,2.8416587285773893,-1.927853166772479,1.2235830375833296,-0.8379086821905586,-1.0155177796508188,-0.26851156265429055,-1.0366563480645927,-0.7543068172813865,-1.985038509345236,0.2823311466640751,-1.854072766246833,-0.11636248449237861,1.9750304429292018,-1.120606083061715,-2.6710430651323738,0.48559290042693876,3.050953936964186,-1.1325247842807316,-0.1575828696963293,0.44252425687275904,-1.4594264192547175,1.0583668918110498,0.7273456321634106,-0.2479490173248753,-2.182864101390883,-2.125685140571052,1.1406937492721185,2.8930750398409995,-2.266366201024705,0.3316137748066112,-2.9407011989008054,-2.5865286234336597,0.7598080034797458,-1.5324682553069884,-2.122249566537805,-3.069970092665551,0.18400246533066578,0.8185983496556528,-2.5816366653398344,-3.9764432386660293,-1.382776775456485,0.3524388745878484,-4.551297865120362,-2.0927965663288877,-0.48953441688949295,1.9043669288498812,-1.0998209347928998,-0.07740156742803139,-0.6195872597973783,-4.626988629063451,1.4104277520256074,1.2277260446606584,1.4512313255188933,6.629996615220447,-3.461771752079391,3.6476753284673085,-0.1107846217029772,1.9329986940157187,-0.4926707364098286,-0.8226980039650117,0.19943172237463724,0.6789598909680246,-3.5207917933164334,0.5734270160279376,-2.0397665531205122,-2.379738618196255,-1.2079870174785756,2.3664735166842688,-1.0821091821469013,1.5946714041389667,-0.9911028401535161,0.3209366958030818,1.1245911564369915,3.4483768506056593,0.24046424976322966,0.5627582387163237,-0.6562912940794914,3.3476244424945087,-1.4434938809575553,1.5392711601713605,-0.14413470957182967,0.16200063544326304,-0.31513019202330406,0.27574468261174506,0.13138583772978496,-0.6175191956664782,1.0729371930110985,-0.07038418226706133,3.108214086410588,-0.0702101992903128,-3.317009621446044,1.4029277436616858,1.1590643956696625,1.8394293344001322,-1.1927519132513054,-0.7780483970378895,-1.160936973404458,1.8706241122364324,1.6896241988263614,-0.2931500772513454,0.014147829684614033,-0.16256764769786786,0.7777809605288102,-0.26922284739219215,0.21100101634985907,-4.867790151144999,-1.9556056841351317,-3.2593373820944285,2.5287935919464624,0.4783708097722722,1.1703018087223511,3.7953183304829565,-1.0474706026335519,2.2065281415971865,1.3344382741062155,-0.388082352064071,1.6870412610331595,-2.442655736577037,-3.2142752046189815,0.08794865665905119,0.07946637519462425,-1.7912146322855056,1.1863269533942642,0.7720283688200626,2.51552946480864,-1.3553397263529119,-3.085698014384302,0.9082293833725777,-3.1386998209914507,-0.37119325465530556,-3.561457084326473,2.3464777426960834,0.9561178300606119,0.051164340307756885,3.2753664073678954,-2.368567068950695,1.1043638356551044,1.0645407118788333,-0.15441239240545102,2.310548885064491,-0.5666622496387287,1.3228717775830974,-3.0253646029366466,-0.6158833237737846,0.27890631395146503,1.75315216922888,-1.7407404503940693,4.750070782908115,1.64427581170235,0.3762555365449085,0.9373020803543552,-1.2552347396235035,-3.2718208769553514,0.5635271901398373,0.37882709429467665,-3.599629006013078,2.130872798730757,-1.1740129335184881,-3.719556455559577,-2.057877526430662,-0.8575656677488092,3.21407219259583,0.8020856803238164,-2.4721400145281187,1.6219225608530865,-1.959250271879133,2.076570827512263,0.23940674589828187,-1.5265774332358713,2.2021791918506133,-0.4644992120888706,-2.165849764910762,-0.6332272176807958,3.590603143734843,-1.9579453238619466,-4.3363160203018145,-1.7738262061453014,0.8574701865542951,1.9833617638628438,-0.3682456920761104,-0.4172029102673542,2.624508041063349,-2.8701005445378387,-0.30692240230603995,0.22187215606574962,0.4812458488077203,-0.7809425653916343,1.3117168039570453,-4.478751680298196,-1.3819317324270708,1.2880636663223297,-1.9419748173763356,-0.3792675629679717,1.51704915962165,-1.164568797151356,-0.5055393430091395,-1.749001534895104,-0.0746181462894281,0.7176253430034678,1.1211991175169895,-1.2336416307197633,1.4431932249087378,1.5546692396330206,-3.5055832738215265,2.2493275538158612,-0.8031264178277109,0.90218794272068,2.3259635167448516,-2.6364040852421984,-0.36382342752412883,-1.0840399424130043,-1.3745087743910098,2.1750204405740905,-0.939177968678496,-1.0397776366863394,0.585011749444421,-0.5574811333634213,-0.46838784883173623,0.7074032842931759,-1.3251633172097022,-0.31915411443980707,-1.3908371130822124,-3.3575941503851783,1.690003130853515,3.3964923772004108,1.3616927219799075,1.9330604689010866,0.1408383371039359,-2.3364823200333507,2.937225882960364,1.3100941450280728,2.3145036167668294,-1.5676850573779375,2.8557739316460755,1.4641187100500759,2.534141408711148,0.5675243911379118,0.056585464333215874,1.8209627831038242,0.760458403029888,-3.1102969116679016,-2.243931873748636,0.058617181169871746,0.2935510204603866,0.31768429007480387,3.7307093150346273,-3.796054248704132,0.22419578689481048,-3.854811783836338,0.9318664323719584,-0.5552086375541234,2.1901450963627784,-2.9515250454781166,2.5642725481501967,1.2141304033153997,1.308635744413375,0.23510307959619492,1.7431921756561246,-1.752580133652063,0.5361066613961479,2.9090427925058764,0.8045133730468521,0.013869831024680174,1.5885559599516155,-1.9155474043636087,0.7342707562837489,0.9928472181211236,-3.1176203780511034,-2.792714034507762,-1.485002167724182,-0.35366302153814594,-2.1052873638860303,2.0529980533263177,1.8718162611258422,-0.8161554484473612,-1.5950337016739355,2.1483944589861608,2.8374278369601207,-2.754023755379833,-0.868940101432095,0.4466052607759079,-0.3628161423430374,-0.29986439139774856,1.4140918974367704,-2.5895326358206403,1.222944374016767,-0.9420960857895898,-0.8113180975015393,1.379213791489948,0.6901514554386506,-4.470445464758356,2.9351971861099475,-0.6052347856096223,0.06700605072018456,1.0739043232573278,-1.2539360783548479,3.3427179706156576,-1.0167810474053558,1.7138664612492072,-4.035824898394637,-0.41330787000671027,-1.7003217169582558,1.0692417575020787,1.0696390808185572,-1.028177902956336,-0.688940447179036,0.5401216530593325,-0.8625335793164036,1.51601676886128,-0.19073515785038453,-5.427287238751047,-1.9164778264222992,-3.687239588478469,-3.3749592304141567,-1.4019042469184975,-0.31317789655027595,2.696309841528768,0.6926189843132691,0.25853696284185235,0.15654489384650266,0.21440793225324384,-0.15217850108733394,-3.1984563706627442,-1.9555203693085281,0.2018437400262405,1.022613019908798,-0.40788825246371085,0.11940930774374608,-3.596463195311038,1.4844206583520938,-1.344875788034152,1.7178363674529638,-1.9140882504484455,-0.2645800967121297,-3.2148903394826314,-1.0623093104900845,2.97482341134743,0.953918976895187,2.988250766034716,1.3959067285648243,-1.4076704842790078,-0.2254814349510437,-1.7174195632565021,1.5675755485749174,-1.542983897257521,2.7742349768555967,1.6324838000599513,4.5263183262627225,-0.40721052745581765,1.6735734448999229,4.400266839852847,-0.781370060238992,-1.6033525560069073,-3.744262245611319,1.57216028791207,-2.68678743440399,-1.1105737273985983,1.4518390154077883,1.8977473741931543,0.46519027621624565,2.042032217057141,1.1854848605342112,0.24269266847924068,-1.08637232471718,-2.44753902724836,2.9432153370217864,2.0261074308520444,-0.08862376835086766,2.5688877257788008,-1.1094757977667986,5.02118016840824,3.4592118745696685,0.7575115973398234,2.6495287549324713,-2.826522993103604,0.06047820844949836,-1.3574567627420764,0.6140521631206732,-0.28317000846502866,0.603098632264962,2.06062989985412,0.6673021201190161,0.12600750944853556,0.34600959449634583,-1.5899201663515226,1.533038062733336,1.6705271926378644,0.11883363322145382,-0.9386882053648288,-1.4692325110051088,-2.655014201249193,3.7798425328647354,-2.5803448422630466,1.2479416818567648,1.0041411903556612,-3.217905911423045,0.3154373387255463,2.051213800701079,-0.5251277130890617,6.133711985369431,-2.443357531491663,2.9649773497194176,-0.8997537019864107,0.7334075011876258,-0.25316942505983686,-1.8720017556128257,1.97021553709603,-1.7371477181866866,0.5374476770204022,1.4880220721702804,-0.493528138257617,1.0170132761715687,1.4610453629430582,0.10988825866962552,-1.6212560079016967,0.18047563713738313,-0.09876679965181417,1.5676472761003422,-1.7284830001133193,1.0858868967091075,-1.2299662618462142,0.5824491614315057,0.6324490995809013,2.953653917426419,-1.025285197636876,1.1566623421528126,-0.7030664720956469,0.6409741951970741,-0.6578213864732455,-1.9497807622676586,3.5479833154083145,1.8501727184322618,-1.4090480797416784,2.294123816553709,2.7249269604574096,0.16724063101292558,-0.3652839638581574,-0.2028243919025192,-1.4341258444374891,-1.1455110572822242,-2.745280149421414,0.6244499006648341,-1.2441312988402573,0.5733404711227004,-0.3489757940037169,0.5208587468010505,-2.6493868690968654,0.33781693802910107,0.5370758418333338,-5.01873624694064,1.5955299647380794,1.082664683570924,-3.559202490010305,-0.6156906266982152,3.1354590019920474,-0.3161791339039311,-2.969466914970488,2.0192841344632595,-0.7801467808690088,-1.6108661208488555,0.8748367617327033,-2.0177533076876557,2.334886287370701,0.43010543935057,0.2114677327365318,0.2220388940416368,2.3035494354220587,-0.6385711940503023,-0.8844639612178282,1.3948323015592066,2.8302964660455157,-1.6670588071410455,0.08815943665923798,1.4079038862246356,0.15369986050810824,-2.49962318256605,0.9215761038345531,3.7414024619752975,-0.5378525401734684,-0.35571343318571624,-1.4742383037159328,1.4823312519604892,2.8993923296484314,1.031910067333987,-0.3489862840839861,-0.9492980014333448,-1.345992802866602,1.667486484080483,1.2252984981774555,-1.3064035275062695,2.155963439969168,1.9821793753028163,2.35728045172113,-2.903373511078269,-2.193457861031191,-1.0028010265174114,0.3368730973485344,3.6142060429378158,-0.2641536632229298,-0.7433377282172807,-2.2840636527652096,0.9925312701163378,-0.6682121691937789,1.6220180988656643,-2.174184945760901,3.952735351182888,0.7743139615490136,-0.4147130464650672,-1.3488214627281507,0.2343720535296439,2.5510780362831103,-0.23107525518840608,-0.3752167861952993,-1.2475818471445432,-0.22223573500765076,-3.073423082866295,1.8914378010475483,-1.6398184315066904,-1.4969382882474649,-2.707097114378162,-4.612706046795463,-2.5981042201434006,-1.3900973063807531,2.8124276150341307,-2.068964320845016,-0.14744112394345857,1.3538697013461527,-0.08549948218232348,-0.1594752499258602,-2.6477826596203924,3.559336836276908,5.08273929005985,-3.8978669180367027,-2.5212946365686886,-0.14177997726112646,-3.2315025500262964,0.7316095644972551,-1.7293469313271563,3.9815281736685835,1.3187788871286523,-1.1728731100085754,1.1036668818602815,2.6023340065361817,-2.1361884681141503,-1.3117947338950775,-1.2682374146544213,1.8710363891426784,-0.07601805058457965,-2.3227134466111794,-2.670619035312468,-1.191446691212856,-0.2438926683332025,3.038946090136665,-1.123703502552953,0.64734050425314,2.949054109984435,3.6309625312948737,-0.5740400970322742,1.536457471809699,1.6515923484730917,1.186895147140743,-1.2796869500849246,-0.945143973123782,-4.178401840514781,0.900186779593755,0.8649476870580308,-0.024422720873483128,4.701187953621254,-1.1852843163432456,0.1266525039891787,2.8644093133746793,-1.793588334085418,-1.7961989737188626,-0.1265036928132257,2.1630461808649617,1.2955065058641073,-2.0021437187900624,-1.0598618672862639,-1.0468814519362022,-0.8081472745242044,0.339442334521277,0.9644227470596582,-2.4791560062631786,2.087132872461743,1.178872527821844,3.0033090092601817,1.787990295414939,0.855349439700301,0.08029543607113843,1.2291765107709078,0.7084084115324221,0.21137531070038734,3.6831069600279265,1.5975896894536272,0.32250111662810177,-1.3714238986468226,-2.805582836601454,0.7414257222909211,-0.9658281096319226,0.2561972338469871,-0.48479338702790636,2.774776171196551,1.1721636746800534,-2.366754256928355,-0.08098670739029924,-1.027160075135671,-1.9593947259164743,-0.5794677324763242,-1.8819521620954929,-2.743577778017021,0.8718246634812712,-0.12985922129594504,-5.129719593628007,3.1137623859028967,-0.4344883357156877,-0.1907913913398159,1.387763721532905,-1.2831529300815645,1.9621714479516448,2.8975630486145723,0.07343233581430891,1.1541928298787485,0.03311830069616817,-1.1205490060287897,-0.5554381619198928,-0.01884799715317219,-1.0214564735710496,0.28834601714947466,0.5066986138846222,-0.04458190762189199,0.7863949669399166,-2.4512235691798234,-2.3465287863961173,-1.0835707748422052,1.2903812238952,-3.315613434228719,1.5594843338577904,2.2494851280548933,-0.10486891688070393,-3.5594423786398375,-0.7996816857016205,1.4645961768016975,-2.698749596689101,-1.358897578450241,3.247624926886009,1.578943391470279,-3.1914544126195667,-1.7482420828697034,-1.5873189625834097,0.5477037423773924,0.32863609981779285,-1.694469214299972,1.2749279113390326,2.6653257313946943,2.1778274253202925,0.23633444059704456,-1.8428019130495814,-0.17149569390098335,2.5190185930548497,-0.46552788661292993,-1.0147200785206276,-0.6226726091332114,-1.4219124570469899,-2.5368610975471126,1.9598321179470277,-0.6546179602438739,1.6325232564781147,-0.20132235415260755,1.6883489431365848,-2.1622848651116104,1.898156299031735,-2.494671188684452,-0.83201159345988,1.745595222175591,-0.2081342281623996,-0.17157377995871403,4.156379886170483,-3.8832373796425665,1.6186350044630125,-3.4800046534329443,-2.3729235697112356,2.7380061706008,-0.89263849898106,-1.1765365953173803,-1.6974716028034997,2.772425841636655,-2.7866998221392354,-3.100077574471028,2.917845378831668,2.7003551895077402,0.2584273185796041,-2.047062772988309,3.2426565639514036,2.2487427165587497,1.0814157691429667,0.07806901631893343,0.6644603514196694,0.044335790601937375,1.0041298384118778,2.797832880311627,1.0704482574177638,-2.5896092530586654,1.9531698940917113,-0.0787144220764377,1.2557644157505647,1.6953163911408367,-2.1979670359381402,0.596593781562441,0.30789764697544286,-3.6216783741679697,0.11754838591208358,4.696941513993667,-3.5052656117370535,-0.2768340056312789,1.0947745743659905,1.8329306473865756,0.03902099732374764,-3.522843186905844,0.8491978687460514,-1.9898595582924277,-3.543494690675023,2.4338967796305866,2.0971001019588487,0.09672334755187478,-1.5449939518962925,1.3832052477751278,0.0722824109941437,0.975250127004445,-2.164056735963791,1.9577370725112664,1.239544594010035,-0.1186182534604901,-2.2688787314909353,0.6356633249909144,-3.24870036255773,-0.8793971360026136,-1.0516054256431207,-0.7028643527871141,3.3072984637019482,2.4778117126332058,5.08720143440851,-2.0261559125830715,-1.407270668291949,-4.006065223068659,-1.0162674017082327,-1.4234464692913644,2.2681523885525023,-0.7186966749421855,1.2041524385755724,0.35856076074103294,2.6165217114503543,-2.672447212505988,2.8728033129267843,1.2363786464306106,-3.0105404231470274,3.0693100921861274,0.9812759528240662,0.01884333341758182,-2.022876250842347,-0.8476464794385965,4.64373424527065,0.18084908599232902,0.04113314295290624,-1.317938598153087,-1.7965005270453993,0.4698539200248417,-1.1549562206776338,0.388610460755566,0.07990786614824918,-0.08959881377805863,-1.2842065169238346,0.1316409904318706,1.5850716485451986,0.08487078287497016,-1.283543672432415,-0.8439681503239229,1.750611731028612,0.8161973740261521,-2.1111353372193706,1.3442470756661633,-2.624120922061662,0.9055511445471645,3.5423731546317443,-0.7787337152923502,-1.9839969708251288,0.9998166849902245,-0.21633345467321372,-1.8386395607237085,1.496744826424872,-2.292754853492958,-0.6810963312310043,1.1193695409771185,0.8285004092236657,0.1461327502502771,0.11713997336506238,-0.816707978329637,-0.5459309508563877,-0.3599391700594027,-2.4389542611954957,-0.4197959090777589,-1.3165261319652024,0.6536565464984292,-1.914934334999952,-1.326885979703688,0.7356269114912729,0.15476968359348003,1.2106271062349514,1.0388823846629434,1.201077066845983,1.4235389941660532,0.3962042829264956,-0.323324223890482,0.38017053711907756,0.9116674554242146,-0.2857316244839331,-3.777283314554239,0.8591153028599531,3.9982723538009486,-0.7918220435371169,0.1922323578084908,-0.02609550155656777,0.7120276428028887,2.2772938212559577,-2.1416813126328664,1.4667882743647798,2.2597664010938203,-0.2614901436710406,0.6541144630300229,1.7252654175792055,0.596558053992593,-1.519730260478937,1.75437265432013,-1.3769734103873417,0.567554357635125,0.3851101821622374,-1.271682578025379,3.4139002570889314,0.4257002679585804,-3.309093661068687,-0.16876043533891028,0.26542307826123557,3.249743107060425,-0.15592825876614055,-2.2967303236271777,4.181597346480934,-0.12586814651270983,0.9430408770914813,-0.9087053194505526,0.6902815801339137,2.230474260881048,3.157769135945708,2.3248235269481983,1.6509502426317146,-0.46339996481972867,-2.551012585518702,0.2477664980970104,1.299152442225138,-2.414210447304395,0.22840073144686046,2.613486920378949,-2.3001463078296225,-0.9817697314101212,-1.9150593193209906,1.2129906511396085,-0.8851615789038538,3.369220266401642,0.21794181695892667,-1.169818320355302,-2.255330739402651,-1.6565370200061638,0.9464568286086351,-2.8070937660378754,2.6341455729341234,-1.1891630347950404,5.499205804642951,4.538317572466045,-0.513633869189349,-1.0268341000869357,1.7899809861301141,3.3943502622083317,-3.705310895805443,-1.840565359402594,-1.917231185996112,0.544885365430636,1.593765798162559,1.7425852801473887,-3.1909777295021056,-5.200632645276351,1.0988716383387571,-1.5138867266126674,-3.2359504215229373,-0.8985490751956415,0.4483121901219381,-0.48204747355203037,0.11420434102561405,0.6341704601291762,-1.6196661414797457,-1.058543228406109,-0.4892958279617331,0.29187470542570076,1.4479667787081945,0.33600609684148897,-1.2017042473607784,0.47048386169261297,-4.204287594170813,-0.4590711166714672,3.0877810429982664,-1.7369573480487497,-1.4008038823978588,-0.5256816962487091,2.0943530517802067,-0.0819097980300505,-1.1898268169266792,-1.9787925393196453,1.3035916590624215,3.8802698904167903,0.9299954499513676,-0.21767904609984057,1.0714323388189038,-0.06981930828963598,-2.729575582505638,1.2331235445728614,1.874309930704641,0.2224768070381033,-0.3045435724931863,1.4536502924841779,0.566157292420656,-0.9667874871848526,1.843759658862411,-0.5931227797440548,0.11316904351362944,-0.8088631350213653,-3.2044846837046403,0.3080947107440402,-2.961892103189508,-1.1323041312806534,-2.630646930475158,1.0854291975432349,-0.46097888701689704,-0.5690872344592848,-1.6630955867897728,-1.5130452670602526,1.3557676510982029,-0.8541594576315091,0.4605292480376766,-2.155404886518389,0.40566044866297013,1.1674922165424724,1.4289443593313298,-0.7764759653128457,-0.5849398043750581,0.48177410287065875,-0.4205882625569535,-0.5382354126166249,-0.6268669284880517,1.5456229617161916,-0.776547123450972,-1.3264784849977633,-3.414280451914006,-2.173836434906785,-1.6357957898383746,0.7804734456482969,-2.160462026748308,1.9718305993796008,0.6987294654123974,-3.3995423865445993,0.4939470281156563,0.552211335224153,-1.8012802640864778,0.5817140472191824,-2.019933661533642,0.1236143467239319,-2.5192748926607336,-2.0874105012092024,-1.6155585031638737,-0.9257857538405709,-0.25929107554062064,-1.5864538131086676,-0.45928327119710494,-0.5163526209353795,0.1290082039818682,1.4166889907184692,-2.6190818199703183,3.037698851045746,-1.8445335932805411,1.774465352300993;1.8828709807101316,1.0770975731535772,-0.32483192463771904,-0.5027139998016441,1.3026182738776453,-2.974726067682285,-2.1359973505221257,-0.5781536088069826,3.789504658956223,-0.8290904525138947,-0.30392548330112795,0.745810244765658,-1.9480570346441821,-2.460297064380891,0.21375707053112336,-2.3187686082287122;0.394076783610136,3.149741638837451,2.274418347021131,-0.2561982971925215,-1.316358138137943,-2.6625989166655435,-1.2824910125884417,0.06878501910891902,1.5967777780040207,-0.6784281595211684,-1.1065400049440963,-1.1762558727126378,-1.6929259813537016,1.1812393639204755,1.5039437874457147,-2.105688969413766,3.7599254641607467,-1.0447703984003653,-0.1411586094830013,0.09776636184891635,0.23811224364618844,2.3673683724497825,0.6182254724592631,1.946756675345376,1.6903043151040327,1.1860811788837582,1.8587344902922254,-0.3959721700834141,-2.116209364613199,-2.7415182692892164,1.1459338163606083,0.5404393675255252,0.04920648871990024,-0.11486393070095124,-3.169881027181797,2.0332561218494973,-0.6555497439189714,-1.359722759447066,-1.2102379812157873,-2.2809386471678423,-0.545536790690896,-1.500741423096498,-3.490417064619387,-3.5497626222547574,0.4082596695813128,-1.3844737477928377,-0.007787194072446879,0.5500514741729585,-1.8782903687642478,-4.545734229856193,0.4617599540869954,3.053946167604467,1.2345686338281372,0.7265432594534185,-2.2760581267843367,0.6615079675178356,-0.19365721499389305,0.6459391231945955,2.1127289750703886,-1.9356017963357544,1.4536997187530378,-1.6285376191347898,5.085654442964589,0.3965308158925358,-3.729829758843636,1.5213737325598133,-2.4842995223915874,-0.7654798124465587,-0.10956115522671478,-1.3898387792464628,-2.1605249030627984,-1.9007253332907919,-1.4653271123260576,2.162709863984571,3.214908059631577,1.8563837465280202,2.647202234304719,3.2206990521874608,-2.1793955464996735,-0.5695337364624403,2.2850677884172623,1.9386636110708866,-1.0507071523636977,0.6351524779821266,-3.0936191382656526,1.957536926787763,2.105428026440606,0.45268618864616755,2.9432313899263765,-0.12532545717901922,1.5413479080974781,0.6232262047167099,2.1112430363279655,-2.328014113246694,-1.8776322732952573,-3.228570155664547,-0.6310065718968194,3.6097200519724053,1.578369446788865,-0.26168056607459145,2.1202984275005665,0.8193438564011951,0.3696842036012537,2.476342150432837,-0.3265448896981069,2.6667028014991,-0.1736714102700925,-5.712962639250466,5.859703702313512,0.7612190480608917,2.943886421346465,0.29982122208931095,1.3004152858240554,1.0570335425039628,2.64041058684571,-1.165518994074357,-2.5747855807902202,2.4315349139510833,-0.10109276341964146,1.8514292912064585,0.512762065469075,-2.622913112705165,-0.2940428756181566,-1.8948289438548398,3.1295079213904278,0.6617159916994885,-0.6582381860862871,-1.471213623938731,-2.260095474829029,1.3433799867117853,0.2569393749236264,1.778606049873828,2.540959877726176,1.678456372537326,3.0632129388491878,-2.358699095684527,2.1873677227362527,3.4295406613561825,5.105161197285488,-3.168331748072109,2.3729806589918168,-0.9420348776646481,-0.1536240828226903,1.8512122728642377,1.8212229695656166,1.182587483261568,0.5832389298322946,0.23752971470316242,-2.213050366968688,1.0806663949367945,-3.294533413742922,1.1153417335083664,-3.576448653847545,-0.7315620910069298,2.1608600203899613,-2.0124253771498983,-0.927526845100214,1.3529722657582044,-1.7022462522275577,1.6868503015088796;-3.766767445509944,1.4865132738657105,-8.825241164551661,-1.9036258683079186,-1.8502130820297185,0.6984327977832889,1.835079181938046,-2.6836741696402684,-0.38764090583538485,1.8521800279419336"
9,2.1701384988961783,"0.05029065785491639,-3.276159685299266,0.33054750782180303,-1.7834432235072852,2.4518129553210204,0.8351539274018169,0.10223550608140888,0.29729976739633257,-0.11609588320208845,0.8013126092972466,0.20614324270381984,-2.034012617813478,1.2036020888070178,2.3097239945918515,-1.624548201005553,0.5294619166291198,0.4970009547490457,-2.533727138576962,1.3002210681256623,4.1146982985722,1.1389204537836248,-2.3533226769681783,0.5732897561967814,2.758295727479223,-0.30765907632782385,2.8045278071903423,4.091801391550384,1.9555861266957928,0.7863755539551817,1.8332406649014792,0.8073196165812502,-2.4059306048820654,-1.281232318667423,4.416127302391378,-3.2057283556985445,3.3204232865092016,2.4199731620081204,-0.3229335556358704,1.5579321277045146,-3.77062106436149,0.18466120732113098,2.368310315116814,0.15413782645719606,-0.2555184027168413,4.862201249650177,-1.3956150783068426,-0.30378766762168197,2.063968426475832,4.206022342944526,1.9002881005007293,1.6206602922563367,2.241810064427706,-0.03508859563901133,-1.2040140707144964,3.760061455061066,2.0882356032896428,1.5004246681088271,-2.138736392816334,3.2192163221585153,-1.4583463698198114,0.4819791008143169,-0.022604117992249467,3.2933965866813817,1.8347611041343823,1.4615135233827317,2.169218062175272,0.8543159872119994,0.8748821297098266,-5.672062530736845,1.144664097479324,-0.5855353811378694,-2.765376971322656,1.3607815577722993,-1.4947748619622219,4.246546009793329,3.3562924045477063,-1.0198174215516629,1.3421419714692921,0.01547477824316077,0.6841515032187878,1.0642888340829448,-1.0782061460866321,-2.5125949956158107,2.394184565873701,1.53620325492943,-2.463555156047187,0.374325385310995,-2.1649588771441524,1.8468522628187434,1.1717190340096877,0.13717306152305433,0.5970892839032184,-0.9576890673740776,0.33912528088290206,0.9242457187018672,-1.983859182984129,-0.8805615027400089,-1.695172736745571,-0.5366768335694305,0.12901147369462296,-0.664499585165306,0.84989890920007,-0.4189218120027846,0.9570809091470025,2.142657563049976,-1.9707304883203949,-2.4121955058843905,-2.3576128303814734,-1.152413244857624,-0.947941350680334,-0.5030310767593523,-1.6812803249993074,0.9078819114078182,-0.27108399824116763,1.212475373648114,-0.10990404360165282,-0.11978234825011991,-2.1112343287516384,-1.11857643568275,-1.710591754827341,1.4094225289448001,-1.9448514542389996,-1.086755156823184,-0.06781982615108821,0.31992922037953064,3.4475457556930578,1.4278330037274722,-1.7315065622347732,-0.700448518334765,-2.971872879766424,-0.36028657570194395,-1.6421720468651941,4.276474247580821,-2.0217353442145947,-0.06477334070447556,-1.9912981441244566,3.7968241667141918,0.09995776785192115,3.147438535780438,1.6201219749020723,0.5322188252959652,-1.3004132818522471,1.6565752656460615,-2.9135067239348182,0.17183472317857934,1.584794369655475,1.7879402801409277,-2.2274748156457465,-1.3038656540116353,1.8400835828019286,1.4393079278037193,1.2541085009147872,1.7592668700905034,-0.011171789705453523,-3.1643012900302776,0.2626151627658322,2.778677965586163,0.2032542749363875,0.5173240695768362,-0.5868534163095619,4.075798993160966,2.7812614332500343,3.044539160240065,1.066467417156911,-0.5834559011734856,-3.5639954196438635,2.9526310550495163,-2.144296263358816,1.3739920048742669,-0.9330454003511496,-0.9569989431698536,-0.3908273731803946,-1.3363834674501243,-0.8601707463826409,-2.1216652949228823,0.11765660398801739,-2.083174999519946,-0.10687190221599899,2.2442749671101123,-1.1636436464235909,-2.9083493048897076,0.5537385446629319,3.4479036440317223,-1.1024980476723096,-0.07193245767353802,0.48817787557561393,-1.6639741096449807,1.2567244229968377,0.9353132626769722,0.025846071539067178,-2.315984333185031,-2.333518126627974,1.270710893089621,3.0435495259057315,-2.3783057363440077,0.42058614539499806,-2.999728476802389,-2.947408105944978,0.8590649002095022,-1.5947545324842705,-2.409492274685428,-3.6918282534534455,0.26972090244135855,0.8211837162504017,-2.5845068207792425,-4.149299189797581,-1.447459364407554,0.4946701841267496,-4.924813662749166,-2.218059130543456,-0.6159879460580523,2.0465128607346164,-1.2454168980258045,-0.05246859685166738,-0.620018733392981,-4.995645599503965,1.633858619633368,1.3374564863389142,1.6718525912789846,7.106392879722299,-3.5361405901711174,3.8125966905459383,-0.1035818342460891,1.9375444298664948,-0.7036048973256651,-0.763163789642803,0.30095607849560274,0.5197269542941351,-3.8396190903435614,0.6334454698351277,-2.1861863643160895,-2.4957834622264836,-1.273551707319377,2.5500398703696225,-1.047892511232427,1.686387874072605,-0.9461229035153618,0.47412370597053666,1.1596353467281113,3.7779349122965566,0.31076317661674624,0.5087859182699515,-0.705094345354661,3.5373192117694616,-1.6022832174766368,1.6043117278740497,-0.2512183294112581,0.2706251015150052,-0.3551394061958399,0.38306176510418405,0.18822465051317913,-0.7500202875398903,0.929215618580152,-0.28938187122245135,3.5109334109659365,-0.13518539901374688,-3.470660148074372,1.4053604572242229,1.290807139530195,1.9834970137712178,-1.0943114050296023,-0.9555371896236895,-1.0149327637532979,2.0736690192736456,1.8742626720231876,-0.14687174954858728,-0.05512672556263952,-0.32416618421411386,0.5994896665630995,-0.2886127451619466,0.06376025294869361,-5.159458980869689,-2.1374631369506947,-3.499300603883734,2.749073630080818,0.4663434496911641,1.26760663459847,4.189791283745296,-1.121694766192576,2.286435559303418,1.5045258212456882,-0.3855320595712594,1.5574847997547847,-2.699041747468336,-3.5391820816410084,0.1103523285339045,0.11559294305247443,-1.978112881055569,1.1183914785403195,1.0498697736438574,2.741539203079822,-1.4851751772784567,-3.210311503865937,0.9298253606346663,-3.2813704481032557,-0.24976695969247154,-3.676863744754085,2.311601481239573,0.9576964158370282,0.054864077517005755,3.5329638917547395,-2.6019619351362815,1.0464847223495433,1.0454498628497295,-0.08518421538938835,2.5004975050698217,-0.7189572712407364,1.476074830931636,-3.251049619353283,-0.6750160791857923,0.2738433521865579,2.044080631192324,-1.940517056919574,5.034286741629561,1.6685669131313505,0.335710914133121,0.8006678922482708,-1.4277804115464485,-3.554745936302824,0.5201776843325716,0.3249616900667287,-3.7540508430233652,2.2328846947424226,-1.3916386835735903,-3.9708670233881804,-2.1776674121546833,-0.897757214920636,3.4643898937856568,0.6609915960401131,-2.6870268835967384,1.5484713129979761,-1.8923185031841785,2.240013724221018,0.22660042966427923,-1.745912398618292,2.2736717101115276,-0.4718780177084235,-2.211395986167149,-0.5419135045359245,3.82686413745297,-1.8950168063132664,-4.623154803219711,-1.8897065181192347,1.0318327725425913,1.9453307476050294,-0.5180865783772295,-0.2963411338824422,2.984419273129889,-2.845563416818363,-0.24784322183887786,0.16780096441277983,0.4775626903300088,-0.891639467354437,1.474982824537963,-4.793640155439099,-1.4275259860217793,1.3583409994661084,-1.9412458725420103,-0.3318685132988614,1.701539738724688,-1.3084991987762455,-0.6108924651969109,-1.9345727205763563,-0.116237030146905,0.7612118770193858,1.3957557041790614,-1.27113917035447,1.4865385995468519,1.4899174122891146,-3.6680364899502247,2.235534758651023,-0.974342211711355,1.003725823829065,2.4035781227072244,-3.0309841695349693,-0.25434063668096535,-1.1650682983773428,-1.4573258737923238,2.1078976658070294,-0.7787235949962277,-1.140672057438092,0.7092423843771994,-0.3956403888305142,-0.6038112853178617,0.7524545018339941,-1.47637550742376,-0.47072725676158933,-1.6930944596843571,-3.671970876097509,1.8384967342824896,3.633248348271918,1.3492622487654935,2.1254367285657048,0.14459480811421832,-2.5127258260835728,3.3321213816270907,1.4683438502430533,2.5145295192905173,-1.7088532131414786,2.859192333763428,1.7232430614791363,2.595151462534134,0.7285796058734272,-0.07974309666802745,1.9117164893474796,0.9758899575662766,-3.5687579388069275,-2.3531831807650168,0.17121565694711322,0.45212417828674956,0.31729421957063286,4.02650978375685,-4.093159709555752,0.23805278874501917,-4.185034844674267,0.9902146393200874,-0.447146330622788,2.3515586365208145,-2.9315137033012206,2.7277425670387765,1.3847051712472223,1.34542319110004,0.2029027974185461,1.9049952128473444,-1.9726162849767508,0.5022426714903832,2.9679835811767643,0.8561839185034221,0.09831059155552577,1.668224817968919,-1.9479172576794048,0.9966958468503953,1.1088767450188413,-3.2726718720538273,-3.17273496844877,-1.3575047368882294,-0.5011107049026343,-2.2967008104472133,2.168725591472476,1.8173241891587146,-0.8835825711597745,-1.7026848990649097,2.252347898803511,3.013794579411279,-2.832752145037883,-0.9762533205359104,0.5378780187092141,-0.36471384260902634,-0.2579851255842116,1.3899710478256084,-2.4669568387760195,1.3250479029047029,-1.008950754261156,-0.7229198858275517,1.399196700033302,0.7333266437181394,-4.743312696820061,3.3728672499970367,-0.734140368602842,0.18646131403740565,1.0583415956012587,-1.4246583716414274,3.6715963870356845,-1.1363955570641697,1.822324645730827,-4.15489092939931,-0.6576298319862578,-1.827928968330512,1.2447972646885759,1.219767002239125,-1.1916581303721276,-0.5929173424184888,0.5466086314161005,-0.880101011359868,1.6796316757331202,-0.15351884144615185,-5.982291692610142,-2.040463946341885,-4.210767533409969,-3.6664157804386126,-1.4804278094191317,-0.2928287670692753,2.9439452781057245,0.6694936774228651,0.1232744968285248,0.19530080563615396,0.11907717041382776,-0.0381702141970689,-3.4573028704355186,-2.0305943223576777,0.14762843067144144,1.0222052025865884,-0.4621510903133158,0.23502374399289788,-3.7866424250578055,1.4880616304736392,-1.2552748349301825,1.6446993854667842,-2.018266473388677,-0.060382272731250304,-3.4592937018998273,-1.2304606173330024,3.1883030243849317,0.8018054849817738,3.0680677829654837,1.4683119315753592,-1.5234444681063575,-0.2517429287128937,-1.9204309213336055,1.8334101702163772,-1.6422680685027027,2.9245552168545426,1.6396129837405942,4.977669705054727,-0.3132639754538728,1.7587520034242161,4.666948863901418,-0.966650974551564,-1.56655466531695,-4.12489549407282,1.5368485333438675,-2.8619377437461604,-1.018925486594786,1.5690222697098335,2.035239651937443,0.45613669968714876,2.309344976283999,1.073679560879974,0.3272853239636,-0.8991730765941046,-2.7513154407551768,3.3491591412830566,2.107868492684101,-0.30219454640131327,2.7336422415347705,-1.0771801332498105,5.376712351196825,3.744006637219992,0.7348727527251566,2.7946403290545874,-3.0381629313682676,-0.1138416822317957,-1.44386740074083,0.6192137072151036,-0.2415546434583144,0.5598162782656126,2.2007863080969634,0.7290207731033764,0.1772406198542351,0.43252584817209844,-1.779783328223792,1.7049104820491536,1.8156601594295256,0.16707726966176736,-1.0942056147307233,-1.569556293085637,-2.7661836638420056,4.008838229868534,-2.5875710022060665,1.529193746759373,1.0797179863185793,-3.43408959667775,0.22930878628440543,2.077702009478766,-0.6064831709991974,6.355929005093023,-2.516953933651239,3.1248692411060515,-0.8661173563167163,0.5382265948734324,-0.47429122090362436,-2.046486464237113,2.07050839407608,-1.9132891039878794,0.5961196332765377,1.7409814869338573,-0.6450421113386283,1.0427968450827252,1.5410148227310676,0.11394543127087477,-1.5878854639705609,0.11321480313906741,-0.23440074912634104,1.6512364940177513,-1.9850944371835324,1.1827857769061725,-1.1007854106909478,0.6786772778459654,0.5368233024141734,3.117311624466474,-0.9884697035400014,1.1541428513828988,-0.9727791316967671,0.712552034381601,-0.8792926535078299,-1.9415469324495356,3.7432325020292803,1.8241914359247482,-1.5534882197600972,2.4509454599996854,3.1657864105991393,0.2901492766043153,-0.3389478146706918,-0.16586323679391257,-1.5478695048864322,-1.2435069532278933,-2.816262004107095,0.8404899568455132,-1.2089690168695582,0.5095878166160986,-0.29564630301892103,0.5687102709639376,-2.819334391602304,0.41285047928689367,0.43929521926086623,-5.07243003838515,1.593258135721394,1.0320185932062387,-3.764163291464013,-0.47060594587738797,3.462217744311168,-0.3292287152010961,-3.2404440973191058,2.2776299206808055,-0.7268301664991035,-1.8025262174743517,1.074310313289027,-2.2445578761944924,2.4245940556807897,0.6193794115247933,0.2665674810954796,0.24355223554261654,2.5608070611506606,-0.8012095647109,-0.9490474921299702,1.4863569163661028,2.8933052891142856,-1.8392627159373385,0.3124242749581297,1.6266326412599028,-0.14082843913313647,-2.7603090268286357,0.765454039069016,3.8711499912210243,-0.5802111478926882,-0.3977492802777716,-1.434430158532437,1.72815161777161,3.094766057767813,0.9694980567347206,-0.42441335173138695,-1.0859159345224119,-1.4811914277471956,1.942775854290724,1.292812773657884,-1.3173944240984456,2.4117733260081144,2.246168774284861,2.585592055104832,-3.2376633636046135,-2.23723078393769,-1.060761626121963,0.394569841723983,3.7393864342261676,-0.3500651545238232,-0.8797997360344982,-2.5214693896242824,1.0589793496831068,-0.5095505223144622,1.499238266736187,-2.208852017766003,4.248844794625642,0.6796124232447043,-0.402322111391754,-1.4844453494901997,0.13896099626540748,2.5814369035373694,-0.2835882770901128,-0.3637419205187395,-1.4048419182233822,-0.24655242716506182,-3.307242735349042,2.0372487160382406,-1.5812806274420508,-1.530775189657089,-3.173311985887403,-5.033388882873372,-2.786455973372937,-1.4740657967689816,3.018793051498755,-2.217560755545222,-0.2570270530705144,1.53780791447629,-0.08275839879618,-0.1514110844235555,-2.7868492810674104,3.8155049433831287,5.504601062685629,-4.179962305097183,-2.7495790772090336,-0.2591074559178805,-3.5264049728791176,0.906720550819976,-1.7427013896101715,4.277452995617795,1.581403895579421,-1.2966195460857755,1.1569721388782357,2.8112303900083164,-2.440735221998454,-1.3686012210625182,-1.3377761733882678,2.055149646921606,-0.11358914864355243,-2.447680857345939,-3.018521327328466,-1.26446152545665,-0.36783636157648225,3.4195135675526,-1.309802430068787,0.5980645525147559,3.210293448207543,4.0068814801945685,-0.6963952417868768,1.4078106882659986,1.9011936731104373,1.1707481159515645,-1.2809459281279605,-1.0322654574997767,-4.403027419185549,1.0692104513284453,0.990383173663577,0.09284799402569219,5.009959782622835,-1.1407458145671243,0.03958749295367184,3.0604129891800076,-1.8511035959405278,-1.9505715331806324,0.014407749683412921,2.3558176137170457,1.516560106149896,-2.1534913910156974,-1.0092857138910123,-1.1689892001843851,-0.9388449895136981,0.4125323386675457,1.0004497106626986,-2.517147618351731,2.21611265692576,1.0858174812300296,3.052489699056671,1.9201776911053494,0.8411114996406314,0.3558303350836025,1.0271382554830764,0.7164188780582951,0.24273904752691164,3.891566176356527,1.6360864508528001,0.36394842436444674,-1.5028021169670756,-2.9735423319412715,0.6461552431738673,-0.9823179475273996,0.4092397582112992,-0.46015107637221764,2.8770976470084104,1.293453644280557,-2.4374493915644573,-0.08489523712589304,-1.0479389182843035,-1.9848792385041323,-0.5707503040672802,-2.1883651696575974,-2.7920099473495554,0.9882967452961992,-0.14939422929208643,-5.428883136299273,3.1960832704706843,-0.595814341461836,-0.13646097180879874,1.6401961847930273,-1.505053743640476,2.107475855836875,2.87395036823279,0.254923675068259,1.2389640054925901,-0.1870580300648136,-1.0705705582542322,-0.5626054206076194,-0.013102840559955628,-1.018653576076682,0.37387272436377955,0.6312402780186892,-0.015353646795090447,0.6811040597752431,-2.690997544290742,-2.4761695751754527,-1.1985869527887787,1.3077272636314865,-3.518057770880618,1.7369164615847936,2.4262317150963417,0.00047912566699760684,-3.753322277934476,-0.8186978671182042,1.3979106218990864,-2.7192795283677005,-1.409268817374428,3.279129004923392,1.5948688144831307,-3.487003590500988,-1.8384544788688422,-1.6385599566086444,0.8404356042648206,0.2765553857807161,-1.7765284256827503,1.3948089893463536,2.84342189330746,2.215529771433134,-0.025836810043846956,-2.090824667940749,-0.1267372170328896,2.8199342296171803,-0.5784444623091654,-1.204389494188994,-0.636868860204649,-1.2908887949978756,-2.8054029085235452,1.9959820859965833,-0.4608763538866079,1.7900523220165878,-0.2502495650780174,1.8071342030392632,-2.2084409008009294,1.8511878670458517,-2.488528628677574,-0.8138404051944644,2.0335865826214565,-0.28239891087382063,-0.23793369757488128,4.389149556437342,-4.128840513289158,1.7272381800024978,-3.5949656489199007,-2.58223412873464,3.07099492748823,-0.9249841640281118,-1.2439232827937148,-1.802915918316431,3.0430576467891384,-3.103258246637216,-3.4132082238217247,3.0259195486322845,2.812970727274181,0.30728288133046283,-2.1479411997168185,3.4470003112341034,2.228172603838715,1.082137529280045,-0.05414819448417865,0.8332547623240985,0.04504280388629661,1.038396989674163,2.8996600178624665,0.9743933548311472,-2.7217520870006227,2.2175432294610764,-0.12103430432709943,1.4706097719851239,1.9816915023961346,-2.4142875924113887,0.5941874757517779,0.29176766041679203,-3.7717968094852314,0.17935487429438746,5.104458417825905,-3.8505194730959786,-0.293385796255497,1.2464649333018194,1.9008748929895896,0.09847504664325749,-3.9233567343687787,0.958579764990533,-2.062003923991019,-3.643167675229909,2.6629047392052243,2.309224350028967,0.1520284780040912,-1.8127418870592586,1.4537141629115022,0.006106717352115345,0.9158261711674138,-2.466772291952732,2.1853112015388625,1.3393504428623906,-0.1563800132945147,-2.5086366061118777,0.6491210987871361,-3.3494329372046256,-0.9488928510363908,-1.0596725424598366,-0.8168098182239416,3.4890064364480717,2.6147418655596377,5.641653688467207,-2.09470349419539,-1.607851927640314,-4.3928438152316645,-1.0716818637859784,-1.4405495704015243,2.3471613200960912,-0.6883885754673422,1.2123872774786926,0.4619780941278526,2.8315477646246805,-2.7737530993191375,3.132823669773803,1.319847221786657,-3.3568387932573494,3.6205788818294398,1.1196095590254918,0.09463661384984398,-2.269274582684835,-0.7953962552208536,4.948643204906403,0.08654162286135739,0.05277616393287368,-1.4232626552415861,-1.8189114672572524,0.5051767608419739,-1.1128093565194828,0.5230737887877487,-0.2233541252972573,-0.1368839103062866,-1.4358698170948203,0.027965829323656072,1.8438353328159272,0.07061844819610409,-1.3877063985839462,-0.825937909951332,1.6705373039760623,0.8035327153565763,-2.462503099811438,1.4464798422419547,-2.6712724310176164,1.0227542091613564,3.6695405394051934,-0.7165639154543212,-1.9171893846161474,1.121135446401345,-0.13721583176219598,-1.9529379774326743,1.4963942640499233,-2.4385245961250863,-0.5980520068676898,1.0116377762397175,0.9638275640618281,0.312849196405881,-0.004531230963252024,-0.9165232111990479,-0.5209278666844986,-0.46743167247049006,-2.651859741415666,-0.47023930127970803,-1.4279390352048031,0.9312771991122206,-2.05867378057557,-1.2970672258438982,0.6646103117307751,0.23649970298756387,1.300570349116918,1.0958630748182594,1.2100828751115091,1.5549543341873964,0.5866888527577598,-0.20263797012195695,0.5190200936874793,0.8965437004219606,-0.42826926100470586,-3.9034147710463882,0.9302621320946266,4.318790362545297,-0.7362385153836507,0.35650543280165037,-0.055811720075359374,1.0763289753245415,2.4396303746695502,-2.2209098871729607,1.5285957321356176,2.5752211269869014,-0.26016124014050335,0.5804156236950049,1.7217619309995245,0.5827395797271332,-1.6338926593900038,1.801733464451956,-1.343674693470871,0.5801362995374774,0.2940323016304318,-1.3374035106992594,3.4761301475560256,0.4985404680943386,-3.538901484184077,-0.37968969918783846,0.03936807225471785,3.5712760396687924,-0.2360930857351372,-2.509327795930159,4.344284358760608,-0.03692655282741513,1.0642630594297813,-0.9715264486933262,0.7634210115459932,2.296868421178562,3.2671035425336967,2.4976656273916795,1.8179117426069136,-0.42875825638104187,-2.800062863645846,0.44843151914234053,1.3694982596653846,-2.694955557650601,0.025539307381024938,2.750372889180964,-2.3883139752515565,-1.1038935495479707,-2.003567294976602,1.3470619205948537,-0.969518513932437,3.556772892580104,0.20939611042638928,-1.257866467170635,-2.531390254919927,-1.7072601357983037,1.224352620434712,-2.7306370113641907,2.7081393246387924,-1.3627465216431631,5.614664361266819,4.8246516716641805,-0.6016009737706776,-1.1062392466267739,1.9179472840490024,3.707482311401196,-4.1948119866103895,-2.016461283358127,-2.1124369070276114,0.4282048951621276,1.6772302847325238,1.9042515443758248,-3.4111150768031897,-5.606504014066231,1.1029210524896114,-1.5327366001126175,-3.590737695275921,-1.0682535395933486,0.3734003030968464,-0.6633455387592722,0.057187566442676224,0.7536053742801946,-1.8540556397599979,-1.0151030319053134,-0.5638000510495305,0.36404148122120605,1.7417917156195346,0.14937005328701544,-1.2095361647079519,0.615244729320137,-4.540778101397792,-0.6051863469646462,3.3963572050850592,-1.7995571270888064,-1.7169970915328465,-0.5356761348819501,2.1173952600678714,0.08065265658217542,-1.3783310201270875,-2.2955190425819936,1.2983377276170023,4.090176512289788,1.067047477063686,-0.31058843969203453,1.0155339872793738,-0.1515811564255476,-3.0779918788419334,1.4287630430779128,2.000880200682032,0.32351925057213576,-0.28305469882550155,1.4699289730090668,0.6073369164867726,-1.3239770530386359,1.9043107566944026,-0.6520542651734916,0.06151753506444874,-0.7418752455665076,-3.4530707221358314,0.2661809282157897,-3.2429239508317216,-1.107145069452338,-2.768925284078354,1.2247538949960712,-0.6074317099118982,-0.6323225132763395,-1.7064179308083165,-1.5369692173431113,1.4540745198007163,-0.8479453702263634,0.5422883809656024,-2.252611898098094,0.4151401349026176,1.2023263582882289,1.5101137402013478,-0.8256935713293835,-0.7073342032083946,0.39388599405487995,-0.6218470187618583,-0.43503181887003317,-0.7377056269764619,1.582341912592048,-0.9050996719429935,-1.2999581756313532,-3.664388747886115,-2.3564068042597093,-1.6785636137080582,0.9753933893394491,-2.269591788012611,2.0223003129778765,0.6815853725197721,-3.7307835334834,0.5700896183982218,0.6877429675296769,-2.0311175582526797,0.4020357278430752,-2.168291262843255,0.24922476120006115,-2.7284315600966855,-2.1182795272449764,-1.7167761250528233,-1.0612006442330184,-0.3745709390825799,-1.604180718109072,-0.4124111484022313,-0.4737343107516839,0.09076628889019002,1.5860914565230926,-2.8043579269058805,3.2690115454599606,-1.9160835567241272,1.907037860386688;1.8870938573631224,0.7574340767286213,0.2295242853129339,0.5440651851214575,2.0808984377445188,-2.551417257033194,-3.163695207693903,-1.0608815406799343,3.4606587828729856,-0.18955719864369386,-0.9039014556242251,1.5913629469720096,-3.063047149483729,-1.6432619250188094,3.52470088472229,-3.0095857373439463;0.4621258099645825,4.0007254889411845,2.0194583181752135,0.10648799918301238,-1.0401280782093374,-2.831678772971582,-1.595967041663759,0.10667546307791159,1.309672335907743,-0.9077259089788738,-0.9197322184284743,-1.7477630938476483,-1.64802021578035,1.3181716818910063,1.5433042158237515,-2.4959916518918743,4.5473118741266,-0.7243162916251934,-0.240604534720393,-0.17623156576333548,0.8383210045155494,2.8070912896780547,0.5391357426318883,1.9028365909219551,2.015104555709415,1.0990533218123077,2.836590860982515,-1.0610846936569185,-2.7164133568693583,-2.499854100433386,1.896608382887771,0.6560627534090288,-0.36240513450891665,-0.87163614358163,-3.5311003641479943,2.9285347471053047,-0.583084771952374,-1.5476934854872653,-0.9573957501270132,-2.381335934151773,-0.5198073576211573,-1.8294255311474543,-3.5851918924379604,-4.304722595538439,0.37240941046193354,-1.8619498231775244,-0.23695312076696715,0.4886805961785679,-2.2878322582434514,-5.083750203646717,0.582692794603228,3.326137378943193,1.6157276682140562,0.3591173463537765,-3.411694604491864,1.0065576478352916,-0.09384603578301164,0.6663551183860746,2.3470436771172674,-2.7770071224240604,1.3902568222422091,-2.173982450166413,6.216270391574293,0.42752419632303396,-4.870507905672388,2.3798083749976966,-2.3225590783061834,-1.4334356149198522,-0.6647727259239786,-1.5416423996240827,-2.4828906340489194,-2.617657758637936,-1.7877833365027391,2.2459706463857434,3.604013551578914,2.741177322369848,2.716785414649136,4.079496226418865,-2.921082676315629,-0.14055770865716827,2.61465371649115,3.0482446745765115,-1.1583340367145307,0.7622443189980783,-3.5417402882695628,2.0845804348936765,2.3632314927822673,0.131106960923483,3.290552992468761,-0.7585854221058037,2.1256110825274495,1.0129835272532404,2.4377327410511387,-2.230910019762575,-2.1980838369419193,-3.915787701727416,-1.1633461933742621,4.7054273525043415,2.165982586996968,0.1558656142599423,2.4681718317641157,0.9224253467569535,0.5985592675080726,2.902742177205965,-0.35275619056998553,3.6754960068516427,-0.19212838391385947,-7.26474535236642,6.963253159228071,1.0791428972424357,4.216365206438479,0.5736720427851463,1.3533098769339356,1.228701462199783,3.2267584767814665,-1.7452415693567453,-3.280418843147949,1.9463662154236536,-0.0885698240098246,2.069666488174915,0.6421558980266234,-3.013835765664443,-0.5911834757708798,-1.7232640911109054,3.1720272609714364,0.33840471217579415,-0.6294897840538245,-1.6248749696008173,-3.151938280594355,2.0701655876375686,0.1785707044074492,2.223396906015241,2.80312013034201,1.8278065370773904,3.4981423075561504,-2.5721891129759342,2.2618361402432674,3.940180355122205,5.613372181430527,-3.6696086613215577,3.1667829578488313,-1.0511834738516719,-0.22825091967964287,2.281701072512503,1.48245160004113,1.6486929980946852,0.9796244508610141,0.3118538239664242,-2.1066092886732575,0.9491511070634773,-3.54025112604427,1.0851223054401222,-3.8811601172863606,-0.95975297217079,2.604193450039824,-2.8318449464383577,-0.7691689293108361,1.2207651948883191,-2.538915544538704,2.2364295025389453;-3.700948584523314,1.5806048647035864,-7.355474375774488,-1.8322624813157917,-1.975923778550758,-0.1179832968188497,2.2366339321681177,-2.7896117818172628,-1.3019801725849711,1.5079840524335417"
