Individual,Fitness,Controller
0,1.655866464927184,"0.4789541060066066,-1.14935147566757,0.7973629203025769,-0.10339082396818677,0.6940035842747327,-0.4011906838310487,-0.053296713115739414,0.4635349655775676,0.3906503353453541,-0.39014173099579685,0.39426588902391396,-1.6797170026063062,0.4112967771752839,1.1726107512327675,-1.2666950348380224,-0.3812131260111233,0.1167182284831551,0.3563346438384678,0.5713783296606294,1.1719040292211367,0.9549437062720474,-1.8501680411349604,1.061878558747162,1.2079968698773642,0.4920234576018593,1.416167816688286,1.4044448185624026,1.0981552957160008,-0.44561268480546956,0.991700042873852,-0.03641488620390397,-0.7881682783800421,-0.5567849664564177,1.3345598895620476,-0.45598323249014805,1.5645690992292125,0.33341866941008813,-1.0762910815380045,0.8033062455172294,-1.956103694428957,0.6793069594178567,1.2486096478337176,0.25604194257851953,0.10142284842882339,2.239004795767994,-0.3623916238597348,-0.9998566695895756,1.6189932966831975,1.601522338601065,0.4614610199884324,0.9330458114847751,1.4870878060936632,-0.38572329992159177,-0.1455006727506946,1.1947543307605646,1.726005894035842,0.19430040462423742,-0.5985279344097153,2.3263030072595514,-0.2805188418513424,-0.36710058552034763,0.15283020829694866,0.9365914749067118,0.8977423423048747,1.135163881297611,0.8430969136777364,-0.30181862137326015,0.8930540788495378,-2.001313128738422,0.08536938057097021,0.11382461697013799,-0.9272660501164008,-0.6878322629625746,-0.6061252898611799,1.864820404598402,1.8796904682308246,-0.05174787081888628,0.16035498848218604,0.06543985202254753,-0.45683787293507555,0.11779339751774474,-1.067702684069067,-1.260949522880781,0.3459835641522961,0.7280313006282153,-0.6765584479112746,0.6433997673215731,-0.3600196579615873,0.5001513659944178,0.8372298367779989,-0.263688699247575,0.004099665660824259,-0.43583142191779384,-0.7198601250014526,0.04580824315837083,-1.374276886732636,-0.10552763522419094,-1.735751756675718,-0.6085479678596738,-0.10929722082581253,-0.5023466302115127,-0.21262510351853212,0.059150019009552586,0.7911850576415532,0.952640608762773,0.008880124241697568,-1.675467094372482,-0.8138026548083195,-0.33994770247975054,-0.43239769344720097,-0.5631246582476674,-1.9270104791978233,-0.6937233686600102,0.8953914189136531,0.3980669408055228,-0.5181139915034699,-0.2810932223238455,-0.7605597286082817,-0.47704408856678493,-0.5206363239272285,0.13220765184504027,-1.7576483266152412,-0.3141953781195278,-0.09360874414965423,0.6935475876885213,2.948311006093133,0.9224621938566077,-1.5408381129122002,-0.554292868435551,-2.2475657141748315,-0.8652853772523018,-1.132604248358901,0.5098516509831834,-0.5014208458137496,-0.21101350789089343,-0.7498669717498984,1.9807675619801621,-0.5196433226577799,1.6566186534299867,1.2669719348088293,0.4598316848865213,0.2102787361080983,-0.6851618685113654,-2.205510593786545,-0.2461815880360519,1.2295247902073214,0.1085699805743251,-0.6044999519117917,-0.14595256168737297,1.8996971198025274,1.1276559652158105,-0.3226412680424364,1.3799892600584318,-0.019194033832907353,-1.147011667993952,-1.1850812891227211,1.1389272741293408,-0.07350463490916842,-0.34905385951129686,-0.3713053508929386,1.9507462295907052,1.9540250123366139,1.7183397674368885,0.016790106747593,0.9022196921430108,-1.098810609872432,1.2251258387756723,-0.9994843031454841,0.5952947099347629,-1.2240827470190037,-0.2928631484292268,-0.8276339434478239,-0.5536431373518028,-0.9104462586950042,-0.5231903176245499,0.5680740735876099,-1.0857838454677093,0.769693687534958,1.3562620180131477,-0.6993953206593572,-0.012396238714058335,0.2184663812456317,1.0721153470589917,0.35439832911972186,-0.40396785407530367,0.28918238377837324,-1.1757506221902863,0.39060631524578604,0.3229211513064102,0.4178867711273342,-0.6961847840946268,-0.6353492902867424,0.6571541801368185,0.44034432202759355,-0.8770889663071713,0.35538007931984367,-1.3244668527988437,-0.6548395650102301,-0.36205769372677504,-0.9095277976801748,-1.0175946039838253,-0.6588882903062179,0.36210466195762675,-0.8881547030112441,-1.9057919867777386,-2.782939688495432,-1.0270247131654564,0.7164355788556382,-2.719569274939114,-0.36303536395373215,-0.9898289724023204,1.5733883298571438,-0.9818658990614318,-0.10773145895631017,0.4623664246376101,-1.7562645542266553,0.9887967295943839,0.4320180928992653,0.6251803951240241,3.8503388560623195,-1.8538064463405954,2.0197476607025315,-0.25113474555885035,-0.24126487039266575,-0.038846805455094065,-0.3337430500823276,-0.4493927931675978,0.5012689372351689,-1.7781308798892517,0.8033193396814804,-0.4324198113755676,-0.7440557427331832,-0.67788127063489,1.2488334265132364,-0.5560469185154491,0.07610728820126428,-0.9783928813997551,1.0025931051316845,0.6025096379442649,2.1294898062547265,-1.2815037726979372,0.4966037186334373,-0.207294493253066,1.030313616263863,-1.0019029789569005,0.5407080988768505,0.1987385259649409,0.1542122907510502,-0.2798066864436498,0.4533928814556457,0.12277086141021737,0.800024771955367,1.1631269973108582,1.3182078623627351,1.0330459608452904,-0.017182245284614275,-0.9141990643723469,1.369561450055273,1.1158783377202879,1.2197468190763425,-0.4360342433596184,-0.550671077241767,-2.3795004681616145,-0.22382672272576787,0.7751636757352489,-0.4140455113681778,0.8770417638324421,0.1551042822033676,0.1467899233147339,-0.9462194486583224,0.24911129461638512,-2.987391835039676,-0.8242192414438584,-1.73529414880292,1.116293977199563,0.8852703973590232,0.15890920877506187,1.3207682978869657,-1.1434271940693421,2.035206670922197,1.0648105384934616,-0.6136073013139685,1.064626734683374,-1.5225033965535206,-0.6531002365511264,-1.275155621093771,-0.45733644157849035,-0.48862441441210447,0.9643392741010542,-1.0873829623815252,0.13077303998136638,-0.5449016282890187,-1.6410092274707415,0.16464750543123996,-2.2666253458062076,-0.06278057258129202,-1.3509230436816733,2.5256449795189178,1.2217561482567756,-0.006234705945326137,1.4723161814183938,-0.6728195861514082,0.7791810281252685,0.25679828100568547,0.45823055726207007,1.4463504925166049,-0.1250282540828106,-0.6128113452357381,-1.6359806215760235,-0.6493328301702871,-0.2552985135924975,-0.4075018232051067,-1.1683151681252102,2.1393980698267967,0.9074439621541854,0.6606875124355581,0.3478579158336408,-1.026482923559723,-0.22674618918119246,-0.1777683185519896,0.13684983850079918,-1.149401231309397,0.24269169694848758,-0.2760285587282265,-2.103947595600006,-0.8244801777531237,-0.39258254042996943,2.3190602203344612,0.5262748376621393,-1.4335972470911922,0.39533317983740507,-1.1871143630638596,1.6180064555457578,-0.5059493853901679,-0.3196099024934812,1.2165701223808036,-1.0231433043708227,-1.6097964712319166,-0.4029657495945208,1.407346234347597,-1.9629420243481803,-2.9016036659222633,-0.7985316953628403,0.690499523023786,1.6537521525130696,-1.1013618376215346,-1.1551554666623225,1.67039769963367,-1.4044025959536852,-0.3176799235159441,-0.4966355326186176,0.5645943564846293,-0.01712701106044756,0.6502686820918047,-1.995921755418667,-0.4583735760269113,0.8273851151529414,-0.4120076948476811,0.20921222202150758,0.2927736226985776,-0.12926775622674708,0.29249162599949946,-0.9373669497236242,-0.41547723257303876,0.6452185485268525,0.5476624782900689,-0.5934267376769135,-0.5605060764413715,1.1664952206981225,-1.9878667983090546,0.8271762117254136,-0.8096437442366948,0.48651050550075364,1.0759222678508729,-1.6078086336164898,-1.1950182017240882,-0.6829024488896652,-1.1184199803655956,2.587655923498433,-0.7656493042946126,-0.7551794818271419,0.8322768852237299,-0.8438189822554171,-0.10256321185827173,0.821671223847898,-0.7263848060816721,-0.05667376396083326,0.30294015741354197,-1.3597732338095063,-0.35007008897378467,2.032207556446782,0.20658720221456767,-0.22493904993200203,0.3346036198195755,-1.30575239736868,1.6510178760639342,-0.3210196594643179,1.6520732801640317,-0.9118509174648626,1.465352188870656,1.1551461166706876,0.3963111422132164,-0.40962596847580346,-0.30767485070578526,1.2752974703623223,0.4765919953392145,-1.726539146713166,-0.6827429327419404,-0.27158306615416034,0.07183471200450753,-0.04341489203989278,0.8429523713890463,-1.5653706330495432,-0.0296376512538042,-1.6771278333148538,0.46146640826126006,0.2710399292318619,0.09106761880937847,-0.6758280832186795,1.3947927618286364,1.2343440721958379,0.731065055549494,-0.4644786998944499,0.8711105755117482,-1.2011592866755392,1.0316337061963585,1.4599866942241662,0.6561909095481918,-0.5221034902898537,0.7393766324458229,-1.0641282601483608,0.8318592357746304,1.536045472593787,-1.9305111962707109,-0.7576513775491698,-0.24693996457773282,0.1509306443095385,-1.0628867759261076,0.1148773635854147,0.32871445937231997,-0.06830393102758646,-0.6740678931588092,0.8967026537739198,1.8073923509925267,-0.3121244339187578,-0.8010812297339712,-0.13094466340894018,-1.0444662760768313,-0.5473272016445588,0.6588828405195145,-1.9832578589448129,0.9942521110237269,0.04120433976200902,-0.6291764849960856,0.08255477083117364,0.2529169418990265,-0.9420627430705669,1.5219599207959067,0.29071126611346065,0.34675047101170686,1.1148044129287258,-0.9251680499383677,0.6717481192490653,-0.13456955965495704,0.4590764766537103,-2.251825215665426,-0.3991913014507856,-0.41339419660149224,0.9360863863412978,0.2549203674878485,-0.736093457574854,-0.9474357979871484,-0.13762674554978088,-0.24052531423585888,1.3753786803567483,0.5154865404271171,-2.740471929322846,-0.6358952844176985,-1.0068263749730344,-1.7286582447285064,-0.055131873385292685,-0.3153956535527311,1.2672170270520942,0.4262418145856004,0.02426665649719255,0.6355521998552716,-0.22701122179583824,-0.4383657592513439,-0.8553784248884237,-1.5153503034801465,-0.7306216574324863,0.24605354162091805,-0.34174494996206284,-0.531136122965335,-0.781605555705401,1.1275809692964092,-1.668223308507201,1.2145419319159674,-1.539499242300105,-1.2974277989151566,-1.0410969686779548,-0.8120188045055412,1.2668390498771338,0.6391009106852242,1.0343291066230955,0.6625267822988379,-1.2290052972403165,-0.3647952965628332,-0.2420533677825533,0.8597434873434344,-1.0726717490156437,1.2198143361739604,1.6293881948424003,1.7914292372237024,-0.36971560121318736,1.4756227817639511,2.4886784110861977,-0.544591268954919,-1.4772120137423568,-2.2587675022509917,0.8813698863507922,-2.5146575119042054,-0.1574995113113833,0.4618380126690256,-0.2758239493612161,0.3539987974201965,0.44922862524729745,1.6423228905093477,-0.6366072134849813,-0.5015859872350508,-1.4090540875738506,1.0648934077800136,0.6135281132116728,0.5982592098055409,0.8483130405828204,-1.1153739437992287,1.5028926569779955,0.9861648375685418,1.5132650011837028,1.8150998741064774,-1.90892412185952,-0.5814302094696354,-0.2980730964410193,0.43149324288165236,-0.9657156921842884,1.0086410919381639,1.3487792194701869,0.5545115783790308,0.2782668958068425,-1.0107734784779008,-0.9378853430580862,1.746349535556102,0.4575031122695084,-0.2573860312359391,-0.6402386150956696,-1.5840063891102178,-1.5801908854693698,1.9157904849148155,-1.3055964061490901,0.04103819513569973,0.7703409084500872,-1.8540434289753531,-0.39966495741461994,0.870655480822177,0.2572462037259392,2.653354564733427,-1.6859474080949741,0.798146711824544,-0.3446417586996199,0.6867394212831434,0.5828510678309535,-0.9163765508326639,0.43036794144736623,-2.1830650027124165,1.1289859553854422,0.1815052948999953,0.7181969160978181,1.0760746635533947,0.42230105230207426,-0.28223373830763554,-1.0875822411399165,-0.2866561692740012,1.3127689552421251,1.7454882775326115,0.37499816657878265,-0.22728360701817887,-1.1441589271659085,1.7284439471003008,0.9117836006981566,2.291891834626808,-1.0325449720721493,-0.16302420695940567,0.0961947836068635,0.36099904868397087,-0.380828167152049,-0.167447627914228,0.36872570515414804,1.1815691313971721,-0.9557384210221105,1.692831404438652,1.6163586598537232,0.3918273054978115,-0.2534441727887736,0.750532786418828,0.051927770453315994,0.12701235868614227,-1.8943799707963944,1.049920138613349,-1.427422689442373,1.7282336622124541,-0.16178712330287925,-0.0641706596539342,0.2654894779032295,-0.7452460838493673,0.9341242289566454,-2.7534929779272703,1.1109965797077812,-0.3312034768784193,-1.4207666238429064,-1.229457905848085,1.6723239144553574,-0.764221307896873,-1.2600482753650835,1.5800476720026977,0.674734016443445,-0.4410891761200537,-0.12566423428658274,-0.7200515585507612,1.2112515383927094,1.4405163420125606,0.7480699272424154,0.3054310118598257,1.61953553087487,-0.2091363572148103,-1.3147454799423575,0.8000267316270177,2.018680850495738,-0.7492094905585129,-0.8477629198527477,0.38597921334783236,-0.6229975955505642,-0.9181003520954102,0.6662788830909633,2.3729545177638425,0.1615763168941121,-1.1162597835906383,-2.3567241478963443,0.34120951817388007,0.9235593161026877,0.34080836490222344,0.08280376620701158,-0.5273606524903869,-0.7497018937165532,1.1423128536552323,1.0431545501579018,-0.7230004273972311,1.2778402033783562,0.20596751998123503,1.361342598904052,-0.6801249979278189,-1.8480742657409024,-0.19336060253325507,-0.4191594160382375,1.2577718104591482,-0.02651133631830957,-0.4162951910424652,-1.0335367601628715,0.7926230036401394,-0.6903579721041542,2.1053015086145086,-0.9169393914711872,1.5372181678726045,1.0573066474150818,0.38327327700475755,-0.5164789727711774,-0.7488622021469877,0.366123940003512,-0.12859091223931626,-0.73871632455936,-0.086010497561504,-0.023910119906891656,-2.2028501534480585,0.4350313111007053,-1.3423908360386774,-0.9038508171661791,-1.890342931027261,-2.3818602871665178,-1.8734003045835323,-0.8895879823884217,1.7622189058574014,-0.38032650900418563,0.24094867481038446,0.9658697763660399,0.23661330066549308,-0.20828899371929827,-1.402323360270488,0.7543875430543973,2.316372775302342,-1.163764853865512,-1.6652215504298071,0.22254812868018484,-0.9860097904566918,0.19571796086280224,-0.5992848525575774,1.9375128284325496,1.0748212797773518,0.21119958131116778,0.7837394704157279,1.5493358686039769,-0.3827602622305742,-1.0061793891669566,0.14560214135187666,0.7148602625299232,0.26846260966358226,-1.7481710811369835,-1.2343949911047893,-0.08321087513138449,-0.5024671707883606,1.7543003924853964,-0.7839840665193045,0.5193557694375079,1.1780267068502523,2.207296571772602,0.010263641902864482,0.49737509722979684,0.43237845737525127,-0.33355293146982373,0.07694939553721347,-0.09817233176932905,-2.9452605572434774,0.2186596252042828,0.24657175466932135,-0.10399043481103051,1.901388380037408,-1.0682006927280585,-0.149536081646771,2.223697131441595,-0.7145680381987166,-0.16679132966586913,-0.06106274756025887,0.5935833266454148,-0.3627733125263256,-1.4532248899164055,-0.4197563706879166,-0.4246137098462665,-0.34643979833880884,0.616937791289946,0.025655907957678914,-2.5353008673526394,0.7419491298892634,0.3590925828988425,1.3727462795285557,0.48492649866102694,1.380073934831501,0.689398356900639,1.5465384153966684,0.8723192916005885,-0.39472224741608675,2.5245093307658415,1.398113308207972,0.6325711821734517,-1.3927598385287385,-1.3133498688466507,0.09981435546102821,-0.1835981273591463,-0.501382283231231,-0.10983028558997181,1.7463757485440727,1.012830534022488,-1.058647520496803,-0.0018515276845728007,-0.7420365514203846,-0.17281002957097946,-0.26306954552097805,0.12175776471713767,-1.4362299469447515,-0.10759456015584434,-0.3956533902098114,-3.0256869105886257,1.8994205375049968,1.3189243996707498,-0.20264369171702276,-0.14455916864747653,-0.8472752453090877,2.36176979982193,2.092152855859771,0.7550374597870766,0.3430960692020917,0.3848382942503471,-1.2118864464965329,-0.5715738496957161,-0.24678389381086152,-0.7464875882009813,-0.6233801536193154,-0.1088822062907904,-0.6752846673613608,0.3667058594999585,-0.42082862862476855,-0.5133473520546088,-1.2255911973515417,0.7235920022288205,-2.0518389053728434,1.5494126751087856,1.2839879121136717,0.46643231613423203,-2.574979219676778,-0.6215313699726934,-0.031148926736205396,-1.2111520107656357,-0.5587537983074615,1.2177861988153165,0.6389482948836601,-0.40451264697550693,-1.8362534303011406,-0.43998787787127996,-0.07726915131467837,1.047371025461829,-0.8277050871710357,0.9857859887979233,1.9933841167922461,0.5986244266160177,-0.49564570960019344,-0.845024653893321,-0.9086669295608604,1.2509133995834896,-1.1164937779888762,-1.2450900340046074,-0.03244495041082705,-0.30187000035650113,-1.7540794248766105,-0.06586639166852812,-0.1331483698428213,1.1965284424936575,-0.42387180007700875,2.031911990817848,-1.3978497972914545,1.198704859840916,-1.4058913878467854,0.6381722721563998,1.2599216548915089,-0.6269442215373217,0.5788062904903482,1.1940930826216059,-1.778537435827151,0.48822562140833514,-2.512235307372653,-1.3080303901484327,1.0201445495951842,-0.7273092751479715,-0.7967993968796896,-0.5321234437912298,1.3895654842013214,-2.4173242421131094,-1.2683492178149314,1.4327442374599528,1.8448629924085194,-0.4819340894386219,-1.163979797319365,2.399647567356742,1.8357961831057745,0.3032509226068672,-0.47038021665634994,-1.1758651842429597,0.1612785091470484,0.21723786205659604,1.6282858870489954,1.2480814457845604,-1.3092769672376325,1.0914220434847934,0.9908732006324779,0.7665189040263394,1.5101333252869227,-1.3987213802943845,-0.6431457756001479,-0.9713299072361038,-1.5612430846017311,0.15734913383077676,2.0462215781386046,-1.644489611854299,0.19562040854680257,0.5557190188417308,0.02845750187178496,-0.26735631268867494,-1.029135812676124,0.3861533462921853,-0.8148506496203349,-1.9433393615895216,1.0375841647500328,0.8852330637771614,-0.2358992562918265,0.03726500201735525,1.312981784748147,0.07333244589918461,0.9425043511843239,-0.3480181398132752,1.0146574752755126,0.2101178050158154,0.04895139968948395,-0.9036355090108524,-0.16838372182867326,-1.173751234661221,-0.42233451567778263,-0.3192217554733901,-1.2273934428087176,2.215232159011516,1.3615171986493948,2.1270211302015958,-0.8829571398227469,0.536289694218197,-1.6144882357260255,-0.44812296103620547,-0.5741835153986781,1.123124827226288,-0.9434466652789677,0.8643471715842724,1.0744036089228157,2.8704263240347783,-1.082496944568946,1.1655850990890628,1.5406666977434433,-1.0166799048782533,0.8870737027610249,0.6689927003362278,-0.3902518707526279,-1.0814159437349355,-0.6871635712397495,1.9504714036619497,-0.1913311495481229,0.7136409632496921,-1.1588930442229188,-0.769377588070742,0.6084647669588235,-1.281356874046159,-0.958084080890693,0.3554367319104575,0.7126150025813305,0.2567282764632589,0.3384290212132093,0.7486082147869242,1.2226318671846768,-1.4857240616393677,-0.3142819942526909,1.236712513117158,0.5610847822088573,-1.141760701460599,-0.2847549943706337,-2.600170078264093,0.4169202448514457,2.820855880595664,-0.6184206625881761,-1.4274464774281406,0.6249623456283544,-1.4501099786440217,-0.2779052777513797,0.3933437216367539,-0.18280285677329305,0.13999252904776843,0.5998018211077979,0.3194554036514323,0.2697462610671568,-0.14193870046194426,0.3559956739348232,-0.24122074646536004,-0.2588844458961752,0.03535253909255044,-0.14444043811560073,-0.45741496291544903,-0.08171375577677453,-1.4488080912121395,-1.1286089268147554,1.0296036162317583,-0.2728204357377403,0.5945979302373353,-0.15522717335903846,0.24874526753007375,0.48330393923279924,0.6086322215202071,-0.6620823096773547,-0.23999215295827608,0.5052656442469567,0.35424369497739006,-2.5212009100984516,-0.37322580645929926,2.7005314447385005,-0.32185862254318176,-0.7439099921537949,0.3731838230849253,-0.07363651136792954,1.5015496073348003,-0.7442978135499216,0.4848598357445866,0.8326909241072465,-0.16256680594423323,0.13459818546674077,0.5173423481864419,1.0402307639644905,-1.201928557486112,0.3608063617088924,-0.7209545565650348,-0.19200367054543838,-0.3137028541334702,-0.3427074599015178,1.3376812976243964,0.1155738228312925,-0.8640469446046881,-0.26883979146236636,-0.13758150927896845,1.0330254057010233,0.9547719610872416,-0.9070177636586234,2.943893733706255,0.0075470202074149235,1.263019443594017,-0.391205064040247,0.06810366222560028,0.8140782474435656,1.5387155839337625,1.3824038684420488,1.4115272541606747,-0.31676049996179,-0.5813910644650654,0.40154624045017373,0.5749591904505449,0.15943804749880455,1.2501207556982616,1.6565672651664607,-1.0226688417510934,-0.42643419901012397,-0.29340591108965886,0.9676241599157371,-0.6904434243781239,1.1405871019348401,0.3923946148647694,0.4265645851594894,-1.3015479494331426,-0.9463543656791983,0.8920386835750179,-1.7650431302082359,1.0535404208180685,0.34469698110473523,3.364463276158507,1.9510309237935182,-0.05538106372932043,-0.19545605145973038,0.7826170358319695,1.7853935727500225,-1.7366943060803746,-1.9018452829946713,-1.013531903922257,0.57195938223989,0.2565847057592384,0.8408924589392869,-1.406022263097725,-2.232595704835222,0.9235926381336442,-0.9984834325993942,-1.8536854231634883,-0.049993794445983425,0.4645125980431533,0.16523769289969217,-1.2104385394432713,0.1342360028154153,-0.3451255214629175,-1.0255699489948178,-0.9469330083682849,0.7531977414755333,0.7787535894667496,-0.16464561766540003,-0.5838379534271512,-0.026279188063688404,-1.6328802164156326,0.8614407881883512,1.1229566167490668,-1.221152199570491,-0.41256468918039113,-0.35876608046295827,0.5384873149394088,-0.6643248798710961,-0.7847732948260058,-2.1692427633044526,0.3535645511263332,2.815780646747759,-0.2710739429118704,-0.592628290937536,0.49035483950824704,0.26297216130298556,-0.7117840173416886,0.5730933220334757,0.19986924558129632,0.1062885625667959,-0.9933206589318198,1.21485485003909,0.7077744671797969,-0.042197372096294886,1.2951191438695686,0.163581230625182,-1.0177195345979642,-0.3954385567162275,-1.6475373124416057,0.30578179469371275,-1.3751741769251535,-1.3027790817626135,-2.057230136761045,0.502496033930711,-0.8487994614638392,-0.9606579771489112,-0.2163888441497291,-0.9871752823848186,0.5824243275788105,-0.20870529402781374,0.6443676123367288,-1.3012573304747237,0.8172934801991116,1.0504035128919946,0.5134957007083684,-0.35690842729003297,0.736124797894838,-0.07397993213131428,0.2607340395972167,-0.2677617438899008,-0.6153399054244785,0.5998224712301943,-0.4086088832945197,-1.2266525607335526,-1.264353545261256,-1.4202534811893508,-0.9221827444233986,0.3246603796256213,-0.6744684884458422,0.5943242626693432,0.24443829870748499,-1.7531046368829877,0.7666297979963852,0.011332101239873021,-0.4361875203262942,0.7205060425073704,-1.1542990433072742,0.6132894365714868,-1.7432951487942447,-2.104470488151988,-0.6447028338749797,-0.18572582212791366,-0.6628752073772947,-1.0134504696160633,-0.13769143942961865,0.06775568333811205,-0.17634820333004836,0.25614331306844035,-0.7215795122958959,1.4761686933026692,-0.7951288530839329,0.6064223877778203;0.34967358618129196,0.9005374661108243,-0.4280732711181149,-0.44465319420125227,1.050967248844544,-1.6664253069158308,-0.6981033322443523,-0.2527122952371851,0.7939469153890676,-0.3731245857045298,-1.2568404534914321,-0.06456518773347954,-0.5252980375119827,-0.6328090940438382,0.64081598533768,-1.3838256685620722;2.434793408278155,1.0912328890528518,0.4352667006812801,-0.5296222937854701,-0.15985088951305632,-1.8334937820629023,-1.1178408502642445,0.21938223300532747,0.6211223804728978,-1.018287337137808,-0.3660146518537565,-0.7843564459078354,-1.0730868759039605,0.25060376151343217,-0.13120581051555913,-0.3645854672768005,0.05713104376308808,-1.272737401519332,-0.15532602835097398,-0.04645129683669827,-0.6129438639655409,-0.18424638799347637,0.4038422782876102,1.2056662532005127,-0.040423705087238096,0.8054353922174692,-1.5061581053235298,-0.10682614728735366,-0.9898773631397322,-1.78166618050811,-0.6428681318958168,1.212817440837834,1.4300534326410617,0.15144344059225134,-1.5785177545550837,0.2324583147994003,0.871598437091683,0.36650916471370654,-1.5026695962887904,-1.0079400106848313,0.20831351195899234,0.41724082195466083,-2.2187869144390957,-0.20421379019734934,-0.006638206342054552,1.1175584042412128,1.1424754129243404,0.6770567690400956,-1.0256364835967404,-2.1179159542657655,-0.378250824057047,1.079764423040809,1.0097449291727776,1.4647823458899585,0.4935079491610861,0.1946435460129703,-0.6369010763344144,-0.42850601735381055,1.796483894867639,-1.395640079498081,1.718544961460303,-0.4566858290572713,1.1303347558949268,-1.88203011654712,-0.0005848051443130969,-0.57251854500263,-1.4251898765092947,0.12320570483750201,1.1906782222059507,-1.4708912290029763,-1.501741944740174,-0.19827014152106134,-0.39509065892480544,0.484906947260463,0.6940161594445204,0.16263299689800398,2.0365224654550493,0.5356827890448174,-0.4592161818255726,-2.066681360811678,-0.2546640421973446,-0.7904526228733606,0.839848108837911,0.746278988471958,-0.7530367428958442,-0.47866203841645966,0.646893394946892,1.4950182561178809,1.2681288839636948,0.5355961296103159,0.26638361550595113,0.9442266015913519,1.5837960430596354,-1.2646896525316456,-0.26663126977852675,-1.3349614760466655,-0.3639142653894295,1.3652595084453465,-1.0176018115879488,-1.3773559693908612,-0.1871465736000238,0.9387371333442333,0.27758364665152085,0.11095179798056987,-0.06808795587863256,-1.4253803910597493,-0.2019703290838838,-1.016636164400328,2.869071694606313,1.0844095167436039,-0.7665986322603366,-0.5993042032410506,0.11918728003768894,-0.2380403620116945,0.8209478773249465,0.26979044602466457,-0.777912404433478,1.8208336104127116,0.22448692342539328,0.17787519103221838,-0.5835439178629104,0.04724949657390547,-0.18392524811950703,-2.1928766205065005,2.1580712554215395,1.9272086070320016,-0.7500804044193683,-1.27410674447434,0.6905206967931192,0.19273145513910794,0.15589450981495384,0.08369190358895393,0.9665945629046933,1.3177140653187658,0.3659573908962517,-1.0404841715013577,1.2863960751630343,2.5642534022031005,3.178293478142854,-0.985345734667022,0.6532034985825828,-2.229323604221066,0.312258365187047,-0.8814808724755816,2.8440735697168322,-0.12476031340331448,-1.7701371476490535,-0.30939511614032245,-1.7709723592935216,0.7685521523085608,-2.387978384841731,0.20899987529794034,-2.110812802423649,-0.15918126088571422,1.59487526016641,0.8704787157389775,-0.8727103610145628,-0.1247230574272274,-0.222959794867799,0.23547209447417905;-1.7960610264535235,0.3849984104539482,-2.234214456541973,-0.4169600666466723,-0.30140468725024594,0.7847689752813526,-0.030167383452827417,-1.4885912633003116,-1.1300139714348214,-0.08972887974271856"
1,1.6349227899589283,"0.7944511624459807,-0.9193955493190703,0.51705930889895,-0.11863671175687424,0.5320787859368706,-0.40147474390185683,-0.6173934934276668,0.6586284445846949,0.6257612098936827,-0.39184746381009006,0.260063023802992,-1.835318272076906,0.5310592698573927,1.8446781882690941,-0.8517874137243084,-0.19935769783407703,0.19618602759997827,0.555647955637784,-0.036725224156576725,1.0684715829244606,1.304921265685036,-1.9405861519756558,0.5329074289935124,1.6883316530152401,0.0728118683653908,1.4730466328371428,0.9112885181813211,0.952729607882364,-0.16702238968428118,0.961546433397971,-0.23692829259788176,-0.9255710158429968,-0.39664546199532624,1.393608434258551,-0.48355200568304935,1.369027557309794,0.3140388194823909,-1.1630437132750713,0.8612356507092873,-1.8533943437287916,1.051418802625332,1.0850818009114105,0.10724976692116295,0.3356181066321643,2.4260044523290185,-0.09238884412696177,-0.6035866736155836,2.007998374465972,1.297186801225312,0.6350433219489079,1.27115319205617,1.8366186077955646,0.14720625541600413,0.3771147715378145,1.1847014291323972,1.540194343287824,0.6994598585856022,-0.5939674005376725,2.265381866946338,-0.9812420813337972,0.016596241060602944,0.4749943107681942,1.7928764508588797,1.182630877266734,0.9157064412994762,0.7982450432042025,-0.013859111858693575,1.1054560244549883,-1.9671144204567301,-0.1465395504068589,-0.2564043022064567,-1.7342513997016653,-0.017596615470945584,-0.51150227680664,1.2962019072440343,1.7222911567623407,-0.49284170352214485,0.03295536875094572,-0.4324972956462163,-0.6096601976503797,0.3329978786817111,-0.9478943421168946,-1.549974548055004,0.14243149481201023,0.3745844668550829,-0.15967785680473245,0.524273138230908,-0.7022913337463202,0.22193582007520316,0.8026513369060322,0.6171159527700076,0.4056733748825848,0.17281579264878402,-0.4799366885373639,-0.37170525269912325,-1.1817657181990384,0.057364305582858044,-1.0674095408281299,-0.9977898599896329,-0.026022332709057377,-0.19660054832871343,-0.08681530530679663,-0.21843218127071135,0.852077592679285,0.9146762304974047,-0.1160108206616822,-1.152965595542082,-0.16796950837155947,0.014893758395559217,-0.8028524480689034,-0.5124807506721492,-1.764329085181425,-0.9610367034680174,1.0077779551691193,0.566235278219035,-0.8203704863598468,-0.8913665025402879,-0.7913818175333976,0.1081516101360181,-0.3171786727503282,0.37216635788318947,-1.6728018677224181,-0.6338507387190285,-0.04741960545947328,0.6891857192980292,2.81508794274894,0.8541240056198612,-1.3895711030293698,-0.4537665869240687,-1.981175472830304,-0.38195994798704147,-0.8980357893979529,0.5104299569184509,-0.22697984420797856,-0.6654665427970033,-0.9658494696337848,1.4310288961827549,-1.251786839540685,2.145979211978952,0.50367635246062,0.6935549863335159,0.2028884353010876,-0.35912760133760063,-1.9627127177117618,-0.29115520003246587,0.5013942355751847,0.35119376618357534,-0.7662738745030767,-0.05785165148614828,2.0828821590356053,1.0298861552516556,-0.1226880828083936,1.2669266346339174,-0.317639683684223,-1.4199039965109206,-1.0491884375876195,1.1968120625186027,-0.14943194589332065,0.11221298123212844,-0.009544368412371877,2.2552743690322243,2.174361673690234,1.8609333861168966,-0.3257435719345639,0.6664547745598371,-1.3188665959520343,0.9021320809902491,-0.9949810043823474,0.40210502967358347,-0.5266671653838265,-0.8575757909802737,-0.7686485286474953,-0.6773165312484092,-0.6553500679008991,-0.5910446816004049,0.6126726740073025,-1.187064844202387,1.0697250018293831,1.4291020652262985,-0.5360763876661505,-0.21013876181264907,0.28120965420226574,0.5485969875917328,0.399193068963555,-0.39087659019609566,0.8131705065482242,-0.9217344867241414,0.4175895849301135,0.6749346218567653,0.8284560296839935,-0.4033902141594552,-1.3514599514950727,0.7989412024783973,1.079642900002601,-0.5354524970211543,0.27891512672962526,-2.3001405705635483,-0.8156949803965098,-0.6204754354431863,-1.2456256462962072,-1.1616260613127012,-0.8461406420404606,1.0025533901897798,-0.6624057591476314,-2.0574224898572733,-2.7382588079070076,-0.5400096310995308,1.2401540042486239,-3.125840920511713,-0.6008992210511093,-0.3883422163198993,1.5229773604063324,-0.38913574737524215,0.33627832741279146,0.6997310575021729,-1.4758112869967435,1.25209539670804,0.36058579246642364,0.4332415053344352,4.0596181829655915,-1.9571195455208394,1.8607793873322445,-0.010393560985195963,0.3076044665519444,0.037098364335727656,0.013819351323949083,0.02228986702708476,0.2636341122877934,-1.9330199690852548,0.13855544291256058,-0.24630039488163596,-1.1350605413057075,-0.34869522062551866,1.3724530992825266,-0.5791361416580416,0.3591113053489723,-0.6396323724575366,0.6945122285117207,0.6112816454086177,2.236495219343147,-0.6121650618629644,0.5430181265027161,0.3464553603386378,1.225606398744382,-1.0440964730551934,0.4896248360350558,0.21869708434443247,-0.24194787695560732,-0.5279479647839342,0.6595824827817603,0.13025014185843695,-0.07727850313922383,0.9302962541345178,1.486531773144352,1.1511743098855634,0.012350774717474616,-1.1612441472770263,0.575777131873709,-0.030874283471957947,1.227921878247284,-0.9817216649820054,-0.8766752613922535,-1.605425532180095,-0.4855055136640406,1.0080868581578604,-0.5190763492345346,0.9909189377018788,0.1974575485702794,-0.5988516504739148,-1.1008342745648714,0.11261165560629602,-2.983584133579236,-0.48652396204466497,-1.9563887499612567,0.9081192059508224,0.23763844296356085,0.41247789362499154,1.4469061231556022,-0.853062552506538,2.2348369653154956,0.5338336633019084,-0.4426504998576789,0.8034929725216806,-1.7225173544052486,-0.5239450844306288,-0.3796132229976441,-0.16710972274956262,-0.7967872157433492,0.8123678142561338,-0.6268282212200952,0.22565018209281407,-0.4962265106978403,-1.503463649986147,-0.1986540812418123,-1.921718587745967,-0.3022632926717982,-0.8289204751023294,2.552223253918179,1.5548512924590305,0.22472402801782282,1.2296402803499695,-0.07629072001754425,0.437521378627224,0.3781583795154604,0.8427545908433587,1.2724089207318914,0.2675980383531032,-0.256733713118722,-1.6320878731235446,-0.3781637135033686,-0.5252578420987098,-0.2881486899166559,-1.2180395423036976,2.943005138505433,0.7848118840492326,0.48899980898746975,0.01810912452430087,-0.31264887433362737,-0.4502885494219139,-0.6837363879669331,0.2805332094464477,-1.0379346570047359,0.704326942434115,-0.4125432885027182,-2.0078696733412498,-1.0163338200126082,-0.14968787399626748,2.340064483418665,-0.07313915857270771,-1.5248836625471056,0.5125921042037984,-1.4200064681714604,1.70955112843865,-0.9966106109696016,-0.12388173135483453,1.0819908432527923,-0.9912772589058745,-1.5904389511256056,-0.1509874881470342,1.5654867368417178,-1.7790148940601835,-3.015169622771976,-0.8492989822610875,0.3732795435791913,1.5915675229720816,-0.9398688157564539,-1.0639243893305377,1.3136375958787552,-1.5716778408800531,-0.29282835066647595,-0.6802715962844905,0.8438549927810302,-0.510221814851753,0.5721223615440343,-1.545766601034176,-0.3684742570301858,0.5128794338512144,-1.3415212240152063,0.5886821310254344,0.28965040227780586,-0.35196180518721104,0.731786471765443,-0.41409002543658097,-0.7849311422322021,0.9428947050197557,-0.1824058454996671,-0.5933804415981327,-0.3077864437876613,0.8079445248736692,-2.169562531086915,1.0520699397173616,-1.1760810344676442,0.5743954807095183,0.6572134377979311,-1.6292632111806156,-0.540880807224557,-0.7046665473714344,-1.1734482616948896,2.416928605173843,-0.48840250900079113,-0.6727306426474173,0.8592592680208597,-1.0357255901726248,-0.5840249185709077,0.8879047818953315,-0.11859286900605767,0.18335337338465393,-0.36426647531665723,-1.0481507446312117,-0.17170036604217115,2.095227221984694,0.1674872643119438,0.24271091120338878,0.2518242941079839,-0.8395796988574873,1.748798369284972,-0.03526537584576153,1.478301420466391,-1.2221506303428502,1.7596576966409225,0.8192673590930801,-0.21532705122278634,0.13344155969474786,-0.11774230610495348,1.7231993447498966,0.6911843137382963,-1.9699588087576516,-0.7079982232074092,0.23742161085950197,0.47521243552557935,-0.10866300413669482,0.7460240609858549,-0.9075734786871484,0.4738765908003694,-1.733687494578358,1.3550991595973916,0.10869476343337084,0.4777812493798206,-0.791222926060921,1.1691285314074142,1.4151171837988978,1.1020490027340026,-0.1660678591945044,1.0275052876125346,-0.8018701326888077,1.077748335897349,1.54522299870358,0.8895428471595265,-1.0884955356808579,-0.08612138067266877,-1.2978216039050863,0.2641078165654368,0.8741760144927366,-0.9955409451477891,-1.2880459175203332,-0.5016806787811602,0.48358926028113913,-1.8953857022108602,0.6575010623986133,-0.14356807380509778,0.1497155769274731,-0.8300939852047221,1.2398062487984645,1.331875119289807,-0.2655725336107423,-0.5947783963766953,0.3478087448913492,-0.7715294023786038,-0.5471160113240461,0.7979065547643366,-2.4361598181177877,1.6588957701387856,0.26326659785596673,-0.321047965280679,0.046514502244453804,-0.37653400859877517,-1.3212275623243523,1.4266868065772278,0.09653296386050218,-0.03642939512006248,0.9292058359387443,-1.177531606124973,-0.11447319946235274,-0.0972094053752019,0.6521642356929465,-2.1522289285234257,-0.8139657406573372,-0.7522209594508331,1.0266745818488041,0.6485993541713964,-0.9296659938829334,-0.6691320291168645,-0.6426431162688973,-0.48663423603792744,0.6305949933097914,0.3256354003455004,-2.876757135146423,-0.8482208781302861,-1.1493692145593717,-2.0359260654511884,-0.9139299298491335,-0.16065155537776316,1.4745838047403235,0.15148589004455415,-0.30939455720430653,0.35923789004096257,-0.6090187875411123,-0.263561708903187,-1.5342696002869813,-1.4098708711940893,-1.0450056068228248,0.012163210494519267,0.10491846686003256,-1.196082671091319,-0.7705339262332496,1.136988576141411,-1.6970206512191153,1.0212198332537994,-1.4630889733503514,-0.7752111162245165,-0.7403971474172124,-1.5822246754956149,1.6380086735114094,0.32476404599205283,1.706486311937985,0.5306969773651133,-0.8969064324152003,-0.3951164484254407,-0.47588232163299105,0.8642433058799551,-0.8818238318820631,1.3560186220406405,0.7724682433057692,1.4765209745689043,-0.8362942845689185,0.8733666328127072,2.3174490168774122,-0.6810380049109893,-1.9603757459771831,-2.256173009549705,0.9173776438719117,-1.9740033242857375,-0.23595647629444502,0.46555216845514835,-0.049928635779119025,0.23809131688622287,-0.3687597049965442,1.398452050358052,-0.7705118074400448,-0.9596761953009831,-1.4442063061026458,1.1141688801408955,0.7896905463972599,0.45510224576836644,0.7123917781140526,-1.31538915525709,1.275481812044918,1.064676294574145,0.6548977759139422,1.4413552872963389,-2.3284500397627834,-0.3703548323645455,-0.41972652296834795,1.0406597046806263,-0.8044852020443735,0.7252182767258889,1.1362141939771124,0.5036610680741527,0.4061899597527861,-0.5410020476871291,-1.5008737690567278,1.9198852900354137,0.09951844345415622,0.34135616098468324,-1.0769986605222008,-2.056519082366124,-1.3464936642187593,1.9314197945995182,-0.8132211554579476,0.5346538196171049,1.5181805577979532,-1.7710252940612548,0.09829611634862204,1.1947346182615544,0.3522860136629121,2.723338552933948,-1.347072674242817,0.8163404109532956,0.07927059274344035,0.8373706624511871,0.6484475075202041,-0.21436730947465826,0.07409011576300875,-1.947413870646964,1.123260834172963,0.24684359834635333,0.3950897727636465,1.255796629388298,-0.1554900276339109,-0.13738404302547175,-1.060980636266098,-0.7203821276044426,0.8210967433176213,1.2896130640732213,-0.29930353088223605,-0.32615729509835034,-0.7061791297772464,1.7387055752515304,1.0547838650399866,2.211515318274535,-0.8257203584691053,-0.6428952625416384,0.05143352733719016,0.2896186129949859,-0.612076871897027,-1.3795689173422927,0.30777599937439987,0.9101142568000337,-0.68018144238897,1.0043602996647263,1.2308246608110405,0.21630643007504607,-0.2774127934955511,0.44696542988311955,-0.1307198443281695,0.12226772349890577,-1.7497485316383536,0.7935101111352789,-1.6961165606241575,1.0043871523696284,0.4041364412364327,-0.3778376746084654,-0.38130714578709574,-0.40893829808464066,0.5739130259403163,-3.017997406659324,0.992292761905098,-0.2622912133561812,-0.9882604179515126,-1.1632175095543833,1.5974030674812616,-0.604732348732024,-1.48616984443235,1.3715273338119796,0.1906400812438359,-0.46908844002449696,0.04942626993022278,-0.9523810764509204,1.0564611537941202,1.19314515904164,0.5283020432246086,0.6597750612724547,1.6028835288069887,-0.06416431330607618,-1.1082435054343482,0.5184236274712742,1.984998679374741,-1.3285277558555,-0.7923966159122041,0.9511486949282553,-0.7914449488709434,-1.2295775669259108,0.9889265921461466,2.8365310210945553,0.24746024868228536,-1.6298908484015837,-2.068756655014871,0.4311565290284536,1.093223949036844,0.724791688260681,0.5559997445501335,-0.6602484894878281,-1.0899871369213419,1.4083247900825147,1.0021849636576268,-0.6077176402647482,1.806748749219538,0.6015608308548311,1.3326619741316221,-1.2062798972269053,-2.431731105830744,0.4201409947097059,-0.403591754932946,1.9613663439658051,0.2813263053741916,-0.12817399193967127,-0.8392179007659809,1.413949087636285,-0.752777694793,2.1200669609273985,-0.8113719888973194,1.3168520224411278,1.0912241525085442,0.03319581230405294,0.017595408812843768,-0.7158834022905982,0.15915716695815724,-0.44760489425317523,-1.046800402117476,-0.009027109399416464,-0.044175682562674456,-2.4153637806146433,0.44974439675807554,-1.4154300102543482,-1.2651289667735754,-1.4481240671039257,-2.0219996235312556,-1.6246332729802941,-1.1318800769068709,1.8531734633761985,-0.21779699099059296,0.1383911760266513,0.3032376381923223,0.15057832404602012,-0.5329584700370635,-1.513864789350167,1.1086396854652418,2.0913182893579285,-1.7221137183747073,-1.5189060615070633,-0.46651791377426416,-1.5185713905921445,0.16279378415955997,-0.7030956653856582,1.7833380485706236,0.8627402177684712,0.13924151516727043,0.8602181577869487,1.3099950048029558,-0.7507489277476462,-0.45240751807518065,0.044745153944893985,0.8253992895152971,-0.03049852347738405,-1.1251024505962577,-1.0894769417392536,-0.750414782414958,-0.4687595166646366,1.7042762299524727,-1.0501300448294972,0.8728752569129705,1.3725289332869985,2.065121827790136,0.3543369883323704,0.8289197888330415,0.6400423729231147,-0.0806531246088205,-0.5929397516058263,0.277033104349535,-3.0966737493321186,0.3606747862198905,0.23779474561980146,-0.2544749594399087,1.954553649022128,-0.644497682931094,-0.028407244513267912,2.4796017345169674,-0.1526125005273832,-0.47632450132901893,-0.4621750133056656,0.6522565834689127,-0.1730800198035711,-1.5694772314858376,-0.07366062173987778,-0.6392057613371227,0.06699006108722999,0.8787121281438585,0.33612337513925095,-1.3715305721003683,0.8699625649434883,0.1718880850629333,0.8939783991272333,0.2840491917631197,1.5691240840012932,0.8793841409803399,1.6028008522976132,0.23040310445608775,-0.16562765148350642,1.951744422360905,0.9178616661248171,0.8764819440621923,-1.398128250955191,-1.398477118396374,-0.46737993584802673,-0.36215212789067563,-0.5650068490151993,-0.07743340831017968,1.606848433816163,1.1131430072229693,-1.8676016092508863,-0.0805291684861143,-0.6356078731704478,0.04293279399184261,0.031018416583974598,0.1835907004510413,-1.4753326741384518,-0.0011887522518646831,-1.0086054644059066,-3.2622692055404396,1.5557749811048986,0.9556430285156337,0.12461342660112039,0.4710600478224074,-1.2600712547280857,1.8944630849581585,2.1036501026156254,0.8216778732686598,1.0713212205326883,0.6249607273783016,-1.5783992293090967,-0.3008086261787442,0.11646283506016929,-0.3991503022572188,-0.15627606422991977,-0.08942064872601481,-0.6090559980584997,-0.18109734372601113,-0.5083197828161226,-0.10301348778022341,-1.2619551674554828,1.5139454054266615,-2.2273806105896194,1.2246252004887368,1.2489406587863885,-0.5257259765821423,-2.326392362727814,-0.34564738144447993,0.10985382800108318,-0.6516582352638461,0.1300627566926616,1.7192317282040765,1.0996905423345065,-0.5332874294920358,-1.4276576550468865,-0.4647392621379926,-0.1067106903148494,1.3080890015876132,-0.27575007751631875,0.5567730071395227,2.2057259234855486,0.4908938458498563,-0.40841907147043793,-0.9785954486460683,-0.9091256507968318,1.09374095710727,-1.6572775305033858,-1.0417482695536895,0.33303959194688026,-0.4419285447726594,-1.0703732030044193,0.6716087576736639,0.025669022488499088,0.7832079965905918,-0.5516042712613732,1.4354635494167314,-1.0980596454843587,1.3314522550725694,-1.5511908803946561,0.5716234656000395,1.3768241388644809,-0.16443076578641178,0.24091949083462055,0.6582347085738662,-1.4003212584474043,0.09249820647375236,-2.6294357281980845,-1.6455129358811036,0.3960756948265318,-0.813709414777614,-0.5403784554082006,-0.37848829420822694,1.8589567616378233,-2.301227070091871,-1.2464105556672087,1.5177560195782371,2.3353445357790252,-0.4263522094143604,-1.336502177797057,2.3969801598721707,2.297184249697962,0.7785406850263998,-1.0057522132339567,-0.8728026421783461,0.0009322389264407871,-0.03628597553433686,1.815155216789421,0.6559272902792052,-0.863968275348842,0.929900726066808,1.3873612546225764,1.1353893831643804,1.2627766947160723,-0.6830895968913606,-0.5777047334410319,-1.2056517647601646,-1.2851019811828264,0.2998713946955276,2.2604180148926853,-1.4123284970406855,0.3250451503907261,0.8456067115381019,0.0043500535250605085,-0.5114127867989069,-0.9528144457999197,-0.5671196349756185,-1.0456468076030407,-2.9378800613817826,1.0016014274726448,1.0209329383408239,0.010947594042011788,-0.16053594067646582,0.8843477872392063,0.03177514156172406,1.2739669773143554,-0.07646606490775279,0.9638714134746358,0.4040775417991262,0.41024119187397945,-1.4337080815073662,-0.20010370722971227,-1.8277730381917334,-1.016797439950163,-0.5206158711101073,-0.8113170762773154,2.0888925883981253,1.9762430952780048,2.075297256294284,-0.7100759390391209,0.1350639207977566,-1.0919064411952906,-0.8656552020072504,-0.031005913114889996,0.8196374558040108,-0.9530683801395922,0.6304948881755681,0.42859545184416836,3.2389330485265813,-0.5987320664457851,0.9530003490800838,1.5416108409797478,-1.157793987857464,0.6843394385541153,0.16495108210395687,-0.5540194315825715,-0.8472701140543233,-0.908567481922455,1.828374490200468,-0.36352890144264505,0.9062833827387287,-0.5853088457533445,-0.8726119372133314,0.8879591639066974,-1.3490218481503502,-0.9896119201235019,0.5976423252341839,0.32568189513116313,0.35550010446895697,-0.018722026532799925,1.0461126882406047,0.9330438350741377,-0.927388718268029,-0.44706327188733785,0.9693846458692132,0.5577683112172342,-0.8987536249532817,-0.45312015368223185,-2.307485848332172,0.29386551117273385,2.370901114185433,-0.9853445944901719,-1.268897180276163,0.9372027958345376,-1.3381645327995622,-0.5597479121037856,0.5606530093157909,-0.3346982014535938,0.2393600164337737,0.2648382885681982,0.07248131103969038,0.46562602123172836,0.3620556577695774,-0.2179612146723453,0.0838319175095377,-0.6332658289531706,-0.157116591366868,-0.14124144190697718,-0.5992738031512946,-0.021561565766337262,-0.8273149363245708,-1.206372594436247,0.4483284824228794,-0.276570511868722,1.733816427002154,-0.5595336162137877,-0.4201360351057011,0.7311659595074025,0.8542960322250158,-0.8431824087492522,-0.1554770842985527,0.5754846358265528,0.27797810222886654,-2.4113413307288214,0.2502901384505509,2.748416862384677,-0.4197037975614339,-0.5382007249988747,0.8359872519265057,0.7338631338840251,1.4845805674510828,-1.0130692871541218,1.0112560580169967,0.6872952865120533,-0.3041399079966495,0.23178519923061008,0.9962565211080487,1.0854717710394035,-1.3528256005847195,0.4346094361935485,-0.7262628369770681,-0.3522652423630373,-0.49364578434217016,-0.6961696590573482,1.3746660898859104,-0.2174351500648357,-0.6801996352052789,-0.20466141244064595,0.9105300665357166,1.3481602962231185,0.7394819938247807,-0.8536819531140184,2.806592100451045,0.05734180893221781,0.9882344161237566,-0.10959727696040734,0.24354106572054326,0.6909068875494182,1.2665919002077644,1.237202422855265,0.9092803411103614,-0.7497964056129734,-0.6747794525039958,-0.045870669194558664,0.16608028292699784,0.19799662993536343,1.4026818180290306,1.6579615080019845,-0.8086417611441267,-0.647858554385955,-0.4801398379848163,0.4265618764720531,-0.5137201551653157,1.754959933560881,0.5642184330113602,0.6617594862816351,-1.5531344097985438,-1.4236631074930792,0.65120760752505,-2.2273882790562167,0.5978573689935784,0.4726493568671922,2.730424401712181,1.6308742057440426,-0.12867078580201033,-0.27636387123772344,0.4412824082107094,0.8370207949509852,-1.945513700848713,-1.454746534934745,-0.7635703437927791,0.7701938974889773,-0.23788744433286688,0.9540863851822545,-1.3700568014343333,-2.127166493204397,0.4714238253376776,-0.8235022476851233,-2.483408103887546,0.705475423861109,-0.11967534286671277,0.1628562674515786,-0.9912585808956194,0.13355871919125664,0.011082740673455438,-1.4027787313178293,-1.0305522340005187,-0.04290678855415114,0.6642031487953638,-0.4497782958355201,-0.21176384489957878,-0.18181764415136697,-1.5800122398050878,0.921819569731939,0.997789601272102,-1.527989518681666,-0.47204590952177883,-0.30106243219921547,0.8043892439007626,-1.0310186652980633,-0.28729867003721854,-3.3648987996802737,0.16691464336732142,2.35910163670316,0.31271843664432075,-0.11242967040013256,0.16461992467734626,0.15125464365538796,-0.5776200989291189,0.8329456748663673,0.20910061108009317,-0.7556462457371741,-0.6861499242117243,1.6588667164136124,0.8935327565912196,-0.6081825905275203,0.9645912808502959,-0.16603563525029905,-0.25570726938134636,-0.632871562251479,-2.0706671503122216,0.7349123442915236,-1.152256525294868,-0.8117499135084311,-1.838220295703537,0.8249546885587169,-0.8643830271912503,-0.5987751088382189,-0.12527356102261317,-0.41806498631762656,0.5260082870511079,-0.1877161396280845,0.6716370670377302,-1.0960986242327952,0.28709277157715973,1.0548103154299242,0.890085808072838,-0.3722961233686015,0.5110257513091464,-0.15717231353807262,0.050911742259787396,-0.12644999293893092,-0.613660234828568,0.4047103156925806,-0.21914130260023879,-0.8363490257317466,-1.5327629145745594,-2.000915548382422,-0.6026951815692533,0.7181582549481976,-0.5978254835347636,0.6255895889181858,0.251635889779629,-1.7290676804060545,0.49443233760409305,0.690804811304653,-0.6168213142085909,1.0547322953538965,-1.2381756512743967,0.29035788000854346,-1.4235904153587775,-2.094055723085568,-0.07964853051765775,-0.7979206681464832,-0.6602863084347182,-1.0837408722987072,-0.2509980756722116,-0.3572472993472461,-0.255284626925602,0.2759145616383567,-0.9097569480633613,1.8289933875324837,-0.7887243621091284,0.40469622785714005;0.8825254087231905,0.9108941556666149,0.07560801531764995,-0.26439409180067963,1.5853157992818954,-1.716999806772389,-1.5767481837042248,0.0324928143610637,1.2614689861793669,-0.145253036990364,-1.0002234874591247,-0.19120673046229048,-0.9829714333728949,-1.201596689407871,1.0244446145082193,-1.6048123162075012;1.78870753325566,0.8699882330935157,0.9507810007521819,-0.618434426316587,-0.5294690347213553,-1.4831235587466225,-0.6841307446327736,0.514001671714988,1.1348528844015364,-1.3870002704040059,-0.1957492898249784,-0.493734561625833,-1.876897882812067,-0.4677223411405775,-0.48611111693679165,0.021454696196947357,0.3715702093021847,-1.1582440370953804,-0.11373615830168893,0.22301272637609346,-0.6999112272258485,-0.5475167891446897,0.41507146755415625,1.7249314702058351,-0.13448833800616153,0.5075967195742314,-1.436940146889822,0.22783627327837214,-1.2790616433455004,-1.9623433824556051,-0.6073572613553424,1.1544061411333644,1.0512469050919826,0.43788760247381014,-1.9090856590755367,0.18150176155348804,0.7242297859341544,0.3391563439284454,-1.5779296868232358,-1.0092155693270985,0.3807976797187242,0.4558322870246709,-1.752152482218876,0.0031333536350417607,-0.4310037363654603,0.6620197926990699,0.5903997931641317,0.8295321061925103,-1.0761555766781832,-2.1722138520776695,0.14455186000327977,1.0766967179111586,1.298633825861364,1.1358919442134228,0.38377035270770077,0.7027994959677942,-0.4873170632553975,-0.5430095767982502,1.293334705551894,-1.098241084878171,0.7959533926864018,-0.2556876328394089,1.5243698782192987,-1.451692021596647,0.22601884420937474,-0.2583582002167379,-1.4289667552979897,0.7029551586215175,1.2743550251997908,-1.609704283976747,-1.924570026263035,-0.9754291790838298,-0.2592119705276747,0.6308385872948081,1.200064937348635,0.2395150842472719,2.2058358567018415,0.12722426098884115,-0.92494969905435,-1.6815282393985644,-0.25585982673877017,-0.6175658767029201,0.5961896208926114,0.642608435837286,-1.3637727742253305,-0.707788921323941,0.8723206296399391,1.5586449758156415,0.9030993442579591,0.19377706216051388,-0.1404880833623297,0.8420674567025047,1.7220505813104803,-1.0234662057971375,-0.5108841985435435,-1.6572351281894049,0.2649953178623587,1.5193063818728196,-1.6738511155018383,-1.7350203909340802,0.06943055508079932,1.339790982627229,0.5042799751831928,0.6801930884526577,0.6787416329945497,-0.9157731175121075,-0.27506839992814963,-0.8419889454245028,3.105720074061212,0.8586881352750227,-0.6812931891369622,-0.2946455990873317,-0.06781087008943248,-0.05923300561038613,1.2211911065609544,0.1498806093021408,-1.005673129626767,2.2166039003093467,0.526864231722229,0.624831182982225,-0.4494529972428942,-0.18266415698998317,-0.2133093211828329,-1.7939464961372353,1.4791195280468445,1.4045320964269155,-0.1380008300282598,-0.8850583533060851,1.0424148452645976,-0.0004664725912910152,0.7465649539628808,-0.2960709802986753,1.2376421231611785,2.0956759161747525,0.2741652831396764,-1.1979789071180758,1.5414541332915688,2.473332988033091,2.8646050886071746,-0.8683366340608977,0.18417171692586842,-2.3970413026559534,0.8332917386424937,-0.48948302616208694,2.118343064499878,-0.21613806255353235,-1.9417880958539768,-0.4748150160712516,-1.9132199559987244,0.7107016286874155,-2.4600482186930974,-0.059527490004250325,-1.662164130807657,-0.4504827873574284,1.7356120413688862,0.28887025839698943,-1.2541578720407323,-0.007099591210566955,-0.7636764041190571,-0.11683243782032576;-1.7943679776949726,0.2255520996472,-2.5279657509832534,-0.3810402978792958,-0.9870389718460516,0.03217857756248275,-0.620706919544725,-1.5820318281408716,-1.101865532534792,0.4919184294093351"
2,1.5540189128433775,"0.17190390262793154,-0.9992341860569786,0.2490132387857399,-0.22007037099016524,0.6574054362954806,-0.37868661157190614,0.03128345536254788,0.19283891367762462,0.5644747947073085,-0.4224971599678977,0.30601478424566203,-1.5597538750756008,0.5161349386666982,1.34568577707642,-1.1283225064403593,-0.37397188150198124,-0.15462005447719745,-0.28812312324057576,0.6058711326333259,1.3760423523235172,1.6586759240087998,-1.8763851241787262,0.9494190842247199,1.6991305649731356,0.7762132549526722,1.1697463000574884,1.8473253122053679,1.1238194615068313,-0.30586324020636024,1.3650181895539486,0.25339282182314804,-0.39144472139262354,-0.21094617559515813,1.580507878536111,-0.7778184909273771,1.2966324355730576,0.9617755590679432,-0.9071197489002518,0.6878527826431011,-2.0023665193694784,0.753351442753354,1.2680438475582942,0.11010084689930541,0.02291437919261674,2.0269453778380147,0.1248388258608571,-0.6238085146102869,1.6658079337395446,1.6780090606619722,0.6904117482295982,0.8316557658518423,1.6712884884122776,-0.3691357359041205,-0.709568475753776,1.125355232298073,1.778190870144837,0.33285230451346287,-0.8097315510684914,2.281978174664583,-0.18758193334157305,-0.2483234971777539,0.6201593575894677,1.0355404289785544,0.5425621049194987,0.5050362396734022,0.45889180621675635,0.035119018761690074,0.5862750578962481,-2.329816645935633,0.058962116800234346,0.7414496241581681,-1.223887364003314,-0.25641990980328144,-0.5583796439359434,1.3586759669768589,1.966015810442711,-0.22584617820754754,0.18444370527158646,0.2052454414224786,-0.5990168377840488,-0.07319216554253458,-1.0212913236909198,-1.4031665286734794,-0.12664844475376333,0.8992882804734907,-0.6684433106087617,0.9108296962973219,-0.42783709849429974,0.4733175050775794,0.8274592657320899,0.004529911188309251,0.4133139228028736,-0.26615924630385757,-0.3626552779288948,0.24160126063788706,-1.7187982116069331,-0.1949435310026264,-1.3294926630206858,-0.7527330345656474,-0.39005840062610386,-0.36416105815382815,-0.008865489983590054,-0.05425413669323603,0.7631106645997261,1.240872638232999,-0.22150315138818,-1.650905102987885,-0.7367513990852316,-0.5661327729245978,-0.4342735067305621,-0.6514672441695476,-1.810795108349942,-0.36877146709031877,0.4768578653041424,0.9833475903580271,-0.3306211684891034,-0.48481236720888565,-1.458292130227668,-0.048137781726385415,-0.6482776651153682,-0.21763852553204005,-1.791794904155209,-0.1453451779649328,0.1532197818893766,0.18591260245895652,2.5909619738227434,0.38381250966537667,-0.995186327744608,-0.7781158714894132,-2.2538573410491303,-0.5748919249480935,-1.1453840914001316,0.44333829574755806,-0.49512095592656796,-0.15230469930908497,-0.7527960550261039,1.950532287847633,-0.26826539413967565,1.5726830789164479,0.6367652239925943,0.7754614555897922,0.629732701001396,-0.32146433355353754,-2.207983796496847,0.19408626595686843,0.9218197562284817,0.21309885245124252,-0.997458539705415,-0.0992498094403103,2.0652135820126483,1.000202548898718,0.19520343370590487,1.0039901051760889,-0.1719086137983995,-1.3864647870190074,-0.7193052981093562,0.8862597181382501,-0.3745882943360281,-0.2737499980401277,-0.19427647253465857,1.9539601429170053,1.7427085200780636,1.8962939356905526,-0.22494728083798998,0.3066846687795263,-1.2229504527470065,0.9973424104734434,-1.2879276813690295,0.32174243061071045,-1.2857484659539737,-0.9255778312264298,-0.7048281327483154,-0.6635683875565147,-0.4992858788886686,-0.44327404114241464,0.822457081114769,-1.5696080815394542,0.9136900111350659,1.2527963848505503,-0.9206041490017124,-0.35416792834468036,0.34428583243147626,1.0521990243775037,0.32055979903473114,-0.3724044383336734,0.4360946728233244,-1.1989014102637008,0.6364880795272194,-0.06361078455400768,0.2592029619735282,-0.5237921359411217,-0.7222623071909163,0.4195455429366802,1.064818379652892,-0.6991988702986504,0.17762836636407264,-1.8928713385150133,-0.667402787352018,-0.7862060321040517,-1.2167473303267258,-1.002085591076849,-0.7458989365771597,-0.0199038084297605,-0.6514452221482118,-1.6412145039391282,-2.7825235177800947,-0.8103615923256047,0.6431109377363615,-2.848725688713381,-0.7017500104918475,-1.0064772425580313,1.1545311359243606,-0.7624696584275761,-0.036586118245200784,0.2890268388156178,-2.136900069542298,1.0030838862751428,0.0969550773544665,0.12829498769263414,3.842505420250022,-1.669414065294998,1.8164000402053817,0.2695077238464173,-0.033294121441711975,-0.35812362875429377,-0.30182175802371,-0.5307790793334519,0.38663444910994205,-1.9513164625703288,0.6130558987030094,-0.11188557229920319,-0.8962617968497907,-0.9491476297695942,1.20761876714918,-0.4582892236856041,0.29183987730811733,-0.5925888497908499,0.23963704819921397,0.47834792023976513,1.8600927984824493,-0.807953506581851,-0.10353117907647995,0.11061974280949394,1.1299234247240955,-1.117790780375329,1.2380823695403986,0.32249139466979965,0.17307744458034524,-0.12672478003821427,0.013899679747764182,0.19854668757341185,0.45612984776253607,1.0780936443806712,1.0334591741649277,0.7813579700970915,-0.20333174659475833,-0.7788416240162972,1.6022678512717108,0.7361741471042388,1.9180396921733547,-1.333207787624876,-0.5644897743705736,-1.7377289331795656,-0.7516939823802624,1.014547590334256,-0.22929342167385067,0.7144027341050108,0.15168814369858702,0.3452837182610198,-1.096410885377647,-0.031706343618613714,-2.8272575236814794,-0.31568590334715646,-2.580482301789937,1.199591387009257,0.7290296990041509,0.19317716586155687,0.9082995646980302,-0.7315127856410344,1.9370245290574335,0.5744257282575446,-0.8350602614561047,0.9526720103261326,-1.1091025568291588,-0.6816668991492408,-1.0889968498895062,-0.13976800991019822,-0.9418773338575163,0.8718807296348597,-0.6147319508201731,0.4778112641988714,-0.449781710918052,-1.6644846924589423,0.4790623236497556,-2.5611635963651103,-0.17816295706739121,-1.2322851741274117,1.9366475715841138,0.8346843836016201,-0.14565670869763064,1.0120855283876464,-0.1438824463217171,0.960910212574894,0.4344109167877776,0.20258208352941698,1.3057985678317183,0.5820101016415672,-0.30391926972900396,-1.4417167329150895,-0.7131119051796619,-0.4969577172432727,-0.30125879114656734,-1.0349563586910082,2.6979805755850683,1.3096906097901397,0.6796578834809414,0.35286225960687656,-0.6276106998175386,-0.7175392079524451,-0.20635329448184123,0.017970934869467423,-1.1185078612090182,0.05761023526476704,-0.23709375427105694,-1.976320449163847,-1.1471902133846534,-0.1343148550081792,2.039161417594811,0.618751353775358,-1.53896690455101,0.3946182247593891,-1.6564666139179083,1.217457741425315,-0.7179419083903767,-0.4481371408371499,1.3090332468873758,-0.893513710496898,-1.5581257132006734,-0.06782139141018666,1.4686377633974474,-1.6440631378892132,-2.7723908401825157,-0.41780955289511396,0.7057416655946762,1.3366082037879607,-0.7025538461580006,-0.953823912866669,1.2060906975877725,-1.429663014144169,-0.2502613901881068,-0.4745531549274426,0.6143322246218587,-0.3591900135793583,-0.1525459519175392,-2.059691296970081,-0.304044725586952,0.4364986365402933,-0.9403749682360792,0.6604996400282266,0.43158161686791213,-0.2106348722199101,0.1378932592775925,-0.9668454851708044,-0.8755137992282368,0.4935743551587528,0.4929422286736141,-0.5055640409688454,-0.18567078959198738,0.6559880580029528,-2.480051481090986,0.9685110604238591,-0.6427530321039532,0.044878925597006014,1.3903121507943075,-1.6107971621296284,-0.7679552399639371,-0.1629950151918127,-1.3742571208058938,2.5829042415266557,-0.5931838564625336,-0.6871436404547223,0.5942866037684645,-1.1113868822889428,-0.3547084990674758,0.6934307160350502,-0.7189355168875375,-0.08821079518499214,-0.5520926441908823,-1.3902517462182558,-0.38290258439910746,1.9546476997648097,0.2458341130931814,-0.16594509398525623,0.5581330293542345,-1.439428375804222,1.8515850476598106,0.09112634623914623,1.5260859655297854,-1.1792269671213849,1.4041542637614066,1.420765442087319,0.035061571375927816,-0.27296405609878693,-0.0485232196069046,1.2777288884827855,0.2819197004623139,-2.1247455998067926,-0.8244787393980891,-0.36218369691139307,0.23916046511698594,-0.6419579074520048,0.5623238413037158,-2.002766915554141,0.018384791883834656,-1.8869846149846496,0.6159100522859082,0.059435089123334145,0.6115222883373628,-0.8296511812678857,1.5256489481713162,1.0168951786838791,0.4302768446393397,-0.6202625474289314,0.6087236461955337,-0.8479157534195176,1.0214973864327617,1.6984738572132534,1.2966451584279617,-0.6610838848695775,0.5836165431112088,-1.3443561131599098,0.8344909791723595,1.6874452565099487,-1.8377879206615104,-0.843662940793997,-0.17582192872827107,0.02920926864781468,-1.6361990201354462,0.5583960729132781,0.3081713047900967,0.06942718804143204,-0.8255957124322714,1.107872285072786,1.8669730201449384,-0.6790709568040915,-0.559925949797432,-0.03272849144371982,-0.8169843917308337,-0.8824323727538391,0.7551877789206914,-2.2602145798662763,1.0249322028124932,0.27720902088373983,-0.5464148284823714,-0.13230459542834835,0.11310003673242988,-1.2927366710196224,1.6372748124366745,-0.6098233755168849,0.29599456577188765,0.9857641091794856,-0.9062127995996913,0.31706097799698363,-0.33848680415224186,0.3092300315228449,-1.854916786718606,-0.5474140023930298,-0.805732796872297,1.136507312934536,0.4811591641938618,-0.5812522053678911,-0.2856478024411496,-0.18550703277882913,-0.40948476999630806,1.310551851011498,0.4022485379117623,-2.8512174287441594,-0.6705286278498873,-1.0222035091199402,-1.4529590204047582,-0.750974459622479,-0.23903141601080152,1.7278099908345539,0.46125281508364996,-0.5801256400322807,0.3758235920604014,-0.47528050320810306,-0.21094585599874027,-1.1670804848271676,-1.4797249333693894,-0.6310985344854663,0.20968808309893872,-0.24006972059053766,-0.24135704538360714,-0.8028573885681749,0.8788419454274835,-1.341151783015699,1.0921413885571545,-1.188700168086677,-1.039822928288566,-1.0902865358610219,-0.7412363291249688,0.8939984328413908,0.4671466004285149,1.5022053007636211,0.6007922701635057,-0.8310598260578802,-0.4798152954294132,-0.2955982581609597,0.820801841849953,-1.226196937822243,0.8558068125957015,1.2469115175873888,1.6281228696687624,-0.3824824971646478,0.8928703374566037,2.5232276774440003,-1.0354605831664367,-1.6477857409031609,-1.8682582225740207,0.6799484023521523,-2.215620357332721,-0.4584100865509302,0.3701422700045921,0.22373027659008618,0.33973726677574406,0.8925883741683477,1.987234218764485,-0.8672468267240644,-0.8415008564253649,-1.0012193161275695,0.7930725700477913,1.304218574304638,0.37284561176871306,0.9845119874213886,-1.1666300997011376,1.4555033307407115,1.2026829828705352,1.1634576681380004,2.166201475736758,-1.9306577835062986,-0.578587843845159,-0.24557500358267048,0.6400294355877143,-1.0599525412362831,1.0015177935655468,1.446891969818258,0.6639863941660031,0.221117902114184,-0.9806644299527939,-0.97951463878884,1.6631316183079523,0.7747097643367801,-0.4828419740412611,-0.9546860602043625,-2.515853529617512,-1.2632468461807786,1.583952196350078,-1.222479987429724,0.31134225760883605,1.1266696764786934,-1.3737850600762158,-0.03204955601860232,1.267270689384164,0.24949504944526307,2.7750049711908975,-1.9630774145137757,1.0650632320804079,-0.12365862867243735,1.0721896884186808,0.09608120004978968,-0.9037361556137582,-0.009337033429321129,-1.749823448857505,0.9936403674033271,0.10055040298057774,0.23758339107850662,1.065950359562548,0.7917703558391559,-0.4182077362826832,-0.9706912480872123,-0.43173301279031784,1.3240278304325332,1.4271873753254638,-0.07930574378210165,-0.6547914929781982,-1.195068612095191,1.5871291076780545,0.5325157608373289,2.013822698554679,-1.25110439328401,-0.33560239518232393,-0.25126075504120354,0.44292064103952933,-0.11359758468125623,-0.9445277091999454,0.27032792645876974,1.1224447314356492,-0.9850989950469259,1.0937774568760315,1.196044424792046,0.35774060619781795,-0.46661963098864895,0.7448447120509459,-0.5342158877524684,0.24580673003939885,-1.8768025735396379,0.7184776020818094,-1.2520487639047657,1.1981838061548031,-0.32546606296192826,-0.5367604076957782,-0.359312803917356,-0.2194663318620244,0.997649672107878,-2.9288833023488783,0.9821734003363557,-0.29471409589639563,-0.8400380126583333,-1.5805062460479051,1.834313176934267,-0.45521402691848817,-1.3696696192324025,1.4599804516381827,-0.15905213198478654,-0.6915917850894703,-0.014681048547262987,-0.979805997124427,0.9268190470091815,1.0935884122812336,0.15720116531770592,0.9663469309361936,1.7045622850769497,-0.5301700301571345,-1.1753362743770315,0.2577338554888077,1.531048838198848,-1.0460572886673034,-1.0695187116430533,0.30837616928727174,-0.6344335172457115,-1.3332716595345135,1.1714936461373775,2.902156293152272,0.14427248879941446,-1.2808592544597586,-2.8364730751010776,0.43175503418305505,1.0651659755723204,0.6327311154247729,0.15005481722443895,-0.5807886688311502,-1.0882886990182494,1.0955113679189281,1.1010322486782753,-1.0213010396990931,1.3871884738319755,0.6162242934555113,1.4280741243283364,-0.9539032287051902,-1.7349349630450674,0.0598376415194128,-0.3624667498021392,1.778059388042568,0.713220048383313,-0.3707454016198607,-0.779373106992708,1.0270701858800027,-0.9366936367633427,2.107875261268354,-0.7943496423940659,1.900805173908092,1.0403805667582071,-0.34611545957251344,-0.2579619695146303,-0.7661392197632975,-0.08319079353271129,-0.8247660438052195,-0.8347596156082205,-0.10441609473068277,-0.522891286638254,-2.202906942180998,-0.01057625603932049,-1.1516858730452233,-1.3162603565747455,-1.5670382731934498,-2.055396023558677,-1.4307241741977594,-0.9349814121647367,1.8217686812509832,-0.22893990404470374,0.49972734099208516,0.5151580621940448,0.11167817551438296,-0.2396589858512133,-1.5173942031891343,1.1194414156987067,1.8765951657913802,-1.8288029305201785,-1.3170418353689934,-0.2656513094436566,-0.7141389184513315,0.23377125454905068,-0.10174173131575932,2.2970017682190953,1.2173106128953977,0.37137441673412663,1.1375637843730535,1.5120800774198542,-0.47965744700853846,-0.8379000657249225,-0.12350438487797336,0.6020613867417435,0.15498523291913635,-1.5628627648505593,-1.0222687636166796,-0.07895528200963187,0.044269882574196506,1.5365147492580549,-1.286997112021432,0.5808473002043191,1.1255349160869936,2.213964378451168,-0.05054391440848702,0.7666170156959795,0.4895638615694186,-0.2546354725130421,-0.6740533820799577,0.24718728625248557,-3.0020285780293645,0.34264890261934094,0.24655504362032313,0.5507738886404654,1.4029524800319186,-0.8406739716129888,0.061180928832964165,2.066319900975313,-0.3021358918810403,-0.24565200534721376,-0.35904446180717015,0.944363971585548,-0.12364149823029419,-1.6806271247447122,-0.27200139426867953,-0.6250820614016146,0.14576109637302603,0.43021717972938156,0.7046471592372434,-2.325091807297958,0.8154604316745954,0.341025984251306,1.2404123199030384,-0.06253053588106579,0.792246868511698,0.6577386665115482,1.206042007886728,0.41571163113953047,-0.2542678029105342,2.9835399929450435,0.903865817427012,0.48691106551681235,-1.769731604448276,-1.3675976561319254,0.05975123535501259,-0.13314972508137674,-0.5517642160049107,-0.14042100569033186,1.6274281778431563,1.0405751983269866,-1.330782510918543,-0.28028091329912475,-0.7548377835904578,0.016610410616682954,-0.26980828284038,-0.3253578402288291,-1.5575134227165073,0.08739586435049164,-1.069309879756988,-3.260893897539608,2.5230537280261567,1.4338760490227553,0.012520920411644515,-0.19771628354103596,-0.9975872642121951,2.2444916672202537,1.7928789807077405,0.34205109988204285,1.252976530377974,0.24679726452097345,-1.6197185822233844,-0.7603107086416316,0.10423627111456184,-0.986147145770661,-0.2974634530217126,0.5212266659506776,-0.5128350635445439,-0.3272787524787642,-0.7324066587983843,-0.48065950270490887,-1.1751377827114518,1.2721601604989892,-2.0196731954470284,1.1501469915250224,0.9284136418541221,0.4434258857512309,-2.764631571378907,-0.3179247953980445,-0.3978365777122968,-1.2424000099912518,-0.8753256845585619,1.8156550391249073,0.8489956444397756,-0.2040967706920486,-1.6968745815613315,-0.41911525680336015,-0.021380797499918447,0.6735703418050326,-0.734528713665072,0.6388396215051263,2.713680557365237,0.7406244887023105,-0.48519124365028565,-0.3757785049455394,-0.0836653950270744,1.4356490022740964,-1.0042522653124195,-0.6615034460018147,-0.2625059447076477,-0.28920351091950947,-1.8669276823692706,0.2931670206995778,0.021761113027665705,0.6977735402736646,-1.2414246356391212,1.6715748192770836,-0.7442226857436317,1.4855695381038212,-1.6052149072280408,1.0292286384621374,1.2436890384652886,-0.768234800934035,0.1435248124109303,0.6644269318002111,-1.9668002685903156,0.42641387308204504,-3.0831268201262825,-1.4565413449679343,0.9152607045818612,-0.7655227731518707,-0.8258156866181009,0.04197160939335298,2.254182446018302,-1.9354322314111374,-1.1220726172670346,1.4847145924925973,1.674778656973257,-0.030846149600512865,-0.9748937378103623,2.0865758172242765,2.7238434806248866,0.567039450712335,-0.7046306418027269,-0.5910709127569354,-0.20238352848700225,0.39187538320980264,1.577173105460463,0.5614681926092033,-1.3534033245845536,0.9493977477998004,0.8999576943872116,0.9364320752900529,1.7763339155114988,-1.3471401302740358,-1.0589827328403736,-0.38571026491902416,-1.434408365426779,0.33975179536364364,2.1150961590064514,-1.450509080428505,0.6500728891918247,0.07146148077245755,-0.18959360747872622,-0.4092918011067715,-1.114005888688118,0.10436978404071538,-0.8807244309888498,-2.433032850117805,0.7400121821873601,1.4035140588621675,0.1246809960872153,-0.3341872577391208,1.3360128308422095,0.025357909362806297,0.8820687931825182,-0.43080338957977454,0.8709271480447073,0.9444534204868322,-0.21752619588943523,-1.0648555368993737,0.45115952555451255,-1.1494869385621418,-0.5822991426584344,-0.4805997503013422,-1.020996876110131,2.287338657554797,0.9673789715642874,1.804014737940321,-0.5206321901445917,0.46654035423885937,-1.5158954957386799,-0.583872967043852,-0.33575568646446924,1.0899632625618907,-0.8298298000787409,0.6634660319903081,0.8352951268341782,2.2428653278271513,-1.425500491137176,0.693064594547867,1.4695795237363058,-0.9928559216130814,0.8100607876769642,0.4371206239439102,-0.33038764928690195,-0.9781193878367538,-1.0180005247766672,1.5584954907916373,-0.07426726258837224,0.5563420358692992,-0.8684743097940512,-0.6465436092705545,0.8102659140608869,-1.1858200102076806,-0.6196783518689186,0.6030554277092343,0.6169959795753817,0.18942274895734157,-0.5374986935151517,1.3288578422804773,0.8683178789715061,-1.3372476828801683,0.13250651403745395,1.1673597038382835,0.8366161435246252,-1.171877756887623,0.06787392713857004,-2.417607124706466,0.08615538629104795,2.288944261489926,-1.4052325282662022,-1.3356794410507953,0.612925410287854,-1.448917348229331,-0.4292267563549497,0.3006457940172854,-0.5668440119137628,-0.4335464839396847,0.6039501444774767,0.24912791982864282,0.5268595091777962,0.05705762028096167,0.57193078195494,-0.590758161810747,-0.19847985774394708,-0.40395720161497417,-0.010848219524194583,-0.5129005326209214,-0.3366465297881175,-1.2951772558129875,-0.9897523616237834,1.0381731657966236,-0.5009755065178292,0.6832031905492641,-0.3256766044686218,0.09381489203064114,0.7610551039122364,0.6506596583564,-0.5348240772954287,-0.03990655334058008,0.7609533079773626,0.3812734516169487,-2.4359580676599766,0.473218471483497,2.7727053428251454,-0.2056909507474901,-0.41315354368560114,0.05455361252360975,0.7309662786110109,1.5058958522634516,-1.1049483292984503,0.8412448914520959,0.545023218982423,-0.08184220241088072,0.3093017887341779,0.9412324615581142,0.694289659012036,-1.2971009016553605,0.7144611489514477,-0.579363372912146,-0.20586778423497815,0.25742175526069,-0.733400617235576,1.4201818838143425,-0.15518142106211769,-0.9714580741120861,-0.614805859327862,0.0759325486223749,1.3708229377401107,0.7879479765607901,-1.0189934229669009,2.541583169751027,0.2755884988298899,1.0752319253172553,-0.22505665418188445,0.22691819828543625,1.1538778280148585,1.176516041507756,1.1235486942189787,1.3508116578214415,-0.6591243223728965,-0.15360929224415043,0.1223817784758513,0.9537333724281314,0.0003105350009144914,1.2547979511056395,1.554987566000297,-0.6348120756708581,-0.8789543745661136,-0.4419445749544085,0.6006075465296956,-0.9999858071584202,1.5664759968235462,0.7765065255211633,0.34863339952167427,-1.3660308660872866,-1.040653037482279,0.35319401384491056,-1.7301233790949202,0.9553473448793912,0.1895770429731425,3.021294566275875,1.7534742083733,-0.29563185045490276,-0.12158011749582746,1.438495248432946,1.3848437609510345,-1.560748104587379,-1.606390506298375,-0.7876451761034542,0.5695304765668905,0.2587881903360395,0.911571601974233,-0.8998840538957266,-2.715460717787072,0.7273503253532063,-0.7970650402357675,-2.040919508761881,0.27492621836072434,1.2608027977726002,0.7131484893799371,-0.9647691217866807,-0.12150194315681001,-0.5250028446525131,-1.5438124061966618,-0.9173552303134527,0.4186696066050952,0.5506126450939381,0.03274768273312691,-0.5349238950084644,-0.15952782127005963,-2.0156207518574103,0.7248873373739232,1.051240597930294,-1.625755833494426,-0.5393472243003246,-0.46096258738111223,1.3423317077814934,-0.8109679944326712,-0.6977545476291533,-2.8431778657382716,-0.2813627467655052,2.4817530275891895,-0.4813552963344533,-0.07763074671934023,0.5062201440260801,-0.1971447102896488,-1.1917697337223572,0.5909542488563571,0.35428862102072783,0.17274100147239718,-0.951706417676855,1.1343259023807317,0.6699871590890326,-0.053854791403373806,1.2322958784643907,-0.2655632107430501,-0.8537045547159408,-0.5195591541050424,-1.658896187690136,0.5433683009027014,-1.2425767298385693,-1.1318829145819773,-2.179764389359033,0.6644796660166934,-0.6652459092227324,-0.612964315948358,-0.41491212654263193,-1.1899880795652529,0.516299489080647,-0.07487548083377046,0.7858459200446954,-1.2614726894019281,0.19598254934604917,1.2197366426788125,0.5915587097319827,-0.12631013893163132,0.3821895729056637,-0.06887589336543394,-0.16119316334532977,-0.5767495916722537,-0.21287198816602104,0.806113353091008,-0.28638655916270633,-1.0829042829211226,-1.3408598068183646,-1.8292478549161193,-1.1455534743949558,0.4240859028864636,-0.7242113218330629,0.36310791130924486,-0.1024332017830038,-1.6519092398178314,0.19862132733897048,0.234806203359379,-0.7961776912392927,0.5806158112032298,-0.6611313390791775,0.11607103102173778,-1.9527698178268404,-2.2741177218087634,-0.7069183409769683,0.41400722724035977,-0.4795446846847132,-1.3836696200986556,-0.32517000293671955,0.05191650641270851,-0.3956313012694945,0.48033086311003304,-0.3944906794611016,0.9975404447963077,-0.7699963092788071,0.4084083099237733;0.5528775068602713,0.7564015067752177,-0.5022228360717931,-0.30201773622506833,1.964648991696652,-1.483816155229393,-0.8807484845704655,0.07386884026326762,0.9989326395806507,0.027182400701473874,-0.8437203673969802,-0.6211992307864045,-0.835973652239502,-0.6780654311501875,0.9853347079605327,-1.5243572078670287;1.9083342623968351,0.9701837137162865,1.2325342209830072,-0.709261822924071,0.0891350018289991,-1.9517418726803948,-0.36274017652045315,0.5261820049563539,0.8811549051206673,-1.0807884158650296,-0.3168236843785589,-0.4062273364933777,-1.1520307657163356,0.08097490079222144,-0.6298514002505767,-0.27838867729051553,-0.10073249211809683,-1.5538379742614896,-0.21315924305683775,0.19133674179803917,-0.269090003344215,-0.5835642442289909,0.4319910490132208,1.6800382335078017,-0.008812787507721548,0.7593028627548923,-0.973979714923639,-0.13834250250667865,-0.8552298061383077,-1.4094713877092975,-0.5381061774609309,1.1354077341990205,1.3994428390340667,-0.1425891212654206,-1.2848470530855565,0.2046018838640698,0.5875791654705331,0.46877468606863626,-1.8194392392154197,-1.5999183526414769,0.3789755946171641,0.2589391904697383,-1.9542494533092032,0.4462017013149049,0.3104042228877501,0.7384417220842356,0.7317773751191047,0.8219981068834615,-0.6560941235029617,-1.7582865734055033,-0.4460328050183102,1.2448578936806818,1.2169265915365182,0.8265467341286254,0.08136659624520222,0.5207414750995496,-0.7917200707001131,-0.2648328885402804,1.4601500063344433,-1.3876812864385193,1.5058890706581753,-0.5698968105866691,1.5923335866156583,-1.9067665067944388,0.5028734597583845,-0.6340473040159171,-1.4050241498967218,0.6019127893274102,1.378955663532864,-1.2420852429142109,-1.5547494823832664,-0.6709770360860213,-0.5121157054213218,0.8030814560979165,1.1160350815508813,-0.21281000867519362,1.848863302573896,0.4111175914768793,-0.7398170918605165,-2.089775394104964,-0.2001548258425755,-0.20652575793455266,1.1993583047302594,0.5729095151360737,-1.4439537014675832,0.25322207743164976,0.7089536236447455,1.2474090144559815,0.6833574354253269,0.45343037859852475,0.0931197408423358,0.23514912765508755,1.5225841913358045,-1.2632187227398899,-0.5361595673454981,-0.9744713288208731,-0.1677369023556281,1.1323827363758585,-1.0446851455143258,-1.7062072614922859,-0.0683536184624536,1.0127800541907481,0.7121102887115169,0.6372515279710762,0.10201580370824843,-1.3123869740390746,-0.3271902937638648,-1.0921967834105963,2.93595967196395,0.722198844550358,-0.5355286525076904,-0.40965633487071407,0.28662596690115555,0.011210433822424301,1.5569383128138348,0.15235729600302647,-1.1327235710957366,1.9118282074816024,0.0083111517116262,-0.17254751708223318,-1.1534984320878643,0.22350738313292656,-0.2357808013326096,-1.8184780241966565,1.7329123421165828,1.7714765877997711,-0.3134236475241014,-1.4114602483244247,0.7380925042619935,0.16050683698971124,0.09276624150901779,-0.15006227209113387,0.8183980668103489,1.657809183053965,0.11730571430291373,-0.5611390293792667,2.080026636626033,2.2835440167277663,3.3104159834536317,-0.8014827028846191,0.48966984847725326,-2.3584077544983595,0.6063196251823225,-0.43820160438025946,2.704375368577647,-0.1031685231068088,-2.010294760968721,-0.4257843689970229,-1.7155415397148062,0.7498796763646658,-2.8990050197618573,0.1776132479877096,-2.534496029281516,-0.40463944061290047,2.029371332153962,0.8229800256408153,-0.7331935744914105,-0.033458660266116796,-0.3917328513883652,-0.04618968506045028;-1.2867324634403992,0.6421135132043433,-2.586828869701242,-0.10374387233103223,-0.03973427161504242,0.9763229636640487,-0.6100632859194772,-1.6158384772550207,-1.0797638047428482,-0.07230345233323954"
3,1.510697079178278,"0.6877070994209797,-0.9019468919720613,0.5926467393732778,-0.05081161510875866,0.48741537956673986,-0.4646051744384296,-0.5123705651340623,0.7681652539194685,0.7901729068979283,-0.29591070939854497,0.2611003624222574,-1.8210091853565373,0.5219819967795997,1.8606002662795222,-0.7304382993347647,-0.251002324454658,0.0893508116949908,0.574661650923192,-0.010343952960239988,0.9412889948722042,1.4777238266307653,-1.9345068703669603,0.6100854886459798,1.55547334372974,0.22309746144607648,1.4284829177867984,1.1329548257578617,1.0055513187159655,-0.1077677643130148,0.9881467335706687,-0.23357503319649203,-0.8639642042540854,-0.4734770939069072,1.350269154605846,-0.5002771307450373,1.4927376626395998,0.30949008077324713,-1.047176241369257,0.8534752256199148,-2.062496070110044,1.0748615842626996,1.05381358246462,0.023048608671061448,0.3964310444575829,2.4507549036827405,-0.1389233166023101,-0.7387730862634634,2.0747726040613985,1.2725818407188694,0.6678771882891208,1.1843598741995,1.9955540000979943,0.22944183816005398,0.27326991428378283,1.215443649705588,1.5244114395464574,0.7466640081587052,-0.503000625261403,2.3372179463161062,-0.7566745659512235,0.028715829621452207,0.5316483871304791,1.8675921882192497,1.0000190418257842,0.8814547263578059,0.7418379618426376,0.015049070948239207,1.0071515971260674,-2.116894894717547,-0.25315433119947556,-0.20330545613586187,-1.7190858392086488,-0.10952529913410454,-0.5278935057853018,1.3049465804174774,1.742530777108494,-0.40171194899716195,-0.09508232288364558,-0.4195252180881789,-0.5397090087115191,0.45958967463069855,-0.8873476325636905,-1.3927348238089667,0.3006633420995025,0.3538555622235347,-0.13268632072606062,0.3414234268186425,-0.5002840862819321,0.17356499945178086,0.8680925666807976,0.4810901110339846,0.35196154590190265,0.16494957163940302,-0.4220245723799928,-0.38390951547436347,-1.3094177509323768,-0.14473181776422847,-1.307540825967938,-1.141293467268243,-0.2514410624521982,-0.22890496649348155,-0.25144308095624723,-0.20068477163744394,0.9646965089065537,0.8871582404263668,-0.2435230852892356,-1.0851435229598345,-0.3006100172547739,0.11079964349913837,-0.8805994491839774,-0.6183530187580182,-1.829301383520075,-0.765885046435524,0.9496870052799209,0.6759565226298281,-0.8788981160153596,-0.8752886309514092,-0.9313787943963501,0.007546495021078833,-0.3808620818438682,0.3940849165116899,-1.69920290935106,-0.575052266790967,-0.025648759972102614,0.7754270315111061,2.7716204750061313,0.8569218727448218,-1.3560257858840878,-0.4700081036535752,-1.909205170187515,-0.3220559513039959,-0.8329045817882654,0.5678259718689121,-0.2986960688924072,-0.7365872778366972,-0.9498685697910554,1.4552768075347453,-1.1787758976983913,2.037172883069901,0.5188603719777226,0.6680716421791926,0.2701443546133149,-0.29218309315560603,-1.9664248232563735,-0.2173757641971245,0.5429232252498741,0.35700383326907925,-0.8378792540307485,0.04922419472776661,1.9419469902826718,1.0669341211101784,-0.07955617955632482,1.183224217385243,-0.1902417612273916,-1.3239757432441488,-0.9325382168249743,1.1534084823136452,-0.31601421587142786,0.10309610713042328,-0.009583797584690593,2.082322161968715,2.010719316559979,1.881508806045985,-0.37765043172302515,0.8061351385518706,-1.2455899030334554,0.9943323407907918,-1.063997952690114,0.4576819080323001,-0.7063380806150463,-0.8138774230139805,-0.7297961541207578,-0.6398929702177001,-0.7877544746922165,-0.555262687156305,0.5261818674943053,-1.1346039994906567,1.0535032975401981,1.421828138242134,-0.6258598505759432,-0.24649048025543896,0.07018798966182188,0.683163565752251,0.29825094813715125,-0.54806024108021,0.76335831837242,-0.8196564303831263,0.5430983996483086,0.5316272032268394,0.8599948579240639,-0.42376869120478367,-1.1431777254032167,0.8676057476208507,1.1104825416620945,-0.6134623132173197,0.18224385500952223,-2.1999921992841274,-0.7530799038389075,-0.7023424320675448,-1.2065067665138143,-1.2479726067223504,-0.7798866097122743,0.9624256672118326,-0.7612871991602476,-2.0933289028157205,-2.6321791279273263,-0.5864837921579186,1.1310629860870274,-3.110140993622485,-0.4887674253188813,-0.4245743401926649,1.4151738872662487,-0.3415615740835207,0.4034713479252493,0.667476985055683,-1.408973829764292,1.2443118737277417,0.2747872984315789,0.5318962539980665,3.9950602346559165,-2.1452770198927498,1.8907742107267629,0.026683314726958292,0.526072082743331,0.04140854480843389,0.08668825104408391,0.0011020702511110453,0.4736144408701874,-1.795975394785228,0.14639841906134074,-0.14102036391398687,-1.1371070235907432,-0.3327177861327282,1.3201311617096712,-0.6417401391419578,0.24646350108456194,-0.5603198903064031,0.7507404676149456,0.5476893160984115,2.025596456635606,-0.5420905495794706,0.549351853534288,0.2494582659195641,1.0537062910622155,-0.9968639169569281,0.5904089237605485,0.158703929272662,-0.08797924652801349,-0.3225537630936752,0.5209967594896321,0.053305050757897675,0.21105998473326623,1.0080197745223043,1.588299841752312,1.1901220796915561,-0.17216467798169455,-1.089119505004696,0.7378561537436635,0.12430368113936982,1.3691723385515244,-1.1668817453128626,-0.8761688550401684,-1.6023277582768114,-0.5821868439502296,0.908067519688773,-0.3953041169462406,0.76075594622277,0.16447669591922112,-0.5458013127120224,-1.1047218106248156,0.18990036965825433,-2.793294085784163,-0.33009753285662913,-2.0291655009141496,1.051712558286956,0.40156625068617957,0.520513898760721,1.374329326513644,-0.9110683974510811,2.248362172828846,0.5902983327180658,-0.5637832473117473,0.8861203320045218,-1.8586394314408665,-0.7583982143527036,-0.6488223918403639,-0.0811188786894254,-0.842107116809504,0.9278094386515803,-0.6284908366727904,0.01951245072483243,-0.5261179463560155,-1.5176717401344426,-0.21663694237612494,-1.923092426645513,-0.18908611910071935,-0.8977960206330787,2.674792986536672,1.4407849441354181,0.28520428046278756,1.3653271353752485,-0.049334926298863324,0.6096197670857609,0.4695693099417945,0.6928321499429522,1.3839538647839735,0.2133087627434886,-0.1895028330340326,-1.5873051323044818,-0.382112289882548,-0.5119194696122197,-0.21819989790259273,-1.1249771087443399,2.884586667036621,0.7024810913420187,0.5236845851361928,0.10725005033572546,-0.3418540018208134,-0.5359778402064105,-0.5817407978979602,0.24930852062123418,-1.1035034296135813,0.649388474713749,-0.39961092597314213,-1.9727232258557508,-0.9264898955757959,-0.1504303940217511,2.296602268446902,0.06899642872040095,-1.3432209587173871,0.6874261931558605,-1.2839980694710786,1.5404883624273737,-1.0412465867149914,-0.006821765971554497,1.1953638969421003,-1.0051910595582134,-1.7454275668078365,-0.09598101505384599,1.435846267875239,-1.8465592105387458,-2.8448765253150925,-0.7175559190479265,0.3911093715496393,1.4257871162405857,-0.8615238545503503,-1.1557470696693122,1.5692683386446877,-1.5485396350627807,-0.37213643119669904,-0.6872920722040834,0.9503135778977787,-0.5458406045525042,0.3564686182686889,-1.4383958180475143,-0.31666328029885443,0.41767076258996316,-1.2631286493914236,0.3039843586994829,0.23319373014396017,-0.18163496161359732,0.5500010522534778,-0.588876102972111,-0.7896790999409189,0.992044001138609,-0.04890524264422304,-0.5968066158349841,-0.14644434181065402,0.8243349154896117,-2.079246483266464,0.9477855695400365,-1.2046087356517652,0.5934952926064034,0.6975643109427176,-1.5609891505863727,-0.4919067373684862,-0.8087784145581602,-1.213990925625743,2.355280905933752,-0.5125386831593163,-0.7005488235113534,0.8177452505404162,-0.9470814105415223,-0.6787494117407178,0.7626223533391021,-0.03311094476631164,0.13993191471883829,-0.2964037778587446,-1.20399521454764,-0.14900977841094531,2.1116671591067537,0.10587292761091625,0.20300821131831942,0.35785870378908535,-0.8520931806844709,1.758000693785395,-0.06710034221355683,1.6225273343462776,-1.2991182440012263,1.5886478107579531,0.944417539443039,-0.01107328430638671,0.06152509606279698,-0.296476655149627,1.6418059093965716,0.7802060010130826,-2.008959984831672,-0.6300508874314669,0.16983769271406143,0.5574282564246568,-0.13038294494568875,0.9291836394385055,-0.9147886415760842,0.3916177049168062,-1.7170625943150022,1.3001881637984174,-0.02414977853922845,0.44269630994309045,-0.790549955633515,1.174555111941026,1.4053009832602825,1.2185786947859338,-0.10828762555907039,1.061313091857266,-0.75667419322256,1.2123559335721696,1.664406429842216,1.018069295738731,-0.9463669121714172,0.01777264829053106,-1.2442466008657018,0.29743194371205167,1.0457047012035847,-1.1690171691907407,-1.1642906710664538,-0.4336881877546238,0.41050747390102565,-1.913693549777672,0.5319410265057535,-0.22639873487289008,0.27748113157072885,-0.8847581657808952,1.2526665480494075,1.5356571401646524,-0.185275357308154,-0.5320421186494982,0.2363227242723458,-0.8214812091968154,-0.6233066756896388,0.80687811057176,-2.5053799029982757,1.5251631330184996,0.4482831634733882,-0.42768489009445015,-0.030232174074172474,-0.4169709325686991,-1.1560076915890398,1.3717610211488342,0.06932669870159551,0.024606501653148774,1.0974424862427086,-1.1544737120422601,0.005235188306378452,-0.02666844936471291,0.6994486903982989,-2.1355851261359424,-0.8069388457810183,-0.8296120845182953,1.0802333627185103,0.6806323472146102,-0.8712279355804752,-0.7965584772708568,-0.6460222414701471,-0.42933678069463077,0.6817687400094068,0.20944534182333066,-3.055517077171728,-0.9074053241338663,-1.2019879670795108,-2.3284744712754915,-1.0152854356276604,-0.35781608277501903,1.3233615314947906,0.129689497382143,-0.33658745963464,0.2400093900891223,-0.3945483506416414,-0.27723257744642693,-1.5111717686087158,-1.3924768146841313,-0.9530834882181105,-0.09108172973431489,-0.08779959972388376,-1.142884188021598,-0.6688251498272277,1.156876902382377,-1.7966564650518742,0.9260690984497603,-1.3912654282136292,-0.5365855370142496,-0.7491651591365491,-1.5399963440588311,1.4084105327579364,0.3256428941691091,1.5741559670396559,0.4913697236958197,-0.912032782675971,-0.2728158158894741,-0.5189808027623152,0.8588064049845829,-0.7806370696009649,1.3887069136881034,0.844051028242678,1.4720115637636382,-0.9841451441692597,0.7559237609870318,2.195894241620335,-0.5888572272587234,-2.045582181972476,-2.1664338091231614,0.8869387582975479,-2.073382587225811,-0.23205258671946427,0.4543693326257466,-0.015815614574589285,0.1425331983300422,-0.2556918131044528,1.4250516350239761,-0.7332354872499075,-0.8959670151639306,-1.2746844598384597,1.1365175070158087,0.595659707034993,0.35540613527212406,0.6860359628795825,-1.3302052516535545,1.2894057566733486,1.0414238572667298,0.7696555275956711,1.6140326128086624,-2.2646588777155676,-0.3280157482042175,-0.28733866385586454,1.0687919986328769,-1.0130178306126352,0.7185899559411774,1.2164465478247783,0.4347318368064511,0.292542407291546,-0.5423691885519466,-1.463076145820389,1.7717676615401643,3.2797726012556705e-05,0.14716136121138518,-1.0408251564382738,-1.9615287639381085,-1.4200488320297047,1.8926813433313974,-0.9583110394003469,0.5982024410763822,1.3406801321237294,-1.6940258122710283,0.026409522576287286,1.0760471132268403,0.27233755713666163,2.724563433880147,-1.3709056592683884,0.8150477804903052,-0.025245440183149767,0.7975400341430052,0.7103743790433735,-0.2797372146939926,0.03746714604178536,-2.129716733258273,1.1043743718849641,0.4124566463557759,0.5048029461709523,1.0828267741881619,0.07886860544162029,-0.14361306014246933,-1.0665030503534756,-0.7777572765974933,0.7817819256443453,1.3236261101946565,-0.13291328880023207,-0.385458289859492,-0.7988147796535785,1.8477189482962026,0.9448646044130911,2.218391390566436,-0.9745030742858142,-0.6531683102559571,-0.04648483860426844,0.33260885599009754,-0.5017419673839694,-1.446960722447101,0.2891188466820051,0.9883192940980913,-0.5765224848144993,0.9314001290381788,1.1837845252729913,0.22575577929612928,-0.3320664846970273,0.5418813156842779,-0.09959240630630234,0.03204897827912795,-1.9287136062631307,0.7076633576661657,-1.528644647003754,1.0962232301948958,0.23673891594549418,-0.19884810017784812,-0.35303649102581514,-0.42049989608991595,0.5353375985505227,-3.030013400446655,1.0209737185962884,-0.2076562911580587,-0.9670101801838593,-1.2668111146019723,1.589367380278386,-0.5929333619967223,-1.4300206042542782,1.3449047605107245,0.1537852520681948,-0.5138744089810104,0.1862689169339769,-0.8699713741487404,1.102136768074369,1.31827316731559,0.4718896226790968,0.6619862273952934,1.6014330716574912,-0.016447629490228266,-1.1553223529262167,0.5183925982873988,2.065513396257748,-1.2371451775299966,-0.7282583670991318,0.8864894727347573,-0.6795403671502885,-1.2184248718454445,0.8605461306038573,2.5601069890080907,0.43759538868229025,-1.6969203615174542,-2.184103614314067,0.5452716590959832,1.1173985799049235,0.5244377014468791,0.3711687545786342,-0.7744642644190233,-1.0164840677449922,1.3777200718064941,0.9283086347417225,-0.8065638480755811,1.7115907611182835,0.43290388141410885,1.219519037494502,-1.1896526662053157,-2.426322900782781,0.4294446340075518,-0.30566787800790474,1.90885222743809,0.2499956368166637,-0.08243060339848712,-0.9426117181096669,1.3444242703234488,-0.8606007861940568,2.1444502464122204,-0.8040766991285624,1.581112625042617,1.0793680951392237,-0.06364083253915942,0.033109209236880016,-0.6086085595313708,0.12329196626426733,-0.383451599640621,-0.956093271735152,0.01244865400974983,0.1512800646495418,-2.2268189132131972,0.3821044031812399,-1.4738642680196419,-1.114441832525744,-1.4714628133003451,-2.1779306868651664,-1.5645742577303998,-1.0001219480308168,1.818377978807922,-0.07365396406883214,0.27553061136612056,0.37316416512823664,-0.07606845285904162,-0.6087736198698117,-1.4495892318063057,1.1656700288579862,2.120061702509873,-1.4999429910308089,-1.6861931944642423,-0.38914191239886725,-1.5143961186295205,0.12817753626436768,-0.7344897028509223,1.7472028066587133,0.8307032704424175,-0.029215855272447355,0.9300160832232501,1.400162547198819,-0.872624179370032,-0.6030635960685339,0.003157917446922981,0.9381100453646831,-0.0774224182181568,-1.3159023246159234,-1.0655162024734612,-0.8274060711877742,-0.3788485176520832,1.7293571315155167,-0.9518734827637425,0.7270062592444413,1.340450172375128,2.080056109082974,0.1453884899796369,0.9321356345673988,0.6523539328304432,-0.02636743865297661,-0.7262470393175661,0.3079059837932863,-3.0628662751644438,0.3010020636224516,0.059854562456206545,-0.061643450253827836,1.7984125609695292,-0.7543101065493552,0.007284920486585779,2.465347646941083,-0.1841962810450579,-0.31605207866385543,-0.42534035772343415,0.8492020737256789,-0.1024952820107869,-1.765558417243254,-0.24097535205266807,-0.6679068925915097,-0.16219452205677884,0.8281852805898278,0.4706252721384465,-1.4275313207551281,0.87492126673514,0.1410254588620266,0.8968489724527076,0.08429804328027732,1.6327340884642647,0.7695529692504928,1.629661949499578,0.30345185325495805,-0.2165675252695209,2.0010660043901223,0.9641635501615978,0.8522439064916734,-1.3616489467731059,-1.2612385051368602,-0.2491459872196115,-0.1640888034141592,-0.47691948536274775,-0.0499220359159232,1.5357840385850379,0.8930143808655262,-1.6871894789875537,-0.0414218020222171,-0.6939299526274298,-0.037404703989171804,0.09625037856369825,0.20708592308669094,-1.4498588089835647,0.15944705058008443,-0.9123052228207327,-3.3079867920531956,1.6777014249933668,1.0256637316140509,0.100843403390095,0.5128740258578137,-1.209953895371199,2.048124395687667,2.1599493370481366,0.7519531594248676,1.0527591346119758,0.3905103643897123,-1.6966463035857546,-0.38165497524736997,0.20293173237568518,-0.3714819824650667,-0.16104020656490814,0.05409959845896782,-0.5724513172460499,-0.03744662797102627,-0.5588603059516577,-0.14421562288951942,-1.3935965305820683,1.5148531647208783,-2.1590021695032644,1.357267630492406,1.2841901577783459,-0.3545143828168839,-2.4148495074403558,-0.387558829439899,0.05215535962764878,-0.7813992878268045,0.0004378381902399586,1.5869064429414352,1.061539502628155,-0.4283610500504662,-1.518662440558878,-0.5329555649663068,-0.25854578065190187,1.276326703429656,-0.45148888233500617,0.32196189189572555,2.165231956268567,0.47749256025346853,-0.43083227060588714,-1.0111142013648082,-1.1103447766319599,1.059632181725847,-1.6040298925090937,-0.878677519035111,0.3091828916967354,-0.5780120164124968,-1.323388353652397,0.6402404551950902,-0.137337701220824,0.7859129124745703,-0.5052911965173131,1.3726377215811207,-1.0959948420640664,1.2148250754303682,-1.6010281941288,0.7045229813593804,1.2971316184516923,-0.3273962021022041,0.24345876268460565,0.6638363960367142,-1.4199963671409424,0.15605730595330297,-2.624950191442267,-1.6543286220240692,0.5262984927254353,-0.7382081647487428,-0.4851521593915811,-0.38631215658345675,1.850384865693067,-2.2144059020572677,-1.2789651678589478,1.5550827325837928,2.38342471460287,-0.3709216923874322,-1.3761348637270399,2.4420385393197317,2.2697278847946913,0.7967763245254845,-0.9332053163237416,-0.8076035405064845,-0.20073116189945914,0.007208048816043609,1.958473987253065,0.7103560360332903,-0.7449346278927493,1.054367717052584,1.3342554165204192,1.0646109146820062,1.2678471195121679,-0.833434954909024,-0.4325688952184852,-1.0068025705328092,-1.3115927781905097,0.19572318235437025,2.3442814084966916,-1.5196544807795114,0.44102895458778246,0.8610345522900793,-0.01790734220442581,-0.4117464034734432,-0.9247972949436503,-0.5327776987743007,-1.0562132565207851,-2.800268031604413,1.0790689123975141,0.9206384623862868,-0.08512887791658556,-0.10498262147999818,1.0492562441490971,-0.16451572924348198,1.0886618787831652,-0.12483661408119003,1.1495204599838877,0.3977053990341326,0.35564820881015824,-1.379125434642017,-0.14213426799419995,-1.883317185364204,-0.9516973942420337,-0.5666388927017036,-0.8262907517102565,2.1732489925406853,1.7903534018208176,1.9850553537341409,-0.7824622145208955,0.17886720175488222,-1.1672898330910744,-0.8784727663421248,-0.13370741371289807,0.6365137828868239,-0.9890962908967669,0.6280383384711454,0.39446414452573164,3.112005511140613,-0.6795646315267903,0.9517755095289369,1.7352380843024042,-1.1267436622663438,0.6823955034701471,0.16204894980326007,-0.5227126518705014,-0.8632468766083075,-0.8502357823631499,1.7849309943624336,-0.1863521753494464,0.9900493048340974,-0.7196477633718763,-1.0183321945748183,1.0618613573580145,-1.3403501893534482,-1.1277137852458767,0.5718650911144053,0.2713507419991396,0.2429820208360206,-0.011290212251265516,1.0303824324395554,0.8062255970918798,-0.8922717043961244,-0.42099378983528535,0.8633879446397479,0.6184321758988582,-0.9194310783549368,-0.5325193387927462,-2.332940050622723,0.2820052161213287,2.3824350166967947,-0.9918586393282988,-1.28187662610889,0.84067602983245,-1.4395351232643636,-0.478131681991283,0.5627343901225972,-0.5163807487843997,0.32132819981633554,0.28944175683702117,0.003264935838138555,0.39604680792038593,0.15490328879407286,-0.14222327572523372,0.3224042795745914,-0.45344088957129464,-0.09174308854435445,-0.10563830869970092,-0.565679941205768,-0.09044390923630549,-0.7890475639288412,-1.1307109815186185,0.5139030821332271,-0.3137961860293827,1.4274512123649872,-0.4398280384013144,-0.21952775841358446,0.8545480428734593,0.6623322592342047,-0.7411527259811425,-0.13188377790712325,0.43674392860090544,0.21667899191026257,-2.3540908993979293,0.33492118649229424,2.7865342773298196,-0.43554933239782256,-0.39725341751599536,0.6849982284985469,0.5986008761628866,1.4202425470283635,-1.1214295055682566,0.8385341306423509,0.7595116740357348,-0.15309800639981272,0.3986788613733259,0.9609432255174665,0.9145360880816679,-1.3362849662142513,0.45145264788006884,-0.6496642346894449,-0.34596872208397966,-0.4561355620087918,-0.6568588459991063,1.5074418916324606,-0.1717468765014668,-0.8306240737866075,-0.09236043167589353,0.6991944463201106,1.250317648417356,0.5313658687865541,-0.8761208351338748,2.705486895682907,0.07333775915558735,1.0935254608753484,-0.10618156138121916,0.284789048320366,0.677662103399739,1.2749873834650671,1.2822066261590075,1.016160434249391,-0.6955252619671124,-0.6428576759719793,-0.02143600133529462,0.2548972092243433,0.3071657506980507,1.3098876987538763,1.6406251124966635,-0.845524285776754,-0.5535581482946353,-0.32428749876555796,0.32183861828889504,-0.6045772829597378,1.757729845667999,0.5502127681185327,0.5237827809876862,-1.5776340759676264,-1.395269213896707,0.5530828461714226,-2.1925062091892737,0.6335029653872313,0.4296954652617815,2.783733538878527,1.6853560118108102,-0.27456043180771117,-0.20078184957198225,0.466092623872972,1.0269717861033532,-2.1090035597939902,-1.5506163958237713,-0.6973983588212208,0.7618743098164314,-0.31055197331908063,1.0661741561429914,-1.3711378687618427,-2.115383852576177,0.5236509487954089,-0.7174703940942782,-2.3793247380978486,0.6233765921308659,0.029944545783987142,0.2196512440910178,-0.8716652535740431,0.27587782071838174,0.07753790260816079,-1.4495323463380512,-0.91186174625285,0.09325739919772313,0.7911007116797591,-0.3253007136558544,-0.30226935280741857,-0.055729472655153614,-1.5365582501239823,0.8736660347733805,0.9891410029742274,-1.5389228313647898,-0.5334618836785494,-0.32924815205969676,0.8656325675983001,-0.9555107041039559,-0.2913871222106652,-3.3306131623902537,0.22517656043037243,2.38842607903682,0.356829505251295,-0.10275739756149345,0.10000583058134346,0.12889884988164588,-0.4931283222336473,0.8187283925656863,0.1696910024767288,-0.7534537621910422,-0.7046968854784081,1.5532909106714161,0.7329291417322602,-0.5973977613792806,1.0524046663980973,-0.17656674327861793,-0.3733394626161187,-0.6565326586170104,-2.066749652384494,0.8655738830927633,-1.034499120687062,-0.8305528714695701,-1.870103176726145,0.8406096903825724,-0.9439283457857086,-0.7709313644467233,0.06494032198087614,-0.5154496069728616,0.536104245579532,-0.104548570680433,0.5311170155651338,-1.2208954322894208,0.383753631667528,0.8796432491690015,0.8361222302666291,-0.31264880730201106,0.44473867609731416,-0.11880981970807328,-0.08250070575397031,-0.2598975700704174,-0.48364699269620626,0.40030914607946666,-0.19901559186282175,-0.7829519700001684,-1.5878595333280423,-1.949808214556231,-0.7090034306722712,0.5935438994630511,-0.7400038594803704,0.706013865250554,0.1927541244471525,-1.6451696259272877,0.5509848699036709,0.6559907252575956,-0.6173306243132233,0.9238271177051656,-1.1010278934023054,0.2695519529957846,-1.511014967807847,-1.9873904648562837,-0.08903684169813098,-0.6941512123777546,-0.6259446034826451,-1.0086245857774783,-0.2729817884024245,-0.316038898798058,-0.13795582868600537,0.30793878774213335,-1.1555229359736665,1.7682636224416575,-0.791767373725198,0.46926442300623306;0.9157304149885649,0.985065291397684,-0.042852498169407824,-0.35732880088145946,1.5242408482111836,-1.7523276559549867,-1.7012501887109726,0.10002881924743988,1.2795971601447447,-0.08351461294708495,-1.1989706860303815,-0.05966675120878899,-0.8895349573278248,-1.2182323678106328,1.1596426252844767,-1.576163568358107;1.799266663218544,0.7576766129989903,0.9656673444122978,-0.602671289012978,-0.4432982693536526,-1.436911436118632,-0.7241123590723787,0.42665379041132234,0.9419863591120589,-1.256591674716476,-0.28446271201805645,-0.5582207021994807,-1.8963146523365628,-0.42417738387570436,-0.5101724844543499,0.008771287135417534,0.5294703035075135,-1.1058075760065285,-0.07990347073501075,0.20536989151383941,-0.6893208579908554,-0.6162441106556317,0.5837751308265645,1.6027333411877502,-0.022015219889828547,0.451561373440271,-1.4586899608148471,0.18119090713721658,-1.2110228779819585,-2.0212133026135364,-0.5854163889490193,1.2592618436020444,1.11739765833676,0.32741478903501986,-1.9470851871832133,0.17126023537234375,0.8991238325495475,0.38351232782465144,-1.6043431960945758,-0.9296753976236333,0.3928569348241016,0.5022161578921981,-1.7065792363478616,0.09199438588792007,-0.23236710121856569,0.8123505177737085,0.6735391130599744,0.7090347414038054,-1.1430720190936092,-2.246599338339581,0.011794153147985681,0.7955218981558159,1.3167648217507741,1.144825866922106,0.4033599939882332,0.6524318124149924,-0.6225369443479498,-0.5868439888460436,1.2088951218928756,-1.1976669305468435,0.9515087804344324,-0.159576776847287,1.537265557396768,-1.409189004253392,0.29900241358596796,-0.31758059521214027,-1.4910230405249896,0.6640561881538577,1.48302980717796,-1.4748369513251665,-1.7855367724093452,-0.944611589940825,-0.3267630627907818,0.7339600401523397,1.085728797102249,0.16031988606924072,2.379613886296589,0.06722318468188798,-0.9580556315519426,-1.5118648906234775,-0.2892733641091,-0.5986152166584957,0.44154424946907267,0.6890249035673552,-1.326275173455861,-0.626742731640818,0.8064915365830683,1.568232343295616,0.8323897673559018,0.22321067734664082,-0.2542693547359748,0.8526795349730302,1.8128091437905187,-1.1318752046782024,-0.44738749523120735,-1.5136092787704047,0.2003710768875001,1.4213089915696975,-1.5290847225892386,-1.8936871556504362,-0.18319613613606495,1.1946630328831946,0.5870171306001934,0.6586424627603417,0.6157652250295719,-0.8497879911892547,-0.28668034996216046,-0.8813073188991857,3.247858331262661,0.7157089053538689,-0.6054756775054468,-0.3700556630941442,-0.04079555613565443,0.05169994302807802,1.2518613010689954,0.38451132897577595,-1.0077279591461323,2.2042591002953187,0.38985640013154027,0.5600361038450037,-0.6718272201269081,-0.18381329944539251,-0.16001572452998347,-1.620695645878592,1.4026954291716924,1.4524567266106319,-0.15213792811240473,-0.9551041088864544,1.11137649690938,-0.01876828017792683,0.8242547320919127,-0.1452365248182434,1.094574462670216,1.9820520390769625,0.34658120530168357,-1.1865318725347247,1.438848117168169,2.3351723334840147,2.916854757516599,-0.8474283467775524,0.2997485645843987,-2.4405004352753927,0.7237725202379427,-0.4255563809102749,2.176715810711979,-0.3004449364396189,-1.9824319022941193,-0.40204645232349995,-1.9157900867517799,0.5824025646601687,-2.4800845597678625,-0.1119218571626834,-1.67511378499096,-0.40496678842607614,1.6631509769372976,0.38712478968228226,-1.2289704474557208,-0.05516400525845479,-0.6633228044944641,-0.2847724438427352;-1.7366019433423023,0.38126117467309745,-2.5321094902399457,-0.3264713605902923,-0.9342571209430777,0.07789326883317635,-0.6118679829461258,-1.6102680317244489,-1.19231019241132,0.36772717415479844"
4,1.500069513431797,"0.29833802710233864,-1.2690987906224553,0.14899773172734962,-0.14246762905131716,0.8562043760934372,-0.12784212962439906,-0.5193162711932696,0.49212767136985563,0.7136604940683987,-0.08233920852050587,-0.7546479649012966,-1.5673279817165604,0.07338302860010366,1.5038397278648779,-0.9827170181869893,-0.5567212173367755,-0.1587074885347608,-0.35705276304448874,0.5257785202806968,1.7755624898913773,1.1962482916543369,-1.6169933815946618,1.1936581924083816,1.8294507427121995,0.3075999150155837,0.8273068142415869,1.033779416936216,1.12047035241593,-0.2920052121839945,0.9474346818536563,-0.3097757956198989,-1.0260290301806212,-0.6571333507821286,1.3589697960175342,-0.3309815071788249,1.9965997395346526,0.7305470118946235,-1.2838372404519536,0.7432739066581348,-2.4400127709216677,0.42752908242228355,1.0799800566788664,0.027159186525693144,0.3130114709791138,2.235412788061623,0.14852834683233032,-0.5829911954272186,2.2364393175501407,1.617009009692287,0.7538245867690964,0.5517857325833426,1.9758882595641079,-0.5271251016979988,-0.2861694819039281,0.997150132058506,1.7081805900635865,0.5921003097625099,-0.8038344352215475,2.309353025908875,-0.392296741789492,-0.18991523096827928,0.13893338493369867,1.2502645461045518,0.40833929225852444,0.9850222677363002,0.675835499620377,-0.06234677962466953,0.6321358425000896,-1.7562351848874251,-0.09486383905217591,0.26369162283523123,-0.8961723511294429,-0.046345934765147666,-0.482563588285998,1.7803952087791424,1.9866497726186276,-0.10442630291880903,-0.30918210278731395,0.23904885532240377,-0.2204870538629816,-0.21822283617248267,-1.3466375557367167,-1.295451118586467,0.22040635986734336,0.42325804262965877,-0.3949256736921428,0.9507435300383765,-0.6083012762992308,0.472349077124689,0.6252776330045714,-0.37697493583325115,0.6132099337257793,-0.6334981378511999,-0.0059766582554151015,-0.03675545239242474,-1.3145388636874311,0.07658032610891416,-1.1613689098258377,-0.7468622015849399,0.5497482032673856,-0.3375023255747566,-0.20180284699125714,0.0322567541363416,0.9399547076454743,1.1789481916567741,-0.1937187713879048,-1.9222221384734053,-0.4958474209405158,-0.502487993806125,-0.576023198105186,-0.9598081798982034,-1.923528461914411,-0.48392235854442367,0.6242303168486356,0.5335064301069393,-0.45047469298194465,-0.5972272921837425,-1.1010050290236935,-0.23528897234792998,-0.4823856149490241,0.5041792100873215,-1.6688614629768288,-0.25781542605467145,0.6866146348788034,0.5110118006803257,2.6920515603569757,0.8047615186121749,-1.3033765550367231,-0.9554076446621159,-2.3407902285768394,-0.7824604851579519,-0.7009895459357811,0.5045084553584133,-0.34626593844244247,-0.35431812561553794,-0.14410705584489328,1.8639738692022554,-0.6569615095044362,1.4532061671987895,0.9688880489264228,0.306274688857525,0.12878963361675677,-0.1780884991539996,-2.4521279594372523,0.22548664322107204,1.5016852354718142,0.6806054762902185,-0.9768824130679085,-0.26510058653182544,1.6306705411435158,1.0993198850128196,0.1768726872525472,1.1274872698478724,0.2107221842318066,-1.212561967941767,-1.4239478174038094,1.2580000585089042,-0.2825910178118841,-0.19233774589079883,-0.3946335209085785,1.9080657519292075,1.8786810444082722,2.026183001453559,-0.3262362281052111,0.5600187949947697,-1.3665046025779033,1.274695048069597,-0.9196408453096964,-0.06106345981817211,-0.6068749652218013,-0.7235592837176914,-0.7599453454111323,-0.8606181698668948,-0.6759574525911907,-0.1059640633556124,0.46791707108831954,-1.3082477890180744,0.5021866678407029,1.2188358003169686,-0.9048965271124245,-0.4490557375796061,0.10685902732564652,1.10610916270715,0.191647852522498,-0.7141598734949526,0.09570066416789087,-1.1859935277113027,0.41363758969042325,0.07023986651475518,0.43671167396072214,-0.8754639904908804,-0.48910738112581226,0.969601636350855,0.9029013758158636,-0.8872992668856624,0.004165599375344581,-1.5905007479333104,-0.4686643265278392,-0.35737560059407814,-1.0803612609054896,-0.8227216350598977,-0.8463790220632885,0.2092890905849033,-0.9432266870680507,-1.5876082524001964,-2.8306130486797,-1.1332786849511667,0.6186130340518067,-3.1892357893934684,-0.28248645078363604,-1.1442096382121303,1.6546166359999885,-0.7631151786836166,0.03559373687319475,0.8468799539254894,-1.6578399958564496,0.9223159774831771,0.5378149288508671,0.42661830149491886,3.882286168100741,-1.855101085675401,2.062723578982058,-0.23005970547675197,0.12364601853093352,-0.2681086952332345,-0.46743074028342413,-0.026536172740632274,0.45169992982518475,-2.0287945372719687,0.3657162178057515,-0.28665162571398817,-0.985769221634729,-0.8573588243500925,1.2512936541622535,-0.3458993230801969,0.18398125364428136,-0.9749683234303339,0.735427943368936,1.2071336656096683,2.141579319441896,-0.8325616995519434,0.12083939795837906,-0.032219236854595934,0.8628564094332137,-1.1147357865390195,0.74260773715409,0.1570293676078331,0.17919111070223903,-0.3822710502165121,0.20767177334155618,0.22233719840900862,0.5479611856442237,1.403248511483384,1.2460266370216995,1.09311535590329,-0.6137993693349539,-0.9160251546299383,1.2992031143799014,0.7564991786844788,1.3615134718542135,-0.7499892140039941,-0.5875137982545822,-1.7018203427958356,-0.8353126655032529,1.0277352464828822,-0.23195905129074604,1.1774998968530253,-0.28150873217664835,0.33884725788255654,-1.378308984074028,-0.2579430173307764,-2.4887912805893597,-0.5985699689556857,-2.1974958876262334,1.282529340921006,1.026960889439485,0.322799220221187,0.8127780030851622,-1.1503352583867836,1.7975438364816014,0.6281208253911467,-0.512525196730023,1.239589954725562,-1.189301550749112,-0.7692074145842495,-0.9018189715076121,-0.20971819085697666,-0.5425134397002969,0.7860494699606972,-1.128624305901581,0.4111442572384812,-0.19541108196768237,-1.16510220935227,0.3210442752327986,-2.1387351513438215,-0.6730038813314312,-1.1475285817529952,2.4058956048330296,0.9844978540780838,0.466256304753388,1.3912034413478451,-0.34776034425183916,0.6535792988806195,0.5288682391662411,0.7116882731921531,0.8905454787410337,-0.5449810214333414,-0.4571752962083541,-1.4088865867440128,-0.5904008988621717,-0.4608205259973693,-0.7027781085684655,-1.3480053031016959,2.279404499060631,0.6292160598394865,0.6624342636874401,0.553043581329457,-0.9090898163813298,-0.37895379036230853,-0.26723201221842496,0.44819539220105675,-1.416319682441481,-0.014520746634053776,-0.3855268158356699,-2.3618059446972546,-0.8945694569603273,0.03914273636519113,2.042178257851164,0.4860632003204465,-1.4577627741842685,0.3714112447605036,-1.439350330332413,1.1635760670747124,-0.6291519485380013,0.14534827834614855,1.083604690265625,-0.9562181883756906,-1.5699235025654361,-0.5601153833486918,0.9491617829450048,-1.9282460935220767,-2.845303251358088,-0.699660933058256,0.8482500239744251,1.5705632056264387,-1.0058630570752918,-1.2429403947237516,1.4776837264392475,-1.5921669337638054,-0.466952624128952,-0.2816317504936021,0.9816386489113048,0.03304289858450926,0.6152893258916442,-1.575502373745569,-0.6217236391681081,0.5174316061732891,-0.9525536085695592,0.18977825874751353,0.6564921676818221,-0.06678325733924342,0.6863889345128048,-1.1491214731021784,-0.8056108785553988,0.7948676850513529,0.6453255772883482,-0.656042831746683,-0.17942241970803027,1.0007125458278998,-1.7773294149736834,0.6014850015398444,-0.7292359941772287,0.34588610586031016,1.4069137326958585,-1.966993798475889,-1.0359549596697384,-0.3771668568884438,-0.8985876483179325,2.581598797987018,-0.35919182885499074,-0.4749277830933075,0.8516388495284446,-0.7783949665544576,-0.18221557292105134,0.8461830928270746,-0.1957184660052436,-0.3210352782463016,-0.3947974805049015,-1.03217255812746,-0.22994537588907926,2.0597831023296584,0.30006329317541136,-0.11998953210557999,0.40187785288122935,-1.5098231993472495,2.2846016565017835,-0.0026641876714491863,1.7949414899927392,-1.2072307470256456,1.343068237249799,1.1895896862600435,0.41204849083329703,0.3167569462690477,-0.1790708326791658,1.290702486723722,0.26297183953588354,-2.171993530209845,-0.7316474374115125,-0.1625452967975291,0.5793330596308011,-0.34171179460805173,1.0834555898143494,-1.2003300658103233,-0.20062192046238103,-1.9441711934671941,1.2134188364879666,-0.1604235905637006,0.4842509117013353,-0.36560893309050213,1.299250621084164,1.4062978907378298,0.842988966520488,-0.19663031709145828,0.8557994750915925,-0.8855287466492745,1.0473436751968892,1.6752821806753229,0.9846311572134142,-0.4104467869431925,0.38416033593585713,-1.055810056800095,0.21883321392789437,1.403245064550926,-1.84144305623001,-0.7995948071552645,-0.3009469423541841,0.2094793668522793,-1.4118743745312732,0.44948036763884824,0.19015185332917114,-0.10423896593468748,-0.8762122821233886,1.0378801967681917,1.629475182607586,-0.7189650844052766,-0.7023562591735785,-0.12871787111844224,-0.9322917187207767,-0.2028129535413146,0.6242056362153644,-2.159014982653166,1.0131516192522056,0.24162420448758437,-0.5655164033023876,-0.18892719660029067,0.1732769625068261,-0.9147688039544214,1.4345551773627658,-0.13416927768041848,0.5518064595217232,0.8330628678067943,-1.3637789118302839,0.2664155316165624,0.05114845205584531,0.1730906126168921,-1.6659749204485421,-0.7876520633569036,-0.6097516469744226,0.9863308823490348,0.772032633963622,-0.607162234466283,-0.9648375751550352,0.15553660595047597,-0.30766573925601515,0.7960130469931885,0.4060304199550095,-2.91429972954564,-0.19458247669375503,-0.9850449325461728,-1.602599223153676,-0.45118986207434847,-0.6147503737779648,1.4662918509223821,0.3333626641442389,-0.7440834285020355,0.6717279630239334,-0.4420538225856582,-0.7763393667676626,-1.1571453133933016,-1.1644809107241114,-0.5006879593124346,0.10897683633925767,-0.02952845847128311,-0.17310682503635946,-0.5813086273778062,0.9536119199910877,-1.7563718921727984,1.2488720801365503,-1.2134529385605841,-0.9180443947261772,-0.8662330757565376,-0.7786200365051213,1.0529099809749771,0.39645178281248666,1.2612713742880575,0.8512626552029027,-0.8778604937945468,-0.5353458565941325,-0.009014180549470396,1.0005501425776282,-1.1082523587653017,1.0387593012109595,1.1942634768151594,1.615703373634751,-0.24280912625908496,1.029559897936683,2.489708275995978,-0.553528473598681,-1.3733793060251156,-2.3377461451833836,1.4666429700159447,-1.875197741625555,-0.15835985970351568,-0.09115863995358225,-0.26583896361665915,0.01457381591219259,0.2626723757005415,1.6070672909493238,-0.18351835905368713,-0.8971887507668369,-0.8148594296955554,1.4653865817420475,0.8088245858428756,0.6144792477125391,0.806157935004922,-1.6276478851338192,1.4553147168934786,0.997020865107004,1.45247271045961,1.9081041317614758,-1.7151201029619711,-0.10377344749250375,-0.36272185522720096,0.5487261952988851,-0.7595878560528447,1.09827640108475,1.3454144556619816,0.994328122260674,0.19473141128378713,-1.3644593457517964,-0.9441289357320081,1.3966451000840183,0.6415364743353753,-0.5937919739745735,-0.7596680763406817,-2.2105640569601324,-1.3398988334163495,1.0093388028892738,-1.2305354004015485,0.25874134548816097,0.843653829029509,-1.469470592696272,-0.07298810659646153,0.9651326193937826,-0.042715258574304873,2.68256152588439,-1.9200224821112197,0.850704903748488,-0.16976508136122276,1.0028253088635435,0.538658095068533,-0.7940113477613363,0.35429403315179137,-2.0270869234655082,0.9203552178814206,0.5616263810487784,0.7111032528839929,0.8555470181318449,0.0567215817518318,-0.40696443504248514,-0.995827769910646,-0.5488383399537945,1.2821130820963094,1.6479796428772275,0.15337428787848423,-0.176595851577024,-0.7736305154755597,1.3336985099789032,0.8819228670045965,2.9443156728143265,-1.0317858420721884,-0.27342723625484355,0.13827297801624666,0.42793218886955137,-0.22585949908936948,-0.4289193238328005,0.34769596636076516,0.9499108695025821,-0.48961879932052627,1.2632636992197135,1.7554929342781231,0.49876817873751106,-0.11177536715176552,0.4162509474758824,-0.45089056408197536,0.04618616032915568,-2.1679993171681615,0.21949357789551044,-1.0430530135227547,1.700490894644116,-0.10794844562574657,-0.36961069644816136,-0.01770630226358184,-0.17071890390782218,1.2854679498281316,-2.940665660371162,1.4174225778083718,-0.30189167926813215,-1.0872102506706383,-1.5211789230355324,1.3188128154485852,-0.6452052781266158,-1.2175041960398953,1.7617671474323524,-0.06788938322008135,-0.4334538928240682,-0.021706092398688953,-0.8190140352629294,0.9331790931633184,1.523254953099746,0.7573760257776967,0.5415923464222824,1.86466101066191,-0.007081137763464065,-1.2145197775846945,0.24924284253254722,2.0696354223394775,-0.7731582846804588,-0.6198304570098712,0.49404683191376103,-0.270939783637548,-0.9754505527257481,1.0079674260083131,2.3702845929119905,-0.1504119231062223,-1.2179038305786563,-1.9690327327770552,0.531380679923088,1.1865835470447064,0.5513417070675768,0.32786279514348404,-0.7867537116326614,-1.23162135029951,1.2010777732902187,1.0656081947690192,-0.8617110815474754,1.5932907731305255,0.3940670736949297,1.4556806210961302,-0.831826639340224,-2.0804436699328654,0.10784096413663241,-0.4997951477509015,1.1325032489597482,0.37735834336227275,-0.07486790942101958,-1.264719195492261,1.030396344628639,-0.8313258830702076,1.9522932698754902,-0.5628909931765511,1.0747107427146148,0.6086069105012708,-0.04292710327269578,-0.5449227140825549,-0.4696061026237608,0.30029869774637663,-0.4755056272564601,-0.6049460755102035,-0.40137398157694826,0.08320850029684419,-2.300001523690277,0.385169300751699,-1.5358440298374665,-0.7282447557908078,-1.7959572333059595,-2.171379158605398,-1.6856226484972958,-0.9337721565668171,1.8561412150995562,-0.5572202666324109,0.5668496650427872,0.7241792925088566,0.22638201340230987,-0.13201679381012468,-1.0381107849386728,0.4403330390642195,2.3204156740432436,-1.7570368981694435,-1.465796068943159,-0.26520961496290507,-1.222696699924763,-0.044114764707303335,-0.6543434248235008,1.8958897708026605,1.3516762141913363,0.33289411452872,1.0330368577107074,1.5330062142710288,-0.6538612989551902,-0.7546074788002588,0.10649237174015064,0.6881168927872355,0.12092388997648995,-1.8385139440709375,-0.6472696338562758,-0.33783102624275774,-0.3699412816235643,1.83889871700489,-1.0975453293213375,0.40160051887732,1.011094068818633,2.126388750075099,0.35669137454290734,0.7186878304298416,0.4398353043837684,-0.4088204269364812,-0.6913628039488139,-0.13699066740917634,-3.060704749937118,0.5300242218358769,-0.3267471869837826,-0.025468317460975304,1.7128925667429549,-0.8785698532247004,-0.38092681542624673,2.41069482605851,-0.5530918345318654,0.054602706697847336,-0.090158798780101,0.6838094430981085,-0.0803221901120526,-1.4828307510799033,0.1789293579886183,-0.7452070557471501,-0.23381137998512502,0.473175424402161,0.2804894686119743,-1.998633805130705,0.6645737771810198,0.22357377998536382,1.4830151303694978,0.25551989135028874,1.6461362640751298,0.8113392970656887,1.5785026135436253,0.8992955750724996,-0.31964522352181257,3.396758131179477,1.4230903471268792,0.6756310482725207,-1.2932558205896216,-1.3854680194452826,0.32964580922118547,-0.10093185583836245,-0.739804299919931,-0.09133488101982704,1.6958011994718503,1.0801248528968692,-1.7612398873343393,-0.21668430092860802,-0.7852816184057257,-0.15685665396040782,-0.08200206273454201,0.05015969992171537,-1.4480197553074872,-0.32542597332526063,-0.59155110109166,-3.1889411175887923,1.876289279680395,1.4131169985928682,0.14664564066408312,0.17604218051175008,-0.7821800349734929,2.1675115841573716,1.920245326474599,0.8556718840639577,0.6034075673150441,0.5582187706586127,-1.5974839033639603,-0.7543323480597844,0.08429546132322663,-0.5445292205469808,-0.06480387553748905,-0.27258786343569674,-0.38486562770540134,-0.06713325112514201,-0.4565189207298279,-0.08065838136907937,-1.441466246301379,0.8285307499844994,-2.2172650516278027,1.5240852129221545,1.3890502203782926,-0.007338986476303634,-3.169000728243184,-0.7657487334943979,-0.42277703140952083,-0.8659044424693374,-0.564630103093021,1.0376571463812496,0.6564071523668012,-0.016011057126085887,-1.3056944487609248,-0.9054893146039029,-0.1250063644887798,1.1928141395481684,-0.7670085995430197,0.7137198156761088,2.085992753621054,0.8999920909198342,-0.22616914047322184,-0.47642840742521303,-0.745095486648289,1.3485655933026548,-1.2630180940685314,-1.3461842368960122,-0.07058580987102486,-0.25706419749919107,-1.8225832006578235,0.07727410865043628,0.07568969257343545,0.9174113067409042,-0.8105862262087753,1.7886077795158546,-0.8013920015414098,1.4774570341701143,-1.760902242380466,1.2695749052497363,1.2280113005151359,-0.34795638255257755,0.10259425137108112,1.3184353479143358,-1.7767290655729027,0.20622323189856587,-3.27749162704625,-1.6921731459570788,1.0979714734274109,-1.4025139395655786,-0.5076771276107088,-0.5344851809074264,1.8226332230321183,-2.477920810527792,-1.3004197959050299,1.4946148087230071,1.8565885005964249,-0.6726653346065803,-0.9852049030049663,2.4826275530390016,1.645347585224944,0.6405124513167916,-0.9931677152134846,-0.10021751099866216,0.01416797033980325,-0.14458801078511166,1.5636306056246552,1.0838266565301022,-1.1501649252176906,1.4291223845930627,0.9055702619893523,0.7565356594518621,1.1400099865094073,-1.4332060372475706,-0.9052200623817561,-0.8126206040150383,-1.519929221961042,0.31195932075225874,2.2781591281582276,-1.5312674278074805,0.2699396680029316,0.2796956148011244,-0.15706649685536855,-0.6708265939798508,-1.118711538298998,0.2095870494518296,-0.8145827032609967,-1.864628247585836,1.0797728884151456,0.9389872887967545,-0.08963178472640812,-0.28412107631876216,1.0272384762505808,0.23274032838548042,0.7358945292490985,-0.4497962406890396,1.4646301114318443,0.6362763352875129,0.21930139125297432,-1.3305127261447929,-0.07812387302976656,-1.2981351635128147,-0.6703880916307856,-0.5915072585380203,-0.821147374295278,2.359940253115391,1.320819815637439,1.6706997260609215,-0.7282727319047193,0.6152813699354007,-1.4374693105536132,-0.9493044397259978,-0.7796927545494489,1.3384285044399888,-1.214193535815002,1.167947606249055,0.7342190337140772,2.3447323027309075,-1.0597345358466495,0.7145153272511198,1.7144961499593379,-0.7259651118050424,1.0113145181406236,0.6453743435629167,-0.4839224131511751,-1.2756625491568878,-0.750826680452628,1.5724535930474495,0.1400128587797242,0.8398657224350989,-0.8996746347213614,-0.7419889888223057,1.032908664719341,-1.0551981557720156,-0.662894478281399,0.4894784657456037,0.22339556407469013,-0.09660408405341103,-0.080959045218026,1.0865500200918676,0.5998160723718423,-1.2239994235515455,0.21147751781585866,1.4493229339665505,1.2170221053657342,-1.184693622499008,-0.43042694419575844,-2.6404556364706155,0.09048917084155857,2.479034795260888,-0.7985788023253082,-1.4911714337667255,0.6066063150201442,-1.262154439972453,-0.5781496963241576,0.12495909432464336,-0.3411887486568617,0.06736464752685561,0.8021870892882714,0.1835345883485837,0.2469039809295822,0.02041595929878475,0.9112363189338665,0.11919191552607446,-0.04809582427256803,-0.48967648908290573,0.05791278520242199,-0.11067901943432398,0.2793123891329551,-0.6699810974969735,-0.7256854561295316,0.9479993243997282,-0.08804356905128034,0.9927874273596707,-0.33319545020424085,-0.00992330677340586,0.5102834519836866,0.7143495975699639,-0.38008381410796077,0.27491397426943215,0.3774013742160598,0.40133220591944463,-2.312438971838523,0.034460881004375374,2.6566491153419736,-0.1535511802901826,-0.8119283260874788,0.20349387449268064,0.6672082589244626,1.2698998905511905,-1.0983581907203763,0.5138478808933461,0.7963562129619006,-0.12625736164922163,0.07315393456273037,0.8993388181912172,0.481513436095345,-0.9418192848262579,0.7129110335300173,-0.7112417945061795,0.3608807223610009,0.31781705033444085,0.044294981767781655,1.0040488883627896,0.1294296418683364,-0.9057686815260093,-0.3009219770791129,0.048424841304912536,1.0123681825319066,0.342097786415016,-1.480853247784413,2.8072044799643914,-0.08052573418973302,1.121262913371846,-0.21991643220139112,0.782482566138124,0.8481798166434608,1.1095307300197532,1.3367023095229873,1.3170417677409347,-0.6113100763094058,-0.37111257237644574,-0.2010396114748475,0.4369522129210976,-0.11277680955760877,1.4222416385563568,1.5793749788276072,-0.46066500098616264,-0.7756325180167767,-0.3207280692793513,0.613039853802756,-0.49148469235984693,1.476314098819457,0.7154738670087544,0.34039153292296687,-1.2027780316627523,-1.1687335430923218,0.6465010969671082,-1.9604729283122577,0.735448654731294,0.3188697929428229,3.041504151288401,1.7439515265723449,0.0845851424808044,-0.32211587642763895,1.3156267635877743,1.4495148385196202,-1.548888835614675,-1.6173774700967634,-1.051548036377253,0.7004949560178666,0.050783034451616735,0.617686529443816,-1.2981162461531586,-2.183316652633043,0.7432994780693021,-1.0022282911380687,-1.96203878770606,-0.20595931245804863,0.8841180024296086,0.16149284615494053,-0.9097268408949959,-0.1468480899915749,-0.31526737395865506,-1.455082528538347,-0.8121251124341569,0.5051371857444109,0.6954119684721759,0.06521519998717638,-0.9905405278183586,0.004012489012431576,-1.7198822034223629,0.4190827706377677,1.1372369883990376,-1.1833220345773603,-0.29710614529269674,-0.5445580768897679,1.0083205996141986,-0.8244235790146691,-0.6999400141302711,-2.70494816898576,0.5035756247238611,2.681465440292486,-0.4813482076467869,-0.15133165869870308,0.5803027724694614,0.3921862015118408,-0.8149182213417162,1.0227981527060819,0.33030568115666203,-0.426191982707528,-1.158266546797064,1.5121525914698197,0.305861493717879,-0.3665215172669129,1.4271220980313908,0.35827884074547495,-0.7134726719328186,-0.32700411972541826,-1.4949230570919658,-0.007577646776791264,-1.215751155076116,-1.1522486579426607,-1.7386970223876597,0.35215951079424523,-0.8882079052421066,-0.7711848492676774,-0.17135715425598722,-0.67148309177958,0.27491527042870273,-0.28951535240127524,0.908418743981832,-1.6730956924620117,0.7392504819568063,1.5770700722261137,0.6996204064909392,-0.28501663926282117,0.4058948947099116,-0.4010758259686785,-0.007011569838706849,-0.5809728084227969,-0.06336721593081654,0.5583610652443833,0.030052728714910194,-1.127488737331967,-1.555492357534558,-1.4083019206295535,-1.1424192029591176,0.8504258516163296,-0.6206891359804346,0.4480369932348462,-0.048297708762180945,-1.5036283945843794,0.6260037074619762,0.23963312954395724,-0.786065577075392,0.945357547450154,-0.9797092896810169,0.7170970874141187,-1.904187975708546,-1.693093990962505,-0.4144651002943121,-0.463403342476317,-0.660193328041327,-1.3231884001878553,-0.6253047738560933,-0.5283713169225112,-0.0013913586731283817,0.0861702379938783,-0.7926921379405886,1.5272946740493112,-0.5550590497620551,0.600700816852062;0.9512751517334359,0.9686231146579172,-0.5162896927369587,-0.02544234554198138,1.7166395300375061,-1.605831729897458,-1.311875904453621,-0.49094486389861186,1.0264613905726903,-0.10536535136779203,-1.193352957851949,-0.6369963543682331,-1.0537864414896663,-1.0764362218011414,0.7767729682267132,-1.5040580910324066;2.0560668503218453,0.7849875911614228,1.078644437499729,-0.4899525287347113,0.024581810160070508,-1.775542849932124,-0.5422923889665,0.5294561687187366,0.7621029096392617,-1.2849185074981275,-0.3643178968999786,-1.251401611003034,-1.2004441538286337,-0.04837137006808321,-0.6256931658598702,0.09371152964075401,-0.16358317665005656,-1.0073003518793946,-0.2394967964133955,0.2590401726350974,-0.515223531353776,-0.34172811985941587,0.4906941795340516,1.2422364009757012,0.2742439052133784,0.4221987228705751,-1.3876119789150858,-0.1155325503228349,-0.8612056915535602,-2.1056990086633594,-0.5134371940804878,1.594822892014961,1.1651385830725263,0.19446567036812828,-1.6122222874395211,0.564943129357655,0.9692897531526453,0.33581656711323793,-2.0309213060925724,-0.8959897609069858,0.04341068944723178,0.6689981439162772,-2.001914339320227,0.22963429473908273,-0.10411336802161422,1.3177765053202324,1.0794574907995484,0.7250829984746067,-1.3788082131778598,-2.048445642417671,-0.7637792464578761,1.2905201588122306,0.9719149503515179,1.8927403674417842,0.40363403600761266,0.4306643674356743,-0.5593214025777019,-0.6862217905739296,1.5386517253671477,-1.1569774723200301,1.9897861497823552,-0.13302969988815147,1.1026863184231337,-1.6776385420406679,0.12036958474508365,-0.5280643939222064,-1.4549128714876707,-0.010561964631331716,1.4067450014985365,-1.2470962252708246,-1.5026088159514834,-0.6248762647505891,-0.8272664696073396,0.3183137672686446,0.9612905507999304,-0.10770517054759393,2.129444666353662,0.3073410761980433,-0.78809023600911,-2.011739468036813,-0.39157800692946026,-0.7299339978301996,1.1404827807475133,0.5391602983896897,-0.8436075087528385,-0.31770784784818373,0.49308966487297173,1.8904118013070246,1.5305387317672146,0.22800807711190876,0.2847777796179626,0.40816475998951723,1.3963158373584053,-1.3072948419961339,-0.44390216302281593,-1.7334678181596501,-0.2349737833371191,1.4713540696097287,-1.1308954620202165,-1.0733023994248145,0.24659899175997574,0.9027132997915931,-0.2202984209976576,0.6238229185133268,0.32621527918818843,-1.4633115098624971,-0.1737662003026008,-0.820641462138003,3.1109732813180346,1.0141090947834284,-0.8156195285209568,-0.6895924949700897,-0.10154950848525479,0.20915651402507904,1.6147087934077629,0.12492634471547105,-0.7209200151064058,2.363738996172991,0.12908061855415562,0.3438057580342191,-0.3909701290095827,-0.16432744845542316,0.20533530387917517,-1.8412714016048657,1.8962201063153283,1.6685976515003484,-0.7670509874754257,-0.9710346008069809,0.691301101491808,-0.3546606164341682,0.15269149141771193,0.19822067007188882,0.6594105043519437,1.041068630568399,0.16965231267001518,-1.0749959605407389,1.1220836079836318,2.380037697434649,3.035677236083944,-1.0815380986967258,0.6040034648177871,-2.295210543991552,0.7116454403381728,-0.2628443764463327,2.425347206177433,-0.42911672440610843,-2.069388999505567,-0.24136734991633318,-2.054474497282716,0.9849450090019211,-2.41952142761375,-0.27652058249527917,-2.085961451283618,-0.2471457298901396,1.9114544009284524,0.8365009171067866,-1.1627098336359771,0.2299085441046243,-0.3752842154250474,0.2891484345642144;-1.4235605980907735,0.5674130881815954,-2.335686712005454,-0.26386163621170944,-0.4655947727289715,0.838051286267892,-0.28162972562986843,-1.4965911739017133,-1.0544704441726236,-0.26942865903465446"
5,1.4697055294067982,"0.33239361814708435,-0.8504437281481205,0.12404632838293363,-0.2572960650062464,0.8155199364126238,-0.47374779402553324,0.0018215872928570714,0.23784751471327267,0.5653395256131036,-0.4034284730186047,0.342322662147138,-1.6741161471873993,0.596113305729715,1.2583808329204063,-1.0750153910149158,-0.29571191916960965,-0.30906230001544843,-0.10369180392560284,0.7937582792799873,1.4167958206796252,1.6090432691278242,-1.8857816608524975,1.0372823418477615,1.630198865572089,0.8878545947207293,1.182959438271124,1.5819612523957962,1.1385930183042194,-0.3966957597284883,1.2916647752086492,0.10967976552006642,-0.5330687474165181,-0.18194262599792255,1.71422134826233,-0.9578013971457557,1.238392395037991,0.9881570254571761,-0.9062749332894627,0.6144749224429108,-2.0062915125805287,0.5912641308065094,1.2373986898804634,0.20225275822821825,-0.11835750974300305,2.134671988958694,0.20450183282427115,-0.6560291439209828,1.5610833253216279,1.626925632389067,0.6688524554888653,0.7704515029145708,1.903052128037026,-0.2844351466039425,-0.7717166163075005,1.0924794622332044,1.684889306245949,0.2667477998565477,-0.8524433531699965,2.294348740746312,-0.10352481165812608,-0.3244496825045638,0.4791135175759441,1.1653835054076223,0.7148386877299208,0.5039068956049901,0.4988389455508837,0.0855308299699494,0.5521903129942668,-2.2813746658029106,0.12349455891741265,0.6735397793434041,-1.2433412446128453,-0.34024366888636887,-0.6583749652267205,1.372642747336619,1.7554724918127407,-0.22426669094312543,0.18103021103706646,0.11397937281546464,-0.6309437790473331,-0.040340129400995135,-0.9463741611867734,-1.482360648625773,-0.10885574780429587,0.9427816888977012,-0.6824466623206379,0.8532655907893034,-0.15646567265153022,0.40377998291157036,0.8418296000797331,0.07027060535581794,0.5763057883008839,-0.2833748409298371,-0.27655028911629176,0.17379811510348184,-1.8007301631373982,-0.19001223853056337,-1.3729615197232052,-0.800734425844235,-0.23759713377843258,-0.3933640064532595,-0.0892062928392606,0.0032361164161183453,0.660974565087754,1.2859077804866808,-0.3350294063948042,-1.5526966025375022,-0.8903314091965978,-0.7743150311551689,-0.27093786591526126,-0.4800492948192191,-2.051680625678544,-0.3233626068806478,0.412634081721031,0.9841250900109291,-0.29277259548874357,-0.37736001023979626,-1.5749342002479592,0.12640927889919915,-0.599188221493822,-0.21222342331748806,-1.8724458940265967,-0.2329286870511213,0.2589709342307146,0.29216884895418677,2.7039921500088844,0.4050548870580855,-0.9144364472758169,-0.8152100092039931,-2.1056674103571846,-0.6340201926943599,-1.0264902052974898,0.4928797764920015,-0.35670191241842275,-0.1107812354575548,-0.7497854603748443,2.131505064380439,-0.5204183306408847,1.656775412718682,0.8524632729705734,0.9335913644083209,0.5576880527069428,-0.4016875108082394,-2.261656465387676,0.14127408805472788,0.7785169639499137,0.3508355128919905,-0.8491463866373378,-0.08488234007523035,1.987560822277505,0.8017722644313678,0.0595993104732547,1.015233123909228,-0.14648425372001544,-1.5409041300057953,-0.7602332209976105,0.6964447655258028,-0.35525906878958546,-0.2748050955404242,-0.2531441291541513,2.0011741961319887,1.7592688531606777,1.7394279361554905,-0.1584391587126191,0.46672400836369826,-1.1493121701725382,0.9388558961905682,-1.2790351529679398,0.25522270670760216,-1.572093506842723,-0.9480942538413785,-0.7192057847119963,-0.6471659289513066,-0.5402564246923565,-0.5979052352762202,0.6840757753331193,-1.6989021631176613,0.8920663744090703,1.1709149214272772,-0.8934084815895251,-0.48110483159791895,0.29447797579336166,0.9048989021372834,0.2859942171209646,-0.3186929379491682,0.4447433262275839,-1.3516954569958681,0.6006571377740617,-0.025248695928476977,0.26725584660774415,-0.5561882291726126,-0.8234459964670251,0.4397196995542795,0.7727569387165154,-0.8062428544246141,0.15555231445593667,-1.9801472944522158,-0.4922100876354293,-0.7559141847897334,-1.1527327210817222,-0.9607479809921022,-0.6823508245353188,-0.12939718459222693,-0.723345650171165,-1.5300818158699863,-2.5777301635203043,-0.739070310875553,0.7438524248876462,-2.8744548432851538,-0.883603561520692,-0.9806598526194432,1.013492565191873,-0.7945046309332786,-0.13133446734062604,0.1402972827312073,-2.2942234370364756,1.0629197904299386,0.20361133666196696,0.16274193100210724,4.092832610090139,-1.6832752119127188,1.5702818112707542,0.3174642692198169,-0.08463787710801679,-0.26476338114897197,-0.36914695384202656,-0.4468959872836588,0.46591375396698487,-1.853760533790969,0.6174720554377502,-0.41062790777895564,-0.854782689988942,-1.0458056084453844,1.1811355584040562,-0.5046248016105913,0.17673498474328098,-0.5999870037051988,0.19618384767656144,0.4502784662154842,1.7845037043503804,-0.7171556027992914,-0.11398265151874162,0.11686669714073675,1.162108588994906,-1.1605791369081178,1.1037437893779594,0.23887153424471352,0.03707013265414083,-0.0619052077722919,0.042427050582980186,0.27791485056980236,0.3490682256445386,1.1521004860881703,1.037742981631117,0.7277395315126517,-0.23381642971093838,-0.8653483172188738,1.4992731833404185,0.6862217074049692,2.06053100793697,-1.4107220918112635,-0.4765150448381964,-1.7514460869765462,-0.7619034864309243,1.0961810121352589,-0.23366880891754485,0.7133655408662277,0.12691829011259625,0.4456269715904429,-1.0623291005511855,0.03682742239846569,-2.8449589121470527,-0.3734355889840151,-2.4834246550402095,1.0373418066696618,0.8613655296443361,0.2828022644478366,0.8703191563062782,-0.6888847089980414,1.8253810538538722,0.687369258118301,-0.7817040962269551,0.7546048406340137,-1.064230774094196,-0.6312367723507896,-0.9635301133118495,-0.24754094982661057,-0.9259299842678052,0.925267726158646,-0.5390641576426817,0.41557069211047737,-0.5897299961342024,-1.6467268149164895,0.33838116112879424,-2.638810486064511,-0.11341178066786442,-1.416905746278514,1.931150375419783,0.6446797085412173,-0.09307745422093949,0.9436768680036752,-0.205751013296718,0.9148995893700982,0.5498855483955237,0.3332490917457951,1.236938982213822,0.5696699936401256,-0.23713560620044677,-1.3179611199199486,-0.4847858891275322,-0.598668607827389,-0.39902731765793714,-1.0293020962993809,2.776404534015944,1.1983434540762155,0.5651709630358637,0.3456440265634023,-0.6586993890330864,-0.9249425356921854,-0.24666074171811952,0.13216972212670194,-1.0507661475289467,0.01789221441809473,-0.21122981368275978,-1.837385790481013,-1.1299026857200893,-0.038700971426128494,2.1069714343645556,0.7237819471273463,-1.3206040848823795,0.26455780885935376,-1.5926274671298355,1.1239706876902862,-0.8041348288117854,-0.46581114331068374,1.2207115500075258,-0.8548960584340444,-1.5888305329291121,0.030497862181954882,1.4932847324693959,-1.613356563536955,-2.8249189126707357,-0.39775639673046836,0.6983441192563515,1.4870965156896314,-0.7807676967648804,-1.0149268751118414,0.9995098875892074,-1.3904648690136168,-0.2853434322979757,-0.44394026287913296,0.4846018604829418,-0.5810751441758818,-0.1945644322645318,-1.9171112714837208,-0.24602365189566738,0.5517262768671445,-0.8069379733963038,0.5132847492603224,0.3306452760302525,-0.42683695484928563,0.17830610298243127,-0.7939950017622857,-0.8776632733843195,0.44178371760978274,0.40737244620189567,-0.4586767784576299,-0.07664202919814729,0.6291523011006979,-2.40019946243146,0.9186111483610174,-0.7889283365399017,0.050262715279115716,1.362479209522366,-1.5169926405925713,-0.984686488329188,-0.09693982145035451,-1.4088087269774072,2.6797268041879403,-0.5357511878344314,-0.7702982995161505,0.6369502134709134,-1.0372341785136265,-0.2511632647861095,0.7974010629142287,-0.8643345896744332,-0.15407848449007527,-0.41612634748269073,-1.3964353944008516,-0.20587924072609748,1.9372344162541943,0.05843099185263165,-0.30662514521202094,0.66216602552522,-1.6198992491637918,1.9741657537576653,0.06876902033071905,1.4673718977777397,-1.0075319542282952,1.4948171014689315,1.4601804714932682,-0.09608501840005536,-0.34690169294667483,0.10038954520472233,1.328279875746035,0.2913036434761422,-2.2861290136966708,-0.7131713716011864,-0.37584133115318885,0.3361322374413409,-0.607081465643783,0.4987633110255844,-2.081584025516216,-0.032968479407000546,-2.1135282638038286,0.6442385144773796,0.13753659974385432,0.48736521201646477,-0.8470067465779954,1.3507754237813625,1.013190977651155,0.5903649723076004,-0.41298144747534293,0.6025565482057914,-0.6200133691125682,0.8190849589142826,1.7280719521777372,1.2245850311006719,-0.47980141689308464,0.5194485906025329,-1.2187667332727412,0.8828733540482907,1.545367012073795,-1.9394156536143217,-0.9280600940065065,-0.3171899977485505,0.029137699451491274,-1.6539785104172413,0.6938849240840934,0.4852594404879095,-0.01650450961234884,-0.9992671162566298,0.9963621411067412,1.9292122031660193,-0.6600683163552756,-0.36418120585384506,0.01537191750539034,-0.6636705238200211,-0.815089109775536,0.7130754597934357,-2.3236295430620686,0.9281012441435941,0.2378089293686231,-0.5557479769268209,-0.23293929601650612,0.06432253111736977,-1.3087734734874104,1.6925407320269894,-0.5233850901577602,0.4209773172421627,0.9267391566274373,-0.8277837567990097,0.2538537979930128,-0.5391744935855347,0.2094015145754446,-1.9206420253607455,-0.5521633048666471,-0.7845632808198606,1.2016647410335972,0.39362735982020736,-0.6674066045313176,-0.43096742717165715,0.11769513421124433,-0.4123324693004828,1.3720176567694382,0.3150961720365758,-2.755997191271263,-0.6285833401362882,-1.0235052350414289,-1.2943947868701136,-0.6208399096091305,-0.4161741672640483,1.7793827893352767,0.25029583695701163,-0.6399737908952623,0.49060757070044547,-0.5607486713195193,-0.18162339475180855,-1.1958732116894537,-1.357475951741681,-0.5682008722371465,0.06892255925451898,-0.3234046375634247,-0.1867784318034389,-0.9246598565055504,0.8929040483799501,-1.3433963788261205,1.257312781899251,-1.052408307822878,-0.9707566245489875,-1.1232375959516654,-0.5100341874763639,0.6981432481823011,0.41170965618873584,1.6467313527901775,0.4226343106378598,-0.8258938918893234,-0.48664546995626995,-0.5162341190660966,0.7953643038010304,-1.14773636082806,0.9227073186958373,1.231094943503528,1.7671682597744798,-0.1952834519293304,1.0915593940721777,2.597852311937855,-1.0823897180688724,-1.5651934603237398,-1.9119364540663433,0.656536899574094,-2.1462590535245836,-0.5643212634411409,0.26326387311017146,0.28771253367240046,0.2562122085609858,1.0582226040637086,1.9817431641230987,-0.6682837841609528,-0.9584849293926531,-1.0380472447745106,0.6014083161195052,1.2708435257256978,0.24701764112700617,1.0975566965336858,-1.115479209984849,1.4186169350342481,1.2960030492603982,1.1402973208240892,2.2495457447061877,-1.9668539193161398,-0.7010873185167608,-0.25495107435287623,0.5447083812173539,-1.0137998049571049,0.9678277683264034,1.4640239003976203,0.7625499623240956,0.06625800898875445,-1.1460887031181581,-1.057530751667275,1.667250278301892,0.7425958867411045,-0.48406222311213,-0.7917994100142595,-2.3679782277681514,-1.0809547477688246,1.5184572982680855,-1.2001848353674711,0.32958688275594644,1.074189022769738,-1.4828635659203095,-0.021205778329098653,1.302192591944381,-0.011968789958491266,2.7692477636391004,-1.9942939806550286,0.9151668192293355,-0.121015254603783,1.0700909780684005,0.2920134070324609,-0.8038950196149275,0.04668921283645096,-1.6359503756719513,0.88215800200211,0.17942302214815717,0.32839769833318333,1.1119975284546126,0.7968074767754438,-0.37095524264598023,-1.1266904829486766,-0.538460702267839,1.3591146823090665,1.3509036605446185,-0.05871826133130814,-0.6442203184793446,-1.2920141124273086,1.667404596706594,0.47109864588227335,1.927998338425207,-1.3746468355468824,-0.24319124872280778,-0.3753930673612823,0.406212390139743,-0.17218317541397948,-0.9861671790574149,0.3038141265726773,1.242354973374224,-0.9248238232881517,1.1245302327819593,1.2271453679450912,0.41704396255761933,-0.5413261201207857,0.7721287618156847,-0.620689454986336,0.3546178896863226,-1.9335199435946206,0.739261746978129,-1.308228757257099,1.3081593832451737,-0.36902709122241034,-0.3180680480592003,-0.45064681243875826,-0.12734831434869684,1.0116736250962537,-2.954617204725644,1.0809763055322432,-0.19045227899322253,-0.8098281744488471,-1.4381396858541993,1.8131210019456925,-0.5065852001428192,-1.3744904490549308,1.309780305329972,-0.24519106621235032,-0.577630701709921,-0.15483579247572518,-1.0732763558135847,0.97891414152391,0.9628394175507146,0.018046923779651614,1.0281615008710538,1.7756688973951291,-0.4463691080572456,-1.1985755173354542,0.23157169571860128,1.4678422592026699,-1.1472858366570289,-1.0003458549818736,0.3723686285208775,-0.6232133632553002,-1.4244144539323864,1.077897698141021,2.970197959340185,0.2679125106116413,-1.2948156762835321,-2.786094162919634,0.36108851985534585,1.2634993579015337,0.6889825589234227,0.08556491055017167,-0.5606407210477073,-0.986094842741717,1.0613602264386206,1.0455877802931517,-1.2099847464499058,1.292468148936202,0.4197011491649705,1.3624328797861072,-0.8313264381809324,-1.6605574474948466,0.27004825587308545,-0.2783223631520064,1.7452268859226403,0.7988774846246995,-0.1929965064765094,-0.756556780816639,1.0712801405889447,-0.8758299782167354,2.0589475506674644,-0.9322576282707918,1.9398575541259633,0.9143374566724226,-0.42423284402637207,-0.412041562736666,-0.789967851131924,0.033224256491587265,-0.8942456414189743,-0.9510230261203162,-0.14478118883976093,-0.47676809330491393,-2.350416928796943,-0.0717569991567345,-1.2385228271316269,-1.3121310050699657,-1.4872905497661078,-2.1442042407987185,-1.4397035226984327,-0.8707180266039005,1.800752669102765,-0.37162965220673405,0.521441754636045,0.395105214586854,0.25207482442761486,-0.1191906419980384,-1.4329958832579905,1.402203483714638,1.8323436045204817,-1.7156296999778025,-1.4704885686370854,-0.18633640031237314,-0.6066703205431457,0.23663093864169218,0.07385812772909787,2.5177950626503036,1.093296853237417,0.23601792535410418,1.1129068055425033,1.5328625137881953,-0.56740260947011,-0.9838428819627851,-0.03820140358845145,0.6725440667499843,0.11417450215202767,-1.5317125924095099,-1.1151852134621274,-0.1262490089734654,0.04279795826460049,1.6022406256147823,-1.1651050402533194,0.6661354449981478,1.1180802469747806,2.309298553667262,-0.11972221477105156,0.8621885847481553,0.7146753099159795,-0.2521980422042079,-0.7670630032701365,0.4248960882266322,-2.9480270902215873,0.3659928635922522,0.16980318699034053,0.4860321216998403,1.2839126134438779,-0.9553490939492615,-0.030298179325719446,2.064788481473918,-0.4190647788531947,-0.1792031198332854,-0.24211932515515835,1.140668643387985,-0.30142272137358,-1.752613142907749,-0.3497203559200385,-0.5415888577650123,0.15062020934095388,0.4467768522823496,0.6140843720106066,-2.3913308113339444,0.9461850925864773,0.4569593798664603,1.2062001432097502,0.02611481548797083,0.6088276897631499,0.84678946156515,1.1392241630674234,0.26385018763829104,-0.28472343391215343,2.9409343813232143,0.9005209396216354,0.5833213984183758,-1.7078262869340957,-1.4334763785170423,0.10540828773621988,0.007649970045302323,-0.547776209527761,0.0056969031604025,1.7003525749447117,1.0928284865018534,-1.4777665633364645,-0.32187258468970203,-0.8652396778913982,-0.040836814751571665,-0.37669926395397024,-0.3122878826076069,-1.5435263045283547,0.05022193197558943,-1.2680675754473063,-3.32053567497625,2.6432425281797274,1.3563857487281754,-0.016972386045328802,-0.15943401022127923,-1.167777243347294,2.2920417423832644,1.8173668673904797,0.5507812619859838,1.1177829218431037,0.20416218645409637,-1.6404436885803184,-0.8449174124020817,0.14246478407406965,-0.8811153682512185,-0.3190792003297692,0.5791539492966574,-0.5342877959214891,-0.3019268891205994,-0.9493059657329653,-0.5143901266543721,-1.2458377407354757,1.1951702543190337,-2.046856760668907,1.233432304508058,1.020475340920115,0.5761066312505251,-2.7479313192270918,-0.3262028825313455,-0.3562963572345219,-1.2583073799538467,-0.7342770008744948,1.811668773639574,0.9533218854208804,-0.15756061645164224,-1.7659889949823395,-0.34017833057017366,0.00661704124129053,0.8349314765723337,-0.7171385331278328,0.4465650862836966,2.813870144819132,0.7042440806583782,-0.3531471738903038,-0.29894370954888444,-0.11226054797410966,1.3204303640067123,-1.0643050424705993,-0.5631487024693667,-0.2657478395019922,-0.3898024972872455,-1.9613456297999181,0.30991567387289776,-0.03996115324701967,0.7968639178564294,-1.0986781082872479,1.579848432626315,-0.7222770149611181,1.574711932037053,-1.8230728081455045,1.2234979339752465,1.1283975417011012,-0.8685234083981472,0.09696375237279392,0.6588076461709339,-2.073689455566173,0.48246481416153714,-3.102837847733563,-1.4085240556792282,0.8863487875600614,-0.7624801829038931,-0.8972194508192484,-0.05566566763812886,2.1599693578046457,-1.993393956740619,-1.0714117511052461,1.466049040053602,1.7267163179988434,0.01446914299427119,-1.0524345145695717,2.1766728489594476,2.560104095362995,0.6505790385687144,-0.7079580477038543,-0.48724771215072854,-0.3033596323380015,0.32861653882832914,1.629379327791709,0.6034319267288857,-1.5135441612340244,1.1307842326181343,0.9521790101062568,1.1241712606004142,1.7310861592882985,-1.3927605989933514,-1.1634188737210056,-0.4859721620428501,-1.488433904750619,0.33862607114985716,2.1941719736309717,-1.2736148979551913,0.6697977390298265,0.10006894559948741,-0.34031303723971285,-0.4233987324985546,-1.1980603062181912,0.006478401462893593,-0.9717538456717073,-2.36438987762967,0.7228966813120733,1.438704363783563,0.07113663823544325,-0.49614662494261463,1.411345330779078,0.03022669398917504,0.8747043656922466,-0.32877935418307724,1.0554249314213848,1.0611967535215032,-0.34711982776102335,-1.076491124339716,0.36894165878418556,-1.0201842195740176,-0.46756749462798575,-0.4019477500664584,-1.2140257763232958,2.2693679108339553,0.8695211305647813,1.8809770944694508,-0.46541432879634675,0.5225728994642111,-1.6176244515853335,-0.6410525365097893,-0.5153395421757305,1.0656031822065164,-0.8013329819475382,0.7851240782995781,0.7422471117110448,2.2220452720686987,-1.4435623331012881,0.9187141223395645,1.5292828355991483,-0.9867877487613291,0.8099393529946758,0.5448195443013205,-0.4372918198449541,-0.8630402081783939,-1.196938094199877,1.5521251446136115,-0.012528117038362305,0.5109813844570973,-0.7133390652094102,-0.8016133292406855,0.6779813005641665,-1.1135916174918452,-0.6536994102933235,0.49023430265613593,0.5075204259282408,0.2970200470448576,-0.4967553716870694,1.313588782907578,0.8378394944358146,-1.4928813524789555,0.04119652801705659,1.1621283219561902,0.8415675547021018,-1.3699542375244131,0.035730459910748885,-2.5060404855590592,-0.08009476201116796,2.4677282183776144,-1.4080178937371184,-1.399141994590855,0.4832806760654187,-1.4783051145989787,-0.3477387670088727,0.3575432608968661,-0.5594403978516369,-0.508316949697631,0.47629525373618886,0.2522401886261705,0.6320795443850221,0.1601398104296652,0.646679988856865,-0.4827000009952494,-0.08570380481665965,-0.5088092788625126,-0.01772328892990291,-0.5661795712710452,-0.26146823610763226,-1.374319252020103,-1.1356892728631576,1.0436092579702883,-0.5983651575136018,0.5745680443661532,-0.3706263982469631,0.17256950318815895,0.8552456859587871,0.5833144181499456,-0.6965486488488287,-0.022361738144735428,0.756728163639048,0.46343996076126603,-2.3377658119337466,0.28141578621598934,2.9054743889400765,-0.22662446489036353,-0.4731606656916387,-0.014932701592359564,0.7154845407819937,1.613878737256926,-0.972648350152097,0.7816796374266223,0.4985415113543427,-0.1671595127526278,0.2895252643562199,1.0812319138631055,0.7402365425415699,-1.0725088071429236,0.8190864219213111,-0.532339595738759,-0.058218724234454566,0.2669905696157397,-0.716675236685037,1.5963280591159694,-0.05306183989794662,-1.0598511733062015,-0.579261872842707,0.16627774314604893,1.452675845437032,0.8751255894618013,-0.9973830133565993,2.584545102588628,0.25919690270322066,1.178176791571902,-0.1907885402104518,0.43857251839017497,1.3729416070995062,1.279718214891821,1.013419507556211,1.3494556554850596,-0.8037692119779938,-0.2212251442205147,0.1637372373484345,1.1545317457634963,-0.08631935828054266,1.4014494149551442,1.697896807373598,-0.707703165561763,-0.9577754299643313,-0.09893598152493932,0.7291817043570414,-0.9659928705798397,1.492771734074586,0.9834479242778003,0.35417044527595704,-1.344701109952927,-1.0373818327781172,0.22017548048312016,-1.7366284193563526,0.988056423709968,0.366614315041349,2.7810011135723913,1.7915415739876461,-0.42699945139905104,0.0070988500363361046,1.4155817541113853,1.3620120913432041,-1.5276067226725338,-1.5534906683634915,-0.814985547952766,0.5278417956928119,0.4426470153411196,0.8678440637898951,-0.9009464774559907,-2.700874997470267,0.8253021827170238,-0.7980060820100583,-1.852809402495628,0.4332664222814487,1.1394889474609093,0.723404462434641,-0.9590401596768076,-0.15557052045017686,-0.4845581687429872,-1.6327146164923587,-0.863039629066713,0.5204389490457902,0.6141882735984463,0.22420262860839024,-0.522845670316307,-0.11570570950572526,-1.9578987831972974,0.7998251007128325,1.0571352146602528,-1.6554527725074688,-0.6477523021904937,-0.4550404929819664,1.2610184853432624,-0.7017202986755553,-0.7868722729605201,-2.8565607848027756,-0.08425426520289245,2.399239561001591,-0.6276677482238837,0.01979524272515762,0.46747307155731554,-0.39631814367001783,-1.2072407540709895,0.40382006100445134,0.27943631803170027,0.07105651765709829,-1.044454955793715,1.0805032248646875,0.6076091429797839,-0.020513466229104604,1.4363285654504685,-0.2663112846792656,-0.8364938416409566,-0.45327449466470476,-1.8789119387610247,0.6127879484125777,-1.304563603558292,-1.1966999183846296,-2.2404896470843267,0.6710143627686331,-0.5081951212564843,-0.7672805288550029,-0.5100662382560474,-1.2883340514174693,0.37787789794858795,0.01787909116857128,0.8745913705055236,-1.1868786244583724,0.13991853421398326,1.2108671722546407,0.6509392529232206,-0.034295792603518144,0.2897148360010247,-0.259330557896415,-0.33370233254748294,-0.65313155219979,-0.24437724014541848,0.9307062419310086,-0.15662461665122704,-1.1707263788436646,-1.359199274445807,-1.698516177861977,-1.3510205924951473,0.443179665118361,-0.565429892145366,0.39597161164916045,-0.18671122873168228,-1.5028396655772707,0.40973044241649814,0.3771905755531204,-0.7033745352368376,0.7044212129828775,-0.6765690518203951,0.20627652893800988,-1.981375745138912,-2.25858249249733,-0.5765533445711526,0.29550212675637016,-0.2715322712227139,-1.353545719452689,-0.41450668517616224,0.153542842428198,-0.4554660076426313,0.3814498251943035,-0.4669844189319493,1.0594788729128757,-0.7236273319929707,0.3814403304572401;0.38857828278614703,0.6599261463483905,-0.6631392655039174,-0.3518928157143282,1.983721837216669,-1.4683585087821442,-0.9626948275020228,0.11292374293055582,1.0236076345323315,-0.0228160138707613,-0.8739235571368408,-0.685826087009939,-0.9821653835252716,-0.6006497406554953,0.928710969915049,-1.6430702096655558;1.9575973483931166,1.0132768058184258,1.221107932025331,-0.8471818961197407,0.26983374267355303,-1.8852889704859452,-0.35225260843377637,0.493575196398354,0.7976041306535124,-0.9609537043265115,-0.36679793760143414,-0.12576497182436464,-1.1142873845652006,0.0038813304986671515,-0.718974819964735,-0.18899524604647416,-0.18691761968556025,-1.5098482170462133,-0.17479973118895223,0.2317361270911314,-0.2703197206722658,-0.6577283786143135,0.3707820894559516,1.7755568063989393,-0.0021956622842351026,0.6598963448823507,-0.8437507289957707,-0.14672523325210038,-0.9789364212682126,-1.3247150273964177,-0.49386163735451166,0.9819410486268408,1.3694053659694498,-0.1512851497522558,-1.223880221337528,-0.01483051856097975,0.748703258565719,0.4561327892972421,-1.702669451158258,-1.7629189541453445,0.5911891823121719,0.11135586495001143,-1.9706594440487983,0.4839807140854314,0.21964205469720377,0.8175814311245068,0.6463791704773785,0.8108452574035779,-0.8886472216078163,-1.7901814427137226,-0.3301662251293506,1.2311426855233012,1.3690580744567602,0.8102586684192036,-0.011136644034435081,0.4504402414222923,-0.6205433587314106,-0.23403451279518458,1.20884812533357,-1.263712990280822,1.3885306858359516,-0.28724576888272896,1.69587492157966,-2.040801828413266,0.6126045729906932,-0.596975966803201,-1.210399803919961,0.6660818148431632,1.3417299208037172,-1.010186281477281,-1.457012104845286,-0.6488791744737551,-0.36955502414543057,0.9520296411462257,0.9576020670248045,-0.07159213810009957,1.7735823685785803,0.5989005275142497,-0.7094895013811224,-2.0601439089826257,-0.09315303030926289,-0.15105699746598428,1.2337965790362273,0.49851019148891185,-1.332316602037273,0.19182998590160763,0.6437412131270357,1.2591476252959082,0.6781720567467229,0.48395211334880023,-0.14342849048276168,0.20819839064388504,1.6402616200428124,-1.1236575338622279,-0.644169583575765,-1.164012107188174,-0.12736387822370646,1.127391568294292,-1.0568592660049756,-1.6936436022958008,-0.16528642298690327,1.0375584857114033,0.631733505273028,0.6287842934170151,-0.019808939432879646,-1.2825797486028105,-0.466518566992853,-1.0992254855786239,2.7792888609931494,0.8770655419841544,-0.5408191467431079,-0.31367102349196474,0.1335247708033405,-0.060924644689528296,1.5926930626212081,0.046452343914838004,-1.233513782603848,2.033537919467105,0.04768611913916882,-0.23125790980213695,-0.9829687174003436,0.3012345140375825,-0.003180666939424426,-1.9014648221497898,1.8075717250687042,1.9976260667307904,-0.39002459201957546,-1.517963474930119,0.8657835663018789,0.10566956117891223,0.14058735038387335,0.019603066442104078,0.6650930087618186,1.5974963000640479,0.23688083534855586,-0.5075127369025288,2.039052902515734,2.2555407720353835,3.421120007454801,-0.5639161215323494,0.44242603841891465,-2.336665336404625,0.47315336986028544,-0.3952541500624084,2.73239513542932,-0.16115048836305643,-1.9641880593111918,-0.4505587098282829,-1.8264668643367448,0.8717391130859531,-2.9003384550317923,0.1620809763202641,-2.621420488383154,-0.43244170919692904,2.0274217495189997,0.878241800533129,-0.6002235573475502,0.03521989226133755,-0.4481910456562395,-0.06300096024211788;-1.2926894274184506,0.6988035715415546,-2.6038158249091095,-0.03993457968381872,-0.2536136066615484,0.9367996231753698,-0.43294486854779746,-1.7081447095121571,-1.1340996640615884,0.10771081168978092"
6,1.4694590143616248,"0.22746915218120123,-1.2384629091652577,0.23717028772190693,-0.18830806698603425,0.4694624370975022,-0.3110699750246607,-0.561205250100814,0.07933005536859425,0.7987939888808449,-0.13800736586689755,-0.4545959389015448,-1.6964749896729483,0.31263314229315964,1.6283151337819057,-0.8384998032739467,-0.716485541966385,0.23183648389212747,-0.3511720920588959,0.3674887911237978,1.3977231985307486,1.1331733489102107,-1.4544076584252608,1.3642870639290696,1.5671677971545752,0.5781484537627027,0.6336046055262186,0.8928600361663028,0.6643244972933533,0.007148418380437671,0.8186239969915982,0.025214624461067855,-0.9914586325642656,-0.404413732411695,1.2475664389095231,-0.3942726995632282,1.8198287946292555,0.87168088813559,-1.3457865851800361,0.49204108420995907,-2.214161723895402,0.6037113752036457,1.1172220580654773,0.07465519915735057,0.3962924319130219,2.36552135057587,0.07396819993728906,-0.6669345172642211,2.230820773960029,1.6049105429846717,0.7803764921384563,0.40439475500396593,1.9362660925661361,-0.3283559228293761,-0.11956206188331554,1.1491478389174692,1.8803779250450263,1.0192649549216524,-0.8614463477432742,2.219324234095525,-0.3300441770582344,-0.358297448079515,-0.24459436848823016,1.0047513857953079,0.5163499586409416,1.121189255961829,0.4868923724141639,-0.37348321994485395,0.4457431150628753,-1.9611395664124829,-0.17471073130188608,0.610517721235755,-1.205498063778255,-0.23008627534659398,-0.7359970443982146,1.5457658737051316,2.12928179877368,-0.1038153891296914,-0.3466438964740827,0.10646632542004845,-0.4027711390208383,-0.08018501189072262,-1.162911284475003,-1.5488043674479341,0.22730827346976507,0.22926670586444875,-0.09505941810859043,0.8679281861236073,-0.3264970815971936,0.47387050225439187,0.9799278954774806,-0.3786668723997936,0.443609417385891,-0.9511679598021536,-0.190265565682542,-0.1760469953704781,-1.2655231774578548,-0.23109961771840304,-0.8755902377300058,-0.6734261938390012,0.3032940114716478,0.06328583515589903,-0.2342256413572353,0.1399402671853081,1.3926611723960878,1.1753813851546278,-0.013027257739869208,-1.5804631948041719,-0.6250239797393078,-0.39836629973363347,-0.923948441859277,-0.8061155027904983,-1.9703407435144293,-0.9531701348960901,0.9542043213916518,0.38710977410087066,-0.648499118226837,-0.6846255328569563,-0.8204776720214524,-0.45443204225748735,-0.49062936025683795,0.324700312463684,-1.6539824075073986,0.10437988141293174,0.3532523386924852,0.7009918660204145,2.6031325627392548,1.0120791036769177,-1.2940639819191038,-0.7945493931834026,-2.4942899486038352,-0.7342633790460644,-0.7508098417998494,0.07410149497760549,-0.03689208773128392,-0.295918836945394,-0.26543615770257134,2.144980872091701,-0.45596833474336884,1.399653658408485,0.92473370808663,0.2933337151450924,0.08843034955818807,-0.3587266860017116,-2.3183402070226995,0.31133596789815093,1.6139567853172274,0.5253351523299119,-0.9112328748474672,0.10868174756790018,1.4083467683709803,0.8758375780501099,0.11557687807238352,1.3653219153588652,0.007053989279707518,-1.196293346717712,-1.8252527579937476,1.3851886499103854,-0.2803447995546149,-0.3738277973758624,-0.493404206913605,2.188138447329267,2.0129509413882043,2.16337262260062,-0.23299486398039881,0.4503973142775247,-1.4410456879965101,1.0114152372362661,-0.973606370162321,-0.2509050006565366,-0.5259270798979746,-0.733766655715959,-0.5901819485679772,-1.0247351740831525,-0.5549452789703162,-0.25596621460288954,0.5444637765443525,-1.3297803724990729,0.5365548187178761,1.4228811755185151,-0.8155954066136173,-0.14691763607938838,0.1363183826887981,1.0014960659782897,0.5231325056182974,-0.7642775543186278,0.29327492415505985,-1.2302061711185148,0.2009342000740817,0.005233721772862439,0.2788508873162445,-0.8299055172001862,-0.31155658609680026,0.6559119331959601,0.8016828137884906,-1.1442013282500783,0.40098668743810395,-1.3524168607538751,-0.48936647144942463,-0.4813970476307254,-0.9137950335431059,-0.7191743981902542,-0.8546243604063379,0.5248109368123844,-0.7254965009071652,-2.1176179754851066,-2.690016317091571,-1.4614939847017514,0.5017914911835444,-3.131986129222903,-0.18730626101213643,-1.2823850738929918,1.8703932010630957,-0.5663550407204037,0.2299702534063143,0.7414161784221933,-1.6278083182909355,1.0552515312086554,0.6058871933519341,0.019741624970130545,3.739754251664269,-1.8372015454783992,1.6925370105290771,-0.22181158075096907,0.025406270688379272,-0.44563616247461196,-0.5545082216926679,0.016384438543330326,0.5914531757484516,-2.000844792739485,0.44962470915682173,-0.048911648539678304,-0.7395491289339575,-0.7219530390765974,1.1163943745417642,-0.7020433179035639,0.304505580539513,-0.9059944489894962,0.8582359976485517,1.2897296206745017,2.296044408430155,-0.5710737050968548,-0.0003449051247425561,-0.12773044091396724,1.3202057546131039,-1.054587348262788,0.9043440785029943,0.29882302378606157,-0.06765200230645843,-0.4554371709422186,0.06614830072270068,0.3817552077318313,0.5715398820474589,0.8871206157057236,1.4984083971864621,1.3768061619490821,-0.5639385472523109,-0.9887660863143038,1.1834558264128703,0.8877191551291497,1.527987670283871,-1.010534628645344,-0.6681151625272896,-2.1440563618007737,-0.7188203256605448,0.9359121411293431,-0.15364600701646008,1.2528652858637312,-0.5342239361432654,0.14813416313151712,-1.5508303825819212,-0.037503702633660596,-2.5390533408767495,-0.5905732453705189,-2.2102402275312683,1.1980486890062345,1.320328001329056,0.45976138595735483,0.8458958751325194,-1.0049873695499754,1.9712584935415365,0.6292551488498194,-0.5644058096416051,1.1974219726677955,-1.0561781005773736,-1.0017051907715704,-0.891277382402273,-0.20393170691104995,-0.8812688742932562,0.9344668413300141,-1.1493605699657057,0.6129433642296588,-0.20647750379736973,-1.1141325145848586,0.10256524628655513,-2.04693875922599,-0.6590061753731492,-1.0460430167061943,2.3728815490852253,0.7123632309889997,0.11629943048009167,1.7634796749341053,-0.36492698438799703,0.4849803810355456,0.5461421964226956,0.3831972287729782,0.6143612264365814,-0.6121282934108542,-0.22775967310475326,-1.3980254515242703,-0.8256290092854528,-0.21053276749080044,-0.5866636083128395,-1.4726065065335667,2.632112087188,0.8476352520326901,0.5602947399292679,0.34809313082795607,-0.8734586653448622,-0.42029620882760554,-0.17179011394202656,0.1927537078329733,-1.3091723373118367,-0.13505534623386062,-0.37201724144666465,-2.444351830840593,-0.8711586378665832,0.12985910495587336,2.0468160577910943,0.39777544245968144,-1.4727181952657276,0.24743780919933217,-1.5753877652079469,1.1790890526368403,-0.49266860968615467,0.21591383997673189,1.390424032350763,-0.8051896800485381,-1.6855301277840475,-0.5900605135287674,0.9526072111322492,-2.025384674795235,-2.7330059022398125,-0.3976379956776411,0.8796897766855719,1.6824033642526264,-1.4091805888657243,-1.160631347604598,1.566005244626733,-1.8246376451155126,-0.16154394969889455,-0.3961528349044101,1.1899159111995254,-0.032042115339483604,0.56690472647685,-1.6458753871357952,-0.6282842767633062,0.9412083452614861,-0.8334195912811588,0.4604291883251484,0.31547176736334687,-0.369305118628491,0.5657329597487535,-0.7779654735015211,-0.9350816654916889,0.9896301757958145,0.4443672179320233,-0.4627654494538777,0.008609842288851227,0.7687999862695419,-1.732893477148827,0.9143779260075617,-0.5442805466486226,0.21630011599317128,1.6862668448925793,-2.152729891359436,-1.1157963111335965,-0.12001477345540475,-1.2852807307386915,2.352029957569832,-0.49885565483831756,-0.3008330360091826,0.8655193374664665,-0.8321803235045787,-0.07613264389932337,0.5699939271175776,-0.3183289870231275,-0.49047692156069245,-0.6157792053951043,-1.2936748075281848,-0.10164880630828069,2.232515887520014,0.5010533482337263,0.15742354541364534,0.3114892572406993,-1.2197167476479565,2.0377419987445307,-0.2601961483980204,1.839927288527098,-0.8430452780592973,1.0242136598167222,1.2194051231179066,0.4690597765525915,0.29010665910575834,-0.13115157981237108,1.3488433421945938,0.1261143796273323,-2.3273549256276485,-0.8668340936156598,0.1317269648928459,0.5200026524444097,-0.4169344733464765,1.2267376529601455,-1.5899172427753143,-0.314346917232743,-1.5903545639266947,0.9996921461456858,0.1606314518923373,0.6100550978679397,-0.31501308177782184,1.0344848401242501,1.9271185658034269,0.7692051824193855,-0.44063385770185554,1.1016035840855016,-1.0437453083686303,1.2294113970960254,1.728472901160447,1.1560510383030855,-0.5818106741783936,0.6486912400192728,-0.9414562944459657,0.5369120396097193,1.1828717370439625,-1.8135343097428849,-0.8874251125524929,-0.3404239292757041,0.3262339642772425,-1.3257775242469294,0.6612528547471549,0.24870208967360447,-0.015704272817684536,-0.7293372101546921,1.2378379937931177,1.543992587018417,-0.6906738949479646,-0.4100510075960796,-0.0753169055444364,-0.6686847566416653,-0.13817512465999046,0.37705857549714283,-2.204478439737035,1.2739665908004612,0.2030770473042645,-0.45190965126011223,0.24938587794061193,0.04639340798699344,-0.6077900163776028,1.3809321904194027,0.33383352135299993,0.3414929724360648,0.5913472608055818,-1.360065755378466,0.1235258667345899,0.23318703090142573,0.5309544901563105,-1.5645722835064444,-0.7003076920123,-0.5994167462135923,0.9143354249750212,0.8172547244525313,-0.925159181347479,-0.9854147194192056,-0.015920764763173754,-0.06999424807721856,0.989545415098654,0.1208153136395783,-3.0725053945020075,-0.5231911753963235,-0.8119006925135128,-1.7994468674752895,-0.7129087864081823,-0.13789639320791308,1.4139641144188329,0.38246654225443477,-0.6296106208815748,0.4654289076665387,-0.45137663414033213,-0.45685255006814957,-1.2419074836264514,-1.5919872369081003,-0.7049899866095216,0.028576615214935694,-0.014872484858011993,-0.30640226536191784,-0.28772838594085076,0.9212768721941194,-1.4898442284537732,1.430010374126112,-1.2367271605139851,-1.2615852626868476,-1.1757844208632513,-0.9817003712659643,1.0910295879672114,0.13487591355076783,1.166331869774601,0.8861458963045235,-0.8816966375292962,-0.7589860992400371,-0.13033558681091606,0.580999672040207,-1.2529010517914179,1.130165154795962,1.2992419614074824,1.5655196039595412,-0.46143370732111805,1.1773278495608954,2.478909649431069,-0.4944398814898264,-1.3861939792030737,-2.2766345601297675,1.0752561697830691,-1.7263244005989624,-0.024328968174384458,-0.04702749533034184,0.0037150970593750193,0.2577760786332244,0.15872801905136097,1.4507462724775269,-0.0889237941159268,-0.645473961280537,-0.7491583481117161,1.3570974423793778,0.5055746409561025,0.5949247099227392,0.7609263378832993,-1.6418790500688911,1.229245718200215,0.7822641857864181,1.597753299062679,1.9906983794354436,-2.159904572499449,-0.33594172363569097,-0.4081566569312792,0.650699378339129,-0.4496364936375711,0.9687986282947071,1.2858300772712434,1.0227516546965516,0.14636814284095442,-1.6218216260733853,-1.0569239904955066,1.5845648157115448,0.9380657130078365,-0.5498074208423429,-0.5687008209549407,-1.9334680700837228,-1.4295354393967927,0.9625264422401232,-1.4868751253492616,0.18105902047369,0.715919329276677,-1.2077573066867378,-0.21884179603171033,1.2323627403173834,-0.03817474406222116,2.7062462790616864,-1.495252443440781,0.786045527890894,0.03773675151415572,1.2698679835740254,0.648655443992904,-0.5964913194269114,0.22142743688043212,-1.712992273750259,1.0377439695549706,0.7732213343773947,0.6675480222023586,0.800795034209,0.01314264236719756,-0.24638843340308839,-0.7469237020719594,-0.25930540744780833,1.0947062120725384,1.622247432838755,0.16077950201426378,-0.30832162793063483,-0.629448805669288,1.3958387322095425,0.8132926736674244,2.763208822057729,-1.3345056241449778,-0.32296720139349877,0.38698825872246656,0.34823104619784495,-0.32111915107457584,-0.3981264905700722,0.33641901843791555,0.7584127640288303,-0.7439519478939411,1.3388520329855629,1.5382733959848196,0.0953590501803372,-0.26921465480227885,0.16992170724209082,-0.6453017047445617,0.1798162608585666,-2.294301355462607,0.3990806659231568,-1.0683891268182686,1.897169921605931,-0.1198018141125823,-0.3691784829834363,0.05701736244581265,-0.3929050753448454,0.9719351730563777,-2.594546397370098,1.741316757573446,-0.3182160564611858,-1.0316453298845119,-1.61259259363173,1.2492482250086965,-0.9833418786340391,-1.0967574154506996,1.8527784301761714,-0.11762154435958867,-0.5899994108367201,0.09307656473156192,-0.6511114869027786,1.0518961750156655,1.3875136346571741,0.8353510159968788,0.6934287559534912,2.2023301660883727,-0.005838913206679716,-0.9601283483681007,0.06276339371226757,1.951754039770329,-0.780903771563631,-0.5521514034796761,0.6268127844498581,-0.0402043377250928,-0.7259099655044284,0.9520467796950266,1.9884670493788577,-0.3017639283027408,-1.2264495455956586,-1.715864861761894,0.678848716118459,1.1083755083492077,0.5943896931565745,0.3370816303101133,-0.5708262667903653,-0.9587967026220575,0.9910723015707246,1.2831844588067338,-0.8765899683194539,1.7721489745263805,0.2638307917614443,1.676044845432879,-1.0216295156990118,-1.8751349895908687,-0.10167592132992949,-0.3177950751578243,1.2038850669461532,0.36886309557198016,-0.016422312386961277,-1.301156279733452,1.0489084841635008,-1.2934818043759617,1.9505315411687734,-0.6303696206841642,0.9834030719583915,0.7730852284140373,0.25891437566125675,-0.31869350046235817,-0.567767993504578,0.5597144891843734,-0.3103613620434799,-0.7812272737302329,-0.6757118385973964,-0.023863359709780818,-2.363497365749885,0.45777574341783295,-1.546330793593728,-0.6860567753664503,-1.4504659188567635,-2.1341512358676344,-1.747943983980097,-0.9184235760427253,1.8048328312248114,-0.753323903756754,0.7357893714170645,0.8759485084113274,0.4122954547309421,-0.3667928643337336,-1.259073644842534,0.6437080551125393,2.602217586785761,-1.9320353689036212,-1.5615031688216299,-0.2872683569890814,-1.1380817093807312,0.14348173856810462,-0.5016295010714142,1.8694004442457697,1.4084292321990373,0.2345307591142201,1.0558032935103987,1.4054706825060508,-0.8642110426270895,-1.1452813201576646,-0.3257721958029353,0.6657247478222811,0.1391537038922926,-1.4818893731422327,-0.816653194254155,-0.2394034092227523,-0.20674616444433763,1.8513069030235916,-1.2312864989122843,0.20403981494169054,0.9103617932797936,1.920690577035645,0.26210355896747234,0.5241267284255554,0.44450655962861874,-0.5127324800716515,-0.2802776745701256,0.14080953182267117,-3.118429483306564,0.4924911292115788,-0.05183612030304738,-0.27867352953264,1.491019396821861,-0.9023814417968498,-0.2028889364790654,2.1027552958779916,-0.3712677605745156,-0.11398704937965032,0.28942694689609944,0.40819077284477645,0.016260868690455343,-1.7887110222642586,-0.00605065128966642,-0.5730625935490113,-0.10988701888797084,0.16574477045295444,0.7385650537633177,-2.2206565104939413,0.4841942729887768,0.501147881292702,1.235494056773046,0.16600607089945196,1.7544398311018075,1.079250824697852,1.4192830442176976,0.8460705687559306,-0.47172304097830053,3.1599475329684688,1.328774567055328,0.6753625423811289,-1.270877113779641,-1.1493573129045809,0.5521605628890223,-0.04332800949364467,-0.5818684608429667,-0.0694145653229623,1.2807473249261694,0.6168079909490718,-1.5256593098962479,-0.4477608586244062,-0.7473369711742047,-0.12387603494950158,0.09682385669329963,-0.3001595174656493,-1.6323692953321751,-0.25293949948600614,-0.4388853851361976,-2.9916836174209354,2.033583612300253,1.2600662375126401,0.6325356635605611,0.24953139717180883,-0.7409150332341324,2.0885395037150967,1.6989105904111308,0.8105113254658192,0.5474254952746155,0.6461695174652189,-1.4052592618803066,-0.8567910069986215,0.014950117855512784,-0.7129657417074636,-0.3669851191657796,-0.16458618206997155,-0.5501373679876153,-0.18091492875776388,-0.4743342452670019,-0.2237656901500075,-1.384292223647015,0.6983332490812523,-2.4883495327812732,1.3845637841829994,1.3934170174202134,0.047581960231332515,-2.783880605488905,-0.7510554617242576,-0.634682303745178,-0.4020008835897,-0.33502181866931197,1.0651521325654785,0.7261287550543715,-0.17744018245676293,-1.2789504698865692,-0.777598120693387,0.03470800956923081,1.039499298467595,-0.20942392048647876,0.7747530610038118,2.1104548978176543,0.9411722011886796,-0.19759800794555907,-0.4838030148542434,-1.0473733877961655,1.242353421453213,-1.361890130034159,-1.3075313771535784,-0.25975775715715527,-0.23413115382394628,-1.8385578062750243,0.2841035672783312,-0.09420109003260385,1.242233772428231,-0.831169926028594,2.060818806149224,-0.7117654898871133,1.463219086423385,-1.6534710919236821,1.4553497085360276,1.3474461877574073,-0.30100466619316907,-0.12268347664272243,1.1351197260515506,-1.7137583224312438,0.38014812359297206,-3.1801418913882977,-2.1235307036424365,1.0609909275350144,-1.4356437571256493,-0.6926131570584535,-0.5176284850462998,1.9711724753078803,-2.715823986327344,-1.1838698062415842,1.4760697955208955,1.84493934388437,-0.5415762375804414,-1.1039337730409653,2.71832351342059,2.0623670496719724,0.9630265858826802,-0.9723923272248757,-0.06652678042302962,-0.009784272255113762,-0.05355775401377979,1.8915503633820479,1.1045848279042563,-1.058101690136001,1.650207821699525,0.9600062674928455,0.6199412658695596,1.3137523271558045,-1.216905758299764,-1.2032169550416285,-0.9789806575704837,-2.007795685730463,0.24163357765609586,2.6298892213791834,-1.6990531981542,0.3140585021999141,0.4208636664091365,-0.25759433163584156,-0.5590242061884121,-0.9253508091453573,0.15267004672246948,-0.9848822936346812,-1.7758472657729676,1.2619378692100747,0.9757606491462534,0.13055932582245508,-0.32694473140893515,0.7703900861983368,0.12744143402666647,0.5928263357829501,-0.43265439983473825,1.1088166927426417,0.6494047851048412,0.053584173838571086,-1.145385616797739,0.13579005599827904,-1.1970758590054251,-0.2306620968450145,-0.3670478604937796,-1.0479359280207632,2.16324414561736,1.7469125914893566,1.8041001181881169,-0.6933271894003498,0.6558379514156476,-1.5780841720060597,-0.7368454975469425,-0.6378655642808223,1.4099843035442918,-0.9537310426113049,1.133035633270223,0.6168709719335213,2.595347767875892,-1.1767749265104979,0.9598913795920544,1.8384562160629545,-0.4681246124886787,0.7639995617116982,0.7655683365680419,-0.471056557967736,-0.7992366529701128,-0.32558575147162755,1.3446098118147543,0.12283128884978342,1.0782831510349544,-1.0284760665317105,-0.8828406687057005,1.215306235726753,-0.804996649543937,-0.0911240517593644,0.1179585259505102,0.1048969732904234,-0.0850327942963468,0.020551756519317156,1.1435269103008174,0.6416323666563059,-1.3883257165701681,0.10367288264783878,1.7343641046965241,0.9654514684199829,-0.9323379576109964,-0.41999479508264076,-2.482619649997662,0.3304073690033523,2.244031358687569,-0.9870076947542862,-1.4544911224613275,0.4987798672058579,-1.3203271067610542,-0.6558085849101787,0.004794168522872743,-0.5749043757612429,0.4301218730476602,0.48687749433828975,0.28500115006534726,0.211328680239827,0.1295469621421842,0.6176668459781174,0.07831053417468706,-0.13784269482811162,-0.7566970325244816,-0.2792976118559802,-0.10900686919127767,0.25163542353205703,-0.6138028014069655,-0.9151769046126895,1.0582144508401703,0.03761063248726807,0.8866623825611989,-0.27211989327807884,0.020546688810097413,0.7608990294320542,0.6368690263818169,-0.6561197146408981,0.20985257736707982,0.4333234372137682,0.3002438442334917,-1.9397115894452541,0.029557752763521544,2.5699642191094636,-0.1932070488744081,-0.6095841216334272,0.7075205678061746,0.6321093209266344,1.5704998123853995,-1.1753527675484636,0.777181372918317,0.737317256559414,0.10868152038136965,-0.2389814911612375,1.1973065097845743,0.5231677879830728,-1.0631517979491905,0.6818692852753306,-0.48452407213178067,0.007764123607170881,-0.06929989025961117,0.3274829092046218,1.069156596613164,0.05630460685184595,-0.7483408644377053,-0.2881896749553368,-0.37286455938440033,1.243869153805714,0.5214450326054438,-1.6500308307738354,3.1252113346227577,0.22795424619260518,1.0893544374106376,-0.41610955195986443,0.27784901372583404,0.8492051863272205,0.9273821700416379,1.5112412754356097,1.2483519997127717,-0.5450112021497997,-0.4206283967832121,-0.009447900746903506,0.5734019660478825,-0.41727196035090974,1.2606160786242577,1.521304259343003,-0.4466500007163327,-0.9891836389909126,-0.2417554758790596,0.5257039474124724,-0.3562137968298662,1.1471744531826387,0.40044702810020555,0.26832730773836033,-1.1937836665192854,-0.9866687327480086,0.8240821680617317,-2.3311010235586465,0.7086843622921517,-0.1422565268205688,2.95741883496607,1.8448858815926605,-0.04169066265738254,-0.3750404229636308,1.4649647594665525,1.4338005494676163,-1.6396650241998816,-1.5924980350525089,-1.0697069216123296,0.6268838918557683,0.036728427179392356,0.41641986811635406,-1.140070321827357,-2.1370144740570596,0.8479920557100803,-1.0044623521936378,-2.2080694503721205,-0.043799235628989824,0.9579128442067888,-0.3001861947888214,-0.8920346901736544,-0.03435788056571599,-0.356114522152673,-1.6990613790348055,-0.8841813168077152,0.7164132526435044,0.912876165820982,0.27774212219516925,-1.1091837295897302,-0.11827466570991504,-1.9097011987882686,0.16140568255929771,1.4101873253724946,-1.2590281728075834,-0.39936160791313535,-0.6013413818267275,0.9477712111986498,-0.7933277615177825,-0.23074749860892452,-2.8767363148393192,0.5227161924468232,2.729048012149105,-0.40137937546870667,-0.3728060690794297,0.3319873304548903,0.18026032245151868,-1.1793380137063731,1.2007787366678546,0.3626184436905914,0.08823324500038758,-1.2390638192862162,1.6790018585331143,0.28127900632078323,-0.5513811645596279,1.800208652405709,0.22090020673092764,-0.5945282701321265,-0.0028537007280327042,-2.1014299829214336,0.0013802740003563962,-1.3371818982803263,-1.0741644163970567,-1.4072133754511682,0.2546073411048917,-1.0512190343355892,-0.6123098550557133,-0.5788759828096104,-0.7008151545135415,0.061165827087323404,-0.11502725688934684,1.0271166146808959,-1.9494448095287196,1.0067730009141371,1.5557446118509877,0.9698249432077766,-0.3530538895672908,0.4362043586032209,-0.4398564893883536,-0.10772633550305899,-0.5090388611197513,-0.18264324752864192,0.36022827274360564,-0.5294560274857414,-0.9638037463864852,-1.441474650759265,-1.323068318237656,-1.0879578317014469,0.8445290682573122,-0.43181235243136123,0.7432783705607442,-0.16832178848974022,-1.6331834795368956,0.38776730820359023,0.22604237369883692,-0.7975700937368223,1.184152633068457,-0.7050511234141459,0.5635990785881627,-1.8599651143840388,-1.5742056484069202,-0.24733617694787038,-0.3058653808621735,-0.9382984984143263,-1.4015966520123821,-0.47542116909425886,-0.23577591773811934,0.1686591850975711,0.15496374564866167,-0.9471120574679359,1.5567642843739207,-0.8136005453540999,0.9329713213619603;1.0404478844372598,0.7956102427156753,-0.37604009165534336,-0.07608094741288227,1.5395801625675352,-1.7795586581169274,-1.2639915431961115,-0.6720755376737899,0.7468732429771123,-0.21109332209661208,-1.3669076179535429,-0.44272556093954785,-1.0346561178682483,-0.7809598225926242,0.740292971599147,-1.5859699637923717;2.3584379688766415,0.7064212338689434,0.6784288372921958,-0.3617483238250204,0.31669553830148744,-1.9841231016029086,-0.6420514314940909,0.34636395920149454,0.7357022490592302,-1.0350487814083695,-0.2597273956119125,-1.0993674275653431,-1.027364661854447,0.11393711809841012,-0.46659072801433044,0.1456396790868013,-0.1009451287599421,-1.1504397919967346,-0.3324469265234264,0.2924419343773922,-0.41256517396009273,-0.33950873885193295,0.7075169606191171,1.453422755248719,0.1655388638447437,0.46736164403369324,-1.392759997450334,-0.03015342620147595,-0.554316403263295,-1.929388110088663,-0.6752690534051298,1.4932074983388515,1.061050168754555,0.053399377204442,-1.3879427706773864,0.357842078061583,0.9575904747305538,0.16245020194178117,-1.897101864506997,-0.9029471759011712,0.05087795813092452,0.5764814049825947,-2.178811213004101,0.17606797826179577,-0.058306115684481546,0.9437017098206244,0.8691205045529714,0.7233729870258054,-1.3415047393407835,-1.696072456247742,-0.7365752110928971,1.2487932888548392,0.6875278886155177,1.5233804067899297,0.5621818831715792,0.19556482130835956,-0.4961083580226012,-0.7901616010459671,1.7422059827543572,-1.434341030804679,2.036224052413095,-0.03729660720714521,1.0947475248672163,-1.6868701662808767,0.2864102781800701,-0.6293822123786297,-1.2410177436857708,0.3560609747966765,1.6689333497181311,-1.3134219301344991,-1.3904356873668984,-0.6932687125776483,-0.6930740856381252,0.2608654456761883,1.0890032783083938,0.15751241337668315,1.907792501495986,0.3632403015427845,-0.761517732598293,-1.9932129261610476,-0.4965896369508458,-0.8395328331059356,1.232413717862114,0.737706513050992,-0.7835430557953895,-0.3569606085524305,0.2980157805120249,2.007132942261709,1.1786222536581237,0.5738017735243299,0.46479315730603654,0.3826563521879766,1.4281793875178066,-1.6421959282933636,-0.4636630315095435,-1.581656675547996,-0.34568571686774563,1.5381362796533669,-0.9948974782945601,-1.4301633055499763,0.1672040562585201,0.868907813291212,0.06081991274607609,0.42551491870929975,0.2509289206431633,-1.5630546669600969,-0.14964703125561768,-0.8364140480064639,2.919889734930488,1.0194767209240034,-0.9217081962290645,-0.5157944134206768,0.2623121916945492,-0.0955768978743618,1.9601015160791162,0.134322391781812,-0.957248546969615,1.9253928626138732,0.14596026490861744,0.19111489739547857,-0.5363016560202104,-0.2544604388745677,0.40122770464581275,-1.9780236905188442,1.9222503897358092,1.5743337288995982,-0.7838720140423624,-0.8553096905931332,0.4731401414556634,-0.38571701658208557,-0.05014437390048354,0.2887390901610741,0.5200974003051799,1.0983573897394991,0.12163214383102469,-1.0151128049665352,1.4277204133488839,2.8278693655678326,2.664542505378063,-1.2735043214461086,0.3465603766192395,-2.3943678701980056,0.7784545472896244,-0.22703006296254843,2.2485660094742737,-0.6219317041650427,-2.058486555446665,-0.5350941535887939,-2.0402250537672124,0.8218053393417651,-2.3946714574186085,0.054612620445898485,-2.3640013706333183,-0.23318272683880878,2.134695459735883,0.8395569237035505,-1.0492061023370889,0.03964168945533089,-0.3687159000555285,0.471041340435864;-1.2322708104032465,0.8419092995435604,-2.628076240265312,-0.4466327336918043,-0.3299902108689281,0.6007787251727678,0.0991267635626583,-1.738053161157749,-1.0494173240633586,-0.4206281049996712"
7,1.4664280690645246,"0.5666876340200417,-1.1987842045729173,0.5770527398670872,-0.2299710619117584,0.45360751005293976,-0.3155299297119925,-0.041460254185699395,0.483988017226586,0.4589960415512308,-0.32908666576250484,0.2078302347161442,-1.599991996772964,0.5386888546738493,1.3518920877527085,-1.1372905790752121,-0.31034275256954696,0.0004433177564207996,0.30106853381900506,0.5298236982059297,1.2633735373053598,1.0578087256156488,-1.682168801905961,0.9346917770313443,1.286357169294353,0.43052368400890156,1.1685274646944852,1.4010004496014243,1.2364593496746388,-0.22693111762597512,0.9089315693692983,-0.16127243081548423,-0.7236310673534588,-0.5798741234748674,1.5116536579996507,-0.6006423346466165,1.5275029130055093,0.40291235987503915,-1.2001455377736336,0.9611248554160966,-2.100975982331049,0.6728311007272023,1.2507959299147497,0.3488905793338233,0.11444551830904989,2.1902201100953427,-0.41540143062515944,-0.9928278775972145,1.6666094143293282,1.463000359132045,0.535354957526676,0.7557580102145006,1.7246830959010853,-0.4143820182179623,-0.16373796255253614,1.1421020324069913,1.704336779606396,0.3259572344080564,-0.6336042612962162,2.379860075613027,-0.3310658313963571,-0.22338464758148505,0.22108161955092803,1.1317800780734608,0.9466703202597672,1.1631734490269316,0.7933301061863256,-0.4215486595445499,0.8357779839286046,-2.033754233773657,0.003106990212933536,0.17123478262230823,-1.007959599639604,-0.6095864070701669,-0.5661995948369213,1.9549843620449974,1.869523754118279,0.07662196914071083,0.12967712115463706,0.09469448387584078,-0.481329795368287,0.1719115543780239,-1.0460096708862052,-1.2418878205894293,0.31398321672887863,0.603893065943863,-0.5476724601648878,0.6583707708639005,-0.1947761305745732,0.4899310283566001,0.8954446019441837,-0.18209396545138073,0.3195376426866755,-0.3616834777833783,-0.5989721284347043,-0.07735588263867048,-1.5121399980767585,-0.18794722614924633,-1.8255362362357916,-0.7185382171972404,-0.03705931911880692,-0.28985748034678444,-0.17117557897706928,0.0026124502607257905,0.8497191008750022,0.9905886406644827,0.18271047406923868,-1.798866753501452,-0.8007513045720032,-0.23274780170299555,-0.43662774843989133,-0.6874834983505749,-1.9505065004639142,-0.49101668704966006,0.7422690445137172,0.469316293984109,-0.532616345754867,-0.23593309690162778,-0.8918904829260322,-0.3155143674366287,-0.6606547242064237,0.14807298945471714,-1.8101571808829664,-0.43509345750538153,-0.14601765482251486,0.562957988521746,2.8259882974223514,0.8961955065746439,-1.5398060338317647,-0.5802784619103302,-2.1645720120877368,-0.8512941490959639,-1.0556126747576868,0.3567887807578257,-0.4337503637449911,-0.1664851782401892,-0.774721953002091,1.8769380401601712,-0.631543621870238,1.6952271692131833,1.2198896489388455,0.656668574900653,0.32903757612821194,-0.6653505871955735,-2.2316301171050315,-0.15291489868911928,1.2214363907936134,0.24143591522487431,-0.7461042286433468,-0.05304055007043025,1.8274934329766466,1.2705988607579286,-0.3490379311835454,1.3505196523692822,0.17273995508443396,-1.2537301432934274,-1.2599444194408536,1.0348127201918476,-0.24609349139475628,-0.14279138111423068,-0.5859740010701373,1.9008493927942303,1.8882120381064964,1.8479894849855594,-0.07303338300354935,0.7892638109582057,-1.195401690250452,1.230699466061011,-1.1065838650816402,0.4778223960624919,-1.1293953289269887,-0.38504872323243167,-0.8499413272948376,-0.6469905302770003,-0.8744515984860302,-0.31006240375905614,0.4987221806998674,-1.1909579146451825,0.8565440312498132,1.2857178848947204,-0.6099519887675503,-0.012318349675179918,0.2059764917094318,0.9881546753602345,0.28320619046835793,-0.47207672546523605,0.2353255882273476,-1.0705723855604365,0.5060557617079171,0.2907579140542075,0.3686327459149777,-0.7139833473121832,-0.7414730740199559,0.6614736690297255,0.5417694201518484,-0.8845664171675219,0.32374105725528285,-1.4700048024528556,-0.6477678641983662,-0.35818769075358636,-0.9541646755947899,-0.901057606345565,-0.7189389074143272,0.29518486964770674,-0.9555025391810303,-1.9230748861519518,-2.7144598214738305,-1.0463811579841087,0.6638350096036153,-2.9782611075228744,-0.4332838995213193,-0.8344087721472471,1.5835558247688624,-0.9090702500533708,0.023766886247570063,0.5098682196059778,-1.860573103290056,1.0152643320902337,0.26506210710741906,0.5215074005595562,3.6389059670733266,-1.8043998810254822,2.0466727897646333,-0.3027647625139105,-0.3019255512582671,-0.004567354666245305,-0.34869528022811885,-0.3416845273285048,0.5459917564726201,-1.9534271924006337,0.8200872740534071,-0.3614798513091414,-0.7556891003516639,-0.6120386507751545,1.3800696721711219,-0.4382194691108049,0.2710712119282633,-1.1470623003493021,0.9500699077761969,0.5940699878062442,2.2035036508455583,-1.163963046848929,0.36194920412758613,-0.1572472708631975,1.2924257182343917,-0.864983256959683,0.7251528023286771,0.208437800223887,0.07898831941128091,-0.09758813134597227,0.36153095409024244,0.012126335751592637,0.6433388172053175,1.2182270567964757,1.2318061327783174,1.0506389665632436,-0.11539385633904245,-0.8506034238835944,1.2952377658532326,1.0761794263489783,1.3116652413061594,-0.41463900607082665,-0.453564980163047,-2.340956689927606,-0.3419886033130636,0.8515649576594273,-0.2743970525385032,0.8970588174643228,0.1202480469280367,0.10854208135143995,-1.0284583796370073,0.15573758971468363,-2.8727599691895134,-0.858795205995317,-1.784140693469769,1.350283260040241,0.944633943473551,0.11572925532707266,1.3416248585266093,-0.9893565819669023,2.094906058864107,0.9425624147952952,-0.6551743580370722,1.0775366099979413,-1.5021476612017735,-0.6554478879783087,-1.2684378640305987,-0.4538141346664802,-0.38871228463604246,1.0266496071642721,-1.0359805090963488,0.31555496000358463,-0.2851126082749751,-1.6815037709133744,0.18517728648460693,-2.185919959765164,-0.005234525574997512,-1.260086422162896,2.499632811345503,1.2523154721034402,0.05322066428287949,1.431608980442621,-0.7773823315656612,0.8869171150351388,0.40948845210265566,0.31653192510795214,1.248270250208096,-0.21772636387040883,-0.49265028119739734,-1.5356114410681474,-0.6340506411103616,-0.3479489397887802,-0.31509368588716946,-1.1845709810543252,2.251438348543823,1.0301090329721323,0.6928944192212638,0.5152772056726412,-0.9112491908899586,-0.28915561276896684,-0.2551314919972747,0.2668992190029207,-1.1207230388939957,0.23285389110489257,-0.30957581124354283,-2.2650766130842777,-0.8207938463892455,-0.3956714441858969,2.3174137735984663,0.5453552461893566,-1.5116996620792127,0.33040485540476683,-1.1219440757810744,1.4111778164961153,-0.6057006005431348,-0.21846626773319003,1.177583215519106,-1.0601658313574462,-1.6229823538082864,-0.4053165020539298,1.3762854969584968,-1.9784383788739566,-2.7466385132861846,-0.8702361220890037,0.5334199682177204,1.628932619536709,-0.9916281279623808,-1.1437521974829903,1.7818015683062054,-1.3012626988694826,-0.2482900444191607,-0.4564159493520887,0.6560903315031509,-0.18294943867381167,0.529956997977691,-1.9790156576454914,-0.31930059785114967,0.9135040019850309,-0.5581149716461823,0.0655295574663978,0.3542629046195924,-0.3427442407578948,0.37600893962038356,-1.116018767147824,-0.47861943488296477,0.6471135243119763,0.6135664993445755,-0.7153926652334185,-0.5133593655975384,1.173016932013066,-1.9804817887099466,0.8359960512255822,-0.4792160556036671,0.41819593933761295,1.2457462893680271,-1.5168104850972384,-1.0143082486255122,-0.6643592357942472,-1.2026263297922926,2.5431308230972256,-0.6937756569334863,-0.67091357664235,0.7730823696895485,-0.9565163232935697,-0.18489612893566404,0.9156484165033029,-0.6621258428879548,-0.26960253851892574,0.038075760645316675,-1.33029949726852,-0.315213326795941,2.0416426874220073,0.13374288589850233,-0.16994914904098962,0.3502948690172302,-1.1722346278605964,1.7222639686766967,-0.20532688515201797,1.8502976949709844,-0.8910683128028477,1.4419789047067364,1.0418383878164506,0.35346363481930015,-0.1827720233969261,-0.3378538958981991,1.196907448777417,0.6361011186434605,-1.7242509021110115,-0.9076635299052858,-0.4172428435640787,0.13450665840755166,-0.09873994150612082,0.7746052811771595,-1.6735052536202752,0.09020312617124515,-1.6427098071878938,0.6322663184714501,0.07213238636026048,0.0684921403207187,-0.5551274934488347,1.085615884587641,1.1743096590837678,0.7072723676963475,-0.4313296406302448,0.8146915270641399,-1.085664125707332,0.9671219656638015,1.5108556737529417,0.7344626819619627,-0.5363009377959502,0.6603445269836188,-1.092248636758792,0.8079584750795082,1.313608849932964,-1.9243168261965693,-0.8300193588737238,-0.2957672154762716,0.1845666261819054,-1.2013133385528463,0.08076089509556683,0.36931991885714743,-0.07053127358039897,-0.6705851264302816,0.9232898376737405,1.7454339732276445,-0.26440439719109543,-0.8368610496140073,-0.01703118841147376,-0.9807823162477232,-0.492749548752585,0.6238340373299163,-2.011844432601216,0.9879141319848744,-0.09773910485535103,-0.6263189207832591,0.13665832067480535,0.13515343805876306,-0.916940104338444,1.5858712625882294,0.34105042496316845,0.28682041118124957,1.0466414312066503,-0.9697305678594698,0.5747721115143473,0.04334969610530642,0.34175742478724036,-2.131492757054437,-0.40910200787553164,-0.3333337205384992,0.914926492510362,0.27163695285532036,-0.7357019290537493,-0.9651512567397609,-0.1677512428523194,-0.17196380810040046,1.2624678159699043,0.4428928252261251,-2.694232388471694,-0.5562403893813579,-1.0544021221388558,-1.6167457923056154,-0.1555416794817801,-0.1038080912402364,1.2691340546580065,0.5531586665394278,-0.032275896269062326,0.6184350781976609,-0.2537609207100029,-0.6476529643682626,-0.9317628589198069,-1.4295721965887176,-0.7238899229793339,0.256490874708316,-0.25463094683496634,-0.252828929848025,-0.8539306778200444,1.0164147637141194,-1.6488708786335486,1.137247543225805,-1.3992885344607724,-1.1894437240002063,-1.0390764034470168,-0.8652613693317901,1.2070109786833763,0.5100886895428274,1.1020355587440607,0.703163176094157,-1.290120592079088,-0.32655493337304536,-0.19445216486170677,1.0583051138047563,-1.042908389262094,1.24612881537297,1.5410674489411895,1.8858136458212922,-0.27501852275977173,1.31855317181574,2.345664243338417,-0.665919525000972,-1.5373715401425956,-2.3592439709791213,0.9532362480181641,-2.415751924943603,-0.23057510545567528,0.497918064214702,-0.25851477601496364,0.2816856733381973,0.4115835886806291,1.5799764242967531,-0.6582698307569113,-0.6228423236162949,-1.4758989286800146,1.1016934664624303,0.5117437763763647,0.5555330979132178,0.9407332892613008,-1.1736078526987113,1.6629448100638693,1.132932574455248,1.4588336844479692,1.80483196448701,-1.9743349563192816,-0.5394576464747172,-0.34124955225830256,0.4967541842564767,-0.8317192645854059,1.047390700771593,1.2990315232662073,0.5761923587460093,0.2342003184087978,-0.8249326548281698,-1.062595614251902,1.4757190740553079,0.5670413876767639,-0.22118472029550043,-0.7430895733959495,-1.7971728367468696,-1.6047721496700644,1.8259904385087316,-1.314184068370109,0.2111380105134214,0.813332884565504,-1.743479771810528,-0.4207107033986714,0.9836891811183558,0.26582791089622604,2.3928143820666596,-1.6218255353256328,0.9707200978348556,-0.26157514660060915,0.7009631926037445,0.563111336447691,-0.9115107492902851,0.43535131294252083,-2.0349484289721564,1.024212159553499,0.2781761994136197,0.6951581920969022,1.1147353212354534,0.3939744126654787,-0.2930125787389533,-1.1647218657881655,-0.2484405011874641,1.3576191010286232,1.6920844164139648,0.2809662430782839,-0.304709026584191,-1.0099884293594041,1.6792069865798314,1.0379578359439168,2.2212186736378023,-0.950462908221356,-0.29613573732432924,-0.09603911364841015,0.4357875639157428,-0.3394016636196088,-0.32150445120631965,0.48948061591940195,1.0104929268156009,-0.8493583854694292,1.495140233817676,1.748510265233739,0.28899308439985905,-0.2883818138006938,0.7611956062822284,0.07432417319654305,0.07761965804518844,-1.8838830864767881,0.9832071612096366,-1.3015500598156298,1.7404399055907516,-0.35549543844355125,-0.051857751967928384,0.27033093646091105,-0.8312407269240645,1.1357056737041458,-2.6734806287611024,1.2327564811406373,-0.2929428099460758,-1.5063867142368312,-1.2311919246638605,1.6734923902896486,-0.5241414865675191,-1.2004333676047014,1.5494268694324758,0.530237503288821,-0.5810723734911762,-0.09390512731525519,-0.8671705381621972,1.1496185321676442,1.3330715312090622,0.5108340266333666,0.4489580413519966,1.6763253315265028,-0.2654145371057451,-1.218182230615334,0.777815228897059,2.134694619477333,-0.7138583291293635,-0.9635801128308145,0.35846201925380217,-0.49882493993255633,-0.8226481410529084,0.7684450682463373,2.3477027150437944,0.04787529892701271,-1.1352639303562082,-2.215456942564469,0.348669824737869,1.1505832179005233,0.32678795114996095,0.23890416216745541,-0.675666088719415,-0.9306929314624672,1.2713354898374507,1.1684766269459572,-0.7214773070484805,1.3244072801597166,0.19735231996894761,1.525619437551287,-0.6859010304673605,-1.9531160125764033,-0.19612379355656018,-0.28647519249891823,1.4185339909503687,0.10402207113090672,-0.40409469677483084,-1.0882801473124812,0.8942821743555407,-0.5410489818022156,1.998547747692535,-0.9455678205758998,1.660852765969443,0.8928769369866152,0.3508316819480533,-0.5667143820915712,-0.8085317298065173,0.441843691386258,-0.22275502930800012,-0.6699653331396659,-0.08556194569710107,-0.006051391741664754,-2.246864015209879,0.4773559603029796,-1.4385472267730912,-1.0075847000325595,-1.728121318894816,-2.2376651452594682,-1.7951895177932458,-0.9060499030938677,1.8244373382155625,-0.4474261022702118,0.36459683903577417,1.0884245969102244,0.24362420225496603,-0.10934725298340645,-1.3664519924038259,0.8113260286794897,2.2131183688610743,-1.2350312086060522,-1.7107480304032998,0.13904770559847218,-0.8913172138506378,0.11454682443203182,-0.53226000362096,1.9221242477790834,1.0474445078109436,0.11902940737080618,0.7064037124938314,1.6453844903132164,-0.4212300471286885,-1.0235317894124252,0.10076241389802579,0.7571792052881291,0.2496010644686723,-1.7836742766163725,-1.1041588073907345,-0.08272747841797673,-0.469969432697049,1.6848719156126506,-0.8401983100177733,0.5296273729858267,1.0913912266968897,2.068906478855395,0.10293111353678656,0.41112051069280225,0.43261778062721806,-0.311519862133472,0.025434993873554385,-0.18878086779219383,-3.0090559130441608,0.23812413343523367,0.2897106143152962,0.08980158383945194,1.7757616491267012,-1.0859510175145268,-0.09265124932700297,2.2292286494649978,-0.636460942341007,-0.13046767411379212,-0.1381229621272041,0.5510685764716946,-0.26693248931846886,-1.3908180812199356,-0.2161482567184996,-0.465902537353787,-0.37276724871155537,0.7329793188409028,0.30773614582607595,-2.429991681942005,0.7270692786856421,0.5032881023347892,1.3867243477776199,0.3821355288752385,1.3479875102174446,0.8050386428153994,1.4307218297418705,0.7361308591836071,-0.44166542439497897,2.6356937278620993,1.2527998617434546,0.7156252892527937,-1.390664749271645,-1.0640425691864823,0.19918265936273602,-0.08072660772404736,-0.5000363393925633,-0.0682277445811976,1.770072017945189,0.9850962805894521,-1.1878969636367143,0.0034832681426684303,-0.7414748508173916,-0.12306361991059743,-0.17545833300512048,-0.006759301853530688,-1.3694342009854923,0.005335873102174857,-0.5403176926415729,-2.984215964970477,2.024447409567093,1.3309423231482929,-0.031259309190389856,-0.08299234643314882,-0.8130452891353535,2.3733130137930885,2.05824892275269,0.6284417209099767,0.49452636407491657,0.4704270566159943,-1.16962173914868,-0.4567952518386404,-0.18371794802040858,-0.6768500256473653,-0.6153523271141891,0.0157011619308235,-0.6307295470860848,0.1508921550204206,-0.2872726096045634,-0.43429166400343033,-1.2756056174671067,0.6989356613332158,-2.0886127229292875,1.5034455378525617,1.2544703467750373,0.20599621036016524,-2.5497825672947023,-0.502972797762659,-0.1954468417694465,-1.2775381177618441,-0.5082513015969357,1.231624095983619,0.6826660068536448,-0.3847648017952515,-1.778358858737219,-0.5609926782126187,-0.09324993989761571,1.0410933572684942,-0.7391365342846089,0.9511419002785032,1.979161698581485,0.6429101250084716,-0.5175842880249767,-0.8356096905316581,-0.9196893832404684,1.229773805355117,-1.1816124449748773,-1.1510939018960835,-0.01962587729971102,-0.44764212431196837,-1.5508157126482538,-0.01957863112589983,-0.07374978844379244,1.1551518462651045,-0.2502072849153517,2.1432935311369574,-1.2997992283314446,1.3331874904085959,-1.6494038156255624,0.601316493950971,1.417459731972864,-0.5893549558467425,0.5681303093140315,1.175031052682643,-1.6745938477412727,0.4181304067228266,-2.6142885001602094,-1.302801382118699,0.970286912495811,-0.7453011577009178,-0.8067471155521563,-0.49766592810065824,1.519610998661654,-2.507594269240224,-1.3382006409411513,1.4648916852159364,1.7320701997464754,-0.4023305204534624,-1.0919053611481,2.3817854714802844,1.9365525343630658,0.39215260182202993,-0.6737797445653757,-1.062711528297913,0.14527991763276002,0.16868282826937392,1.7247603934296136,1.0992588255494218,-1.3014079971530599,1.319349950258778,1.1560269281234477,0.7947144907799241,1.472805659203784,-1.4696311756632654,-0.708984344539426,-0.8629957215041849,-1.5384297860693155,0.1620105968592784,2.167624767101869,-1.5949306472227365,0.24681809832491364,0.36913623989798044,0.06552729538588166,-0.3756920633431613,-1.176159970348946,0.3045227735512146,-0.933729382109578,-2.092341839994826,1.046754449233542,1.004835704388493,-0.08726880191676434,-0.015996087128552793,1.3089263060107947,0.06885714011270738,1.0649953480120513,-0.3791977658194496,1.0977184718812558,0.32483293753723186,0.17825785582759468,-0.9509454505773111,-0.09940471479308423,-1.2431127180656816,-0.4396383934435537,-0.3797808689657318,-1.129055270879346,2.406806652051448,1.435712326720292,2.0656000447138174,-0.8440003670966628,0.46643109023560775,-1.617114031912094,-0.5125198128818398,-0.4364525844544883,1.1982921935718804,-1.0168059578737716,0.7251014630231868,1.11338228124284,2.7333791329889205,-1.1516327727099607,1.0891747446744577,1.5752046979087764,-1.0509032268318297,0.9086216587056118,0.5872237299148036,-0.5021857903646204,-1.065400156934828,-0.7650522968250933,1.9004680267404523,-0.10891153462463962,0.7536452966914273,-1.123324227340808,-0.8260979902114904,0.7038508528401419,-1.1501515670001905,-0.7995641708497588,0.29372467044504463,0.5098642825093634,0.28654079080880784,0.19318780934097451,0.7038947402001057,1.3150926271575378,-1.624710520517057,-0.2506592648491709,1.0139972411025449,0.46597830114416383,-1.3556919764673339,-0.3426611108115155,-2.6206628533811847,0.32125670446654353,2.7353450981033265,-0.6480583874446721,-1.3250650954325507,0.7312391941133868,-1.4860456445352466,-0.17879497306943393,0.34633645313590045,-0.2321265535514206,0.1796920968354353,0.631118235739987,0.13066111957739301,0.31462402159748254,-0.07568028438152644,0.31865333683458463,-0.18048774231876838,-0.19785106195139313,-0.049180607982635266,-0.25045195074831955,-0.4259815227983647,0.09739489806760812,-1.3963976591168377,-1.1128233466132158,0.9786472063533399,-0.2379954612870624,0.6994410415811277,-0.13647211030834472,0.2967187831204812,0.4193556533090361,0.808468874005321,-0.45868126740271997,-0.0699307488686823,0.40331596013786775,0.4369625611906097,-2.5921899459358553,-0.27344890091876256,2.754611269493565,-0.2518994490605939,-0.7354863784177762,0.32540840712993185,0.09463316734346891,1.5041945858272463,-1.0690028772916274,0.38576638586515644,0.881888466761971,-0.22557447632182828,0.1466738686643435,0.4961253574876716,0.9807762692743953,-1.0720633492305531,0.43143647202391566,-0.6842000511921776,-0.045624028110505664,-0.2870118188520073,-0.43966691680823156,1.28901795312823,0.16438580967734498,-0.9966046765642856,-0.3053001799000301,-0.08249543074013105,1.0522393493436424,0.7086378949193431,-0.8879381269807862,2.9026610410420126,-0.01658145447124934,1.1401565614330595,-0.3543508606990089,0.10357300217991165,0.9878298672645017,1.3950854169965878,1.4507439568683524,1.4098025597671708,-0.39753281577976046,-0.614492164989753,0.3302806639189837,0.6167854531388676,0.11180029561459334,1.2226952044584534,1.6387908480483373,-0.923571482977596,-0.3993589137301091,-0.4094883859272748,0.7990000966045165,-0.6301985752548357,1.1942912461722688,0.31836664246314994,0.35374746080012287,-1.3281800042419083,-0.8586212758218614,0.9164889061963146,-1.9163244968988131,0.9213602595272465,0.36416576625735386,3.2711574077581522,1.913998515948076,-0.11206370774900304,-0.29725448800918897,0.8408319198992805,1.6620207532666076,-1.6059627345272403,-1.7780028155888363,-1.013276498938208,0.5981535649141344,0.1052269303035312,0.8296400934628309,-1.2476572402989707,-2.3068385045988737,0.7808157352876718,-1.1289980133822837,-1.912436899406428,-0.21770446527251877,0.4657130907416327,0.10022910617844413,-1.2235354453948952,0.17238263096846682,-0.48600675284649836,-1.0040483894199574,-0.9224660495204933,0.5631812528292008,0.8407035443212443,-0.16610469874768924,-0.7370318170197084,0.020083539546461172,-1.6368035294802439,0.7752721136632006,1.1769374157549386,-1.323996239842895,-0.29078126807465776,-0.4665009779052451,0.7346771470000204,-0.7555647527472453,-0.8656923281027378,-2.2193703115259726,0.3092284830450238,2.863611260389169,-0.1704249939036509,-0.6207743043670321,0.5363622812620664,0.33046181659766755,-0.6262303849233384,0.6258525287946423,0.1590959753696471,0.0005620949444619938,-0.9720305991891807,1.1799309248317162,0.69976050260412,-0.10833685931311665,1.4328509019175615,0.19505957675862212,-0.9120815837431911,-0.45390558511873247,-1.693715351946651,0.027512023473185928,-1.3918128421384077,-1.3091509834554187,-1.9978880809492423,0.33991254467171356,-0.9620955036699248,-1.0145862601967721,-0.3281619847378956,-0.9164875942628803,0.632354960181982,-0.213747209606856,0.6059851644545372,-1.5227723417205017,0.7852220874890241,0.9922551849374378,0.6585408599927538,-0.39816294481238135,0.6688523736841153,-0.08467249319624076,0.24876743984065475,-0.32405636722659226,-0.559721546893115,0.6703662425477509,-0.4014451233303037,-1.3207039209429674,-1.3875884805286345,-1.4904610818640778,-0.9028402162351745,0.3358377278129362,-0.5944299676573847,0.5365263240762591,0.2069297473555292,-1.73779710904756,0.6274925853158938,0.1111826404115223,-0.4537199521319791,0.9803630633818142,-1.0477187674435458,0.724452792418841,-1.8084035491240265,-2.062671381682861,-0.5136095746354828,-0.20806142649009052,-0.6938415434315223,-0.8840385981556784,-0.13114258330247627,-0.09957673466499178,-0.21091736315325585,0.09334846484906206,-0.7213112814168519,1.4908608708625095,-0.7904296573862608,0.7144095670700017;0.49421376872466904,0.8568462412367578,-0.4266323083081889,-0.418894415669527,1.090968220645291,-1.4302289789758045,-0.9241447279526187,-0.3857192114228512,1.0415544175705969,-0.3230237522320812,-1.2820716761501025,-0.13057281223000206,-0.5347368071712164,-0.6398469951243755,0.8115763005825727,-1.3050066417206034;2.191494627382278,0.9734319304554373,0.3210928737937445,-0.4220510447095024,-0.33406228183564,-1.7882398180928372,-1.0436986855293697,0.19388295267784877,0.721568973687602,-0.9644870893978361,-0.6143176833893063,-0.861877680017105,-1.0884039373933088,0.1145515704445033,-0.16717647484736034,-0.18027546755835364,0.02175839836674364,-1.241863800147137,-0.12416670035778757,-0.0701294804217331,-0.471295472804422,-0.11930385207568318,0.5001463495072334,1.1547789659751022,-0.01242145205987745,0.8350443258572244,-1.4631209459703316,-0.11517666565363713,-0.9460446613850605,-1.6638268137403587,-0.7270310189012734,1.16052939353937,1.312212962451814,0.19833457430238413,-1.509581560690792,0.19809420575479975,0.8666154151586511,0.07071263728139324,-1.4248853132733177,-1.0778072709686757,0.2654570513080381,0.5567583076974311,-2.090445932541257,-0.28074565335410007,-0.03935526055403339,1.0900358864413842,1.0740635966474603,0.649641729068588,-0.9890844534023785,-1.968235334734578,-0.5295782055576677,1.1654208645570627,0.9294678391169656,1.5414657698196044,0.5195235863824428,0.46285458591929657,-0.6436033621535407,-0.5550652034140047,1.6327635472763213,-1.2354406650454341,1.7269073629366911,-0.30176573348540436,1.1416304584024388,-1.873646195937055,0.0842517752781599,-0.6859403576657144,-1.5197591756680402,0.0826488962966878,1.4181638753855852,-1.5691560266437574,-1.5457893035235313,-0.2249310816730128,-0.4300673736605159,0.4701993123044479,0.7255046557114858,0.02131696958401294,2.009896164211173,0.4653254795336188,-0.47043999206637604,-1.8612961478988623,-0.47987824485654534,-0.5207702828473533,0.777832052808077,0.7730255998635251,-0.6620478123543522,-0.4738042956317877,0.5499605646740792,1.5567429757893068,1.3327173065149982,0.5724271492971365,0.22522133397523547,0.9086978150871565,1.5637267463793676,-1.3518002410475276,-0.25296950470525076,-1.441026906819921,-0.22726281950552688,1.478212039275055,-0.8274924137444759,-1.373964081773615,-0.04088673369790168,0.852717690525266,0.32790681110106334,0.1680766899779009,0.07491754689052232,-1.4544663952947507,-0.2756882503053135,-0.8931069166119672,3.0887692304210637,1.157046774718735,-0.7743993822783803,-0.5641212978511282,0.14187480661219343,-0.17950589699216732,0.9844579061831239,0.1971841361839019,-0.7494898776718225,1.8267140527765506,0.26182485014721557,0.22684905400852892,-0.48963555284578175,-0.05777633944624318,-0.16501783666374745,-2.295890654460466,1.9867890781142294,1.973252636762527,-0.5972068549140008,-1.259201061560436,0.7670945510860344,0.030162674822094518,0.1401636421870611,0.05245123552785698,1.0680816254998704,1.3069069801983921,0.47175409911736615,-1.0456775373493992,1.2202182161095396,2.403209966531495,3.2051278997456,-1.0963116225754925,0.6701493169880622,-2.2060559890146054,0.42484985404015574,-0.7869479302372454,2.805727536464608,-0.09154564563313969,-1.9318687749510939,-0.44733388625452725,-1.8768144505704778,0.8535859623965198,-2.386309077813296,0.289808249441107,-2.1501751378597507,-0.118986752324034,1.5320405251292275,0.8122330055884457,-0.9098855518700355,-0.21817168607527226,-0.3985741549057764,0.28682114259405544;-1.7523685361726589,0.48891535227246097,-2.243804185236321,-0.3179254012763802,-0.19154055055696026,0.7361610096058224,-0.010918776682628722,-1.5356632386507048,-1.2394039601846205,0.0686823384607067"
8,1.4625139642759641,"0.3904182497239227,-1.0530831758078,0.08028042327436005,-0.1636930184836947,0.6115379062159251,-0.4670353169227388,0.2958073963268791,-0.10744834751590522,0.3089265629607919,-0.699126717023461,0.5035314761441209,-1.4770445206033402,0.7486567337354855,1.351610723822257,-1.1912940243230885,0.000213270194921851,0.07246227371396219,-0.1200746198394477,0.5997197281104399,1.2499148684492485,1.5635756613260352,-1.9395928301307803,0.8551868638936422,1.4787840156796281,0.6546703236101052,1.1225294529410688,2.2378204187445068,1.1160017004197034,-0.5053958724900218,1.469509273733451,0.22599108290251615,-0.3264606572592495,-0.08824550719244154,1.636309340853601,-1.0244051553637947,1.3027419825304702,1.3799432158535843,-1.0937271091328145,0.7631103710181542,-2.0754499863507405,0.9412741143135049,1.2971391611099325,0.07841407689155172,-0.023978924761687462,2.061232095182933,-0.07224888384660796,-0.4495371210055713,1.5354657427532452,2.0912830789824626,1.0459052444858767,0.8044634638062875,1.7920191457885202,-0.3603330418570675,-0.5961752092520088,1.0581177272440963,2.0224406877555863,0.034101176045435194,-1.1442340952919805,2.001074885055279,-0.3785999599773021,-0.3076698086036269,0.5455173085158397,0.8239770969385876,0.708730682542034,0.33106907276503317,0.8667947659907813,-0.04721742709084821,0.36747599628780586,-2.2403030467064435,0.0494164823161524,0.7413670494947247,-1.1287947414001844,-0.1863598432656749,-0.3318174196049303,1.240695511286149,2.3651417647818533,0.12600264244701448,0.25653721621599973,0.44856759393784107,-0.8324596002295732,-0.10789119525091741,-0.9739019046014825,-1.3562714746785518,-0.14491868096871294,0.860682189298104,-0.3556576798826394,0.8368131901434516,-0.5596720323960748,0.43430638854209197,0.8261610457467634,0.08330594688061131,0.4431966716163974,-0.45950175884384653,-0.45782543873835524,0.36878995898982353,-1.8857169258233841,-0.39404833087111246,-1.3525440637150423,-0.9874223760561468,-0.277022072734223,-0.0916802108431781,0.0023122858240864214,0.32645409332208075,0.8253627022082258,1.290952990312483,-0.5871111157913181,-1.6268347518062913,-0.9499852219444392,-0.5882139930433667,-0.15570618664789962,-0.4645049488537387,-1.755329424260722,-0.3603860268883176,0.41934745015049024,1.0074232984385099,-0.6217769754130762,-0.7000060159829706,-1.4740414805909563,0.023348626487459438,-0.43162082611427155,-0.07758282295604964,-1.8783840858097478,-0.2740143973582625,0.010460310324933646,0.3652737403049597,2.5615837172534204,0.3146726614117274,-1.1273867429533653,-0.6282663438054307,-2.061274093891403,-0.21860078154391763,-1.1504755186942228,0.37993789876948175,-0.44817704018410215,0.13705534235493091,-0.35992281548553395,2.157393290009722,-0.4283450919364318,1.6430235282579377,0.7541266179649002,0.8875746329970552,0.5403386059473477,-0.3967542747042707,-2.007178797321086,0.3525731504593525,0.9441630051985004,0.13120014490030102,-0.38571746918537286,-0.32107133116627407,2.398570792425627,1.1687702356894745,0.17127691355618485,0.9251029926599722,-0.5340903901198344,-1.2982049001999068,-0.7955077598283796,0.8966059757070843,-0.4057035001453465,-0.07235288988747315,-0.3338985916256829,1.8096387102298284,1.784858160969406,1.8431828478533048,-0.4511062931703439,0.39179000596533975,-1.4367313810158784,0.7539033889743045,-1.1218138236363366,0.2462313377386831,-1.2936331285420533,-1.039300022917531,-0.889725154894097,-0.7199894329400269,-0.616168175993576,-0.4337863993498965,1.157488687844181,-1.4582533400953266,1.0615737599143695,1.2202629101388145,-0.8300505410114951,-0.37814229316303427,0.6271638781967958,1.1306751279708451,0.4660659441224695,-0.36794877858688757,0.31883506066175704,-1.11045225260485,0.7591025773832987,0.14226634531259616,0.1160941188887128,-0.43292599133136395,-0.6104363687124579,0.6517670937118408,1.1531086719523937,-0.6518258544452529,0.14400697778712657,-2.1210393101702523,-0.47467253387429176,-0.9499930319028526,-1.113914171644141,-0.8031336896953994,-0.5827816967944579,-0.0736526465715871,-0.6258793756685052,-1.554106565308475,-2.933830264708808,-0.6992098970529893,0.5355286496391793,-2.7727125308581613,-0.6448422786987329,-1.345247475466653,1.3311760569457123,-0.939823129437418,-0.09706265939008778,0.09163853846252838,-1.8669975755955557,1.2250105278342875,0.3010280933750399,0.28790609241220977,3.775204939297319,-1.8919622225669328,1.662128054309254,0.5330032384162818,-0.16933269487418284,-0.34455264257588514,-0.1006961192031334,-0.0759838865494682,0.45852369272550475,-1.9944594609147728,0.8517896831566907,-0.0397357761775877,-0.9824561249856654,-0.7312566871930772,1.0717748127804394,-0.7372773744450356,0.2347536768963684,-0.6106175631436818,0.0766094313716813,0.5639730147538424,2.2433284926835215,-0.9970626357645027,-0.16631715037513356,0.09749889865950523,1.1199498811448798,-0.9382385886097897,1.1181694356867795,0.38773574310839143,0.20804257503487086,-0.4472132534420209,0.027398744235580197,-0.19405708927738835,0.5619316071121692,1.196959648065215,1.3857124675010333,0.757122421619896,-0.2393446740374741,-0.49684909393955823,1.6499395967415238,1.045369053611258,1.9286045416577493,-1.4944261232686162,-0.6644579845196178,-1.99267489664698,-0.8193004828099693,0.9650839205581955,-0.1049787282238702,1.0988560758829864,0.083589503134468,0.31216527168540714,-1.2541761292796703,-0.10085839096439093,-2.6539477428672713,-0.36286075793631145,-2.7470372315194216,0.9995542699349478,0.487492810863404,0.25215222407295446,0.8059501751224408,-0.5489575800506411,2.08940313484985,0.6215152644958098,-0.7240905047176116,0.987768520356057,-1.0166994247591483,-0.6686933332792503,-1.0420748047536044,-0.23952985643058472,-0.9479513232365333,0.847627958683533,-0.5590890266364748,0.3267087485774244,-0.560048482793878,-2.0312425957757863,0.426470205215948,-2.6159530325265927,-0.14277217454474167,-1.570154762415654,1.8010956097371673,0.6387966228587201,0.13133290768110634,1.0895095426428285,0.024347790823886706,1.006051285891453,0.6073055898224795,0.26033429601782787,1.3019317151067902,0.46012323422629586,-0.38980153996311695,-1.4491218164353656,-0.7402042097846552,-0.2823677975151277,-0.2623038768452892,-1.287243314039754,3.2038777091617083,1.4888296703992316,0.6680834909720157,0.6569768188855021,-0.5652635376425277,-0.3538713895049381,-0.27474503660028066,0.10320173894273972,-1.1335883370097464,-0.35667411807230365,-0.3576913090070494,-2.2868843806524892,-1.2547388497990646,-0.24118101730853628,2.0513818338993093,1.0332468054454536,-1.4648424465851535,0.44028597535299396,-1.798458993585617,1.2309791530558614,-0.8396920766060061,-0.7296970290323619,1.4098942351803554,-1.097092456472506,-1.1622233264337218,0.1271909459940109,1.5098470445749637,-1.7565479303134834,-2.6988070750415307,-0.6481122117920801,0.8984254840952121,1.2745526470549038,-0.6648506180072263,-0.7550107867542905,1.071345683856251,-1.5734616018267975,-0.1592442267296696,-0.5557423310244824,0.38467283744054226,-0.3696495885304207,-0.13503356343816741,-1.7878961769287374,-0.2151315668273776,0.32999921852426656,-1.167906799334242,0.2309970483413564,0.5370606715559109,-0.23414933867977503,0.36952537275704955,-0.9405959131022348,-0.929839465387945,0.491036697417361,0.5501560227139666,-0.3780550617480311,-0.10009428717929175,0.772502677429319,-2.5996109534323373,0.9293368645159215,-0.6685755169143895,-0.03250093923892791,1.241139512420113,-1.6979743292484464,-0.4686122111530091,-0.5074108479739667,-1.3685145334749815,2.4735608620152125,-0.8043368910304021,-0.46742858137673454,0.5849724754766045,-1.0354743993021316,-0.3249060192587672,0.7214713833539752,-0.6890538409808452,-0.11989225838035154,-0.31966799892558695,-1.2757023079250709,-0.2359186229521773,2.0452203488224527,0.48572694958632057,-0.07408640601066983,0.6642456834351664,-1.374061326343659,1.8267496793378242,0.2664097107540261,1.5679665978088826,-1.2574740046295065,1.205517418220193,1.5506506647873537,0.09427808245188923,-0.2661642411581186,0.18452760868651266,1.2065324102981947,0.08856062315948071,-2.4989975016786388,-0.731910064067937,-0.42449252385845976,0.1913483669233161,-0.8448374865313307,0.48382868792293937,-1.9973681497251257,-0.12341294051391617,-1.887196675145769,0.9198107741368364,0.1305168256089303,0.2681035375900105,-0.7222052917177575,1.3206676386350644,1.319953086237979,0.6340777454629388,-0.6780786507891045,0.4646956597153199,-0.9024374594629306,1.0651298021326305,1.6209856713975896,1.116675703043465,-0.7496681808012565,0.2536046542425666,-1.5992802629930158,0.8656892922179031,1.3887385688057188,-1.826042189403644,-0.7741158661254101,-0.2503461332050409,0.027587579067390892,-1.7704205188802284,0.9221415938035851,0.8070671094754102,-0.05154012836623248,-0.6503521370236001,1.1081182747785139,1.8815087390088212,-0.7034188830065384,-0.7964245495772071,0.1196668264109111,-0.7139228545120536,-0.7513748760675961,0.7108138243674883,-2.160885842641953,0.7916029392088133,0.46168094221668654,-0.4449633861710568,0.00708479644409854,0.1470698260312394,-1.3014891374399153,1.72517618805145,-0.8419059642405223,0.2236747597123974,0.9668386386057466,-1.0066716781389924,0.35889976275638513,-0.3346447538758197,0.5573027900378911,-1.9295392749188889,-0.6320861776077988,-0.8200079700463208,0.888671803495295,0.7845462530749394,-0.8732427164603271,-0.46509013770970803,-0.33434394886207064,-0.354304447715472,1.3757731919942382,0.6866219807079224,-2.9211821810449887,-0.48146424260139176,-1.1366520261133424,-1.6013437191359265,-0.6000658379908882,-0.23499252284330815,1.8521480395632057,0.39163700899084086,-0.7285244507141079,0.6728349287595945,-0.5850718882151291,-0.01780427003822283,-1.1048079158981767,-1.5183357302159384,-0.5037155715250654,0.20216843553339456,-0.1522604423457562,-0.5415378054137505,-0.7374009428343814,0.5373943161561908,-1.3147408011011343,1.1096516807160752,-1.2268059054392442,-0.9205224516912616,-1.0003680946702898,-0.6615933810429017,0.7445523672381568,0.3533210564102377,1.5584159008751322,0.6282184675919253,-0.6867888679178952,-0.47633041461127984,-0.12975667237458377,0.9742080274549101,-0.9461088822800892,0.9822045584343586,1.4034962813242773,1.516875694870773,-0.39737572067536003,0.7301705285888628,2.5254365964085728,-1.3780954442786015,-1.8849448487424596,-2.219896240548804,1.082741731074213,-2.116599380512765,-0.35088928604865516,0.4323577442008996,0.22526464791860384,0.40783485542614695,0.6273934523621302,1.933726502374419,-0.9962479775398224,-0.641250928543336,-0.7301762505269775,0.8728844096214006,1.306558216317439,0.45501354346933864,0.7890335733461347,-1.2835783992760719,1.279985963006819,1.0238395813266339,1.2244567984972945,2.286300932221891,-1.75311115098379,-0.3706510939324413,-0.3438462673871824,0.6169788024652575,-1.1566517934741494,0.944227362523336,1.3405631968104232,0.69508497862825,0.4070393698397514,-1.3671266262159114,-0.9015764188384097,1.7929235046139165,0.9769230125596866,-0.12240339276084825,-1.3859573835623074,-2.2441965616144737,-1.1872967827841334,1.5133014964207336,-1.1404714534357494,0.12826765297320633,0.9930283904611844,-1.2191209513307555,-0.17934041171906034,1.390465776250905,0.2297652108278654,2.883125069686433,-1.8755568454367042,0.8980343126257596,-0.045984682337528754,0.9776447556739497,-0.16804890935823794,-1.1651626104410795,-0.06092031057958532,-1.617550598288085,0.8512070892789945,0.22360703566363033,0.08105330581854645,0.8624257181698785,0.6164510051345911,-0.360558441289749,-1.0987164164825767,-0.47622240560061785,1.2427620183571746,1.4199125304662337,0.10868234958640474,-0.6856181502924051,-1.4666032225032226,1.8422997569772728,0.5994659451950247,2.0007754749903115,-1.3991839110501998,-0.506809186787584,-0.4441475249060187,0.4936757423463294,0.30689697683400774,-0.800597732420265,0.44400978080345765,0.9099423619063125,-1.0352172248101146,1.1420202330500597,0.9459435700500642,0.5166977574906033,-0.28580523579807565,0.7483958455725683,-0.7446327832211247,0.10916091530205117,-1.6074762674923082,1.098411801271034,-1.3645547892987182,0.9243724481176809,-0.23487055057171977,-0.434526898012834,-0.6148553611221552,0.07419957424872084,1.0303136240577335,-2.8217319539541332,1.0127788989468187,-0.07593609651290963,-0.6290244060311031,-1.5491236324230337,1.6342267925100284,-0.134760577163288,-1.2089910232258076,1.548313603455627,-0.4324648338441189,-0.5784397604101547,-0.08129843948154784,-0.9232717354287086,0.999170646930174,1.1113972051031098,0.14597422497407803,0.7073222383354826,2.0865341028852606,-0.6702751140043279,-1.117227169478235,0.2459174619926454,1.568326206423655,-1.013309561858312,-1.0420308506171296,0.18478221670929085,-0.7180613192012246,-1.4987987643121998,1.1733604425136184,2.8877020259099355,-0.12194431528255606,-1.7504937160982357,-2.7769033184714393,0.1218531952649832,1.0093446671209092,0.2772316157784776,-0.012296325081225967,-0.756760776062114,-1.1357131529931492,0.8692724714301167,1.3761613623213393,-0.9068017657463416,1.267935952262819,0.6832841905378668,1.713472811474444,-0.821993986738597,-1.954759261811694,0.2385217725606153,-0.3397582326724388,1.935572285317776,0.647767931429329,-0.37134622836073977,-0.6191547080304898,1.3199439727929296,-1.0819874171156527,1.9730032190020985,-0.7146543333210835,1.7578975573459226,1.2588925252574332,-0.3451608310076048,-0.4204718720854184,-1.1633945080020645,0.15545233364651373,-1.0093923478438194,-0.9105998584324273,0.09218697482018531,-0.1341295895201282,-2.064619078995655,-0.19875264944118645,-1.1251364679757219,-1.2718900639461166,-1.6102453498201585,-2.0602623601825183,-1.4360085804040474,-0.9339371058819942,1.7171881567413236,-0.24084546998544837,0.5021928720740397,0.2933284437097854,-0.24763081013465948,-0.630874065625149,-1.4442935710314888,1.40924310536436,2.180431144869121,-1.9222441861106652,-1.1076348246375483,-0.6680756099183123,-0.682299015983048,0.32683927563658055,0.11057044134458285,2.0977235019340834,1.2348274217110955,0.3611825777787292,1.291656402734507,1.3550374238588814,-0.362698723662247,-0.6370013208325399,0.32657041458284014,0.9581249912566043,0.13395096828824543,-1.4637359963358276,-1.0208849118050685,-0.08932168256917061,-0.04192277548758511,1.5321085433193504,-1.2681365070040078,0.22698847085492185,0.9825484640752301,1.9727991668696305,-0.13362725200597542,0.8368533787092559,0.7461789771483798,-0.18591066795847572,-0.5014330251550201,0.17662234871149002,-2.894910792790478,0.5578097232171129,0.21582717097561638,0.4699324509702741,1.534139118680423,-0.9645595320903464,0.2676213010855814,1.7968403041480432,-0.3124621848944001,-0.2470408878960622,-0.506450713917595,1.1724703656838813,-0.3691885150137002,-1.808957804228225,-0.3183504766865308,-0.3788371128948558,0.010633871022327306,0.1649213300643229,0.7610876106078948,-2.170411085604083,0.8465944783507543,0.0608726474945889,1.2320882527424257,-0.3903178725929878,0.7877078986058611,0.5114792475282697,1.3061493758099727,0.5461725667878944,-0.07329969851415641,2.888933782145225,0.7012857897981332,0.33275172257675345,-1.9349433196736072,-1.4339046648687102,0.2169736774030152,-0.16686866591994756,-0.618273752469926,0.127704099285574,1.5796368361138764,1.0807244183255056,-1.3539324302126066,-0.35394709629897997,-0.7711481332019534,0.32160868595243464,-0.11018760340461466,-0.5556831562196116,-1.6797497579025353,0.153956918678182,-1.4071842535663812,-3.497354850487048,2.538452555821447,1.3556841364745535,-0.02459910324325512,-0.29043934447780156,-1.1185429086951477,1.921538361488058,1.8907458564655881,0.7541427850164418,1.0855961484627041,0.5326573542120154,-1.9346716116100138,-0.7803474993410362,0.04565605292435464,-1.0002141940468259,0.02970828124570081,0.5808894189948003,-0.4591329977345927,-0.13585628153464974,-0.9417754326884786,-0.6826034336952236,-1.205165509275919,1.2983002939749988,-1.957744204255877,0.9383766627824136,1.0954192468635497,0.2533289780593213,-2.7322410040833494,-0.5263577556495327,-0.38298972394334757,-1.300167842146369,-0.8530749967138146,1.6722007404302046,0.7584978754086086,-0.3588208847235714,-1.6789550298004943,-0.47698082591472146,-0.08011223294157171,0.4806033943717465,-0.7356391737330731,0.6432828225231216,2.841933511792232,0.6759300536829981,-0.2897054496988123,-0.5429208455263996,0.06674190135632302,1.3664275926683307,-0.684483317684314,-0.6984654887791569,0.07280738140985717,-0.45158242319060415,-2.087068894912683,0.34062081033103586,0.0066633116659028865,0.9153819114633855,-1.1506843869246515,1.8295876606454922,-0.5077826407604145,1.5458954669062979,-1.7051301114271358,1.3094293821963345,1.3074484519644762,-0.6932680448409049,0.08480598615376392,0.5282991691969883,-1.9046159074796647,0.4781490496474467,-2.812695543036236,-1.5222062287200382,0.7603224993691976,-0.6669743165219678,-0.9787325044197132,0.14950238611856753,2.7648992202977234,-2.0893442294358455,-1.2744811575347015,1.4710152339267455,1.8091370283923567,0.13679660014134773,-0.9573860547326392,1.9646759069188688,2.587859856745258,0.6702360961868791,-0.856207690378092,-0.25068416396380544,-0.0016907773065353918,0.3071226029619561,1.4151197014571009,0.5973567622941149,-1.6025894176955418,1.0039654046911177,0.694569475043164,0.8087989892743572,1.5396167895358177,-1.1775497263738657,-0.8561666043566103,-0.49725649353530854,-1.4660942892207565,0.5316847308282733,2.1569075090464382,-1.4679251701847829,0.6074700437430406,-0.2161779309212166,-0.38004588901428976,-0.11540946122962498,-1.2410114872515496,0.05948372608442575,-0.7645122858870368,-2.181545014698706,0.6770082268641093,1.3687146564146457,0.21174400376329955,-0.13047426578903007,1.4811154829521596,0.0016168438045824352,1.0667152988162822,-0.4463440400825527,0.935508445424009,0.810567784992045,0.19735504980440066,-1.1360328870660223,0.47185721777706596,-1.021055741277685,-0.5595031231742603,-0.45971379563762993,-1.1444368880164226,2.1025896649922657,1.035102452026007,1.4718592547429865,-0.8335701584794923,0.3364718279759147,-1.4390087124068494,-0.5624648289699758,-0.07419624987109767,1.1708242271539395,-0.9625410728589477,0.6526523404925908,1.0376583793571263,2.225610120910809,-1.4310552027583185,0.8605998451180357,1.5871440498551588,-1.002971453745379,0.9144486199722947,0.2959464216046952,-0.20553104247395548,-0.7403833151164337,-0.9753304565662813,1.3349459347381487,-0.15792676923668367,0.4116322933188674,-1.163332549446112,-0.5824608419214019,0.7664218515188117,-1.153016896075261,-0.7420574992777874,0.656143961851426,0.8812972326173217,0.06875240192565855,-0.5023820507871226,1.3437743052952256,0.7882302318789061,-0.8639622057168412,-0.04290598019468393,1.2487565374173066,0.856158393553952,-1.2721361672484333,0.29311895652547215,-2.5617416582422745,0.1642275824364216,2.5325082173359306,-1.3025853434500982,-1.2441838608724305,0.4868472907177626,-1.213631089239522,-0.21015855012470858,0.18867837923315145,-0.46279204716342787,-0.6512376601190967,0.6680316520355174,0.48453039509116846,0.60229182855819,-0.15768178311896153,1.016512156170109,-0.5488220729880546,-0.30920559839561057,-0.6033857489806428,0.03872590077827079,-0.5653806286287465,-0.2538782772901268,-1.4278335962713555,-0.861822944327165,0.895756922506246,-0.25530070800299276,0.817307946062403,-0.466651158474699,0.1533363481657403,0.6499003643463285,0.7720675714553522,-0.5612327551207492,0.2601528207972922,0.6780193722618102,0.21753868866623377,-2.438198718477862,0.8069121284865981,2.7367306122998247,-0.16609080496804945,-0.4392302615194083,0.16845974853110476,0.5484543334400543,1.4035541954488704,-0.9235680238675821,0.7393738581418703,0.5118749110042697,-0.29260431701625494,0.40863312832215876,0.8519758504088121,0.691301113013297,-0.9769940850087858,0.22169722089433533,-0.42251859619316146,-0.16036841422393544,0.25597767785740055,-0.7561431696295879,1.4687403616115176,-0.18103894004183618,-1.152669050318384,-0.7369420026814504,0.5074436519158328,1.1858350106884472,0.6943596731910611,-1.211058797890649,2.653670312618003,0.008943497711641935,1.0574536312446174,-0.056267614772672225,0.07456521144837666,1.1544837647988082,0.9624333012925851,1.162210317039626,1.357943073633676,-0.21109606735504555,-0.19332565280633926,0.10961496863258939,0.7609849440448416,0.1254954423708909,1.408270532579685,1.417608991743279,-0.5773345820237835,-0.8652648166307054,-0.5172806641606571,0.6737538043678626,-0.851265102033979,1.4963681105326752,0.5680573118299249,0.4437276750315965,-1.1199234933100473,-0.886967827986039,0.3765102991128896,-2.2187399237073495,1.275957624429801,0.48857948138837604,2.8571083098682215,1.5823933203086191,-0.21778859106945803,-0.2532054945959205,1.4343005257397945,1.0598716183900332,-1.200132341849467,-1.455964575980766,-1.1548382775820079,0.5296870755340386,0.19830618170793168,1.1236031679180378,-0.7277953313233271,-2.5708544807994542,0.7162490263087354,-0.8754674501515081,-2.2679185888239695,0.25365164659780187,1.2132293976140665,0.6154012896958811,-0.9422120144467095,-0.1397380170582777,-0.42987052904296397,-1.3893141655139454,-0.8868771251678829,0.44719693436669045,0.5610972163649239,-0.02246709417180487,-0.47345942079655035,-0.4884283002923904,-2.294641264830245,0.5834113296401008,1.0702303641029716,-1.3217735684535452,-0.41857464289046076,-0.7171219644877194,1.703323016371943,-0.7712362180647813,-0.7615634704818602,-2.764544551943968,-0.14676144154821796,2.4860194088475267,-0.8898475226255468,-0.10769111956781283,0.4006905380214275,-0.3175121454519738,-1.3387540421662418,0.7696251619204127,0.24433032317218756,0.14285021038551465,-1.201087745182604,1.2546842038803878,0.9196352424840764,0.2657509080993094,1.5370274562185693,-0.22956760090578007,-1.2135886751403338,-0.6620975714273244,-1.7582122640879536,0.2219006889971418,-1.1701459275454607,-0.9531649364995437,-1.9565559462898925,0.7442786474732154,-0.6974885726173929,-0.5919664241565142,-0.42048628767646334,-1.2671118001980444,0.1890237038993915,-0.22665783553174546,0.3863387957044381,-1.3201511278460343,0.3105168439907398,0.7539512691514402,0.6406320943421047,-0.025066187664820827,0.8247084681405041,-0.29568019597422146,-0.32957768901781265,-0.9562697212973547,0.12105095707819584,0.7086721673415827,-0.5011197331093463,-0.9925972188534347,-1.4818593805507543,-2.039505383741562,-1.1318817105077974,0.7437384079578427,-0.6277230370865892,0.2390044972295267,0.10475733872397124,-1.5691732496072763,0.21179384394860656,0.28738319460335904,-0.7851100888554906,0.5013794375314192,-0.5413232034721488,-0.048101349086786184,-1.7225676091469024,-2.1976437229059047,-0.6682748429868237,0.7693430565474941,-0.7605356967689365,-1.3175714534839484,-0.21565344139657325,-0.02349770463782673,-0.2312987708358706,0.7423526939803559,-0.2740792834550111,1.08805677098642,-0.8523766908288564,0.23276263680328624;0.26521399544408997,0.6463924494706266,-0.7222003890263581,-0.38246647068988465,1.9571692733543524,-1.1489663168930548,-0.8476515384720797,0.37842318233099737,1.0280318448487777,0.15519225848448281,-1.2259817551689456,-0.5191006136293854,-0.8685342266011968,-0.7418019077121193,0.9980236102799298,-1.1938581017338545;1.615989038425084,1.0238439750271617,1.2194946437967655,-0.8255245283731971,0.014446455461679015,-1.9996696352101768,-0.4289686011618537,0.6048392728975005,1.1712882484126843,-0.9650438144479283,-0.31574579237393574,-0.39251015406186357,-1.4152884949042457,0.04668771041109173,-0.47429883886368107,-0.29615154581795217,-0.1033187377401889,-1.6079313032144948,-0.16153685472698043,0.2758531720763202,-0.33673909647269934,-0.5454932659080534,0.4196016749006102,1.5374407907585907,0.11232842578996718,0.7760660087589936,-0.7502935593496028,-0.14261431958450044,-0.590061519664493,-1.3391323626758038,-0.45788352066952787,1.3114754685458463,1.169332045132998,-0.3283419656297075,-0.9622369840936998,0.025134586296252065,0.518722756244964,0.40680637857808605,-1.719605915789211,-2.005615890127105,0.3997102678581353,0.3200372539589313,-2.3000088297534127,0.39083141419045125,0.5740670400425912,0.7309195427553602,0.837675250977431,0.6823634055026272,-0.7262879892704057,-1.8828792582323088,-0.3955232410716768,1.1751258892055292,1.0048984514397443,1.2009139989287179,0.27365121300942025,0.5211237017905225,-1.0147284491192807,-0.12428948666934757,1.5467833683373526,-1.14150050923595,1.5159304650727228,-0.4569829405083974,1.653070228712301,-1.6978422052079964,0.5784815749931411,-0.7331442022622642,-1.2791588236096938,0.9667519480282812,1.5152000356287587,-1.2558363266042818,-1.4686860994566104,-0.5702405430170066,-0.6684547167565569,0.8541276668142244,1.406911705753494,-0.371511177911943,1.6819314146120323,0.6545167458844738,-0.8566907852168482,-2.0484673811001235,-0.41558992519867266,-0.1484449071592062,1.2697705367824785,0.4742223801789973,-1.3909756769647053,0.231031132722318,0.8118246566068349,1.1671724843412952,0.7236873880451683,0.5317243082647942,0.0023000397461993664,0.2241356020428701,1.8413256755971081,-1.1819159900760976,-0.5585455494915108,-1.0431141129394284,-0.03647011280799712,1.3915166222092858,-1.0673715106936845,-1.7857983867829625,-0.05856680101509626,0.8981926860703645,0.441963271471667,0.3784064120068648,0.04002125242346719,-1.326374310528414,-0.6845019465329026,-0.862013699468435,3.0955883502887476,0.8101484536954201,-0.5290584669482272,-0.2995161228479404,0.08746043763177078,0.024805377198730633,1.522782205888724,0.3517608801879564,-1.2306202290369161,1.9975491500773133,0.12393981134901697,-0.2024668465987267,-1.0944562649470102,0.22851755090831238,-0.269431512012064,-1.5032749702806465,1.689421048050759,1.8628016201416255,-0.15876723017551128,-1.0404588968443365,0.6966032737159872,0.36990893929412727,0.21009356964712622,-0.36789700996078645,0.6487612152955466,1.73095659741617,0.14859818752357382,-0.33651404864844914,2.0458033876159756,2.357136632425016,3.1868372374104506,-0.5688671421405705,0.5876519680844341,-2.1430305227002377,0.5773721442887767,-0.4421851049350172,2.7963576158213765,0.0730849660026203,-2.1214681739013517,-0.5166685437997695,-1.582491716616908,0.8988881800468667,-2.826600645679126,0.24554279240290716,-2.3395314405748446,-0.31178854258707195,2.058860862646668,0.6359024560498625,-0.6529699808562203,-0.12890148030703732,-0.618796316252018,-0.03556834888665095;-1.4293084711649728,0.4820088701511703,-2.47443112649469,0.04782145060951584,0.10022401193538308,1.1909041017334001,-0.7613585140271719,-1.9078862081866885,-1.1272639654612877,0.0545147814161982"
9,1.4604899703395722,"0.6433844927563367,-0.7321538521039144,0.5850364661012224,-0.17234541829356395,0.5422029642214822,-0.42977140112752577,-0.5078186231928563,0.9028149595512336,0.7624654847138899,-0.26353951386656504,0.26129537050561674,-1.8680801147784725,0.6214339015439592,1.7724528603685563,-0.5803558689304474,-0.0923405789046202,0.10470415124180255,0.38812498342053164,0.28355000951613407,0.9712671646873626,1.3369697241958673,-1.9579156604253605,0.6136305855701957,1.615628015804981,0.22343299928391797,1.479469326370083,1.100515175292736,1.0464496719804581,-0.14608184558292148,0.9661654199360362,-0.0965303387424102,-0.7963105307831989,-0.5589649350406404,1.3750360436034783,-0.634260532017128,1.4177257929972755,0.4138886572154374,-1.1732344883482921,0.9555957379182957,-2.0835550080299647,1.00045248681364,1.1250739260274045,0.06637266363911988,0.45254026294107413,2.556455992809929,-0.12595962604043548,-0.6343567759918063,2.097758541880011,1.457628153917335,0.7384210745288603,1.0639317592755653,1.8558888550376202,0.018108800191240657,0.08624576725273943,1.3218523733942886,1.5118488277706754,0.7156846732577005,-0.7489571660798456,2.293279357714021,-0.7768487299334818,0.09658068490877764,0.5231488877486086,1.7536703856676499,1.1632046209777531,0.9074476126106743,0.6950329151461799,0.14315560059930726,1.0469949849100877,-2.2346905770876955,-0.20078096641089085,-0.13199387760838188,-1.836907756723836,-0.13279535464070397,-0.3250400580649149,1.3782313297565623,1.7784146361995288,-0.41320506045798266,-0.0892546861424586,-0.3259688161231191,-0.7020986008425808,0.4208356564708699,-0.7001617426491399,-1.5449835684706064,0.41063580707623415,0.31340412428707104,-0.2380732953839621,0.3826178381828791,-0.4661524218661369,0.14371607273230932,1.115392759156561,0.16685781876753167,0.23361137847520494,0.1064312368505709,-0.3520167420827222,-0.19943414431258122,-1.3272108754663734,-0.3026986909422811,-1.2536994165829598,-1.0687963351570613,-0.27493923429591677,0.026563507922014985,-0.21686451726655143,-0.17237991468999403,1.1753119454029264,1.0075018072497621,-0.1763819137394046,-1.2087159156629128,-0.3743202558926498,0.08728458079695599,-0.8533398283362047,-0.7027514892495969,-1.8528906010863166,-0.7280924982271006,0.7658824364019342,0.6735795897547914,-0.6854976954184799,-0.8952346035809656,-0.8669586867417564,-0.026942844467385527,-0.42739852386144417,0.4723417832529076,-1.6326987076180866,-0.49722432333947025,-0.1756281282064056,0.7529234276256513,2.8128497747347114,0.7856919454433259,-1.3367960181979466,-0.5177736744639817,-2.0643323517478023,-0.31595454852633614,-0.8171189230243813,0.5614507183854166,-0.3007690369744998,-0.6429176118965693,-0.8497079625683376,1.6098193420170022,-1.1542726145527364,1.975815811014791,0.6456201669034061,0.6822354838058178,0.23999330173320826,-0.3350838756995038,-2.0356812705449863,-0.1251786699990643,0.5295545386428138,0.20391798653230583,-0.8079230302567665,0.07013165716359249,1.7982120078655193,1.052846261681366,-0.20346142364307962,1.2361176179601867,-0.10067784079492051,-1.477773043314092,-0.8931437888958308,1.0774621561071789,-0.3697298769987219,-0.03863301765214486,0.10754989756584284,2.086188543867046,1.8032279398534143,1.9780102269272515,-0.3681692442350426,0.8165225005274647,-1.126528422166865,0.8623597163513774,-0.9893709038974464,0.40392479781514057,-0.8277259848772728,-0.8645832548670809,-0.8198145645088195,-0.6084620195186033,-0.7031961843576231,-0.520457698981182,0.5782249519929477,-1.274769601243998,0.924644188462912,1.2891167420108451,-0.5106990633667107,-0.22064067291985304,-0.08339463467090591,0.7187431000387986,0.2209671147759033,-0.44818556736249576,0.7684932158907081,-0.7109617541536546,0.47539481209137974,0.3569916073849292,0.7878897652512856,-0.5210352050616148,-1.0597836505174558,0.8225801337143118,1.0250894545431117,-0.585628106313369,0.26584661128392234,-2.301206146316369,-0.8310579604984328,-0.7762559188975071,-1.2294966613840337,-1.1336349622509745,-0.612623613626788,0.9003585091730442,-0.9340389957350227,-1.9835909411120087,-2.8479706091040864,-0.7011275078767895,0.9989907037974118,-3.0190003778231693,-0.5299588721730047,-0.47279474362306506,1.3471753816036616,-0.10052863527577882,0.24036310897564306,0.779198154715895,-1.5092960050036224,1.2411817990519094,0.19735183573393628,0.4118889798876007,3.90629329635278,-2.0191564689539194,1.9794656575449578,0.004827604536681707,0.6011936008496849,0.07863970597900002,0.09598535511567849,-0.07749758330851357,0.37193305795105663,-1.8341382412431775,0.08414120584232604,-0.09091917203750453,-1.0449699402070025,-0.38737133432288134,1.4302217564810387,-0.5833900388324599,0.3489794247092705,-0.23916737314934877,0.661706029164189,0.6316035676908419,2.07783980723495,-0.630405766911164,0.41184348171532215,0.15763118929531655,1.0353336377477864,-1.0841470631602477,0.5429385419201903,0.16914919917934437,0.026447306784770752,-0.3091898899991156,0.4788531276045194,0.10479040193716627,0.26916507815036805,0.9873977419791377,1.6687910466064435,1.1186540230064022,-0.24259225946582644,-1.0189370789166672,0.8014443737050803,0.15516954575866626,1.2400815278177626,-1.2056430379324397,-0.9018050812642899,-1.5478471897504749,-0.5029421726917521,0.798424405008532,-0.40300538984983225,0.6599219969549306,0.20379773112900978,-0.5674372526697053,-1.1792661714421173,0.25337106251937536,-2.799556137692891,-0.4019370544128934,-2.0292683165281358,0.960055373973272,0.5468331766314202,0.3591336142310405,1.3604893537789262,-0.8294096547430931,2.188683550035787,0.6411071965566173,-0.40338375965361717,0.9272030745649642,-1.7633923239173406,-0.8519137516334528,-0.7152320186136157,-0.029351077529782377,-0.9033943849054301,0.825343298223246,-0.7718803491059847,0.10038670938337405,-0.6119255755432411,-1.398047202325984,-0.08348388336580567,-1.932014405331201,-0.22317289256072737,-1.1150058363988042,2.716023938180494,1.450050264138468,0.16020554717253643,1.493295296244699,-0.24720014449308841,0.7673420685352997,0.6333738015394123,0.7058771744497568,1.289444559683229,0.2923928253612923,-0.2354150802517898,-1.5496283903255617,-0.45856459108771014,-0.4467218627486094,-0.17366626554346395,-1.0753768138570425,2.8348503811587245,0.7542886404827809,0.5658100230883794,0.09272596881777817,-0.40945420534378885,-0.46933710448878535,-0.49513198455172214,0.20495916821681195,-1.1455143458675776,0.6051247867339662,-0.26035717000124803,-1.97174765133737,-0.9519417888231015,-0.19506778053656063,2.2223039555894855,-0.023517708693431297,-1.3888919193458118,0.5726990706513401,-1.4241950268422008,1.4751595086563472,-1.0507810172396466,-0.1063636731291472,1.15741352777066,-0.9215579581071056,-1.707656027888345,-0.15189966052270498,1.6301538583147253,-1.8367576432241317,-2.8360247241389143,-0.7446373694327152,0.35102242103019,1.2977618857513293,-0.6343640146965022,-1.167158023596687,1.5092716118705534,-1.6093185691419798,-0.46818883781150433,-0.5067476271863616,0.907034737707027,-0.4737566281456984,0.34500934622529783,-1.6164563452198553,-0.39528026596126453,0.544796193786844,-1.2191481267669224,0.3241561390532263,0.26922732676633476,-0.2600584703059564,0.6431705162729084,-0.47032921631501984,-0.816842420421078,0.8777102591053794,-0.02149709136995316,-0.5953404528718877,-0.19655357830419418,0.7771507728378954,-2.2317941350773762,0.9447389781989495,-1.1136393335623336,0.6616616698526462,0.6014856856263808,-1.5323031742809912,-0.5317458230786507,-0.8000979846112595,-1.0263180197740034,2.3913444291084383,-0.5376949468274186,-0.7094106552945976,0.8573594466993891,-1.019729688511168,-0.6470480405016454,0.7314647058211747,-0.1027596438030298,0.1960284132523188,-0.2527699546283131,-1.165294982520976,-0.1979498969765618,1.9379584617618577,0.1608816981525552,0.257894989784327,0.39470416485494303,-0.8709539055452878,1.7488608488168065,0.10016566184635183,1.7399682653817146,-1.2520309296321899,1.8190180900082358,1.0037661628237606,0.02553108459736371,0.051104453543405204,-0.26500833808012214,1.7357652671930182,0.777396097978489,-1.786651788075513,-0.7740674064683618,0.14747592197465653,0.5143313946426479,-0.01111885356695335,1.0091257654080743,-0.9896342856985534,0.3880951658727956,-1.8299520375959113,1.2421556051664868,-0.19621160441515723,0.36008723887557786,-0.8140450005164482,1.0392262091823723,1.274738156060375,1.0580918795128051,-0.17269894310021497,1.1865919824578532,-0.6943048394149848,1.0167031236771689,1.6539241747218498,1.07605644972435,-0.979205485542614,0.11726376805109742,-1.2813064029572758,0.39132096751567275,1.2273415445554323,-1.3279586417413585,-1.0302986275289958,-0.48700873306699255,0.38347250576137054,-1.8406280599966551,0.6295395724816601,-0.18257251735661667,0.1976026562213852,-0.8017064699580337,1.1853702992148898,1.524950740704791,-0.12881368861048195,-0.6542851287397592,0.27932481155205197,-0.8596898395690861,-0.7268883543150746,0.8904852238512242,-2.2734988276968844,1.4008982020993246,0.4969990404765733,-0.5619479247925325,-0.07578301576136542,-0.44973763543779494,-1.1944528177355018,1.4563530011321666,-0.005269459960108566,0.1268209684050729,1.0650593912081388,-1.029682515950298,-0.14747875027305915,0.01387083229460368,0.6433483518987086,-2.014469898814257,-0.7583469489770682,-0.7691056436581577,1.1433481337429507,0.5490190597015124,-0.8611261115293952,-0.932683892516212,-0.6868948200064311,-0.4953571348185698,0.5341069313208249,0.0816136939795915,-2.9850062667501347,-0.7865086111303649,-1.173725218217034,-2.359847019526,-0.9691848410082909,-0.2832484841212944,1.3205272948661066,0.13499987091689908,-0.33457001073646353,0.15988394406094325,-0.4067750884848581,-0.33033792997038064,-1.4550438088268334,-1.5203367222870605,-0.8384661812025953,0.09853347042401278,-0.19841228251278795,-1.0405617441985078,-0.6844503228629355,1.176898875870268,-1.8249508525724685,0.8699938599580435,-1.3150061699008042,-0.6571481379886503,-0.8437414931613152,-1.2947848004151759,1.1552690017685456,0.2735169966930673,1.7267268917891418,0.645851648654864,-0.9077961507220218,-0.4409118691734094,-0.3616949201647462,0.9261501163374385,-0.8189866082185144,1.220891550298276,0.8192253577280978,1.4756959681831232,-0.9219989199316855,0.7946958553926466,2.2527601531718453,-0.5161123720167242,-2.020285830025968,-2.2953539883138014,0.8852062513535024,-2.110703603547492,-0.2661871894395911,0.49157083760717346,0.042114769130788224,0.28423134345291945,-0.2591326345531575,1.4642002005998664,-0.748207389748113,-0.8011836270651308,-1.133110535314686,1.1919592759810542,0.595856095325941,0.4614326096862337,0.7933421741237024,-1.3107562996990247,1.1133922872183821,1.0484161329343102,0.7755100571500473,1.5735727308500573,-2.141282049249621,-0.423774085940974,-0.48934683562118114,1.0236058099207015,-0.8844808286736067,0.6641100269872678,1.2305896436915587,0.5361546153164347,0.23170759114141187,-0.627313435438504,-1.4548828036408472,1.7417041563331672,0.14933575851368922,0.09307388034863318,-1.0554692749420473,-2.146109485198519,-1.4508166838805077,1.769430617184823,-1.0082827364072346,0.4670833414344072,1.4005306283047594,-1.676100525793706,-0.0704888159471134,1.0019095661054322,0.247058396852073,2.611192262993755,-1.3748083778315414,0.8310502796290776,-0.1351799832777991,0.7973503151099229,0.566281102168407,-0.3010678068938997,0.2200776324862825,-2.0127904463102633,1.1487857245882385,0.526704128960958,0.560826306337118,1.0442249437424382,0.1704992042218654,-0.24428347233984482,-0.9755104741297728,-0.731784014965537,0.8281051137406101,1.2011958080336242,-0.06944335951865024,-0.30899084502377017,-0.6087675352421373,1.7918510175344144,1.0782615148656538,2.2427044185434784,-0.9363342458447409,-0.3753357541930083,-0.1346385479671903,0.4556854150545456,-0.579444195067834,-1.2711547321379975,0.23556644741052948,1.1166943562485927,-0.56241250053223,0.9255175341562006,1.1704540485060926,0.3356502019182226,-0.3408959794686115,0.655937920738698,-0.053962130328590055,0.1198757656399726,-1.772028267596241,0.7336543439830852,-1.4679817589723283,1.241541560741097,0.05844513447037815,-0.1806191185579051,-0.44891717250628815,-0.4876289218958674,0.5533030543297249,-2.805915927526238,1.1017706640274783,-0.39045684477428677,-0.9355347251596821,-1.1332405173371736,1.5235828302237382,-0.7676298849159044,-1.302006202195524,1.3615118716307806,0.24694025231361139,-0.6722201613500559,0.23053699583509402,-0.8369001548581145,1.3082339237094907,1.2822074434421784,0.5286114829082676,0.5941916966966345,1.6572040725965367,0.010510039221952084,-1.1906430344554577,0.7408250479606845,2.2283572965988885,-1.2478829370140874,-0.6245745419333653,0.7625641515315845,-0.7328368060775947,-1.0832719011914396,0.9786328258984627,2.5222659965009173,0.42034644552039935,-1.6648070983862002,-2.2320051629546906,0.5725019658220134,0.9896838460976118,0.4828564772897852,0.28740790423712753,-0.8519088258835072,-1.0704322282259795,1.1822777924220724,0.9747241834067847,-0.8852671934160287,1.7237320337672901,0.5281905497727605,1.298777324284786,-1.0240843680784877,-2.4523983873904474,0.4115891167846291,-0.4929205309258615,1.9770266661874882,0.4439342388404562,-0.09970638723546996,-1.2141529358915304,1.23752115274502,-0.7722866492359646,2.050137821953771,-0.7861858935183139,1.6965022281168662,1.1278310501571553,0.1333150101789624,-0.04207507739110941,-0.6312171433582302,0.13294471486789747,-0.44900801194850415,-0.859635511121451,0.12703704097730747,0.0962831069124597,-2.21598555918567,0.35364238737977,-1.4472604640726212,-1.1736090919661473,-1.4178766490934622,-2.097648984740173,-1.6101937034481262,-0.9571056432931929,1.7296509718104272,-0.11371079171011873,0.41161521845974136,0.2966937549964021,-0.10211989922148433,-0.6068197090850667,-1.4877750650637478,1.0593438038106116,1.9916299799340187,-1.5639235092060493,-1.4720647862806053,-0.42971248711065957,-1.4133521811205987,-0.07600179790187689,-0.6810726503837915,1.7512704373291998,0.9842956459354336,0.11258583065899372,0.8945555512793293,1.2581730270498002,-0.7862778575260148,-0.6453171660132407,0.1471505279646153,0.9611452719243916,0.0896073557838447,-1.1553982885676193,-0.8984195986386165,-0.7220347473783845,-0.3929699743259178,1.6796693997958267,-1.0041331215130376,0.7041346619762208,1.1587524746245912,2.009355069207989,0.050256473404978665,0.8997096980418756,0.570552048155924,0.027526825147381057,-0.896368434666547,0.2372106564760337,-3.155677987762981,0.23911445527945627,0.15034776066042527,-0.05435373141812645,1.949314562467721,-0.6122820407242915,0.05782279599327335,2.487822876788712,-0.3822648937165298,-0.4280245151361937,-0.4028566832630544,0.7737246079622685,-0.015790890817061018,-1.6805094571198131,-0.1582973856846231,-0.6294930116347014,-0.28658740457522747,0.6235261302590587,0.4438715628106029,-1.6317128885462642,0.805627989641711,0.185877172017997,1.0783321275376871,0.1431461087048197,1.6752290843261959,0.9219568594304455,1.5763573316973785,0.278913396033775,-0.21265799868772356,2.1068092466772326,0.9444061683451969,0.8720241105222106,-1.3810906461755215,-1.0835041218210217,-0.2840591706419875,-0.12176311790975286,-0.4047027852557884,-0.2121576847143139,1.5763757825901126,0.9923685428976206,-1.7391243829458165,-0.06214200485554597,-0.5036311272785492,-0.07588470708175243,0.038673337742212086,0.2596745200657229,-1.339909716896667,0.19510767878948088,-0.8906381029172453,-3.267600757171706,1.8767801287969388,0.9948049948898597,-0.015752938115647718,0.6650769930511946,-1.1380641853705262,1.9078523505470861,2.066505223688184,0.7892108186204542,1.0497222927431817,0.20438668108914684,-1.7480901358408034,-0.4459651902296896,0.18131452145130816,-0.3709828789305998,-0.13661489827386658,-0.02513387272853919,-0.5123894662230946,-0.1873258283691705,-0.7104373924582568,-0.1769104466268361,-1.3366573518585816,1.4124680432609027,-2.054764338379619,1.329812133083058,1.4079210949621461,-0.15252167241667064,-2.5692910538085907,-0.45329769110420737,0.06612491735167171,-0.7494518925172896,-0.03649732562026585,1.6376135088457666,0.9917197479786702,-0.38472657965351986,-1.6367032431776751,-0.512972740895001,-0.2543201648876366,1.1184874743512758,-0.6299936823097626,0.49829960112084953,2.2173529772436056,0.5759964514523714,-0.4139615376862299,-0.9792321458594329,-0.9095712350037697,1.1491852852423563,-1.6349524513176261,-0.847104029156663,0.22914957193493385,-0.6025914112869489,-1.402590354362277,0.6484109632857018,-0.20158338844832657,0.7801110226843548,-0.361525083571734,1.5462816723850783,-1.128034639735565,1.2623780751446518,-1.774107762649408,0.6647781286289033,1.169954409173189,-0.4372509590715582,0.34927746125020176,0.8797490067832691,-1.2547914712876858,0.18917785737035944,-2.801720541636912,-1.540394763312365,0.5583772658931921,-0.678954750871737,-0.6830588694067214,-0.3868003306358828,1.8017719269225447,-2.316352281536632,-1.2526859582416485,1.6247465081385077,2.244373255026345,-0.41113257987962976,-1.1819267895490337,2.419129504620346,2.0803315099977957,0.8205556441931577,-0.9788640249422506,-0.9391701329747238,-0.09875837229544276,-0.05820361182417031,2.093279159298858,0.7498683021927396,-0.6973707754071157,1.1097785831756282,1.3714633647378573,1.0293032147299104,1.3483672929498565,-0.9053227747034551,-0.48072855820117566,-0.8723588990238564,-1.308597101202065,0.2492178949008836,2.235658555889996,-1.516489582150654,0.4466911595151715,0.9250723985796354,-0.01918951856306598,-0.33611411381041156,-0.9441549825919667,-0.5231463399298257,-1.1036057613000196,-2.7510113408901855,1.0802555825971112,0.8567560545899144,-0.20765783299049734,-0.09280929569134763,1.141367931968445,-0.11064026541224425,1.0765372416381025,-0.12015419669816876,1.0776329587470568,0.3738257272951804,0.2874061078271317,-1.2668015844904608,0.019680769084894557,-1.7635014559974487,-0.9291150239510079,-0.4455711643069675,-0.8804419350416187,2.1267823912163992,1.5871456745838277,1.9250909729249637,-0.6999775361073657,0.3397499969424992,-1.0559955382799189,-0.7546411410424224,-0.05508195242513836,0.6409478006800622,-1.0875281822648166,0.7374338663350709,0.33487789597976614,3.0355879484864174,-0.7715417179671111,1.059254604570045,1.744920540340964,-1.025208225672919,0.7556782174702592,0.2676559178550057,-0.5368649232401069,-0.7942669132949578,-0.9130212520453659,1.860216118462251,-0.13471670363717222,1.0231472228770708,-0.7569949104928009,-0.9643984840409124,1.0614001866485907,-1.2246517066038205,-1.0467114117318723,0.5619916268389408,0.13276062468684982,0.30243601678318777,-0.09042319372387778,1.072232522525709,0.8737597545523449,-0.8785824709401046,-0.21296664329497084,0.8415167450525488,0.8261412799531103,-1.0037174402067712,-0.5533247517063713,-2.414988643191323,0.28325970130429895,2.5624896088551523,-1.0580754652255078,-1.4176714178508527,1.0406342047298722,-1.394009221940585,-0.35176562639320674,0.48715770783570517,-0.6831649514736684,0.17001901932652208,0.3072962544181447,-0.1390087113059588,0.36880285327624995,0.20081628777012073,-0.1446896959509404,0.14902013946682402,-0.38724418109532743,-0.16446555796587764,-0.0013912342880202447,-0.5657259721515356,-0.0768664087116121,-0.7536491827204387,-1.1563827805046982,0.4574874806314423,-0.2653067385580592,1.3128159255955478,-0.32382193608858384,-0.338712832490433,0.7824390743633773,0.80439876356337,-0.8014271272804449,-0.1552100976977966,0.4602008732470463,0.292614773928175,-2.411597470423968,0.22565587345644256,2.644257054394974,-0.40290416269853646,-0.3843523612197509,0.5557863327652588,0.423698245595438,1.2320660517329018,-1.091597292735401,0.6829250858078323,0.6733125061301095,-0.2469741118753275,0.38708318432953365,1.1497179887130495,0.8811405223056351,-1.2452676206850266,0.42574262529236806,-0.6223879106362316,-0.33557295641041446,-0.37671542212099196,-0.5066597371223409,1.5913701785484875,-0.10372316233832723,-0.9320804528131257,-0.2821710102374679,0.5016910257050387,1.2302263450504551,0.5165458673506347,-0.8029988662528673,2.5344189593103903,0.10682845227472174,0.9594027316793563,-0.08806064982249627,0.14544793230573155,0.571335326496935,1.274381494294579,1.4700563495665766,1.027681396523692,-0.5384350560738288,-0.5435742349981326,0.010116339975190451,0.449253617454941,0.2939060528033759,1.3618047789317902,1.6661342186595,-0.9351909547678183,-0.50147094547006,-0.35432869306134346,0.18193536589708523,-0.6864096126735508,1.7631403140644806,0.5091903277071664,0.4968933821543084,-1.6054635021775048,-1.269455378889713,0.5643564529473,-2.088150781917572,0.6728419034709177,0.3894054845575241,2.932552295862339,1.7299307937469262,-0.29104109045402526,-0.07074257008646376,0.6751377381605823,1.2065675049309021,-2.038007011022539,-1.7207864118590528,-0.7559191326578004,0.4638333573396132,-0.272811172054655,1.0815316631303358,-1.2559073096379532,-2.0263420924930036,0.5656392815640054,-1.0080914929157638,-2.4736853011650672,0.6391289374819804,0.20232754433622055,0.22380939629816848,-0.9725018912582069,0.06829853398117382,0.0005218487271436804,-1.4321237080781228,-0.7815968258167773,0.23304389046064683,0.7419527104897607,-0.42585102965949256,-0.3789105962828332,-0.03223011032305861,-1.6737264747929899,0.8927225707188765,1.105349313150512,-1.5719414816575703,-0.42539667265415687,-0.32305972782655634,0.7549717467294574,-0.8309184892754616,-0.35449187057715636,-3.273214803550969,0.22567081989050802,2.4402478330481583,0.18421290076994512,-0.1662201398608092,0.18977461581468646,0.1493937903936139,-0.5080886929980004,0.8413510349607479,0.1824378863182992,-0.6233048377941819,-0.8164920951893675,1.4824509906169345,0.6483121554563958,-0.685594845727236,1.0070934187078102,-0.18440001329208966,-0.590163208751265,-0.5649237827761847,-1.9541077436622407,0.9314959169658644,-0.9237213165907912,-0.6378196059511244,-1.9174878643578244,0.6353544058462521,-0.8956767230496019,-0.6622004499592167,-0.06269409505212219,-0.7792443734640964,0.5465648388381967,-0.17440554713776385,0.6259014998919368,-1.2671655684044139,0.3278006374399621,0.8185686308594844,0.7000576842792262,-0.3901926582094942,0.5297640546208403,-0.09925035280373912,-0.06182175231835778,-0.25454229963178043,-0.5085079557879855,0.48269891279023397,-0.3452373384601432,-0.6252731485634043,-1.3788700560674998,-1.9820658317825681,-0.6510220241535147,0.424143624991634,-0.6848036994107072,0.67660873156401,0.16393613818969605,-1.7071307465643069,0.48585681590397345,0.5384186263447941,-0.6404720438642812,1.0059837737893773,-1.172452206814924,0.3645902468434273,-1.7440186678044218,-2.000455216779776,-0.21909258400460513,-0.8245925113522624,-0.5134693986785065,-1.13150214901891,-0.13057943705387456,-0.2115185323055913,-0.26313280108594345,0.4498381576377359,-0.9910580598526816,1.758399581578155,-0.7642236701822083,0.29917831613788476;0.887602881520827,1.0010828329972072,-0.10024101080312986,-0.24023599812747162,1.5848136259591876,-1.6942241504573854,-1.5915338317875842,0.1377030191486952,1.1884356640810723,0.0056603771047391005,-1.196942753719727,-0.13251381413979813,-0.8522697407638222,-1.1249620109812648,1.0906539953446726,-1.3571335238564437;1.7062984445432665,0.9547849084069526,0.9577336966959309,-0.5817581737955593,-0.3977644207693252,-1.5275428238271285,-0.8509972105230673,0.25970021156544965,0.8195612640504513,-1.2756625729831503,-0.24855272682812438,-0.6713981102802025,-1.8251641999810342,-0.5216163707077254,-0.4947044769768785,-0.02267234405321062,0.3114363623978412,-1.0458722355092922,-0.346007301379118,0.28810129364315423,-0.6347843071468439,-0.399169297056269,0.5846755540014899,1.5088681617896653,-0.03295718638200264,0.3768448506949032,-1.4470395003465326,0.23696448061720987,-1.3077969630736659,-2.103743307318589,-0.5502119527583491,1.2891885909713905,1.1532336831832035,0.27530918081444855,-1.7495262286093936,0.2440010325546864,0.7715140378236006,0.34382557368513733,-1.4105967835838802,-0.8813409563105902,0.30754623366277,0.4576951247141021,-1.6198543341132747,0.02884487337996712,-0.12750243649185297,0.7839358380807591,0.6209904449482894,0.8305251836740916,-1.246550039278156,-2.1911998019299217,0.15498384940744958,0.9486930067857843,1.318239783095421,1.178382476405577,0.4224143773239774,0.6445266124944375,-0.48854391289493704,-0.8084300128019708,1.1655442511670728,-1.081724271561161,0.8488155567866547,-0.17665432423557403,1.4537310608168765,-1.2403229305155579,0.2619724788030889,-0.2814563200523713,-1.4135586366894537,0.4974442715531381,1.4803491541862352,-1.3174807931528965,-1.757914015968874,-0.8884374263379192,-0.30921996077124225,0.6473647352186378,1.091911248474799,0.15082797447358412,2.419019603580521,0.273455158678169,-0.8531020653706551,-1.5954924742329044,-0.26983415361392166,-0.5905115227877692,0.602185164687683,0.7202493850963969,-1.2403197425060046,-0.2739445989354579,0.83984478807523,1.5414522725459037,0.8133641726162198,0.4241520649624642,-0.1536833641436121,0.7908577750768502,1.6998627127307169,-1.0554949069803146,-0.3007908555154157,-1.3892733930922139,0.2425886352073721,1.4995944704525699,-1.4436511929406102,-1.9186428031337157,-0.10395697360879162,1.3757898764976026,0.5836335163496408,0.5928387584691348,0.6196639335106687,-0.8314379947222796,-0.27607194632674026,-1.073265841957331,3.179696283483013,0.7457367975385125,-0.5183403506930246,-0.3219964028429225,-0.055655414682191304,0.08761492261231349,1.2909664113386734,0.47385347669572575,-0.9697485158541814,2.1857141127879833,0.3778695543290734,0.5842558756312386,-0.659597015811155,-0.15780845134881294,-0.1977678484819049,-1.5774557727891412,1.4835532928683912,1.4477737136572404,-0.43666737223910324,-0.9010978838285095,1.0537271653124762,-0.05649170492427942,0.6804896937832194,-0.26367430001209546,1.0328904710197706,1.830022011583305,0.39643157073180213,-1.2155370301734982,1.5112905886767176,2.2696002955276358,2.9867711129707226,-0.9160007073235331,0.3895650270541712,-2.51626575043625,0.6593484323584848,-0.5191160728645787,2.2224000064512555,-0.5242817883041824,-1.916132392658889,-0.3859723111668827,-1.8686582360077084,0.5509015708369334,-2.559052774354189,-0.21882699088146168,-1.6663385957864663,-0.353665548643501,1.7028863595849237,0.43095907577416975,-0.9892239089798237,-0.07211950614923575,-0.5819313203828143,-0.24220196142678094;-1.5615257261986863,0.42979976147999915,-2.5816644667340163,-0.4070385582468333,-0.7847495799864479,0.2180996008265726,-0.6835292159599954,-1.4996205041716875,-1.1445165310144605,0.23976185493339794"
10,1.4598601431075962,"0.4342003840500767,-1.0150845310609438,0.34460015525171744,-0.3790833445444448,0.4462053413475945,-0.13558495590834965,-0.31552028743546046,0.5501786174197312,0.8033951221720725,-0.15728684422398245,-0.18624561756623645,-1.4590292391188555,0.3143396984614574,1.7723921457547231,-0.8590384987786899,-0.221374476565265,-0.17233277809447525,-0.2878410757855536,0.017232662246717184,1.5566912806558304,1.3397959085875422,-1.6482444052383536,1.1374369665204696,1.1778014860718184,0.41376331567991176,1.025041731205646,1.2725188736816824,0.9158441563217605,-0.2480064482095741,0.849819019950351,-0.22065326368669838,-0.5991132126251741,-0.6203912845997074,1.6641442832818405,-0.8151014631888479,1.832787404262895,0.7348787533019746,-0.7224264740935842,0.6166694579533286,-2.158232997760216,0.2886622098344974,0.5645236953015724,-0.04476770582471718,0.4688047977873664,2.233951557033608,-0.18988625020850658,-0.5842491973437287,2.0471296195274475,1.733184732629408,0.7356897141166693,0.7507063505338533,1.7784626805417227,-0.8094547737041226,-0.04007969357241093,1.16440362240116,1.3753338504353385,0.4509091742190531,-0.8958520787847996,2.6035714870053304,-0.4497334794362654,0.016223519405194176,0.07483194296062018,1.05936937696373,0.8171033926219208,1.1503998634292785,0.6262011974711247,0.014405026443202407,0.36209671582355135,-2.0806224406206013,-0.10496322403912563,0.6035800896326551,-0.8068240369682138,-0.0257365336478478,-0.38822144093442507,1.805102489688795,2.2347664955545743,0.04834603628721065,-0.2091773692142782,-0.028479171690688115,-0.25338930163241014,-0.0909523462365022,-1.3190332089438357,-1.1729188131213861,0.22584298699722433,0.46992478950651995,-0.4078842028626549,0.8464888413647037,-0.5419694694581803,0.32388090995305324,0.8705070321648286,-0.28817649697839953,0.6295382279072754,-0.7508049519998645,-0.19644732788000765,-0.06783459961946309,-1.4199344033501482,-0.12451782053192693,-1.5067983297047913,-0.8822492541200395,0.2607386963240209,-0.152702600039358,0.09897218001788469,-0.1689005355571519,1.0489870142552804,1.0299019758786994,-0.027603514672855177,-1.7082179303523206,-0.6209173198709869,-0.477113796040033,-0.4059031701998392,-1.0020860396900662,-1.9675663460777155,-0.4044056398768999,0.7177720416220325,0.5068122590971628,-0.8726751345759808,-0.24625567094197492,-0.8650598076799647,-0.3680270978932694,-0.7790724144854143,0.33585773715773815,-1.6906263376985518,-0.1480291239184427,0.3559850902035179,0.31565738107324925,2.5782352093296157,0.7879155056478346,-1.465638455743685,-0.8079494895950767,-2.2669500197510133,-0.7411444740345517,-0.3854797722928944,0.42941556035747763,-0.09803391269950032,-0.1966703954064448,-0.5556236440684333,1.8516147880959313,-0.6172366443216019,1.7141413295337564,0.8877109533080667,0.5508615975534003,0.11631285529609951,0.014986972091159324,-2.6072164119522925,-0.24810185023427173,1.3713598330218328,0.472449543562606,-1.2220349990445167,0.21656640351207176,1.7307108102752504,1.2185734063146858,0.15269215617667417,1.5694823976474546,0.058149000356564305,-1.3297973447619358,-1.3127226350537706,1.2602339771113265,-0.2898512847419064,0.0921646574628999,-0.5128108689439266,1.9335182572258485,2.1356520347855277,2.0500603641656148,0.034732012648506255,0.6155698817695552,-1.0599761467124744,1.101866617236365,-1.0211398344386409,0.43829812796784196,-1.1359464502334848,-0.8089164931725835,-0.7492128447758981,-0.848056976083696,-0.7330116561605982,-0.3172682197754768,0.3947147903966443,-1.5565486009001326,0.2943840322148151,1.3673817874743532,-0.8660520719104121,-0.7744037703320691,0.497482515686519,1.057321052848508,0.28952079838464356,-0.4841961452905072,-0.06142826710395996,-1.2209751907616124,0.27945649540020967,0.3364749548614258,0.27247726595428334,-1.0374449267916657,-0.43174739035427956,0.8398612026054382,0.48437225754359925,-0.8847300004038258,0.3259573616329205,-1.6183851656028863,-0.6674232097356866,-0.35451859273894837,-1.1997209707162888,-0.8400488102657511,-0.8955805176421716,0.3668871947921924,-0.6120568549185206,-1.6771544124672524,-2.661246176645499,-0.9049579098267705,0.7186790888844821,-2.9590599369553634,-0.2947331597176548,-1.1486508937804876,1.501387054465006,-0.8299785736236457,0.17140521984972437,0.5363904857873202,-1.7729186312068266,0.7747723524809138,0.15999182339565587,0.650734626450155,3.762954683498617,-1.9011646236705624,1.7192100988765662,-0.2595889861151952,0.09114517514015487,-0.14144612909597634,-0.5022210715895524,0.16835107644911815,0.27295362564774217,-2.0799245020047854,0.38000650225878363,-0.2570130119016447,-1.0674412663473007,-0.7435033678718078,1.4782022826108756,-0.6499922455960381,0.07187843201308763,-0.8207810741846946,0.5241794512623884,0.9030065696871288,2.0947816533735315,-0.8257099067813267,-0.060219663982366514,0.05795018944766907,0.9757769511454791,-1.2133108853687822,0.7551045186389748,0.5555269436168606,0.15679492329571126,0.06327440295057188,0.1769816770745693,0.5067840137573865,0.5500575386660164,1.3376140700755406,1.1797280167035282,0.9514271049569236,-0.31080637740931183,-0.9171580181682966,1.395477459543766,0.6770170418881184,1.566506095123214,-0.7907098888765546,-0.558566725135302,-2.179035224773954,-0.5085002338584897,1.093437405993482,-0.1414693957664423,1.0546690444745517,0.30294987367048604,0.41919035431693696,-1.1532981097438082,-0.031950667013367684,-2.890843463068843,-0.323314579534152,-1.9748202228549567,1.1836550262384948,0.9867028368583906,0.29654549531512553,0.8906343269220504,-1.0038844301701169,2.087877135312861,0.6874515474978139,-0.8576538505741015,1.442595248906707,-1.2280893992165405,-1.0146336639902311,-1.0587067870644242,-0.223603831393688,-0.7412535266016812,0.825374838943231,-0.6488048765714093,0.541849577945976,-0.2035117537553462,-1.2138359235640914,0.11470101743622221,-2.292763288214383,-0.46289129991023564,-1.072717639703432,2.500792612696464,1.1347893592118037,0.21923340199816485,1.1386229736948632,-0.3764382861100517,0.5701683536074997,0.7154610347245876,0.32408243627320665,0.9526322467662294,-0.3986555160082906,-0.825091384895362,-1.5782697700658963,-0.5267111151518927,-0.7106334737337832,-0.4416966688353344,-1.2849741010622893,2.5171179352861452,0.6132625966846629,0.5216664936786848,0.3844227728463069,-0.5880677332166327,-0.4754776251608031,-0.09827995147340676,0.38401225402985334,-1.5565810176332684,0.3720040867750363,-0.42516828964677156,-2.2065288849559366,-0.843108186080124,-0.39139489657975346,2.4111057137593974,0.7459529238365636,-1.4668143372267293,0.04037091631606285,-1.6160083187271117,1.3435488518475165,-0.4804232064018376,-0.0914433391466769,1.144792093626698,-0.5022146020684721,-1.4300793224325143,-0.3207247978460343,1.2690029079975707,-2.006290687847027,-2.8426212474284442,-0.8394005471369158,0.5146598174958423,1.4699641900616334,-0.877070492137588,-0.842334151838985,1.4483259823215682,-1.7369959010861857,-0.1717400655375964,-0.42045299886592546,0.5460029379119623,-0.3639239124222455,0.5026067498081939,-1.4510539548834016,-0.57665558921793,0.5807858059403823,-0.5525120786163973,0.4137638568202647,0.8155676599681405,-0.3870537555175558,0.8926693400163404,-1.1166513351168181,-0.9434039036731645,0.8545693662291571,0.2784032829354849,-0.7205994320769357,-0.21406197824550488,0.7989054018916703,-1.799053106868614,0.7636952474842262,-0.8642292419993367,0.38084182793223725,0.7598899129141613,-1.735682962918848,-1.2865232526741741,-0.27038967809246495,-0.8437770319684071,2.633793855486101,-0.43707520790292315,-0.3386178144539007,0.7693362896529201,-0.8244382000722449,-0.06342416315735201,0.815286647414993,-0.6337832672550062,-0.20744155302005457,-0.41559272306054795,-1.4527938031303145,-0.25257807699278095,2.2830826009438843,0.22558445271343755,-0.21185315940702432,0.6079594123668584,-1.226562975142083,1.97104181830211,0.09785867847904442,1.8589460330308067,-0.9360549241825253,1.6982170026864443,1.3360925868119065,0.14514355452365146,0.12758830583077566,-0.22395932667711235,1.2778782327833274,0.4555911894631675,-2.174302419163606,-0.8542012333742185,-0.4050444055729338,0.45473870770760927,-0.3004573239735871,0.9037572518040256,-1.5929498780296532,-0.17586936534701597,-1.8324199232061722,1.1816498204193708,-0.10241706552068615,0.4179961162057691,-0.7099091699729028,1.2353764166518248,1.4275342994053404,0.3331914210966238,-0.4741632525750466,0.8152315907488377,-0.6344341087187285,1.114526593486615,2.0120868936695677,1.1170327783403666,-0.4646340841340236,0.5576834521025685,-1.2040950444992267,0.6641699729694361,1.514126814246538,-1.6733358662725442,-0.9218098438454645,-0.4782316403122715,0.02258827249414086,-1.3309336041277409,0.46689738048135826,0.2465132537197935,-0.055827195194076126,-0.7114907961270056,1.0275185334241865,1.2870539327278028,-0.683953158569952,-0.6740521182518688,-0.20826021204275452,-0.9525565362303394,-0.2258611468203616,0.6885211116644093,-2.0775988421961986,0.9053819646605475,0.08838003315301057,-0.8767867352229867,-0.6276816067028348,-0.08889950680713277,-1.0543884344196428,1.5694677132149093,0.14028529217510738,0.5877511044928752,0.8856741764505521,-1.2521984715733514,0.3419053917055247,0.11072328929403952,0.3095109434642335,-2.02155250415072,-0.5929266499817994,-0.2860661278881843,0.6366092813374262,0.5666125592172291,-0.692161222099751,-1.0505069774491853,-0.023939532551198822,-0.2469618651172759,0.9971794869559506,0.2802262376108384,-2.7571046067262843,-0.7170693985045772,-0.9320956628706909,-1.7183400835264697,-0.7009318912410554,-0.5650422163107831,1.7340683207678937,0.5214069324734112,-0.6008150259294311,0.5254900453096102,-0.23952125141493127,-0.5876260744830911,-0.6749881431116382,-1.4342008675917828,-0.7083067145711403,0.17612275800134497,-0.34227995750198553,-0.1579374044466696,-0.8743153211547962,1.182826538725676,-1.4846552262334969,1.0962919944037026,-1.085238022064116,-0.9892951972406298,-1.014415684233926,-0.5480847908235524,0.9242501780911632,0.416029133988886,1.0904369863814498,0.6387719392172923,-0.845529727988913,-0.5673904219238157,-0.29296464904458436,0.8220386737937271,-0.86409502470102,1.0545219077462766,0.9567735551544372,1.81328551587666,-0.21509693914272687,0.8667297683635372,2.585717254546372,-0.7238478337784757,-1.574661467503499,-2.187691045793809,1.0629037018688858,-2.246092483747618,-0.18607605136854335,-0.06765216587221104,-0.06032013667897236,0.4457827843217652,0.41190602818381505,1.847748409492806,-0.18322384645864606,-0.8063407075244263,-1.2149264613986563,0.9822142285643993,0.8404166526565969,0.4958414014460417,0.891432567747408,-1.4449006563246505,1.2828679162446008,1.1072581873606884,1.3410739394600497,2.0700538546662695,-1.826682822206954,-0.27277375445350405,-0.42154969786223695,0.8563367227936924,-0.7371058650539238,0.8363769851686618,1.3607687996931221,0.862914352899758,0.18093252483816252,-1.2227938703514991,-1.2552770005774738,1.6338254591002679,0.9508460844201775,-0.32999246559313056,-0.7895813113096761,-2.142339973480261,-1.540473859525874,1.314067654991612,-1.4953575230373497,0.43288443570323065,0.7929186866126205,-1.5901585216335388,-0.1857271811925911,1.2186653031894186,-0.06766258758841398,2.46522336866879,-1.8874622087425739,0.5352780867047857,-0.22269993651148443,0.8455376247881635,0.455068247872118,-1.0742823408367197,0.3295476811680992,-1.8894862840704942,1.1224974487589272,0.44846667569434256,0.8539167175965082,1.104945475779066,0.6773911750003624,-0.2888371718574755,-0.923725798061214,-0.2645220930400621,1.2413975297956013,1.5390807930453834,-0.041257823423494044,-0.1618101347021938,-0.951904894615857,1.0661116992739412,0.9342801292690459,2.5484752303955567,-1.1818010474798464,-0.1858441062333054,-0.0866940490906265,0.16905553333434775,-0.4938769083828945,-0.329825807964709,0.33840177393689763,1.183923110323962,-0.27360435089699586,1.3287696212534634,1.42749089329003,0.6061849663680327,0.26821117567024827,0.3328717251256348,-0.3315962523046377,0.15337044621982154,-1.9129055464344202,0.9578985257411067,-1.0557078523225292,1.7078456707785334,-0.027738985998720593,-0.4407423406129679,-0.38922029227901567,-0.39370981847024233,1.1463547360530173,-2.848643371741033,1.2120284959422905,-0.23971073088783182,-1.0616061796878968,-1.166644235991087,1.9736767373257718,-0.5191338872836865,-1.6911767080254256,1.5818412128107961,0.21870905890010459,-0.6813384858283904,0.16227548632881203,-0.8939387325457079,1.125128733368185,1.1103642515955185,0.6706152307337747,0.6938367017004593,1.6309856571444639,-0.3141500795139708,-0.9248323192573165,0.28778564700624987,2.117629821111613,-0.6955365125194252,-0.6027598228491072,0.4282627690710756,-0.47424409838407566,-1.420660242423341,0.7341654439240926,2.174432123472763,-0.08027995287963552,-1.1119234594940164,-2.1732361343054585,0.5419473836966512,1.0890417112090025,0.7327535732580731,0.13729386221808518,-0.7048748318660987,-1.3030704943665081,0.9258295549525699,1.0487166606649312,-0.9212231433272068,1.5618261516598646,0.3180095958968409,1.5898560078420447,-0.8112511730160513,-1.974501576631888,-0.0685002883907806,-0.3456400195456818,1.8168220074538948,0.5724627096719964,-0.09509403739203384,-1.4747806453919015,1.377965826709581,-1.1491165004310924,2.0027997534198767,-0.6350320377801192,1.3560406891318177,1.1627344355922038,-0.08476083323487571,-0.45214509001191794,-0.40469506302962266,0.2656342567017055,-0.4613312788170988,-0.6277258608522233,-0.19121063889359183,0.15382699503055824,-2.2845278535923557,0.1998601364578806,-1.4670534848110326,-0.719779555169127,-1.5322698331707718,-1.7845774316424579,-1.8070298936141667,-0.9089649332595883,1.825439013016149,-0.4092259349154062,0.4714125402214283,0.8860186940996351,0.3454697938873787,-0.16371171482944902,-1.4887627607456377,1.0930638795506173,2.1137050323852375,-1.7188475274900163,-1.3896721368781288,-0.3773368793792963,-1.321789582826544,-0.06846120341073565,-0.5218407034092383,1.940572318905749,1.0457653841796681,0.059477550213475144,1.2208351794683212,1.4757598433395087,-0.7612572969907478,-0.5731389343589905,0.06916237848525127,0.6550580581591445,0.08061718148098895,-1.7544134672681388,-1.1562719588850698,-0.023001286808151722,0.13777193532115978,1.6201430396645047,-1.1454615899015748,0.39755987835178896,1.0146127013639923,1.8287256480528173,0.17229888916389488,0.5160056882032124,0.42877628851035654,-0.28908454455031446,-0.3697970500258322,0.059463375915001865,-3.013098311477862,0.60505997717572,-0.07398135666729216,-0.18168358224050077,1.615766494345116,-0.9285411498842706,-0.35492900740746836,2.4616263137799637,-0.6044101801569907,-0.07192413285116675,-0.06965057388417642,0.5648241434581334,0.1859273830066762,-1.359505225702118,-0.5533775331489511,-0.5518926841366942,-0.11249526256048553,0.3267331548151564,0.3539099028934037,-1.8356354701515483,0.7499124788200803,0.2735027485932404,1.1755847357480904,0.34693970877410857,1.0452449802782096,0.5698383858807283,1.5737946973018133,0.821376070603181,-0.4789259382177245,2.9090545536735015,1.3878966613093398,0.09743505977308342,-1.6707007804879432,-1.4040777111471288,0.5020395763791349,-0.05694014210048519,-0.9775819400918628,-0.03563956723367973,1.6967368101697968,0.9696633799600042,-1.7817872133279022,0.15057769993343617,-0.6538306592391433,-0.2709985912218372,-0.09124159381498319,-0.054027237768755926,-1.1741665332632576,-0.37939174653482,-0.602847225275116,-2.8949883974475252,1.9296982235284987,1.6019122555212277,0.13535653319191854,0.5932565400110679,-1.0331575500998889,2.221023040134074,1.6386666318786263,0.8604047801687785,0.7727929287154957,0.6365970647013175,-1.6007574742727506,-0.5981518091365209,0.3170247305359692,-0.6557738998822056,-0.3959782840203484,-0.08352276349673839,-0.2976013696749798,0.35177495715986096,-0.3436551903528577,-0.22027877526913364,-1.2409622564074638,0.799852283433478,-2.430599188392144,1.7867164243910023,1.122908547454082,0.4137901079545544,-3.014639577279069,-0.6614705735996346,0.05198377067548553,-0.9817569517166429,-0.3229087979874351,1.5820636143815523,0.7788967381894144,-0.21191554729367812,-1.5742665196302448,-1.2318304869393841,-0.3851508177677597,1.3059029051047442,-0.5872199278291129,1.168940501504813,2.0836062113032194,0.974604225913782,-0.5327740808404262,-0.5394895421263874,-0.6558691934133443,1.245705356616487,-1.164596018469235,-1.3413336288132574,0.22874683629732867,-0.18909923595820913,-2.15021826105751,0.1058871108297722,0.11287302260969187,1.1398841665544257,-0.9284099008255672,1.4668776834579345,-1.083836762570041,1.6809060614113587,-1.596177909620695,0.9915017699805551,1.0472401333089358,-0.3279690101042445,0.198053661038102,1.2807577285807699,-1.959921955089475,0.27319197187551325,-3.13542084814159,-1.288555883741796,1.057392987494364,-0.9785320848843305,-0.5420092304321322,-0.5329408875413817,1.7853033309332862,-2.239272123565033,-1.3757441606971823,1.4300934194886323,1.7402390358621005,-0.5062840243035122,-1.052529975612501,2.5977965025547833,2.2808074409370054,0.5352586231108291,-0.8074070731805155,-0.5207391629035033,0.06952500766001055,-0.0013574489716640763,1.5530106278483413,0.84095863172907,-1.2972846171115524,1.4730144811929586,0.9177186502171671,0.8508688405413231,1.3382939869820059,-1.174698880219488,-1.0072761930889853,-0.8611515242632668,-1.5056684618088476,0.24315017907021352,2.284771840543708,-1.8274443389816282,0.42479310844719503,0.4317949127915087,-0.22673759341486854,-0.5047932351039108,-1.0084271241429368,0.1287104706119629,-0.8425837871420735,-2.065566402923495,1.2605119626454953,0.6206557638782666,0.008908299939343004,0.04653934810212254,1.1134324367364314,0.08504635668842563,0.9834849302484929,-0.23345293611295692,1.0088524303527358,0.4869069947079153,-0.1989256744224562,-0.9888187317219783,0.309786717201977,-1.1412570199553864,-0.7910662860867113,-0.6692707975491098,-1.0706528770906936,2.01049423337125,1.288018595301155,1.8352065969156268,-0.9874961383975305,0.7660293044304133,-1.5022487787285543,-0.8207051084578115,-0.5273513915365466,0.9698148567978631,-1.2601084614766584,0.9157808856377275,0.4588917186753364,2.7500240100607245,-1.1800840627832438,0.9640932492832273,1.5434695377435936,-0.8942826292891104,0.8196662193902725,0.8032354044688981,-0.4289688176512808,-1.015613921277967,-0.5504598627996119,1.621421814580934,-0.22604906772801975,0.9365853411581235,-1.204382544529598,-0.6522581485170027,0.8227090619682257,-1.0252209618428703,-0.48506854953802436,0.4649533188102548,0.31939690511731234,0.06273981631265207,0.3953368965945069,1.077108992393574,1.1008715533047875,-1.4208347380343036,0.044939974246365144,1.265135715423927,0.7518052491562075,-1.2105951233632293,-0.2862675880112001,-2.668071839163003,-0.033646320697431474,2.636527212004927,-1.1084099299913892,-1.4135896078310881,0.7037786382974138,-1.3504849519156465,-0.4145020724298841,0.3221255439380977,-0.3112662664816573,0.036724387298619404,0.8358696787923943,-0.04542008414143388,0.28876421516994233,0.18064170425865506,0.435663137932003,-0.1839853188414063,-0.041984584999215376,-0.6276443982279871,0.034087262856180585,-0.2721143799196964,0.16345732792715117,-1.2172650792523163,-0.93981183504971,0.5750294612373156,-0.29070204818081646,0.9201996397739194,-0.8020633148063581,0.10958076648997564,0.41975303693091526,0.9454597700124981,-0.6805163136655616,-0.1503684596875005,0.2236739519268643,0.6361217342238026,-2.501647690392661,0.2426857534824855,2.5650105985962157,-0.018191009651676054,-0.7810608284290935,0.586317566017517,0.6810021699283766,1.2983645198603333,-1.2297309569973942,0.5279953693697038,0.6585123925503069,-0.0138606693271012,0.3783920803589808,0.6118217829380705,0.8352050504331818,-0.8334056017996947,0.5587415592920069,-0.4048228291284602,0.20985759079198496,-0.284127618761886,-0.06096413868108346,1.4237441172417489,0.20283907157579018,-0.6962160711779091,-0.5632848739183253,-0.1519212006210323,1.106497378692124,0.5107418173057087,-1.1459087309957825,2.766987198471044,-0.09567865107598775,1.2195640379957673,-0.13483734366941416,0.24625967906920657,0.9040289627930749,1.346006985323171,1.3682635588409877,1.4034134893665104,-0.38027492976940686,-0.4440342290001638,-0.18509615116408557,0.6161222494497368,0.15656249001927097,1.401899969830795,1.5980592359339982,-0.7297843273883978,-0.6312420558087372,-0.5335077928552583,0.6653100354314638,-0.7471695880954827,1.4602219041551792,-0.042704986088313635,0.5926102192305186,-1.132374136250173,-0.8718273674871451,0.6866062817425396,-2.021580225745415,1.043069558685404,0.37926255026880507,3.2267334261320366,1.661605899895222,-0.3014370771362014,-0.5192753126379214,1.177426357905019,1.4640194474066048,-1.4038342725015172,-2.041642132800221,-1.0399069160043004,0.7831069350246977,0.023995478811109236,0.9047215037124616,-1.0399639958414264,-2.0213890011623072,0.7451917082151883,-1.3051071855643603,-1.9832993220287813,-0.02568836408075649,0.698813320646192,0.054475800922667794,-0.9080859231913904,-0.12408260726973126,0.02662791951245399,-1.5563872589855496,-0.9406778285345645,0.5970625589745169,0.9052397808855457,-0.043597331818098294,-0.5716953278068777,0.018399504957161972,-1.851339933498462,0.29418646927683567,1.0702759209601462,-0.8732093617551666,-0.29131646144009515,-0.45325335139635686,1.2661708210752838,-0.5740672351365383,-0.8544723267852964,-2.496188737015802,0.4380696931475826,2.369534665824316,-0.1125865306971908,-0.1473062624102385,0.3415241754242887,0.20477919302796935,-0.721167533314627,1.2021875725792242,0.5372167976619593,-0.27038861109643564,-1.2160320526969464,1.5843192649449191,0.4834767392166267,-0.3916103812475932,1.4386575950598925,0.0803374161677648,-1.1938661836554267,-0.8000017714520375,-1.888728366709268,0.12921588022406283,-1.198311950612485,-0.7370763678397863,-1.5193859283692648,0.32224593264542306,-0.7977383477964424,-0.7286572439417013,-0.23088691793413652,-0.9712244597208367,0.48050327954265004,-0.05833279617539361,1.0511255743864334,-1.4889980618063143,0.7770950641884377,1.1008464727371303,0.49771993657012303,-0.39764087110033725,0.7500755944909611,-0.5191098354105883,-0.06328421174277483,-0.4798967577139591,-0.17825163466551755,0.30511448585109646,-0.37214683406376076,-1.3269890987827542,-1.10913873308023,-1.5050379531805274,-1.2972328765858863,0.45011210075035596,-0.6573005074741828,0.6263869983558887,0.21172507285777237,-1.9582543295583528,0.2628782741697663,0.20362084545156606,-0.7714648848999871,0.9430647658844094,-0.8808651323207181,0.619862930922161,-1.5786833246894263,-1.7860521519589228,-0.38832492988654155,-0.3748325308327415,-0.6274664782601119,-1.2327316330942844,-0.4689011142505242,-0.3462660778496518,0.021995542270461174,0.21972348606261255,-0.7220265251273349,1.5884153014527687,-0.8390331734906415,0.4372046479645645;0.7219902492039476,0.6708995464989459,-0.5282303068552028,-0.2487467262660476,1.7218783888496394,-1.5346397080023821,-0.7963326625740296,-0.15960419548295274,0.9003794880494839,-0.5045753978793667,-1.0539697513017239,-0.20837126889306162,-0.8322281233227381,-1.020798467752751,1.0765453577464983,-1.7675711548496467;2.2413010983144526,0.8014012858728985,0.8604542000533654,-0.8288320895741366,-0.3772325098413413,-1.7130151957358577,-0.7834699350164942,0.2075270738253664,0.8028105519541123,-1.2109633020055526,-0.054920960077122945,-0.6768418637763217,-1.1281190567525843,0.2986881150141859,-0.5639560957717544,-0.02940714427646108,-0.1599540163737012,-1.0058746708265696,-0.04238085113952167,0.17062834682963088,-0.49150396521260276,-0.5032921945026846,0.46825475247848763,1.3732332503370712,-0.058392444769199664,0.6490948913495032,-1.3105845936568274,-0.3292940771865295,-0.7937100177685015,-1.6630440478046513,-0.4905776801778254,1.4761246242289072,1.4918514870436266,0.05097771508748538,-1.6010355270731083,0.6122125445599079,0.6697778583542758,0.2861625218715903,-1.7183694534283385,-0.8020039923307819,0.3745924185210334,0.5866406679683268,-1.9755427819110678,0.0016986280492158473,-0.05960557753014331,0.9864216908577267,0.9671353844989912,0.756924190160821,-1.1079883659576972,-2.060031931320435,-0.6248897862207619,1.265672333646172,0.737026853755257,1.7964795200113213,0.27167221153498866,0.28486554401476133,-0.6582629534913583,-0.6066964824519877,1.660180561875993,-1.365099168697022,1.5372631237072658,-0.2670058743719562,1.0216072144883992,-1.5569751942453667,0.09244700688153262,-0.3892669489399973,-1.7550175961452577,0.08811778827842116,1.6342471152397127,-1.5928689927799482,-1.47847413995426,-0.5119487298285268,-0.4570847664548203,0.23827587537427344,0.6754940974198329,-0.28066852824932903,2.2729598287545563,0.03700849846144391,-0.8118866119770796,-2.239871189966645,-0.5007909324064487,-0.4676662340432274,0.9028308567126533,0.40858729467543076,-1.2069983611737647,-0.3176236318405748,0.8051759265150952,1.5553459491802422,1.089776542478339,0.35284385234618515,0.2641961333845225,0.49436468847193926,1.5205544867715315,-1.5978782302327357,-0.35583281896700514,-1.2524499335339057,-0.343120717408099,1.4992986329576707,-1.0369187734486036,-1.4489216267773484,0.25749552361749883,1.1583952791950805,-0.10844734554515648,0.5797389601910515,0.1836409133847554,-1.2959970440757766,-0.4343966428160178,-0.8199826437303035,2.928925915707792,1.3290622940614027,-0.9538531232785689,-0.4107805366962794,-0.03433608128029764,-0.18668578277565512,1.7375988807623997,0.613439756800279,-0.6418667204514721,2.1469354928968136,0.10236233037484839,0.15271120541514335,-0.44434875314160927,0.20960926494579843,0.21664284839052483,-2.0660908214424714,2.0237201086352794,2.0540461492033977,-0.532516186866088,-1.3453971830526308,0.964263277456628,0.050590513749407054,0.1472754518292742,0.22989051927950827,0.6790361918432124,1.2940061593268624,0.27396905562385826,-0.9284721521840842,1.3264502848210755,2.5215329056812914,3.4655067202794525,-1.0213263410187803,0.5896816392469487,-1.9669367496888768,0.6501877697410382,-0.20104394919751184,2.629278336208216,-0.31660503718156313,-1.9330998872913365,-0.6101919104997877,-1.82560743976412,0.7317468124504264,-2.046956962022862,-0.33866089365608565,-2.2073016535471806,-0.647663455610635,1.8374016323798574,0.368847975989261,-0.7445119637530251,-0.2944703546516611,-0.14128496647960542,0.11287510911027912;-1.325031830090014,0.6104274041221469,-2.458612163847123,-0.13897918211282212,-0.4167969137655756,0.5543797982913315,-0.27705266571552006,-2.0298900733487777,-1.1240105128615228,0.04513949619462597"
11,1.1942062693341475,"0.18190591276619963,-1.3285489996346822,0.2318658903450731,-0.14287752466061815,0.468020822494484,-0.207749052057228,-0.3814702921593539,0.121155418302295,0.731855681300811,-0.10114107670738215,-0.3710523040253869,-1.7185891267506956,0.4055950854542845,1.3546790817895773,-0.8697673517673483,-0.5638000150850577,0.20815820750335712,-0.0984766930672894,0.3463677826952235,1.462664739967009,1.3557767519052524,-1.3366534311363623,1.4410736013703316,1.522615671888333,0.5688530865113343,0.6566263448412661,0.825865531219231,0.527619621338473,0.03534141461404963,0.6351813895853466,0.06855149010829872,-1.129594037064754,-0.39793203028365165,1.2779070802353232,-0.6270632337466229,1.8587735179185412,0.9495658136423577,-1.3723446012521774,0.4868733927516004,-2.0986585959010067,0.6764533988268134,1.201344378859345,-0.05519684024379119,0.2781540462895826,2.4229234568096105,-0.026465218975352492,-0.7319982841267372,2.214315422918079,1.5289892988147389,0.8958241231012967,0.33222271301454326,1.9955341876419308,-0.21215804962607587,-0.08445896673034281,1.0869753147372287,1.7959254323162122,0.9306119764004701,-1.0793156302227866,2.2444717501114915,-0.40523643524451414,-0.2886122808474378,-0.1413511813794755,1.0537119243361088,0.6323316497051162,1.0203432961273209,0.4682574190336331,-0.31065538802624143,0.30392043083047815,-1.9129473670308001,-0.20606427642262148,0.6064069482316331,-1.2958161914892399,-0.2877379661088216,-0.5433809071127528,1.4864458312033153,2.0655067266792786,0.10166892922427859,-0.33857093315010095,0.22558116703548442,-0.4268276302956962,-0.02262751125071854,-1.1385535983380854,-1.4739982424943086,0.10003926100594249,0.47228473326565446,-0.15821915604966724,0.748305949449537,-0.30009568993566843,0.6733683608547412,1.1109339757629582,-0.27850846514111643,0.4497940653029074,-0.8664184750296235,-0.514363352030601,0.06589479440372212,-1.484972781877643,-0.23678193618271245,-0.9247061084598835,-0.5514075258777195,0.22817709093566546,0.08317632962392257,-0.4054836607759398,0.05079886839034789,1.5325939422317687,1.2481205931596333,-0.23112803626669406,-1.534766352874183,-0.45663696972140744,-0.21410045431441166,-0.8945826445997923,-0.8788371807583618,-1.8166382158416445,-0.9449211778141898,0.9471178017395973,0.26518217239024,-0.6796460493217064,-0.7141273884609896,-0.8827299480236963,-0.4632745751731947,-0.4895653775349755,0.29483042440571733,-1.7694567417037221,0.14856009874532392,0.20908753269674468,0.7075636652734718,2.6184959310809397,1.0932398625673532,-1.292330514609462,-0.6786300121911804,-2.6286501784208416,-0.6957775646801708,-0.7042896127790719,-0.03902813280732173,-0.08654809407032511,-0.2275076109768448,-0.2959060160472539,2.158147547668739,-0.31391834556115716,1.3549746776941494,0.8061903533086603,0.19104502498435386,0.11207730663470583,-0.1474081838722617,-2.4565322559562626,0.25935016010810763,1.7548707096181315,0.5863643957223401,-1.0971116411484934,0.12231383869466317,1.356689574143574,0.9582648365471431,0.08200522267068874,1.4917305156454204,0.08646820986880382,-1.1635982373418996,-1.8294859846569531,1.3944864900793452,-0.12153921736841222,-0.37186197621172834,-0.6034767527426622,2.377159404770388,2.1299954047875476,2.271529728767421,-0.15709964458605474,0.3826194387881896,-1.5167672911076284,0.8094887629736851,-0.9754452792761743,-0.2151919630361807,-0.5110076187074666,-0.8754287886345833,-0.41924409473020996,-0.9610808195350202,-0.5558822004932352,-0.15225231247152418,0.6257440732814634,-1.2399840869047647,0.4741098053076699,1.646095232793165,-0.8771968991878155,-0.029694867314786363,0.039767324983161226,0.976805171392916,0.4323505154706786,-0.7783732421832866,0.4161850137359364,-1.1022537186156964,0.23672144211026988,-0.04309289626237199,0.20740848437855874,-0.7675945101168482,-0.38939528073554114,0.6760378759185652,0.6906470548088421,-1.2046124372611722,0.3872223937038725,-1.5068335857666977,-0.2996730046430066,-0.4519548558094548,-0.8809083063462902,-0.8129037236579707,-0.8843482220017805,0.6410547611455304,-0.720915931964899,-2.306152843682707,-2.681405628674211,-1.3580375555869155,0.4432352039907763,-3.1071990132897747,-0.1900590421634014,-1.264191072276297,1.747302007091605,-0.44553661770365777,0.17917553086529864,0.7983413665038617,-1.7071000081829861,1.1254181474715597,0.5232391215925514,0.023928560331162873,3.650998834523516,-1.6888362761496634,1.8072359805993992,-0.1790023175941987,-0.07596270937321445,-0.45827218462513236,-0.5019924182851138,-0.09470863975169035,0.6386571606877501,-2.0648903907820837,0.3462067182460248,-0.20984378548097113,-0.6951954339430095,-0.6426793595861462,1.1240974648247315,-0.7470734321245726,0.36466957015260365,-0.9574274786632644,0.6946703594484425,1.2829693197954561,2.298205158173298,-0.45540525257991804,0.13051845332816306,-0.29725397562300904,1.1404936565740706,-1.0511319116094828,1.003223141707738,0.3758746053376048,-0.22333013441140673,-0.4732403594640299,0.058037309149015684,0.33253033227606904,0.666549966983988,1.1080866479476499,1.5385923622561695,1.2837408910843133,-0.4172693458070027,-0.799096619153862,1.0829907677223538,0.8791793728813713,1.6257638598041817,-1.0158925885480616,-0.6457448005339353,-2.0645352677065056,-0.7971692676372782,0.8899110315477273,-0.08314043698152045,1.4082890002692032,-0.5759733521764414,0.19536543053052907,-1.5747281479773638,-0.14398935501374333,-2.579380771937087,-0.5264883572314363,-2.1727713282774563,1.192490814117269,1.2235971283526381,0.41916344160391594,0.6823796167896959,-0.851645678790811,1.9902229483734657,0.8085959602883617,-0.45127661170053535,1.1506953286246584,-1.0913899567877798,-0.9951035670875691,-0.8361285824431413,-0.2527072051696562,-0.8372827500175423,0.8220040815588532,-1.0813340992693443,0.6242645368898154,-0.2301400167532547,-1.0672055577724384,0.10732856629667276,-2.0084710365988006,-0.6603178167411103,-1.0548966266350734,2.4505400422997443,0.7356390084468064,0.26448830496454867,1.833966954741693,-0.21917456693627865,0.550746944450563,0.6684321401055617,0.4807851684791325,0.8068924661563903,-0.5941695291025175,-0.3042564691711811,-1.2807308190417093,-0.6922477229057709,-0.2824139860378853,-0.63109879961285,-1.465387998201004,2.7697165950179143,0.8953278744398736,0.5793646557028657,0.3370006981559278,-0.9412820531955757,-0.5334360025133454,-0.4217800226942008,0.14934028700003046,-1.3722824050077467,-0.10019478147829258,-0.398510016241149,-2.507340914252108,-0.8868741382743625,-0.07122243217234911,1.9858638213410174,0.39404024297929713,-1.5260500057855242,0.37294291249832245,-1.6654181972564626,1.2743421428072104,-0.5524428528468015,0.11492113952234244,1.5794586144641853,-0.7559249894289808,-1.6552524701696867,-0.5492443284697631,0.8492949917741293,-1.9500280799299987,-2.762068651746995,-0.3434754938459751,0.9609442629463348,1.6247013499636855,-1.4757647373717264,-1.3208199673719243,1.7388427659792143,-1.90804249995136,-0.05480705467318929,-0.4380558671794026,1.179747785529803,0.0155259700794484,0.5720298031521786,-1.8068879692391755,-0.47041232285622636,0.7889876862748527,-0.7739698611609481,0.42487207752156514,0.23061475508930018,-0.4092522038297248,0.6130838962962478,-0.6844801887112937,-0.9708886025728359,1.0136580968467108,0.3791923989162033,-0.35173588398441763,-0.010705843702618161,0.7680965480936405,-1.7328218530314061,0.8893688898266484,-0.6653569860693305,0.30932669162433113,1.7606468427455189,-2.2580546116694284,-1.1577763930689262,-0.0724068840964104,-1.225205827901624,2.4988574215361736,-0.49824554840211077,-0.3512441646225308,0.9026578771880702,-0.6865815080315731,-0.11574109789076002,0.4525554386679242,-0.09724245275246934,-0.4082251028283521,-0.47718525717463456,-1.275225223322639,-0.16844721362885157,2.1861785243320777,0.524093831604418,0.1995815323477961,0.2765648496815355,-1.4268528038272228,2.0145374088018126,-0.1915444380462229,1.6985103664798629,-0.7664233893447657,1.0009159332035678,1.141259440574107,0.3667009308332496,0.3054582204778311,-0.06305165160994725,1.4891587834195468,-0.11010312260580407,-2.3516393248643124,-0.9293878867173679,0.1844433447105769,0.4057991781005692,-0.19907732734415734,1.1576783659560659,-1.6972447569531526,-0.3345701844532514,-1.594670828955523,0.9894283948034184,0.028330073114878812,0.5523315626299649,-0.31249044146235716,0.8990397278582973,1.9305279566539177,0.7216521398009351,-0.45292756965218717,1.3108615476219474,-0.9555037676737768,1.2455439941782271,1.758344587257511,1.258813775621536,-0.5159106154184236,0.5886499046401055,-0.9357214571357837,0.49102824976749093,1.2189524692330993,-1.9633328918179345,-1.0266474302571211,-0.3214311287393979,0.34652021113224174,-1.2350561299849754,0.8021006737374017,0.2821141357878614,0.05994524318930097,-0.7442938964079296,1.1674750293779155,1.3788247285608852,-0.7901697923184327,-0.4328458071165197,0.026718520660086106,-0.4743819398722918,-0.29623923161254173,0.39851842730919473,-2.222506173669409,1.194784838015483,0.11999121894235631,-0.3467805318548926,0.2745802357968795,0.0774369763079142,-0.578813889784137,1.5462019552066444,0.4137225079441868,0.4315354299529305,0.4632659525200977,-1.3354724107719478,0.18385994357452723,0.3434017630570858,0.6166101294798574,-1.4097270984713264,-0.7884707077972799,-0.6033137311298006,1.0102834546178137,0.7024049814177602,-1.0307549075263045,-1.052133274892424,0.12971220128004451,0.07838336303464617,0.9456320921708466,0.2391369094984257,-2.937627212690097,-0.3514264626092777,-0.8674708455071387,-1.773228050528279,-0.9017208397388496,-0.15764331521196043,1.5585602385670714,0.38766655562974306,-0.6667505298932354,0.4679274049557429,-0.35280827306134915,-0.546954894139656,-1.2052803624458082,-1.5894844009003168,-0.714537621391349,0.29894327715811414,0.18929400998801657,-0.38858465648113566,-0.2719645639329054,0.9442613313372223,-1.4539358105977762,1.4896725663369519,-1.1718982594402314,-1.3420000337817806,-1.1580654297842379,-0.9198411266407661,1.1335329182542297,0.0656407493274442,1.150446878721147,0.7275635774168483,-0.8251928304147149,-0.8359618770612791,-0.03170470562607458,0.6330302865343646,-1.0718523916871938,1.1257953668146246,1.3153418377739385,1.6457362662119224,-0.4886659009997316,1.2064154353017744,2.528807633995363,-0.3952063450262698,-1.3187692603038725,-2.2142911855014598,0.9592271064841909,-1.7316108651335247,-0.09726150373704849,0.014650015237222314,-0.022366173336615534,0.23008409266681673,0.03831435111528905,1.3322526711911231,-0.08319353915392784,-0.689104760151733,-0.8590881705160209,1.3012919476778002,0.509761795483516,0.4966625643251256,0.6909487425176948,-1.8806230565767943,1.2482914958398117,0.7163473446993446,1.5924152551548745,1.9375008543531846,-1.9871680516519363,-0.28798688462723654,-0.45815050017765985,0.5266022584162525,-0.27969926430245134,0.964319109524121,1.2960497811948068,1.0317453925972155,0.09394843495077322,-1.6855133725553604,-0.8705411277147885,1.7163044247527106,0.6697322926616434,-0.6093376425358319,-0.5076371994142858,-1.9674698840845686,-1.3833116409986626,1.007566120659781,-1.4441059894397812,0.12341059047039091,0.8482158796577041,-1.3695998290458815,-0.33621874609712643,1.1847806105424081,0.050951852007284894,2.7289813497041897,-1.746262412364019,0.785471183922678,0.0830590040129531,1.2445304658866259,0.5776380755564526,-0.6429352161958428,-0.03327064457231557,-1.6628508223716156,1.2251482211962752,0.7060215029315111,0.6546205820027128,0.6322572198425193,-0.03709099372061938,-0.2935494732059885,-0.7459025944059818,-0.23335809049637043,1.088743727524303,1.5333526974979348,0.19892138168154963,-0.4579164031657331,-0.5032171486774544,1.6376384812164102,0.8320549698153954,2.737474858716971,-1.413854852882255,-0.38904037742933173,0.38936381609459864,0.35935835235603225,-0.37827496310379377,-0.2587808537246922,0.07498787811822027,0.7833730206047818,-0.8178691568926121,1.301564578832946,1.6779531204227318,0.004944004592233334,-0.09031757498040488,0.15776548454593847,-0.6175179802699067,0.2974852669672817,-2.194251483994092,0.4590868427404996,-1.0475390978568935,1.7590160259730625,-0.14354245976239707,-0.1147360674953819,0.018915195383233434,-0.32701597388258763,1.0637439662351689,-2.5501867210934863,1.744048343587477,-0.23329274204863132,-1.0099972789953227,-1.5728152485653404,1.4272795485831185,-0.8627333906120516,-1.1070366134513285,1.8623588065040497,-0.17433686928640418,-0.6157702001524199,0.2505368152118693,-0.6626732120671949,0.9548787016393427,1.4440641769184148,0.7272783963372529,0.7594257870212328,2.065503789150738,0.12267276995425154,-0.9494642767751266,0.14246351776280985,1.9320922423390565,-0.7063487892749146,-0.4600616446796088,0.6377611549427974,0.0509961870087256,-0.6716557647339841,0.8023794582033107,1.9611216270621332,-0.08973266657468246,-1.2228405188647224,-1.8243101468980174,0.623297292460052,1.1287047809310726,0.6169371679642757,0.299290881835099,-0.5621487927528757,-0.8106164694047849,0.8786126115745725,1.4600047431760885,-0.7652094554734691,1.6807192448633081,0.2657974966066613,1.552616127652339,-1.1602048828939284,-1.6830356683228858,-0.10412190335998825,-0.2522534222084839,1.1638183501199109,0.42968720557397877,-0.041835609499944734,-1.2230530582406762,1.2161207902127187,-1.2947827566895533,2.118657035197692,-0.6971862026130342,0.8923164014994015,0.6834852906581779,0.23131588905738318,-0.24993536391303212,-0.6104171476195781,0.5464785928350644,-0.24290823018892022,-0.8219254199752426,-0.726011949100833,0.017810934712837956,-2.17387040346894,0.2935324834310509,-1.5205741508114576,-0.5837196609291501,-1.5610707436640487,-2.1119141449162138,-1.5198930953966499,-0.825280831903759,1.8028652347797438,-0.8238266627699051,0.6723213571465556,0.9822494421293084,0.27496934298528375,-0.4691176044994684,-1.4498716007769865,0.6454417986480859,2.4775815818182974,-1.9592504815481644,-1.6039925678153335,-0.28462632176798053,-1.0230691526332403,0.09093563710542371,-0.5636470858942849,1.784322682482282,1.3519013407817242,0.2727729631874765,0.9594161581656044,1.5710508529216756,-0.8215793177202687,-0.8737268571824011,-0.5647853000849727,0.6199679406578877,0.0923332299192644,-1.4256844407762916,-1.1388103364757296,0.01733993415507709,-0.25977394487425315,1.7923337113619646,-1.2322520457759605,0.2416247149257995,1.0208174226335611,1.8272113468092543,0.21492251045739433,0.44096744648524505,0.4822660553101245,-0.6100323813391214,-0.2569744113721478,0.06214271813518091,-3.049597723686936,0.4755250789600013,0.01152866505039045,-0.43781887288574817,1.6276073890032108,-0.9706115146034896,-0.21512242239698748,1.926846526499785,-0.345091518872845,-0.19606838439897128,0.31248319552862186,0.3705223210535087,0.21318520929948856,-1.7109097594437837,0.1121095887452365,-0.5951291497763196,-0.06748796420279923,0.16042402539317693,0.7523940628876138,-2.3705419208684524,0.5430030808242177,0.42580005821464745,1.0439069980860909,0.21516302638163037,1.6895383549856409,1.0622467596343803,1.567398634009418,0.7615103451535393,-0.5431518832590332,3.206985921454909,1.3784193142256214,0.7902187666575594,-1.2946584394335772,-1.1391391444549752,0.6887967325720792,-0.12299209273836408,-0.432822323471998,-0.2512209937253245,1.0795013518224663,0.3714253689255226,-1.6720895478863733,-0.4162771772046461,-0.7923637579865203,-0.059005344003474444,0.07672655135372618,-0.27373837712681565,-1.6540516924164061,-0.314332080844953,-0.5770116083725195,-2.9353702546252114,2.0127451584920992,1.432181987510341,0.6212616640962473,0.2502147783329097,-0.9562041493267549,2.07009106716416,1.7286026656200515,0.9087353228073278,0.6995338343103308,0.6179601435538377,-1.2825645405822008,-0.674437003835961,-0.11765538040021364,-0.6172405402693254,-0.4214631792522945,-0.2035897765647297,-0.5369352859916072,-0.4108185982322091,-0.5725978666181839,-0.20941803055489458,-1.4869978589247534,0.8372022535679358,-2.4751168350784187,1.3634723053702582,1.4161325916265715,0.10015698420737806,-2.9297553654168245,-0.7323540285468914,-0.6127874609265569,-0.33855211274614777,-0.2869402086021787,0.9030144457805954,0.7739872318421748,-0.10531196679219883,-1.4983968835797097,-0.7055779899781008,0.05066900636654708,1.0726705897856552,-0.12124661436439907,0.8419831699524353,2.234294155247299,1.0309910491810168,-0.3151416482035255,-0.4516626885747576,-1.000140835876696,1.2434928634700486,-1.6009999301277222,-1.1813013149134552,-0.41964914169998385,-0.19913408880463207,-1.6721971146982098,0.2701691397804438,-0.04583793004069364,1.1286268289319579,-0.8638438036981393,2.0393850083576015,-0.6200773893833107,1.6103661490805756,-1.723099510692405,1.3499819541300082,1.5586458588803873,-0.02980329755817346,0.046092126140829956,1.1444641174656647,-1.8779424045162352,0.3444006323344542,-3.0933188304448938,-2.0952565576589244,0.9792120385762597,-1.2165042350103255,-0.6918793968684467,-0.5458891932413502,2.0895552994873903,-2.6872006611343813,-1.2357558285023051,1.5202693427871066,1.8868653183579682,-0.5496506378560014,-1.1443142434873843,2.6473619565998048,2.18133091923573,1.0930947394647765,-0.9993708494449298,-0.1474648512636338,0.09408719687519629,-0.032572274117298426,1.9822382931105755,1.0534756749536525,-0.9870388111621329,1.5647675362368887,0.8555420033408487,0.6445821936967924,1.1686431685336962,-1.417822753549713,-1.1000203959036863,-0.9990680808030552,-2.11133474855397,0.1497593962854673,2.5162182413164373,-1.6720124203545856,0.39639145148603505,0.5144833313830485,-0.23117436110384876,-0.6604567260958655,-1.001772627702592,0.1806998897018414,-1.037621207386894,-1.7557797649918567,1.159656860371596,1.013006948837679,0.06948862184452068,-0.17257024087038153,0.7286955386113538,0.026604612680508052,0.6555658640910065,-0.5168779984714842,1.2331303583355122,0.5807904953863332,0.07347829683543969,-1.1146767242982056,0.31284634317574406,-1.1475308745131523,-0.2961214258135697,-0.4710723057265931,-1.0912308870794782,2.2211429858407334,1.5712146892200405,1.851213536050146,-0.7524039051650726,0.6480052565900182,-1.613552959308179,-0.6738321215297219,-0.7503763872768665,1.3112478477045286,-0.8922277559658244,1.0353545547540186,0.4452723143092381,2.530443995218271,-1.3359362077973898,0.7720617496463995,1.89964685056111,-0.3778733879482632,0.8630875638916491,0.672656001743301,-0.4703696735828405,-0.7539279630858471,-0.3066515599993636,1.4709999823099924,0.1066178427281636,1.2588770376957772,-1.009254741114682,-0.89613836184757,1.2034716067012508,-0.8130479964394182,-0.06943665510627428,-0.07875717321162348,0.01244647675043166,-0.0957029731681672,0.12799947342559467,1.1244445839623396,0.6339327510133498,-1.3826079975774492,0.09228902236405921,1.6436367191228265,1.098913258080906,-1.0512988331884996,-0.5813257397002118,-2.6115486379138875,0.2509143047211086,2.3285095247570213,-1.0071820501186122,-1.429034659684837,0.5807802552159369,-1.3288815758379688,-0.7393967227362309,-0.11631032574374132,-0.5472288746639905,0.6180389265138513,0.4567338075234773,0.16361717782854923,0.29619845240704734,0.0676871594960631,0.791327733554633,0.11677635692965263,-0.148328043652808,-0.6457120966150508,-0.3729928175489863,-0.09933648140761472,0.30847106356177856,-0.5833114102323876,-0.955530485411693,1.2601397072698,-0.15877863386711374,0.8486404237609112,-0.3444283918289228,0.027355196536477038,0.7561195978733726,0.6637582860467677,-0.7907044468787642,0.009080857854374041,0.6434504422892964,0.5054712325081552,-2.0813424168811876,-0.043464532977075754,2.4247646795106728,-0.22569458708892096,-0.5515020662376842,0.7369983474310958,0.7403906972919664,1.589021521213895,-1.0800870195392371,0.8085197444102034,0.7329606560021755,-0.031940643955093564,-0.324746528711591,1.2197222147828726,0.47619728502179354,-1.1494244074727864,0.661086207385831,-0.4164374684268767,0.002162601229586188,-0.06960966920277804,0.3982166171818048,1.169857542627176,0.019564629668165766,-0.784230562213539,-0.15927895469395928,-0.5005648411814244,1.4221401430351326,0.5554973495542069,-1.766855822190615,3.0769896555664245,0.13431801900301138,1.3405390155263346,-0.4999377012206716,0.19545043425266023,1.0979170196772656,0.9292949186813128,1.4064836500792788,1.0464495457979335,-0.49369844520556805,-0.3700242352552208,-0.006184491224720297,0.6381624177538225,-0.36472266593748576,1.1070720002586374,1.6037348309225887,-0.6175587561972503,-0.8932605898517677,-0.21112195042401696,0.4114689056933413,-0.39481676594780757,1.162099822683766,0.46701732493562415,0.11670990754188754,-1.1572959114203603,-1.0314591575810235,0.7263613292555838,-2.284179876845939,0.6318747985723323,-0.04507091883338159,2.8824342629532955,1.8985294939266695,-0.08130580352554656,-0.2849164116093106,1.5982821841065085,1.5827791144906467,-1.594111977470119,-1.6343899288866948,-1.1863006993687402,0.5908322195988811,0.18623495989258615,0.4172304663573849,-1.3200309695681518,-2.237163613895733,0.8209907252814025,-0.9628470592865942,-2.196996940351529,-0.09934079238289864,0.9082745473427976,-0.2986291508674164,-0.946953143270026,-0.12144778125376851,-0.2368565926618582,-1.7935914576274545,-0.6907020244980264,0.7173925854278582,0.8988417226613378,0.3123742539936832,-1.179336567726151,-0.04190669637087267,-1.9665420295444351,0.2623657213225267,1.2929016318105728,-1.1838459412732099,-0.5357700249965353,-0.4800711952382919,0.9055202518154899,-0.807099173773725,-0.1268801225232828,-2.9404241003544653,0.36254153952861146,2.6841649848827456,-0.38286045420610054,-0.3640464477607367,0.3386851510397987,0.16162642386029416,-1.3098185930099813,1.1352089303439603,0.49728300119450786,0.21872336862669683,-1.3987866491827599,1.636594360583997,0.33324783674480074,-0.6630836656082184,1.8769283534364916,0.1832522996736893,-0.6967736913949555,0.047314559454142084,-1.8571415864171887,-0.09260019154524768,-1.5767578958049753,-0.9501768358840298,-1.4881964925265625,0.10417761393236158,-0.9624095997719859,-0.7343055330678798,-0.5980300583442258,-0.49419971431484966,0.1631730188781912,0.13452508063373794,1.0533782224654664,-1.9076751091278625,1.0280913915295313,1.7152729363257406,1.1308576590671415,-0.35118670640503136,0.5506928843614807,-0.5269999664176267,-0.1717386522210384,-0.3967313369750705,-0.06372623747358114,0.4520369386995898,-0.6372915850831619,-0.8509412354626744,-1.4041006207455253,-1.5960390984062762,-1.0324767072304109,0.9555214690249705,-0.4005991386662493,0.7740005419478294,-0.19752332967792258,-1.693020504134181,0.37956518103424963,0.3198475897142648,-0.7487102662085882,1.242053035363211,-0.5529166021031402,0.6595897737372503,-1.8923931689092746,-1.5052595236941553,-0.27458672981761784,-0.42054405468466793,-1.0806261758719884,-1.3036374639153567,-0.4132616590102199,-0.38096076820626923,0.05226239997598499,0.36682155154239765,-1.021923738095012,1.434619075943517,-0.8259529404074959,0.8800285804576029;0.9822092234120637,0.823762406519425,-0.44255229701153265,-0.10057017044590469,1.7073785423961518,-1.8753757510950686,-1.1989540326491248,-0.5927332898189391,1.0385925872872355,-0.16913829420583873,-1.4379114721225714,-0.3630115039321585,-0.9380545994319649,-0.8269773844334604,0.850448612437818,-1.445800687318038;2.3133227340797347,0.6844009742259483,0.6606371220317502,-0.5112889057781869,0.22944726132860982,-2.173220256294421,-0.6362969393591242,0.16324767439708776,0.8418368541097173,-1.094644721831504,-0.06897746942837754,-1.2327893383089294,-1.090160768414711,0.22779004778246306,-0.30117610659636995,0.11251839234577246,-0.04507556020111444,-0.971694021325812,-0.34875832458738343,0.10128294005602115,-0.4017523531115211,-0.3531415529155662,0.7580145634897313,1.214251962565398,0.18627082720840626,0.5151629142113009,-1.2830788647380809,-0.0798488247161517,-0.6077279462629985,-1.725377370971803,-0.666956489204147,1.6009902510239582,1.0993699302130826,0.0009794762487748132,-1.5217492707969396,0.45325433038667134,0.7909935336247873,0.1118539366728668,-1.7224005450488453,-0.8935166842228249,0.026579882501128294,0.6850865907250957,-1.9806129658901543,0.04383029185579268,-0.003021861422510534,0.8004259381396475,0.8721909859691108,0.6965650598015944,-1.20860563219309,-1.6003295896311682,-0.7416237772209012,1.189689278075881,0.7662595687728817,1.4112788784784878,0.492471442285703,0.050889006841158685,-0.37638894111141574,-0.808542421210675,1.5901970215691381,-1.4213727509263854,1.9122455401199083,0.006247646372783744,1.1436270751312327,-1.8161189506435116,0.151270470220958,-0.6316097405737658,-1.0983506694883851,0.28106892070161227,1.757244072706382,-1.22301668761941,-1.3735640642186835,-0.5871698373570545,-0.6818491726141214,0.09257042123309592,1.1569946513805194,0.0931907171819241,2.144854243191956,0.3588762196877518,-0.9107769264317029,-2.115101901640282,-0.42391679624205963,-0.798337861339484,1.2299674668435603,0.687339726575607,-0.755475569408236,-0.20636992186856412,0.29757912146669885,2.268088412356945,1.0144500967059757,0.7333598366778016,0.45419119088913096,0.3661254183368111,1.2192699246359815,-1.7966686714858848,-0.47023166079018425,-1.5699146306000444,-0.4258467929710661,1.4656802238989572,-0.8800026285317584,-1.1959390548931434,0.14334383566189965,0.8355991121949762,-0.031096609355105075,0.441324475433187,0.342321661951591,-1.743977429238325,-0.07346560763786913,-1.1600745623048923,3.039154646520397,0.9296918379292145,-0.8441285059737026,-0.5456789331458601,0.3096612040306821,0.007331411811752023,2.0977587308980064,0.3007034210879195,-0.9692393120205329,1.8542849415729437,0.12495954854723076,0.3069249673982082,-0.42267503892369496,-0.2735320989119928,0.3705267977242517,-2.117698882279496,2.073764465534603,1.4055494331821081,-0.7037346692614623,-0.7412681265754903,0.4150041465823326,-0.4468792596062928,-0.18578686539864622,0.1478817962643511,0.4681351740940316,1.0820403254054007,0.08113589036628183,-0.9282856385937329,1.4463532691208063,3.00553531477588,2.760696641183002,-1.1588063373419701,0.20696912090519767,-2.3135314841547876,0.8502529449060039,-0.35572428716140664,2.2327256790422547,-0.5095102125798426,-2.0936011423256633,-0.5199496106745616,-2.002940956177959,0.8321965304026839,-2.2694430682484232,0.01858439699084847,-2.2119610607795357,-0.32108139788489687,2.2567854166027583,0.9125812820002767,-1.1739804562086864,-0.09827455285973488,-0.40791308933516957,0.44273912148804095;-1.1699866742301486,0.7527123501591448,-2.6288451342956365,-0.42662293396506556,-0.25008843670101044,0.6781558904276213,-0.019740327605077768,-1.5297813420265052,-1.0672234944659074,-0.44278797103838785"
12,1.1336859415845708,"0.25500527274106183,-1.1804916760880273,0.21844221438433054,-0.016014994760691514,0.729188698964722,0.06559103743538994,-0.5797105140445507,0.5060523294707813,0.6395985921611144,-0.13702701923588412,-0.5245709832717138,-1.5474997054912998,0.08138121240693844,1.424220174826834,-1.0443149648822463,-0.6671956942073753,-0.014270155801362261,-0.3961861720435178,0.5602771277592684,1.743158465895304,1.1166936499857663,-1.5687827189940302,1.0954665782539497,1.8183765081069432,0.33868526222999307,0.8494141869557286,1.0446106178788535,1.0665197973162737,-0.3117079292011025,0.8266576543029815,-0.26713995367127563,-0.8912702940660657,-0.6975954771251877,1.2131431263086847,-0.43798121036935594,1.9114731876230702,0.8611556809223476,-1.377626501994499,0.9030846452075755,-2.3593374393136215,0.4298158768911982,1.230676339462442,0.04229340144816867,0.2574644767392321,2.1152886551023915,0.0620052623134351,-0.4874425592415792,2.1106965010332543,1.6443100650838678,0.751549184038357,0.5999934193644921,2.1745593652663984,-0.47427377681716376,-0.25375946547933487,1.042651541547225,1.6279126812455404,0.6192838156097271,-1.02898425894458,2.4849186204998044,-0.44736001511874135,-0.13520334669697637,0.27564932848745904,1.3518210127050057,0.46373369294831945,0.8154607370802386,0.7358924460298948,-0.055690500791998845,0.635013884284574,-1.6341183079844082,-0.15718198988937315,0.12798601880881577,-0.878438734138131,-0.2884993930969035,-0.41434358674466876,1.8217978651462539,2.2090203794254326,-0.22208507456550258,-0.3019344848031106,0.24180748174658087,-0.2975557408729784,-0.1673070553262475,-1.3608989221045107,-1.283124532057281,0.24439886388377113,0.35445035819678117,-0.36111969718492043,0.927134648863608,-0.49972149723961146,0.6629023347001419,0.5510165126032783,-0.2595255427690666,0.6983309060264618,-0.7021811992949072,0.050003586142386015,0.020923460194556556,-1.3495898824819632,0.025327663361822905,-1.371986971699933,-0.7611254108172724,0.7954953723880278,-0.393115541835661,-0.1905446239055394,0.06021819754786279,0.9906867300547793,1.2775711445519118,-0.029090135230309483,-1.801578450174699,-0.5187463951023878,-0.4507755057608361,-0.642303249693445,-0.9339583297859505,-1.893703996176357,-0.5175667687351979,0.7550866894833645,0.39541220640124347,-0.3653263332143482,-0.6032997279418882,-1.3004911234418004,-0.09226186945492176,-0.46233479269988886,0.4824066746228439,-1.613082879851981,-0.236000600204686,0.7796169254720771,0.5128233260033465,2.985271295795359,0.8009017396434637,-1.2373834136018487,-0.8548229819405782,-2.4563686800806543,-0.9942908893891095,-0.7635239299115003,0.3188508059203073,-0.36869010144184006,-0.3610797156153705,0.003112373762762799,1.7748384890200344,-0.494701429077427,1.4835590844479467,1.111980334787648,0.5682279252036031,0.23431996185119974,-0.18515399225276416,-2.523437516288636,0.34465177252827167,1.6252727037208161,0.7752433228689347,-0.9780945931802493,-0.19848579456530155,1.590025261718476,1.0605588382273896,0.22640538941240004,1.1157968207083804,0.33430973759936194,-1.2165330772899599,-1.3389223654945237,1.2319212426886967,-0.21673345683185075,-0.08247807204749667,-0.2749731761277921,2.1506032858079744,1.8803917612873844,2.102695610429681,-0.42495631046980287,0.5789690058885276,-1.3446322409975875,1.2936248467014686,-0.9472315631454021,-0.028095383235710425,-0.6640247434496536,-0.9191238073999619,-0.6534816820099574,-0.9881442040024595,-0.5506602446108574,-0.17788427279766572,0.5790734986092239,-1.314513671583453,0.6205491267338953,1.161028593037727,-0.9759433803829854,-0.47764540656289745,0.13913720930966497,1.0074507826707582,0.43357577315997053,-0.9387531229659838,0.19205594768520945,-1.334039903392539,0.38735132700782343,-0.0019605694949239583,0.4443608814235155,-0.8633318421821395,-0.4833325546839943,0.825042669141072,0.8112704943958978,-0.6969665652075151,-0.0770380617653538,-1.8240939033634953,-0.3340038151641184,-0.4749992082511568,-1.2406140116751343,-0.6942416720030351,-0.9559465003124725,0.15858259551044396,-1.057023441420701,-1.7911063944593604,-2.8977671299154037,-1.2204224172675373,0.6020786265318749,-3.2203653621856096,-0.33583678086166824,-1.1477251066363674,1.7269669834669732,-0.7068795213122379,0.07784018453516063,0.7492577729103016,-1.6649772388071713,0.8638750739294244,0.5878907189339836,0.42656385887923476,3.887541029601294,-1.8805971729087534,2.140680537179179,-0.1054729840866475,0.15370119353970238,-0.1432342972740074,-0.6312567601123984,0.149453181443517,0.2586961519574475,-2.0443398787315332,0.46856594943096086,-0.27132387766038685,-1.0160114093783459,-0.8167548071741042,1.2301421322768615,-0.33455742328394117,0.12410475063753201,-0.9074480890553435,0.7317127766550042,1.1331740073064398,2.134996861081216,-0.7196655546001292,0.0669625519709206,-0.032077592744400515,0.7808278926604527,-1.0250649797017182,0.8050413807627881,-0.027584118511609412,0.15482718482143804,-0.36378070917787325,0.1119519684606021,0.09995313563693001,0.5418098872322669,1.5254386722995792,1.179274880308823,1.1703513522824573,-0.5881865158245986,-0.9071510566848008,1.2691588382281254,0.6071154975656223,1.4232325007181283,-0.7494243406871486,-0.49736265914182565,-1.8832181544517284,-0.9027969763124868,0.939907899772941,-0.22935386051672269,1.2208777816062546,-0.16907363613650342,0.249074250125342,-1.2464985925586085,-0.46944235866608397,-2.3903629406820905,-0.678320518734666,-2.154522421796795,1.320521183923141,0.9776353667633793,0.2388203440315767,1.0111251411783013,-1.1097181060133905,1.6787971018263914,0.6203594239749363,-0.45383105463229056,1.2278138857580108,-1.0273316389673517,-0.7565051859032484,-0.8278757319210153,-0.17327413474822326,-0.44162236157288615,0.8031750403796226,-1.1474943009485907,0.3698341535765623,0.010115631814450077,-1.1272269360453677,0.462041735714127,-2.1785076881458716,-0.6838596377587861,-1.1227480018389409,2.3580349349401555,0.8606857811028378,0.4820916446348331,1.2398512030798783,-0.18565434414020304,0.7685437523995219,0.501523192042642,0.8001790165444237,0.8440165160592046,-0.4866368590641885,-0.3294395159148039,-1.2360302728399077,-0.6446199630445991,-0.5842131780593902,-0.4595702602822016,-1.4434839121059544,2.411720559370493,0.7727015322694739,0.5044212972285174,0.5488884936843905,-0.7588434765308426,-0.18195556287735196,-0.4701785915286877,0.3698804303343024,-1.5058479885498945,-0.03239095942934437,-0.38084975821299577,-2.3826724087606803,-0.9627278367997419,0.04209436880457553,2.142608978893888,0.49415492734330285,-1.6009692883848743,0.19225404652802192,-1.6048364523828262,1.3958785064385535,-0.6153402270754323,0.03841425195871598,1.2351440252043737,-0.7615328357558889,-1.7447995897485602,-0.6386581986283781,1.0068949117173884,-2.1094600334401696,-2.712992956012316,-0.7602346029399258,0.8330359086965669,1.6307297817138595,-1.0765242077978443,-1.1935741788375533,1.540860858872685,-1.7968901552465506,-0.4272763713269759,-0.28535742229593025,0.8684027828890095,0.07482353313192144,0.6821193793242027,-1.3357659196404237,-0.5796212164709059,0.5403937670927641,-0.9985080711942826,0.14482622987900076,0.7050130505425072,-0.1497315366376152,0.6899975387407014,-1.1283766702211944,-0.8125004430459281,0.7566702859017858,0.716278823723477,-0.5400506896309983,-0.12356180853630158,1.0273860586959147,-1.811010031483394,0.6809257387247025,-0.8573660993597438,0.38394091735900804,1.440614222821586,-1.990915457080238,-1.0215139433245466,-0.28254236663390037,-0.7800718746348431,2.667829075027729,-0.6692011330865358,-0.42765064686090765,0.8531202162137833,-0.8629765525080888,0.008420742016329613,0.8100099598202951,-0.12086514933567298,-0.4418292547129897,-0.40585173518895223,-1.0414355181555948,-0.18570604241069236,2.126041654074671,0.3195168910448419,-0.08382894373979045,0.37170883600214766,-1.3174017152664401,2.287304584535902,-0.024709053687422922,1.9437176281690625,-1.2035067315863042,1.2349227610741407,1.215363610921926,0.4721132406177258,0.1905783447360289,-0.24911691737426986,1.4134539886747413,0.1113035225250992,-2.263838802940173,-0.7460064702536165,-0.16887632049172355,0.6186432178098223,-0.4316432920354637,1.0203438369161189,-1.2220382834428805,-0.23888135361286109,-1.8579557352406297,1.1319566979101272,-0.02597961466206236,0.4524278542326852,-0.49240662415592484,1.2264984225279731,1.4941361783513134,0.7636587055391283,-0.19680192669437324,0.8030799223548685,-0.6908213221984906,0.8552973953300822,1.7258096627977677,0.9338180089797515,-0.2905527745049885,0.6746903847929759,-0.9333893037434577,0.10969057692426232,1.4194361945468816,-1.795228390035697,-0.6864987921786316,-0.486978344543937,0.41901788225308584,-1.2772165841707237,0.4593872893354231,0.2439932968603211,-0.1476210325648337,-1.0716410927566802,1.0724951493858623,1.5626546000340293,-0.6318037439490202,-0.7113536992982508,-0.09084883349134126,-0.8224691931542758,-0.05373404229199302,0.4289640073704775,-1.9910327875231988,1.1017346226278197,0.33848454026863045,-0.8469212625143627,-0.006390117648179955,0.2862554140926553,-0.9867649871262465,1.2554485812745833,-0.03736748284156674,0.513754335095427,1.0227339717197959,-1.2968755441161788,0.08632873352926795,0.06129843647314973,0.2048150545182875,-1.663629106769905,-0.707665517113085,-0.5628313057776013,0.7086160162410178,0.7456712736706315,-0.6829011775511209,-1.1080340049152566,0.21209812337709855,-0.3665274924135138,0.8510002147262974,0.43760959237169594,-2.8033896308423274,-0.22800235051370796,-1.022351025031139,-1.645951886567387,-0.6217863904014913,-0.6794017586903865,1.497669239223394,0.25977062185613514,-0.6610938065922713,0.6504218626700702,-0.4800819425738777,-0.7344674800665572,-1.02097161038395,-1.2003292376556027,-0.545279166398347,0.029210553494658092,-0.19952649784178178,-0.14653478822573537,-0.5756089222464498,0.9811536528968993,-1.6053321054676029,1.1073553184242637,-1.390023346772156,-0.8464837035913256,-0.883003397936829,-1.0021326518075884,1.1804003968032175,0.25561855833367264,1.295583651122573,0.9230844666144554,-0.7330337495081385,-0.2747690381417883,-0.052667030662238844,1.218404547622857,-1.024797491572998,1.123953997731753,1.3503068420526068,1.59792594806705,-0.22459214085896684,0.842126996881455,2.5430684750292096,-0.4819149634780602,-1.3816535523324283,-2.278181046137737,1.3666156901635798,-1.7418289891261902,-0.002107517093883904,-0.17740294308108773,-0.2299260565633441,0.003482544610307267,0.3104484616622965,1.6917907621355623,-0.2435323787795811,-1.0832863185371355,-0.730544658841841,1.5177114326176662,0.8347066025414339,0.5758737468543706,0.606947078160404,-1.6170006745119518,1.593748621926557,0.924098220537977,1.3326893833699929,1.791357637182906,-1.7251761322903094,0.01160476556454712,-0.4244428926986317,0.7061900533682194,-0.9136389522635715,1.1709446162848716,1.3475031450557202,0.9681926946084423,0.36642218562665047,-1.2986263241844374,-1.0247792519426397,1.5638473922352303,0.649052925009864,-0.5058157667295845,-0.9181533205807548,-2.1510540241515286,-1.43915985995339,0.9840680941960968,-1.2896828090123686,0.2619969795106391,0.9551062372117557,-1.412730124448236,-0.014968791440320997,0.8881007011356663,-0.10389167860299721,2.7907052953080824,-2.091544086872505,0.8004419973819257,-0.16895457878559242,1.0422469810470862,0.5162797822926023,-0.9695790822238654,0.48986975166405133,-2.2425459507515653,1.0128457036698493,0.4642711195348478,0.5629665705834371,0.8672756976852429,0.13947587602393863,-0.30498003336786994,-1.0645824732432128,-0.7307990087031684,1.3676350305193414,1.646454272684262,0.33098239385725414,-0.2519433033785028,-0.8525365962505005,1.3484774813132554,0.9306817868991782,2.9002750973650047,-1.1464216177334023,-0.19715266611569443,0.24257672326853186,0.5450804668754153,-0.10994099044225542,-0.5033508799805686,0.46581503994697915,0.889322684868991,-0.35740585396763735,1.176288455101409,1.753818318614099,0.3871670612214549,-0.20541898571687373,0.4772285007072957,-0.5138829557188018,0.26767633491775233,-2.139975965090373,0.21434718562986685,-1.0092867437130537,1.6914808100147884,0.007736697580137897,-0.4807314144057491,-0.26063082990994857,-0.24229481370131484,1.4009586876372349,-2.9942933701775436,1.313731697434335,-0.274184767837801,-1.0581417100691286,-1.5533406143846582,1.2200921276073826,-0.563217654172261,-1.3126012637105449,1.703639897798051,0.07799204759867163,-0.49889642437628107,-0.07830567238080327,-0.8191194940579841,0.9953509885802205,1.5028578181509882,0.8982063817257878,0.5127944935701352,1.7862060623436786,0.060326832573479185,-1.2279708202223696,0.13950069156087253,2.0710994660399664,-0.5028562214603516,-0.5304344584001877,0.6748567098890264,-0.3375370473072823,-1.0823893955033415,1.055342255344052,2.47751246871373,-0.14849028272224343,-1.1592736113106619,-2.012178628591049,0.465980171803914,1.1622723715282706,0.5192988621567235,0.21438022065596307,-0.9674982456670168,-1.3207031980569655,1.2430055978930665,1.1014135404936183,-0.8240431926951352,1.7331116574736054,0.4204567248228993,1.457699470332882,-0.7590836719856103,-2.139233199990819,-0.00029693945870847005,-0.3426762565076649,1.0227903600539423,0.5872770067715396,-0.02410877505764976,-1.2610574674269721,1.1285637572771696,-0.7011388268036749,1.907653523384535,-0.4788532463028744,0.9992673256672826,0.6808516886669276,0.026234953959512586,-0.31794773425191214,-0.4106802390405446,0.20064961798685027,-0.5295529605559999,-0.6887065758516359,-0.3111293727348649,0.06568244798302643,-2.3231424608617455,0.618548204349545,-1.358584470360781,-0.8151693151541731,-1.6787682483607673,-2.187025993975946,-1.6244509937094431,-0.8975964158561456,1.8232880445081576,-0.5841577550740567,0.5161147325872137,0.573307937071448,0.21219197974943171,-0.18888925628595793,-1.13038638993472,0.5519117349281472,2.082134014173665,-1.796515397857219,-1.4988114825229972,-0.13969604141787487,-1.3451832057695263,-0.40841146982440135,-0.6453769054177291,1.819586692783382,1.2132693572083244,0.26325977301069414,0.9053845187116775,1.6641437723843668,-0.6726813285329001,-0.7994220344817092,0.1774160569547956,0.6799040104454405,0.24156742634062348,-1.7630068605453997,-0.41663061652815203,-0.3018295991727777,-0.4631977345101751,1.7497278294823446,-0.9098072945655094,0.3511867055954291,1.0671549499823372,2.139861833793166,0.29908285858539624,0.6632184155663048,0.3923713640520448,-0.3733935703377664,-0.6858665590171218,-0.08751775751414331,-3.04393791748812,0.526347188298266,-0.39346278353506225,-0.022492966503287786,1.7719331595424248,-0.8078231677926919,-0.4809887657555543,2.3723119516717284,-0.6370682489179811,0.08914613906785634,-0.19966870094470895,0.5821604909892358,-0.023117085714943364,-1.5777873450230029,0.16644897313311996,-0.5967126383361245,-0.1770054168852856,0.456783916041725,0.33851700642826243,-2.034919778504386,0.5995737524007816,0.41135176765552794,1.3413755954456792,0.4706609585009512,1.5665609962449012,0.7309534342491542,1.3342544385293964,0.9652255717727439,-0.33302124974999675,3.4702571309762704,1.261233283194818,0.5872067232148978,-1.46599343863079,-1.3040041345433853,0.38178171198164473,-0.19324540188794953,-0.6139023362974657,-0.27488473598055363,1.8900220865477695,0.9307986859335386,-1.9120308265139665,-0.21857530058266056,-0.7704358696243566,-0.31493417122125295,-0.06079351477597602,0.1797594834492911,-1.4816565305991791,-0.41810975723847754,-0.53523906987702,-3.1302027995366344,1.849801174893261,1.4775911169173321,-0.09791235406688512,0.15915178123358578,-0.8858914954440071,2.181721861244581,1.8520789057165468,0.7434878277051027,0.5116122462553399,0.4923942212776443,-1.6605282415943636,-0.6616605342769036,0.21523557225413342,-0.5651661688662035,-0.128686141192617,-0.33471928832754955,-0.5260096775985476,-0.21129854150310623,-0.6117126050335322,-0.04174207905657842,-1.525611609694875,0.8955654696233801,-2.3136175602958056,1.5401834769354505,1.3024897794401546,-0.037122318390556346,-3.3815322884277172,-0.654022586353395,-0.4453840615084795,-0.7096248280135471,-0.480132217809645,1.0757231013603417,0.511080149302076,0.026187563742588772,-1.4149210182141048,-0.8152388120096195,-0.16713829158866714,1.065111508842238,-0.7329843622932725,0.8409364985917109,2.0024200649208876,1.0861641947723775,-0.2592069237637977,-0.4765216861431633,-0.840017295215165,1.3726626564925921,-1.3045234517859332,-1.1853914390892781,-0.1332216713604154,-0.2590058637511451,-1.6783864043020813,0.07104802785944817,0.1157094933333204,0.8659365897107085,-0.6950391659424345,1.7083471047124392,-0.7755972110265561,1.3960591844549917,-1.7706918039466526,1.1927902898521452,1.3939559231298035,-0.45988172507990116,-0.05793901338519043,1.3655463211612577,-1.7651077819829135,0.10848686027885338,-3.3788796280671662,-1.5398155411472367,1.1802269014622473,-1.3196669288425733,-0.44738179982423315,-0.42194690805538876,1.8656080436862723,-2.432586231850495,-1.3445175993170677,1.5931058216712963,1.9589673230634246,-0.7468620688617618,-0.9822417347377973,2.5601268458237447,1.6219801924783925,0.6053302783816407,-1.175303327006805,0.032915589883468266,-0.14291297005138734,-0.2537972578432224,1.50620332410399,0.9641930498490158,-1.1321776478319767,1.4205650897336268,0.8076520440448984,0.8074857447917253,1.0881660909681348,-1.3956269223976407,-0.8995285699274198,-0.8192101893760158,-1.5475802539633776,0.330225837255941,2.4436472318110822,-1.5110917683212706,0.21931467129605153,0.17833838876090996,-0.09430494713340205,-0.5944977512239337,-1.0743422200066686,0.027380221243149178,-0.9331991971603223,-1.8872486907747894,1.084322092895731,0.8323988048458812,-0.20333735292557026,-0.33724360562907474,1.010938886259084,0.26524438737842365,0.7184882769927894,-0.49115188788062025,1.3979247066365197,0.546325413404848,0.25694239603834707,-1.3903079620746894,0.011477664963910117,-1.2348843564968186,-0.7534010701514259,-0.6684379415727358,-0.8545889052608122,2.4002472776496155,1.3809959213408016,1.626930740258876,-0.7557693377909164,0.6729937226010069,-1.500464881266417,-1.0465085387164832,-0.655410530204323,1.2836463418034876,-1.2215875187774063,1.2800689486022125,0.5653244025961421,2.3999906474460873,-1.059062527139911,0.6780584215748883,1.5662625554917349,-0.6331852672610304,0.9648058412623328,0.7530599925321054,-0.1889804247098677,-1.2641934059755033,-0.7496237138628764,1.6868822541195603,0.2863127055011675,0.8828624424379852,-0.7657288180784101,-0.8122797751438837,1.0828274988875228,-1.1281040025094926,-0.7409713565337139,0.5084228964931885,0.28875310224008877,-0.03519799880210771,-0.06620857327852461,1.1560188094072688,0.6137431270438873,-1.3726035613912224,0.2498572163147139,1.33211385112368,1.0656092442636431,-1.1797463420757504,-0.46270284603880935,-2.5835666701289286,0.3836713133773009,2.491224309386937,-0.5053626765136034,-1.5329400516606537,0.5540451405107282,-1.1875470809386448,-0.6755936523551385,0.10044743801840558,-0.3824243301953731,-0.013000616965427148,0.8490012587031918,0.12389348190139035,0.1733489948714561,-0.017581973374308765,0.9659951672016455,0.21553995563436784,-0.03306462430015181,-0.4263991659893603,-0.0307982194914483,0.007199037706444172,0.29192673351159787,-0.5909340635128532,-0.7269138846820605,0.9220415445948451,0.07186007613850474,1.1917131309011126,-0.39624737495169343,0.01568306001879659,0.7012822374326843,0.7970646128077895,-0.5168259311650734,0.14875730441596335,0.2907166191766525,0.36373369359414653,-2.2974753625255446,-0.19987474405275213,2.6355393520259605,-0.08122734855759953,-0.9838409347758363,0.26829308767046445,0.6856081719997658,1.2613057878821845,-1.1449382494583622,0.6177345277882108,0.7722321303219646,-0.0415088714383291,0.038928550564162105,0.801395890756192,0.5649130616183166,-0.9878300830845873,0.6414451466036875,-0.6984338102226879,0.26228403897112706,0.2932904413416383,-0.045380100419163225,1.0382689340891822,0.2040600209267087,-0.8928401209443928,-0.27121242200112355,0.16993847912830434,1.0013181455220141,0.3345940074854472,-1.3164401629494944,2.893515698101582,-0.031848695031664064,0.9892568080718773,-0.1047571956654965,0.8377039134116563,0.7630123279686748,0.9137624437376357,1.4204809671123035,1.3128553499667022,-0.6620141827983254,-0.41985876857454685,-0.17758402914222166,0.42761006195850476,-0.11447403077900842,1.3938323462405995,1.4974380686977153,-0.35850510096803634,-0.6173649786842664,-0.3135971793694843,0.3855161841652655,-0.5566495526210098,1.473487980082371,0.6460947094087669,0.36890060439252825,-1.1539765849219747,-1.2349484678085836,0.5458982173219024,-1.8224839141869318,0.7253310354257274,0.26981438413753267,2.989262636429484,1.9100196391880653,-0.11567543952666517,-0.17928398343886867,1.3824210017759324,1.489096221592967,-1.239021751132106,-1.3925671468622334,-0.9349168582019416,0.6973041698687287,0.15875067643505741,0.6125401235132899,-1.1703206839325688,-2.1996933454964984,0.8485976132090058,-0.8714660745154867,-2.0099215672519852,-0.22674308066416185,0.9246641641629484,0.11259428151294198,-0.9020069778412229,-0.14851559359411995,-0.303424964378023,-1.3410932175995465,-0.7705955078897053,0.4510033561653029,0.6137622803245137,0.08429429076093944,-0.9944890203768247,0.1651142281851113,-1.7249621578186827,0.447723845172886,1.1235556206025066,-1.2859917538351127,-0.20770245604721888,-0.8185667331580877,0.9049835086057387,-0.7825721792910274,-0.856950637771534,-2.807679494145019,0.6066286250623056,2.7130683990622857,-0.4234920531880752,0.031066353647911826,0.6367856398084112,0.22141744240671532,-0.9662076888728806,0.7612041361810118,0.12051858024341155,-0.343001549556573,-1.222709932850044,1.5672634214937435,0.2178822319503575,-0.20856429438330992,1.3433023003520586,0.3230943596672218,-0.6091037281970777,-0.3749904138889832,-1.5871793682089588,-0.02206975387833076,-1.258786212773935,-1.15493322003347,-1.7220392082719362,0.20120159741868215,-0.8351892721577239,-0.643707486134866,-0.038724780811261295,-0.5742176177964132,-0.005435718248994137,-0.39905991674759755,1.0109892948723211,-1.8009593193044484,0.6318881233149266,1.5845209519774375,0.5324230321445149,-0.4335411613673487,0.43776943481898706,-0.16068916686244325,0.0985344918396889,-0.560736587038004,0.11761241295596317,0.4199448911652739,0.15721829044338098,-1.0109927721599092,-1.530909599790246,-1.3987740270936506,-1.1701922696473683,0.9010404644675291,-0.6267933904303956,0.5976948966808364,-0.09636394849262231,-1.535808177766019,0.7213483374960212,0.4089123354849119,-0.7204497089118002,0.8684581036545108,-1.085346213115693,0.8551568418875601,-1.8604127998071662,-1.7072774245924338,-0.38774332146725754,-0.39134868774744397,-0.6581066795358829,-1.4368365045938178,-0.47812563500675126,-0.5389986469407932,-0.05973087245052624,-0.0012971528209074212,-0.5863191933898527,1.514423486735162,-0.543648340653053,0.8095599454347707;1.0297212489023058,0.8642564180983613,-0.6085067760711891,-0.17448251622268865,1.7498355860369696,-1.4291240234301017,-1.4024014700995493,-0.4819472957069564,1.1667726426908431,-0.14592358690924961,-1.2298391510019615,-0.5666213530036192,-1.0153869980304515,-1.1928849817544602,0.6891200279552423,-1.4173790862266409;2.0358128226780456,0.768908236049271,1.1217385602063776,-0.5240250786232875,-0.1269820304566191,-1.6526775840123138,-0.48906410685776736,0.5296285830701667,0.9091925542234931,-1.3448265743081567,-0.3587343820303566,-1.238693755328719,-1.154648834220543,-0.1658091762197935,-0.6148106381852745,-0.1302101156288934,-0.10164741290851279,-1.1701604836856103,-0.25597393628579473,0.16923452923389082,-0.5657519204025558,-0.26921967465410485,0.4617449363472724,1.228708923802916,0.25178818768738825,0.42364849755922723,-1.3906718374544818,0.07907308337934384,-0.8375611105183013,-1.989344966221043,-0.5616493589673439,1.6837307633386556,1.1574979009400028,0.13130831484837727,-1.7302236111887361,0.4481477219293021,0.8685701712769289,0.11313676246837351,-2.15384191878961,-0.73987463874931,-0.02658800385358774,0.7691479834596558,-1.8841861995681697,0.2736437508331342,-0.10971540821166273,1.2408071891097283,1.0013100164190836,0.7073202635239801,-1.347920451688624,-2.1253835138644592,-0.6255869178594067,1.28107216505013,0.9668042715580862,1.918901490083651,0.3051594250780794,0.4484599828222164,-0.6024933875693049,-0.7394946570310902,1.4548835807808167,-0.9987614903234339,2.095329012622504,-0.2677302701051041,0.9747314888184193,-1.783988385046863,0.1958810220223527,-0.3893916392360896,-1.497513605173243,0.058466113967869396,1.3404441427808647,-1.294144477825407,-1.3699229523891454,-0.7190900208449387,-0.680543608746471,0.22168100549803996,0.8077588731574092,-0.17742921394147299,2.2206904881312237,0.30955406362768567,-0.6011629038815208,-2.012494005170443,-0.42648213148883596,-0.6809644292515706,1.3012726146081524,0.5623275142365358,-0.9794206627325327,-0.14190067599115128,0.6251443655474564,1.8331066501510018,1.511579588176575,0.10360098172047785,0.33961421305844786,0.3455944971158603,1.5217462593268878,-1.142650340206384,-0.4514618790865844,-1.7226827646534286,-0.26608999306621045,1.488525995874307,-1.2282909947237755,-1.004786291786699,0.3238984893868633,1.0683584426289254,-0.30949076664159436,0.7812293171820381,0.3369477240944603,-1.4164090095728448,-0.2767395578401946,-0.7866004569484252,3.152465777521782,1.081063326319864,-1.0191758560984128,-0.7815571240752558,0.08034799469593362,0.14281155731499728,1.491819325054491,0.1405337993439155,-0.8105853612486366,2.433554175910181,0.22914922743022595,0.49664590021446187,-0.5853667430032533,-0.0652798178077828,0.1854194816306711,-1.802629411333335,2.068313880225611,1.6443616225866042,-0.7897948876178984,-0.9006257724692601,0.704222513637741,-0.3001352588143152,0.10482058410886373,0.09742769704729781,0.5405989728938596,0.7999320146552795,0.16990550260233683,-1.0228803412453018,1.3535205269997441,2.3325500858083568,3.047492747848421,-1.0769439736369053,0.6874562046019248,-2.2812883106544506,0.6981622837004995,-0.3549997059062472,2.4155222805736987,-0.45221158877315526,-1.9602389589919966,-0.2494949896015463,-2.037860185161762,1.0114026945342887,-2.4062413464376218,-0.2827245374989399,-2.0999810365156737,-0.3073493738188585,1.7860520945807723,1.1308375210125603,-1.3387455617311064,0.39413309998308405,-0.4101714145610483,0.2320778567636162;-1.3701347040776601,0.7301267289742497,-2.2513425805447302,-0.22237763464382487,-0.5427456364216688,0.7096334345231284,-0.21644807083502277,-1.6301596662827325,-1.021949935261941,-0.29721021322682056"
13,1.0329388803463777,"0.5970892685512651,-0.9329808451302322,0.7894361940463541,-0.27284590409274434,0.5698760699770316,-0.34943855908241295,-0.32066934108233025,0.935479117839088,0.544375102461951,-0.2916754436712223,0.3401224963974901,-1.6766504438482233,0.8003380091614434,1.7317663124212674,-0.6381363308852983,-0.30646901513960967,0.21817116405635179,0.2027604601352468,0.2346455505670842,1.0320942747867847,1.2779494274763263,-1.9819928588873006,0.5928490872848567,1.7652665794790685,0.30628166482626484,1.4799843890679107,1.0521552774281164,1.054055299205471,-0.08801684549570674,0.7754108150593386,-0.01666925632012546,-0.8543703375714466,-0.5978748406484874,1.5615713424022475,-0.732019496975199,1.17107947213105,0.4305002050954713,-1.1396804535577838,1.0262267014912252,-2.2215133182124456,1.01705072948675,1.0930271179869733,-0.0052279632738943815,0.22992149348408011,2.4853873628732526,-0.0479820365482857,-0.722282401538867,1.9937969230930093,1.4553261585150783,0.5043809084048351,1.237562916078647,1.939394423347096,-0.10068728248871352,0.2031420952192801,1.4442403019971757,1.5782601123346796,0.7081572577577193,-0.8206002470213816,2.385565501882781,-0.6400086794578215,0.15065710925170517,0.7435869726421082,1.9337289882645767,1.1110681623177219,0.7925244690838007,0.6225334493416308,0.18464479113165974,1.0433562645765881,-2.3531835637858776,-0.3212389320527752,-0.008718036858962663,-1.839461908440447,-0.04178938809556418,-0.3203132403427689,1.4731634936832578,1.7299942119218936,-0.46674033135223825,-0.21872297143589428,-0.4496691974602093,-0.6797045999457991,0.5501728846509887,-0.7049622502989981,-1.6196965744036076,0.3586687331295363,0.5277277188318014,-0.30308425631378577,0.3890149709293045,-0.3349954210508246,-0.032979168749997206,1.1990514742391656,0.18782881546125152,0.11190008500060264,-0.012393488737173358,-0.41593215771259745,-0.1602637547360658,-1.237124031241423,-0.3669547891000445,-1.2065753626980382,-1.2955891450914532,-0.31731105668327153,-0.13055018881739625,-0.27054292721333095,-0.1149064385032707,1.263616857579369,0.9304757193209443,-0.1674852814428664,-1.3064943959707347,-0.33723424652731476,0.2550202008034962,-0.8171070468362005,-0.6631096875772203,-1.8524303027589142,-0.6955658234316855,0.6986681155702307,0.7178790709533538,-0.7360399222047274,-0.8842497755004428,-0.7814407291899929,0.1491198811732895,-0.4536113492975706,0.6702978219676539,-1.6071857527414966,-0.44570164854282013,-0.1867623863899001,0.7332955413669292,2.594243513162211,0.8627607622119018,-1.4135596596089912,-0.5735298738799286,-2.063140320276778,-0.21188248746666882,-0.9103372257668959,0.49041896914495575,-0.38765488075684873,-0.6611749505341619,-0.8809311481639228,1.6464244239887231,-1.27174018096288,1.9617703704276475,0.7661940228366385,0.7117592888243811,0.3485202335320372,-0.316828060715294,-1.9349661712340542,-0.09674745682536631,0.4576399853149482,0.1739662859423235,-1.043334197569457,0.028074736314001036,1.8177783119081015,1.0383489541771742,-0.2060011897099682,1.3343478421858932,-0.07298921142219854,-1.4240956688210882,-1.0788784379275609,1.1070643940962994,-0.32318084597456626,0.141886202696639,0.16660893038858815,2.0246908422894827,1.7887544904791834,2.063186951856499,-0.3449323210782556,0.7812960597523448,-1.2148212305459059,0.8404632084270762,-1.1191050699519403,0.5385514781216643,-0.8362638233956559,-1.018750195563885,-0.9752696215480268,-0.5324167934650074,-0.6777418590169191,-0.4604499113958098,0.5857774725270398,-1.2834404268382926,1.0327620273541587,1.276743273399481,-0.4326915163166636,-0.3529017638817662,-0.15046973057449722,0.6000279326354493,0.31476440911568304,-0.4225324212773275,0.7427343792635924,-0.6185076095287358,0.33856851396424636,0.3174186532161073,0.7938298119588303,-0.5277781032804315,-1.123345781729643,0.5566469667275467,1.0021456160628424,-0.640165027046014,0.24302637455948398,-2.485265685377248,-0.8886804499648514,-0.6289158749810545,-1.1730485046408499,-0.9504057933723289,-0.5415954693647533,0.8356917790591082,-0.96442174660948,-2.0612402878463953,-2.966922590840194,-0.7018636419712008,1.0546235027372668,-3.0567074342824427,-0.506422919546545,-0.36515026375549287,1.1495048467852453,0.08188691107801746,0.24815848981027375,0.795489169308771,-1.4980069466574624,1.2008468455252401,0.29358512746732013,0.4316357826270922,4.0441450544115485,-1.969649166132696,1.9113527433760111,-0.003623117715220123,0.603016584964706,0.21805814485797115,0.0987703872004594,-0.24688726782876752,0.30934125290694947,-1.729320092425768,0.1794467904631407,-0.09250316333803159,-1.016222276885319,-0.32410124967272197,1.3636100749384452,-0.4800663762237776,0.4323193011615839,-0.4982074659680313,0.6611543967002118,0.6386408021415793,1.99151262878,-0.6337001868730737,0.3747441755510606,0.16537074068750293,1.0142228475847328,-0.9160275143255711,0.6111053815824006,0.06535007188457569,-0.02837239560463714,-0.08608886432558566,0.41199083093321576,0.17479386048869028,0.17617596309368322,0.9748369579526203,1.740755696221426,1.0660421354599532,-0.37287434853448653,-1.1208894380546073,0.6371098759837064,0.27529954213106755,1.292999769405422,-1.2975099012763502,-0.9109499059703398,-1.8052454717273598,-0.5567281885677484,0.789525478721442,-0.39045719491663755,0.6285935178428804,0.22277865243506845,-0.6066115012350117,-1.161411269010217,0.432153954861435,-2.7691508173031716,-0.5618294104289345,-2.017503868079951,0.9539157058401154,0.5324409813828364,0.4234572906279598,1.4207698320442086,-0.8101113705081261,2.1178403908211147,0.5471064259783461,-0.4499872832825595,1.0011004363490799,-1.6316133839765792,-0.930858414293118,-0.7207817958531462,-0.07807083994033281,-0.9515070553028907,0.7358782350398597,-0.8057316091372075,0.09823137240968258,-0.5220821786190398,-1.639484264560008,0.0164383161664534,-2.2037433757047493,-0.24748437788315247,-1.104175946871766,2.7915161668113204,1.5248312765963572,0.21333934453386352,1.323194071658581,-0.25944001140808504,1.0394368791296087,0.6984538691325586,0.8289901829366162,1.1813114001529914,0.22123731020364457,-0.36137135433918033,-1.644059603699115,-0.5051744475963132,-0.5977207866916121,-0.30271994073280084,-1.1452675375295756,2.9286462119378807,0.9064465188011126,0.545616902477135,0.076117276475062,-0.4853582850832835,-0.512228659860513,-0.6175295794314168,0.26566824863918204,-1.0907764476976531,0.7917717555354631,-0.1711106353629787,-2.0513401762737544,-0.9202733738518502,-0.2220621527655027,2.231587357326891,0.024343592069571707,-1.3633378661666455,0.6118383487979483,-1.3953800926513802,1.6338352186321028,-0.9702276311335609,-0.13177304928207323,1.1194600986280758,-0.9893934245847242,-1.7167935982939486,-0.10580797339443929,1.686085668547882,-1.848495105813482,-2.7465875757061826,-0.6697102953193487,0.5167430705141761,1.2330162883938414,-0.5335094822910941,-1.186203692845896,1.361186975826945,-1.7666342182880825,-0.2921705185433963,-0.3746308468680449,0.769598934677693,-0.43493268154599884,0.2739552819844243,-1.4398449598639707,-0.5753061220704823,0.3434664539024166,-1.2388261258652207,0.35441428692549554,0.2584543053786417,-0.3208271143651129,0.674915842614493,-0.488378483716058,-0.5904504531401857,0.984020975586217,-0.0627364181740594,-0.6764349507805008,-0.24128656084406327,0.6889711318852842,-2.3366084167032057,0.7855389010754836,-1.1856492577420088,0.7465451056102492,0.7433292040581944,-1.6522403161222339,-0.3393269913223613,-0.778569224748224,-1.1135609856074034,2.342314796373858,-0.3795013805276873,-0.6331276396280091,1.2206398574240143,-1.1887850583172181,-0.6346112084759035,0.6675926726382159,-0.05737040211801265,0.23171477650900327,-0.08089533606925006,-1.1446242685477959,-0.20530842002086444,1.8737729770520344,0.1761359568535802,0.2096580932793973,0.421632759794328,-1.0151506259657992,1.6245453303216868,0.15243750538725112,1.861916001345092,-1.2540497545087186,1.869595860665645,1.015960056230017,0.04716662408693616,-0.057769667636987376,-0.21172913339526017,1.6997051439549231,0.7666238867429659,-1.899757761406251,-0.6310680539729635,0.194008754790969,0.476540763631522,-0.07303421834681817,1.140832209578338,-1.116054022404429,0.24974100898724583,-1.9565441795140934,1.165341357923493,-0.22896884648847987,0.49014851218117617,-0.911203164087659,0.8564282330579274,1.2920818585930662,1.0925879539479193,-0.2541192690861637,1.0360177182103274,-0.6041192106383805,1.0691790132707388,1.6568665460225387,1.1507110472962847,-1.0334438734221052,0.05728071859820558,-1.2279089579984968,0.3359774030364526,1.1327471259412096,-1.200387226068739,-0.9446801622886282,-0.488292725415357,0.22721495515357296,-1.9585273720744834,0.9166043931464853,-0.1094129107382426,0.182129915821467,-0.7499782596441258,1.2802136389679735,1.4832844887484602,-0.1965252094073019,-0.7914637452067296,0.21378602405725136,-0.7732121039191666,-0.7189571996358638,1.0101556557489428,-2.3598153461594356,1.5078874309139616,0.4357774700212178,-0.6180714962150801,0.0011009382431560327,-0.4902135195573031,-1.1987303156001492,1.546832301711198,-0.13165023514322333,0.2039326733819372,1.0477821491062982,-0.9358303580719852,-0.11768929762822938,-0.14751912784208904,0.592259246874144,-1.8953062133497478,-0.7037837034687345,-0.699993642136212,1.25790244055518,0.4067816010419286,-0.9755622276580419,-0.8448405524766419,-0.711847716266716,-0.5041957315945789,0.5732773989820253,0.057851787085837936,-2.888184489010224,-0.46078903401768573,-1.0333785285982815,-2.5029103885773076,-1.045374224648,-0.272039500082232,1.3712478612126386,0.32581806819705783,-0.31073769344085694,0.3839440994689803,-0.4515932024383923,-0.3441881470628534,-1.632184827099262,-1.3816512229980913,-0.7864797746869794,0.3033490906424422,-0.1673812716694952,-0.8927349633434026,-0.7197196551131367,1.0706195248854824,-1.8213995197538932,0.8672173808866903,-1.3251810353009565,-0.4647186771560746,-0.8367292334860197,-1.3929049415672523,1.0846892785884674,0.3360579381951808,1.705832524799013,0.7400678691376428,-0.8416856255431991,-0.4217899338220239,-0.45060709672477417,0.8137702615141732,-0.9127461848318659,1.1469957016623031,0.8739942742085289,1.3066109017134107,-0.9180037149922478,0.877398772621165,2.2534279943530087,-0.5182750932042632,-2.0613013792330688,-2.341221545679668,0.8790414776681191,-2.000550677475556,-0.07140492002580467,0.4395892138759341,0.14447406591925072,0.3786410377073046,-0.25150585403399556,1.4646396921205838,-0.6828702062108831,-0.7933227023363101,-1.0429023481659565,1.1365255779143744,0.7580275953625056,0.4270247870209893,0.7051551823103838,-1.4663496303487455,1.020915631894033,1.1083799054259256,0.8698467326293844,1.474046279039891,-2.3724687290093516,-0.361678887998552,-0.500764476289,1.2121306750251661,-0.8079639469599269,0.5534175529893265,1.2707677905079302,0.5763692871900425,0.14643423875867329,-0.7363233730082219,-1.468395252319778,1.820082377126311,0.039356760165882215,0.055602093227054374,-0.8894585836285142,-1.899190498787381,-1.4271350542734054,1.8151167264978618,-0.9396385156717225,0.455101436781103,1.34763667396386,-1.7587063237119323,-0.09495354409423945,1.1535688292468462,0.3496500819248759,2.4918873367109575,-1.2982488207039709,0.7861713933354494,-0.023047695385866623,0.8696956298231798,0.6220928173229228,-0.430017455453369,0.09334677532352675,-2.167859749065912,1.011737107485963,0.5846394731984177,0.451721522159174,1.0484545819159834,0.17651767000535723,-0.07626501680785305,-1.1215274404911706,-0.8218732548213977,0.9225240308670328,1.3113548486596978,0.02719952111941823,-0.3073747274310515,-0.6066980264154477,1.866874685716476,1.0874048596497203,2.3485295827800923,-0.8277997341176478,-0.47040163578760025,-0.14805262840530606,0.3965517033252582,-0.6068984051693839,-1.2614519850880292,0.3623400603743654,1.0466221529152084,-0.5487186199334098,0.9600800036383649,1.221767775804008,0.21635019424661192,-0.39355526989709216,0.6765897314281009,-0.009401757145934941,0.12792793912028752,-1.750019485341195,0.7222852115219782,-1.6239361188951322,1.1901687023989134,0.17189648853838374,-0.016354178987372986,-0.4257030471533809,-0.4759089028886039,0.5400809201987056,-2.624346954418864,1.1462955996252098,-0.4158239058702242,-0.9837338659100331,-1.0272163031062973,1.5286707467663125,-0.7854774472976372,-1.295111882918183,1.2831155510532255,0.2545821983045552,-0.747590049516605,0.1437214238325834,-0.8323419434284123,1.4242398004312171,1.2030097537675677,0.5435671058712782,0.5117965904718055,1.812066064895422,0.2004083966229874,-1.2341308358814866,0.8417606016838022,2.292560899694594,-1.2830953079252634,-0.6024300799636475,0.8733277271763779,-0.7407825106424697,-1.1129959204818323,1.097260666639519,2.185650044676038,0.2624619695459472,-1.6484336325514064,-2.1925835633323976,0.5128451572206446,0.9808632025318461,0.508662627449499,0.19461677125439542,-1.0426950493381892,-1.2277671290889265,1.1290265490746894,1.0425406865328126,-1.0027168229624936,1.789588436757661,0.48251690561636756,1.3912794479573025,-1.0924149903299325,-2.520533337844908,0.40424263932398263,-0.5434419720234512,1.9982695746041208,0.4671291465290533,0.031686459070068396,-1.439628063925836,1.3985409108885056,-0.867317581873156,2.225044719548563,-0.6999377573485577,1.5897344444462027,1.1858024820344488,0.06937526541056889,-0.0063409637090075036,-0.7562979147760251,0.05709259172417944,-0.4044534226181674,-0.850997948909795,0.06050117469053207,0.0415549478184079,-2.1519473763680512,0.41950314032504465,-1.2006076818269578,-1.11910481401957,-1.2639110477272357,-2.005236248417472,-1.6043793598509193,-1.121289548601645,1.7524836256532825,-0.06871006002216642,0.28025565861815316,0.17349014444579103,-0.18422255269246285,-0.5600892052867414,-1.4110924477958047,1.0928553171924176,2.05307584353873,-1.339096884063248,-1.6683608647476829,-0.4713712775297575,-1.645266438864347,-0.16042952586339965,-0.557345430188833,1.8919405766911854,0.8477081062734375,0.12944158624682023,0.7819656883188418,1.2635390856139213,-0.7462093008100544,-0.7953803961573864,0.21646657987572104,0.8996708954229462,0.03906341663399816,-1.2190649934662203,-0.9489081627878386,-0.7642304135469435,-0.4154552683539049,1.789853424673204,-1.0936950543735253,0.5595399129308106,1.1169545436854345,2.0431170351239456,0.28821415128693983,0.7840274862971994,0.5546992208264371,0.031265130865940634,-0.9556377711867642,0.2205141311498395,-3.2184863631535863,0.2332357421873591,0.19404155734824918,-0.009619788332635631,1.8737147974650463,-0.7756587171604239,-0.03856512764643945,2.302119733113807,-0.29578350684789184,-0.6405570564376221,-0.3431292244266803,0.9159101463706641,-0.10065683837418714,-1.6644832904509874,-0.18807770817532582,-0.43333538083776335,-0.2715360104652272,0.4795673329435865,0.5404210655777142,-1.6880313206949407,0.8540485627703014,0.1654853979585233,1.214737219673551,0.21260047234270535,1.6953524295563118,1.0145809412567743,1.6653571963484448,0.4397942606952903,-0.09141614305762231,2.1775542534283545,1.033895831525849,0.8135301642381321,-1.1831647948356632,-1.1428972445998364,-0.25840740575603255,-0.19103981067519582,-0.32587407608810914,-0.34340367304153496,1.582322263402278,0.8692722624798286,-1.918783737173579,-0.03385888345678216,-0.4272570243443906,-0.24419369509108918,0.10390908776635849,0.21171353588316755,-1.363694295522437,0.34348958323839124,-1.009839607606877,-3.2741161123180618,1.9556797798519365,1.0131462019055228,0.010946029221986429,0.6029698632434997,-1.098124660658738,1.7875376894114616,2.321222193607979,0.7066616047366686,0.9497350132645019,0.2856994341132384,-1.7974566089068393,-0.28840097647880525,0.2289600530800603,-0.4388591707149869,-0.06688403429604146,-0.17605027790820077,-0.5439357685555997,-0.28244146705946016,-0.7994757048938079,-0.19327583870347953,-1.2117797594802011,1.3898776744036645,-1.969857311901579,1.4331966829685094,1.4985636722856448,-0.03490999169895302,-2.510545831346144,-0.35071046872097955,0.055811086304519156,-0.7126332442991863,-0.06532027882952443,1.68763333060369,1.001996449055275,-0.6259261601878997,-1.5349280401711565,-0.4039173147185223,-0.2012759461292898,1.202764211037783,-0.7272370324799564,0.5410618418177474,2.2789413052473715,0.5900498771203478,-0.5070199818756188,-0.9746299764961455,-0.9527462127005559,1.083288775440034,-1.677925258299114,-1.0393326128769833,0.12978595982614743,-0.553324098833524,-1.3294916373570058,0.7203634432173704,-0.32053311749547175,0.9168305169117561,-0.46190142546199364,1.5142238699954482,-1.1254132870319735,1.2478604949365093,-2.0183451821893588,0.8147378330656682,1.1435769855837514,-0.46592268894864247,0.0578048167024664,0.8070183820012653,-1.2241350059411154,0.18476263872281437,-2.7132216760896988,-1.5404457164377745,0.5278633972946517,-0.5591872912749666,-0.6265575884188952,-0.560705977945581,1.7192571406982384,-2.269260477704977,-1.0659981249855204,1.5489997550711299,2.2967245602744617,-0.41891086645299935,-1.1261280297012932,2.523269649222231,2.034221773715141,0.9823769224518251,-1.0476239755720942,-0.9787472009512819,-0.06196228116721052,-0.03441355543905829,2.150542290839215,0.7336091651223067,-0.7056544448770772,1.0824580571010844,1.2674535751516112,0.6901681186693155,1.3007943391770207,-0.8821192070477197,-0.37961735318469036,-0.8520660644600385,-1.350143980760072,0.02319303362225114,2.150104566743112,-1.476186057211241,0.4897695015766787,0.8270059638992678,0.054045371737993446,-0.2466204853490605,-0.80898305118551,-0.5460132250698466,-1.1940606266634715,-2.8317220960700444,1.0347177636955793,0.9857160587146729,-0.0537817646279064,-0.20218061480512659,1.186215997391597,-0.17377285166968515,0.9972405922692045,-0.2087128684321835,0.9870222714047283,0.3115785577636771,0.41885335118970723,-1.348180707634918,0.17683879677334985,-1.6851902098663083,-0.9203291924117936,-0.48439055534288594,-0.8219686511641279,2.0743542968359208,1.5878589213157797,2.0532933980772303,-0.7471402465348979,0.26687403187755837,-1.168942389666516,-0.7636121270319308,0.016326559127688725,0.5274684977553045,-0.995847931004944,0.6347480363304412,0.25265480739311486,2.897016098337994,-0.8438741274553441,1.1830183314823037,1.4854361827932052,-0.9600337414618844,0.8831450832147478,0.316528834389765,-0.4220642578500513,-0.7558886505083766,-0.751326574324993,1.7735977521210846,-0.07325590985192515,1.0031083044079498,-0.7722428024589947,-1.1007808555391723,1.0147048734624387,-1.0300625972421542,-1.1494091704835077,0.5391382524147252,0.21767167886089253,0.32820466632905915,-0.17549289492713455,1.0241690283421185,0.8239138787849491,-0.9399718988202556,-0.3197182135279205,0.9126488358850195,0.7954068931317264,-1.0435641862327791,-0.5270325172078449,-2.2569905033057642,0.09886848870499373,2.5121463902436942,-1.0731460314751573,-1.3920757738235219,1.0507955124448947,-1.49219082959431,-0.46478481521140586,0.49789331457048763,-0.673978521539377,0.04405356302932484,0.3795190498027472,-0.09048515975619903,0.4608262453050967,0.30073008312841243,-0.4235274432611664,0.19425763512524974,-0.36163742414208355,-0.08676264317356354,-0.010090695233539488,-0.5512871034347565,-0.10753070436313605,-0.729853366724972,-1.3474941415114026,0.2598979756739547,-0.2815619708788378,1.328287540595812,-0.18812750777101866,-0.27074321809228147,0.7926939510864399,0.7036938024767776,-0.5891732181052869,-0.27917850564998303,0.4805823560282937,0.40383265402936086,-2.3145720588819856,0.12916028708512703,2.7450835260531288,-0.7476180993363458,-0.36304666521538587,0.3860459214801685,0.5766656406089636,1.290707042276245,-1.0852810602401115,0.7087557567499225,0.7670574029255849,-0.24118976700683356,0.2527410331466754,0.9720727804856971,0.9611810740240296,-1.160171964479413,0.3890907836558687,-0.6755726065066134,-0.47312177108959974,-0.31775717546700044,-0.4272985566619983,1.5612977278143036,-0.2638471710078022,-1.0715358814952864,-0.16348152299605972,0.5132231075940472,1.1092825416242822,0.35807548618452295,-0.844469826306811,2.6046247163679204,0.005861525401628959,0.973354721556571,-0.17932415152206022,0.1849152535212461,0.4136798926824617,1.3022544879071352,1.532167337557704,0.9798794464354005,-0.5366517165384561,-0.6210369152092058,-0.10495971958393449,0.2806828571024543,0.2132375381692512,1.4950061621523658,1.6240309516611806,-0.8860269097177498,-0.4135237277723328,-0.4175992451831106,0.22017897480240062,-0.680224187696802,1.8098522874270184,0.5606769326971706,0.6844052541221899,-1.5923173817587266,-1.4957310338551142,0.5887954422315727,-1.8175442816734668,0.661524518024227,0.39642540855406655,2.8040849957791525,1.7560242969150113,-0.24804565547877824,0.01854461445241981,0.6097346993698567,1.0969569720661858,-1.9528782306779602,-1.8217080296932302,-0.7278991560436121,0.37923398468345815,-0.2911439324711408,1.0148192134383116,-1.2219680830186257,-2.1505790535572755,0.27740777173937764,-1.0805115214366923,-2.3331565099149407,0.5161390525075077,0.07949367508601965,0.12838092948033508,-0.9743200238189273,0.11970772441215277,-0.184237227485461,-1.4114470662223413,-0.6445978985801506,0.2846961740087357,0.6149685507386905,-0.40419051097505876,-0.4340767931220939,0.028279171498275246,-1.6407368218984333,1.005924798330712,1.0125503383275083,-1.5648272728808734,-0.513299803441451,-0.2951446199686986,0.9061334008699182,-0.918100678753412,-0.5822633651703462,-3.301802545935781,0.15408026300377575,2.3289669918544824,0.3446217344284692,-0.1351661609258859,0.07534560144107076,0.20784128837010138,-0.504649582768692,0.6367848006188361,0.31042887146852083,-0.565999153999172,-0.8118507984912768,1.5956165934230349,0.6389141776292446,-0.5911589242837738,0.9982707866998324,-0.13530408568875896,-0.6315832126428627,-0.4489274430092909,-1.9187591037525364,0.7729961216959899,-0.9303408466184264,-0.732373397814953,-2.152352804636729,0.7098887732584717,-0.8754857632140424,-0.6527497660236061,0.08882569167941202,-0.7743891721161682,0.6177805809140052,-0.255193272126987,0.7716354824652965,-1.2112675686612473,0.32573837479184753,0.725371238069973,0.7115500287209179,-0.21553821857698885,0.5194887001264243,-0.2261149684688895,-0.19293990745147588,-0.24406630034927887,-0.4622775164436346,0.6058066665360499,-0.32528423404602264,-0.6404516027007959,-1.4657528297464413,-1.9962186711116996,-0.7190654717221941,0.48874156418942105,-0.6138496042473708,0.7324886790708407,0.13359774455180617,-1.7716230457986475,0.33396512747319396,0.5482114367473412,-0.49896991018775594,1.0358841835645964,-1.09151094488922,0.23585806569530815,-1.7622662855800995,-2.0317122391597966,-0.12161735188489596,-0.9101292854198062,-0.44441009929590153,-1.0897446389225287,-0.1336965178819484,0.06641460043464098,-0.2804403060322891,0.3957178130323598,-0.9215556767240979,1.7115437228817674,-0.7030182014352544,0.07586557984094355;1.0270453580572472,0.8672493005353002,0.007977550596677707,-0.29503686892950076,1.536823577056708,-1.5847656698661232,-1.7275936880815803,0.1850197181089511,1.1907887566217519,0.02211554815260124,-1.2534123114653586,0.03923713860205763,-0.7130876445680525,-1.100986076103483,1.0703325939019785,-1.4745321143231798;1.651545717482028,0.813114821461784,0.9622941313644919,-0.6369201658536416,-0.3634923423558533,-1.5032045673086476,-0.8403953478877354,0.38503303404152905,0.7529155884237879,-1.244449440019915,-0.33204790098362374,-0.7309895138174225,-1.8315645648828747,-0.6689670142668052,-0.5145990474069889,-0.12881967053795215,0.17588266639173802,-0.8879807594941098,-0.22750638830639214,0.3268194701325811,-0.6174398334673838,-0.4522638334274719,0.5385894143773372,1.4073680433347453,0.036258399812272774,0.289038957709188,-1.6057471451992749,0.20955097700319283,-1.1744766133039153,-2.063424985062771,-0.5965327833165558,1.5711644163539902,1.1922516982464022,0.19606138750754787,-1.760157328226764,0.08872235889540936,0.7726453007620813,0.3524435553580923,-1.3637199583912238,-0.8868927697150034,0.36998170546644904,0.23631746577248117,-1.620376286939199,-0.1190265984963131,-0.09051314674107303,0.9369641785380164,0.7207614199601811,0.8278893215160723,-1.1742043418762973,-2.2433340849413383,0.08523078177580519,1.0013823419505437,1.2624535738675262,1.0293861099164545,0.5768232423869208,0.8315150899257853,-0.40652541285256094,-0.8121571392755368,1.1677449349561109,-1.0342561225448523,0.6933612221013594,-0.1889105093695386,1.229765242124123,-1.061344498936815,0.09929782117567226,-0.16930780922005134,-1.3991882895026564,0.48938407058561567,1.5293619034062795,-1.233326522740339,-1.7211493643046998,-0.7251147547622492,-0.04611720617610754,0.6723230230618008,1.0632075877379175,0.32194915940521485,2.2788187510042643,0.25012687574308223,-0.8601011086603051,-1.7389806570952688,-0.17310159266846414,-0.5333535843578403,0.45467725100357115,0.6515274526560398,-1.051953003782907,-0.2323084074789965,0.9279053620103339,1.600613897614721,0.7177968683835219,0.5845838869859117,-0.1666976716872836,0.7109223870603224,1.6838750226565877,-0.8319890823315196,-0.16091836464072318,-1.4285267399218833,0.16722690900897125,1.6262683669560738,-1.6006096412081554,-1.9426048488607564,-0.1023384417567841,1.5653974254068963,0.6385035358648626,0.6816854350838765,0.6941102947991962,-0.8589430412955549,-0.29572574224487436,-1.17625966575592,3.358917693726992,0.623079814977824,-0.564062714744096,-0.367534489979183,0.058874613524433864,0.1509129069340423,1.2280054865845753,0.5716070927363507,-0.9155133458063475,2.211496084864404,0.41379032615476,0.74826105880369,-0.6789967714713415,-0.12111999505845596,-0.36185690646423707,-1.5891017682292226,1.6366018520718,1.3955180106603762,-0.638817345273242,-1.0682233796668594,0.9752942783813728,0.17160641949997912,0.6253595091266453,-0.19883070763160676,1.025968367888539,1.7210029380199574,0.41022379198686004,-1.0932072852776344,1.6384621090156806,2.4448664831693896,3.116856482801702,-0.8519493464271592,0.34783098078981445,-2.6309864687466002,0.8129250687466422,-0.4897551658332766,2.173460959565924,-0.4774623748525273,-2.005591697430416,-0.41245911957595116,-1.729723295778245,0.4897464747163538,-2.64556655825797,-0.15923875489253453,-1.765446634523106,-0.5113667449157784,1.7874994670023268,0.3874185523904439,-1.0233116505544382,-0.11124206766024565,-0.6521455296842231,-0.4330279541409826;-1.5187565543735462,0.3887524100281988,-2.5983752422421755,-0.3143262058612414,-0.6515958965120597,0.1480641573731442,-0.7221595407079523,-1.595160642810386,-1.2019047562085117,0.14658664186337472"
14,0.8907650980771129,"0.17740938797491437,-1.1376763921034994,0.17621206057644928,-0.29610082988004627,0.49788042776071817,-0.4566499439072129,-0.5176319834056159,0.12406227026903865,0.9060589433495971,-0.2125460322457838,-0.38727345436349425,-1.739692095450465,0.12978335926846757,1.662109968719078,-0.9049378875374136,-0.6821556266142074,0.14775133168929339,-0.3338909180523769,0.4676558649974544,1.2756264471086913,1.106673153320668,-1.3385659444766402,1.3167106824521158,1.7328318418336355,0.4190025935820956,0.5618517977223688,0.8598134303318543,0.514517642451673,0.13025237515450167,0.7614375160698756,0.24090403698531704,-0.9501883198840719,-0.5188687051239416,1.095370475141802,-0.4116479467190558,1.7080169126480256,1.0009495619998987,-1.4601080249181018,0.5107099563732143,-2.385790841418662,0.616884596020005,1.152138628270705,-0.02800465013408028,0.45633506382680084,2.533760742009706,-0.036697906142695996,-0.7736030728185858,2.179081788525273,1.577271458522013,0.8370722905613535,0.35495150745844006,2.0139493454317137,-0.32856073298648947,-0.09729148334045483,1.2351031899460894,2.0267667096442943,0.9817473712943356,-0.7060917962402828,2.162969810304391,-0.3096128213454897,-0.3514683796046015,-0.27625713802400703,1.0483855466076148,0.3754406798884001,1.1743583529712436,0.4428812038038975,-0.4300902299483811,0.6247093078529639,-2.059227188676181,-0.22116246566543465,0.5881597974505115,-1.0927534642668326,-0.18213690740668326,-0.8306634030974651,1.6143578386060438,2.173734000006507,0.012135740924843902,-0.31346114867313735,-0.12113714097006355,-0.4885103891853726,-0.0955361212738323,-1.1350005651198356,-1.5275788162404544,0.2382947532828041,-0.008258444965142914,-0.013096754118921153,0.9194603486641116,-0.3507631920083845,0.33487254505452835,0.9702800024534157,-0.30104940034956845,0.28948250405993625,-0.9806368980852777,-0.22850694920766007,0.15912681450464675,-1.2792556514714406,-0.07811578297752272,-1.0061062556570879,-0.5720240444075634,0.3014364300602753,-0.038642518595597,-0.08229227689064247,-0.08500288593562125,1.5875230251434718,0.9418612488637692,-0.04896079769473633,-1.6358283142567132,-0.6347506620580993,-0.5393111366359682,-0.8240851800344475,-0.9965435897273064,-1.924036894081655,-0.8003842979150739,0.8760229399958734,0.30900752486847677,-0.4906073080057487,-0.6778095085088401,-0.6888382042675525,-0.43247650669856785,-0.4630725074322976,0.3876050547101956,-1.6430035180413463,0.15960731146024043,0.33052839642447895,0.674100012548288,2.5984549678271103,1.075760823377545,-1.3282506379194172,-0.8080920373256497,-2.397877962407582,-0.699793916927083,-0.6874521791384495,0.15881191577640263,0.06342547154904404,-0.2660130708290726,-0.1815856044996392,2.1080903682400027,-0.35610501404327466,1.3287122561795162,0.903859520602672,0.3274073978749491,-0.05849385321958342,-0.2740310139726874,-2.348319712387794,0.3063401664431719,1.5172194318181558,0.4611796158293693,-0.9580351052626512,0.1827292712494118,1.414136079645933,0.8966022013298587,0.14875668488540075,1.3854625298054213,-0.11874390186743478,-1.122493143998889,-1.7811109000920422,1.5169904789769193,-0.10336731816076411,-0.36862709983902703,-0.5362761152398641,2.105496070336736,1.9472074111133275,2.1703775768625064,-0.18980615945983378,0.4991114625386323,-1.3558815573387588,0.9749513423477403,-0.8978474921541691,-0.09460536598129873,-0.5974234169464494,-0.8051400558906427,-0.6463380108453392,-1.0871336982631807,-0.6421611516125025,-0.285443999329842,0.5601954003490323,-1.2820313157377596,0.4569149708887509,1.4027425996801468,-0.8199723109330905,-0.1641890328131476,0.009073039204562094,1.0184597585385362,0.554505787600665,-0.7459875039949857,0.36589232609273703,-1.274511063042013,0.2515698593156873,0.040625439907607794,0.23027292201262556,-0.8569591881722557,-0.4628730283254387,0.6685454871500446,0.8339542383350135,-1.0574488283651744,0.18758612320680115,-1.4466361269730366,-0.46419100004432934,-0.5538261641618198,-0.9099917998127457,-0.869810721988131,-0.8174379802603409,0.6168366074028098,-0.8285483176727149,-1.9846482059468118,-2.6446738304272612,-1.504412180830271,0.5993200879850389,-3.0644119224153217,-0.10538019756713263,-1.089470832623868,1.8555866564829282,-0.5968832631287487,0.32479763468848555,0.9464512527490179,-1.4366502235314151,1.0348371533907053,0.6676236293402441,0.10914565761191697,3.7665206720931486,-1.7732220778849033,1.818013840817331,-0.1911495659013362,0.11572930219400954,-0.4716247145861337,-0.6583693796430176,-0.036214301543986985,0.5304480502146125,-2.0168981972009887,0.38509660230699627,0.01870651926129034,-0.8083863306784882,-0.7208815947887577,0.9911998610785433,-0.6144641969176448,0.28218242847778807,-0.7291640054774339,0.8651121957855455,1.2773831306337355,2.2349190771331355,-0.3375768190264332,0.059473532403358426,-0.11017257112636228,1.341746274450765,-1.0143029153139755,0.8154032466551826,0.49158265042659577,-0.06751484196426692,-0.5672655855549718,-0.14174704887409623,0.4671372567224129,0.6334185702214277,0.8830173701464418,1.491196929296031,1.4286622559357818,-0.8432869841449154,-1.0023442181687208,1.1730308309103874,0.8195451592408644,1.4408009914755122,-1.1015632569208273,-0.5584605335712235,-1.9999984698304911,-0.6853821893953004,1.0078417749807065,-0.0245652622983627,1.3223829951194408,-0.39841611556826995,0.13069392059987822,-1.611369361446024,0.09976799497135894,-2.5884381434281645,-0.631397713729179,-2.207772700142045,1.1865733802057314,1.347547856087802,0.5563799666508906,0.899589696998461,-0.8900507738253545,2.0399627394018793,0.9833239201958195,-0.5537894130802151,1.2439664806091368,-0.9841089440759154,-1.0702244240609997,-0.6538584541886966,-0.2139238016189192,-1.0732863830937216,0.9956086308891579,-1.2038064924608334,0.5106720033012162,-0.2908832121601447,-1.0159508541294056,-0.0363805578190763,-2.0158097552880165,-0.6140778892914546,-1.0342365694762348,2.5700864769525937,0.7509993085102818,0.2112933373391701,1.6995300745894744,-0.4647312201146024,0.501922979990237,0.551639242926065,0.4040906265954425,0.7163797969444664,-0.5624703367653803,-0.08702766480599933,-1.447044285808761,-0.8629750745583212,-0.10707379222090965,-0.5880824809358827,-1.609812186775495,2.4447104718667814,0.7923392197180134,0.6873231499315852,0.3701118142919542,-0.8625392618630489,-0.6145068474700602,-0.23991270730948155,0.07782374520202917,-1.3489525137752185,-0.29708053886468144,-0.16741362992485287,-2.369557979435571,-0.7596593130889822,0.06649363043446657,1.9290227137918787,0.42269951328410205,-1.2957195980591119,0.45487915942104223,-1.5692782642865835,1.1247090483221138,-0.6463623081063263,0.2561414302802012,1.6037749619401744,-0.8992413783973794,-1.6024817249026286,-0.428381703000034,1.090661200532119,-1.9774778537831916,-2.8404802768385107,-0.5276183966374037,0.7893481281420323,1.9626009439838592,-1.4177246699998105,-1.0477218693144603,1.599685281845168,-1.7782309219808683,-0.14048973045385546,-0.3680128310300808,1.2877861355132583,0.04217676328937632,0.6495729934684039,-1.6375390339222804,-0.46856630077488437,0.9092098156855387,-0.8952317031717058,0.6136497685298705,0.311456254423964,-0.3502342686207587,0.5699469955294977,-0.7148968026270944,-0.850874731015781,0.9894835333581967,0.24796321386269787,-0.4554062554414083,-0.025742335759089678,0.5995517669119332,-1.730500436210357,0.825473334320714,-0.38921910771429163,0.2527400785590839,1.6691273959487622,-2.1183275419496526,-1.184053475238394,-0.2307197273738817,-1.1865273232196814,2.5026202038105207,-0.3251483881539365,-0.1278644316950586,0.8055280642829941,-0.838624666787099,-0.04370305768144495,0.7024808790141168,-0.3557984431831823,-0.5355398360652426,-0.5126674288554711,-1.2692403029213193,-0.2890224755234858,2.0799210687002025,0.37307597478966936,0.19027574582817228,0.3984463314010731,-1.2430201126317675,1.9469283480931792,-0.275668670838064,2.043348206021747,-0.8070443217532527,1.0952519872873745,1.1279350613519732,0.588345995168414,0.004536815022656571,-0.22460106010890918,1.3720144581484803,0.24012052905878237,-2.3938109474732583,-0.9160766209042795,0.03563803201795429,0.5608493687119527,-0.44365767397487044,1.0100745084092764,-1.6871503770861374,-0.37830570897798954,-1.779799822369218,0.9605918496843217,0.12044942434451958,0.534749349909315,-0.37423041569416565,1.0136846791462928,1.8097166373616582,0.8501392053486426,-0.40198177809782065,1.2188390908675477,-1.1077263494764307,1.2475445400009526,1.4553978967734509,1.2288050673466555,-0.6706564403509011,0.6700014903012909,-0.8750199416916051,0.44596983677972873,1.2251937049756958,-1.8864897496517858,-0.9291997272226606,-0.3461394576788846,0.4598467825156928,-1.4204274193293238,0.665466330430945,0.21832280430112472,-0.0026356229313562064,-0.6848969568116572,1.2634232596621606,1.8829937078126993,-0.7375763076219599,-0.5584062982681312,0.018584560808373576,-0.638349219214832,-0.2846482889400611,0.1979973174814147,-2.0865855399278908,1.096407384877448,0.20361712594228476,-0.3707665008850104,0.20517310408415934,0.09449271061101187,-0.6996571598877463,1.5010330811356396,0.15175067725347796,0.3625783561650508,0.46692250382451506,-1.4735766779831958,0.005590662564580601,0.2406457541890111,0.6217740634425678,-1.5150390394469755,-0.7281840287476341,-0.576342162442043,0.925072009652321,1.0461341431186393,-0.7731264319441573,-1.01392733901458,0.06400768472613558,0.00998173776887333,0.9628947153928665,0.06891177245108027,-3.092162506958237,-0.6740447460568597,-0.9007631332864522,-1.6546794450554847,-0.7983311438296816,-0.02335752102180598,1.353661845739377,0.3554619297128561,-0.4508865353716811,0.42288406561055236,-0.4845030387363456,-0.43786125359016087,-1.1120202454153805,-1.4810033413678896,-0.588583415059479,0.017221203582482157,-0.04383133462925325,-0.2304843693904532,-0.3245286095430951,0.9253901036079583,-1.3027876474721878,1.5961549714754864,-1.3417314499987827,-1.3285208281989804,-1.1597005452990905,-1.039279525059726,1.0147916500184773,0.09957476370363674,1.2269741458061847,0.7545794278847389,-0.747115809993551,-0.9149173460981121,-0.3394330587610925,0.5501557343915957,-1.2124690822802444,1.0153841788303455,1.2309712423316692,1.5794585221782043,-0.5259278313231688,1.172888578676754,2.5992772245707982,-0.49693429068133027,-1.4446610770024524,-2.3633195417504345,1.0694208664965505,-2.003831298481746,-0.047929574583708195,-0.07180608615270236,-0.0836328402946266,0.2699570278130409,0.15400296193972335,1.3173121048077938,-0.1687208454337696,-0.6262040558758412,-0.48073569750252143,1.4744404491380103,0.5325955429063698,0.6044326653951794,0.7252130279329319,-1.7632136222112165,1.2848350458790523,0.8533465762832257,1.667809623938187,2.0091231295632537,-2.2202149905682043,-0.16892258462580892,-0.45388962265686955,0.675796372087883,-0.4111037715810522,0.8660094100849814,1.417661606388071,1.0079659583922007,0.2794050311512931,-1.7066680444390707,-1.049783817867788,1.5707066140151027,1.1824932606116823,-0.5849467409074499,-0.5239828986226499,-1.8814675519182174,-1.3775591600910158,0.8314203776318188,-1.4436988159162072,0.33622481618412586,0.750311260586691,-1.105575272664199,-0.3006290700580655,1.3577274836605244,0.14530868184951165,2.774491029295433,-1.4121900649434476,0.8865516373396491,0.06770416858845625,1.2287633157459747,0.7461661749835128,-0.49312099795092396,0.3081493277175606,-1.682229786914355,1.0920557658219128,0.8793366297613107,0.757486943428122,0.6977361198796227,-0.09597445429499427,-0.1622813222331264,-0.7649128440203106,-0.2892599554799155,1.0502016131917693,1.714540775907223,0.2208719297723268,-0.32769738152825023,-0.632482680561765,1.2786129508742563,0.7714114889146332,2.8164805628188243,-1.4418662606947983,-0.2665258329666029,0.2983672593062599,0.5098359008953832,-0.28582887723532036,-0.43244034710577606,0.4000934272390814,0.813661199566504,-0.7800506887665891,1.3342603736741971,1.5261377278929809,0.3488567441293075,-0.3268533847469247,0.28629115343646067,-0.6753530155058629,0.275489958216255,-2.2622328657620443,0.24378047644633058,-1.168374324878436,2.042672900064329,-0.13885990904208675,-0.35838389081025956,0.1670577676985127,-0.47231961479594636,0.9972581665343504,-2.606639107025328,1.895479997893939,-0.16609782584566915,-0.965780642805349,-1.7391782063308,1.265907780037806,-0.9678436294756713,-1.1375521341936585,1.8417520124770401,-0.2201575723050117,-0.6859952936126621,-0.001247930592104901,-0.35371592556994974,1.0265869326013304,1.4390998365979928,0.6217889390408183,0.8339883659310846,2.3654316099409467,-0.17358547855165934,-0.8753162949327458,-0.08290960614333455,1.9557913976152936,-0.9886209400828652,-0.6794201785441404,0.7131338744967299,-0.1216204097805087,-0.8104304340819212,1.122535522471332,2.0220467991081787,-0.3277726120176869,-1.3023454688882081,-1.785305426957097,0.7327933897138236,1.1256790261960743,0.4083818019364279,0.40897637474610543,-0.8665133471829229,-0.773629616820966,1.0125816766722817,1.174573335153519,-0.8351698292647844,1.755441785150012,0.45122755811299264,1.775033051093252,-0.9250898972940783,-1.8952125282771626,-0.18930117619566844,-0.34683656870212093,1.301097169121047,0.3599680044189385,0.07584572078458525,-1.1788356664249542,1.1516978533226565,-1.391206666290624,1.8354576993038088,-0.544541129804917,0.952050403346395,0.8554618503117803,0.01856902858827386,-0.3662220523355423,-0.7348192056722794,0.5991164309034102,-0.5059319634336628,-0.7727798445369917,-0.7506614611100578,0.030189388990966286,-2.326611444023991,0.3036544406109744,-1.5642810000828495,-0.7219278305434947,-1.2779504804412873,-2.2636801806266797,-1.813711627962415,-0.8742555932895457,1.7028317020974317,-0.7389225112625081,0.5746587828277039,0.815615000481861,0.414155958342851,-0.2840465833757532,-1.2639894161527085,0.6383253125078133,2.728314885175841,-2.103714873295616,-1.2495843827028978,-0.16635340203480914,-1.2153285448904876,0.2786869093244059,-0.39264026773600164,1.7134507480412842,1.3985449054601495,0.15971263849723502,0.9060624446258839,1.4358121348746276,-0.9950784434010105,-1.071107192491268,-0.27699717426302567,0.672374271123552,0.17187022013311765,-1.5850204133453616,-0.8918754870304753,-0.1146069182132394,-0.2748006367886113,1.9252885783367681,-1.2726601618400923,0.20276713033490695,0.7681862970815501,1.979206775154941,0.30047195886144223,0.40334047229133413,0.4432706255161094,-0.24351952656757148,-0.343810702724753,0.3381046791593495,-3.1694883486970995,0.6581364483169388,-0.11671030617539367,-0.47513416397262465,1.5039192572468612,-0.8098476350868404,-0.09525445315874148,2.405504824826171,-0.39552580459088194,-0.2917927402188366,0.364098575474329,0.5053396822861398,-0.1378945209925561,-1.776897658539227,0.16767472794946492,-0.44586006762482444,-0.19381747365517107,0.2252030600765795,0.7255510809688049,-2.258451569238922,0.49240162966024714,0.44602878131059803,1.2786152378326365,0.1261497548050981,1.7281212588940211,1.048801045066,1.599257341960144,0.9023482319142403,-0.38429361539645784,3.1536109526643132,1.3660373445443996,0.6625309416901894,-1.2918904087809615,-1.1394376649400746,0.5445194088049548,-0.018110675221115553,-0.6218120642916127,0.0040768264430064705,1.3203639057548215,0.5595499928181192,-1.439109292618864,-0.5369140216508543,-0.6381731760364102,-0.13223577285078342,0.033908469623923035,-0.3660570948483166,-1.54610191890246,-0.19343341933627056,-0.46035652230906327,-3.0394197874693822,2.119335256320838,1.2271838752810325,0.5695947012262411,0.42979246178699837,-0.8091973092146262,2.0393852281788907,1.6172117274368487,0.9149892259163883,0.4482258517254832,0.4237465503016674,-1.4206802942102625,-0.8323471518846635,0.09689970369286838,-0.5258037930407384,-0.4690840146389438,-0.03108651327073894,-0.5002400170562722,-0.11388092278904842,-0.5693315586462159,-0.2020529578588433,-1.353424931230156,0.7151267884540998,-2.5033889866171455,1.394672571194146,1.3969134548515012,0.017535020746877353,-2.81829718841975,-0.6999760847723,-0.6600174363218683,-0.40086502489911147,-0.23548492942886878,0.9517377877110883,0.8475356982353569,-0.11727696059440898,-1.3081999960670356,-0.7976063105638861,-0.1282314529759014,1.065339378903773,-0.28538325847545654,0.8879837329023428,2.246844769109932,0.9325644361938339,-0.28200283625561984,-0.6256836281406896,-1.1385435451013843,1.176181751133414,-1.4675302853480714,-1.2119877141326258,-0.2196231975784425,-0.1975911610598382,-2.0308761879737354,0.36367220298730124,-0.004963755186579419,1.2700238366765055,-0.8373785397476448,2.19790702303923,-0.7278212709616158,1.441281237134058,-1.7559742088260295,1.491024788650677,1.4050348107390467,-0.4303247427266982,-0.1230529648170031,1.1366287247983284,-1.8226419083895808,0.299886354220229,-3.2331199821634593,-2.1643250544598405,0.9510541410638977,-1.4469092557131251,-0.7170004037397542,-0.4243193437655031,1.973677633704442,-2.807177124005168,-1.1669892276175151,1.577429265902683,1.9174916464085003,-0.7029130267655659,-1.1447062923554445,2.7210773929757543,2.065084893255868,1.001547935627351,-0.8630267725078389,0.012393037274729318,0.18613309511761117,-0.2191245895569567,1.877740019674336,1.1186033521644219,-1.122804875910234,1.5247968858886922,0.9430375232455499,0.7038258810186717,1.3044194274578533,-1.1231554852745504,-1.1187904550169527,-0.6978665652734126,-1.881307416846583,0.09065389255633785,2.8079222310164718,-1.6862621514569447,0.3663981041004986,0.5765347379249631,-0.1581061357075631,-0.4940384723779925,-0.7553631212510007,0.17695595904065678,-0.9761434281530855,-1.8430461744387034,1.1785478109956515,1.08123004443018,0.17378474303413952,-0.3068010595255299,0.7431857626239254,0.014912092690691658,0.5337032178954038,-0.3312385993479397,1.0453069326497355,0.5553641052194269,0.2524266719534455,-1.1957140702082496,0.04931350826400693,-1.2876148798911407,-0.18745315909798926,-0.27338751629051206,-0.9674611339785942,2.0370031051924653,1.7599404932766187,1.7553846713880843,-0.6887321670561686,0.6085631094705777,-1.6650250968267053,-0.6469700639999312,-0.6671215750191699,1.33922805919927,-0.8629044312899739,1.0910128526608387,0.5790525244346604,2.6309349641721593,-1.1735053979484575,1.098406699459118,1.6512203580710572,-0.5330957315659661,0.7886317679032402,0.9356074390828639,-0.5699962768027032,-0.8096808536461726,-0.4956810025831065,1.2568802681576008,0.02869454988501971,1.0232425557556148,-0.9206049056755236,-0.8042758052873881,1.2557742045711755,-0.6821927448514937,0.02122476339844695,0.3396121903885639,0.22047241984311772,-0.15940535097314568,-0.02168156745455241,1.035793032660277,0.666342712491903,-1.364358563311856,0.13726973029438988,1.5754472322797954,0.8454921825823439,-0.8850016245600759,-0.4908349540344096,-2.434262672218666,0.27953265094627816,2.212853636700868,-0.8803353325973582,-1.479854889556822,0.33969459068458097,-1.2621272821092877,-0.36384536930450945,0.17484122616222983,-0.468545558765727,0.38053763974355465,0.41317427398376794,0.1920047382789043,0.21909589439976546,0.06286610416534405,0.6624548715417374,0.2368434687649215,-0.23988769846252236,-0.6971393568534078,-0.36474406057138453,-0.13378479425524437,0.287573718973301,-0.37268923981031105,-1.0718276832317812,1.0151411797609151,0.17556218000333781,0.8551820596752157,-0.21215319997369142,-0.018488622304137725,0.6402216754640376,0.630138345997079,-0.6401514384399376,0.0176398627534696,0.3848275303374334,0.37089317803924854,-1.955634549391428,0.03935034694154156,2.7157657431092987,-0.22197157373894477,-0.7618402196011903,0.567089155996042,0.6474283005731114,1.5178094374798594,-1.1994296662036874,0.6107201016386863,0.7343417875345837,0.0760165230928877,-0.205119682046025,1.0280743904712235,0.4211874493496472,-1.1208719361610642,0.7954294289761809,-0.33108417429076836,0.006484419340248128,0.006758762094374177,0.29236407411061266,1.0869222390384734,0.02214573145919238,-0.6209004212503421,-0.3857850141756136,-0.24361305575427097,1.0100912590571456,0.5641721797059362,-1.6573695039090763,3.1224986836992072,0.2529369825584477,1.2131243722177272,-0.3699991572353539,0.3071761591401372,0.5846415457478555,0.8028872006286148,1.6562826713624468,1.1379897368309455,-0.5236916565660745,-0.586830536075411,0.045993922999692315,0.4752968829208743,-0.39410313264963515,1.4445571761603018,1.5463374557768832,-0.38443170880131333,-0.9544891362855356,-0.18329453473520285,0.4291303772755031,-0.39178288712225606,1.1461640928854817,0.29914242864275176,0.24803158249543483,-1.1886106101878275,-0.9533049253544037,0.6935960209429259,-2.2502324764917128,0.7226074215803391,-0.17243454113027523,2.9803662177198413,1.7713546366040902,0.15794158003532005,-0.3574564017214914,1.3265728359076572,1.4297447154314216,-1.6734753300799827,-1.5831930692220126,-0.9033675101211608,0.5116442220438362,0.12882658820840853,0.412100683062406,-1.0359821326940661,-2.2106361267162447,0.9399617584652253,-0.9822811053958639,-2.1770326324979457,-0.2363238833394067,0.8607336585772554,-0.3630296887100858,-0.916219224478519,0.08924899348124199,-0.38185695329538133,-1.6042148766471493,-0.9103685800052705,0.6595240695330188,0.9575430871986826,0.2788825205942032,-1.1529650216038732,0.006471390162505211,-1.9721300273967033,0.250469438803269,1.3853279337030422,-1.4566438436264746,-0.4266546934121719,-0.5998130819295548,0.8365471756390136,-0.7188008352729787,-0.366767843796466,-2.8840221171157525,0.44997326791206677,2.6925969196577855,-0.4042838272088079,-0.3730550557809869,0.3630441251425553,0.2193300630252134,-1.1605321315550192,1.265690339730702,0.3891711529622849,0.033597274144458414,-1.3716488897875418,1.769147810817246,0.49844489692017585,-0.5334542707106591,2.043944092550908,0.25827624502378543,-0.5613638764389955,-0.04294466312854161,-2.0188373886345183,-0.07038866083785754,-1.282315707627011,-1.1129912229254306,-1.3909142550354199,0.1675324576503737,-0.9480935253687554,-0.6045670472670198,-0.45250459678230115,-0.706693977733681,0.030747038876917626,-0.23221162604788037,1.0483878342722812,-1.9036658740965002,0.9185718302664156,1.4645941260509945,0.906983682203046,-0.3681314956622926,0.6160718175029032,-0.4093266747129837,-0.14522316771716443,-0.46905374853072923,-0.30247877254478966,0.43033867708564666,-0.2940074232825065,-0.8705445871679885,-1.432252961575549,-1.4356335431763283,-1.0815128426797653,0.7723984894152438,-0.45940939004634623,0.7382419071426916,-0.21047326806982386,-1.7434666311527482,0.2951116450432962,0.2202939410240916,-0.8934645290742982,1.2270708325869149,-0.9847856711640489,0.67469111863506,-1.9154043680175863,-1.4667227780477792,-0.12642868476474525,-0.23961854300068125,-1.0505477872980078,-1.549951443463093,-0.472379725862984,-0.314942748935196,0.11299212589119377,0.1974496576606329,-0.9774542164209492,1.4503751265559854,-0.7168519175953726,0.8595203708891509;0.962404153265269,0.6664964230019619,-0.4599236724499435,0.043918531412594705,1.4966140915031416,-1.7069865609479902,-1.288291822291804,-0.5684374481772563,0.6206833012310324,-0.30029729520265047,-1.5352987138897396,-0.3637813725014584,-0.9310036721703546,-0.6567115394117298,0.8825431193363951,-1.5660166124734431;2.396461208605982,0.5788092807278975,0.6554480839210024,-0.12192627515550539,0.44875994983304557,-2.0983942397845055,-0.5395090162583275,0.4081714936942183,0.7008840421807361,-1.1486953933824593,-0.21134857964401635,-0.8968988180539061,-1.0423016273958796,0.2326327228606182,-0.5050603099817005,0.05258107688888171,-0.11441850120773557,-1.0527707441311078,-0.2951722496872202,0.3233864540475572,-0.4341543518090146,-0.32472972286524004,0.5875363851448498,1.3658282022877828,0.08693457055104448,0.665961605942279,-1.1622791205479537,-0.09192686029512484,-0.49481864534822245,-1.8123815891811497,-0.6912371039905149,1.4208268710183223,1.08610693897482,0.09944227952707357,-1.4871752182448077,0.2297577267439629,1.104533822179562,0.10149812835869651,-1.8063563134607912,-0.8425015095506845,-0.040399911734877,0.6381222017676748,-2.2219421536492567,0.21225416272972963,-0.2724987927943351,0.9037035194036999,0.9764348453285226,0.611113761559368,-1.4918160043248538,-1.6198478720800944,-0.9693928608820991,1.1431775802758164,0.8002963537601046,1.5147125385897644,0.6883161946844947,0.21622695595973757,-0.5427472007881383,-0.8985213892479518,1.7843616104272801,-1.5043471540746505,1.8412031037156296,-0.10274487944674134,1.0862848841454011,-1.6115204182530052,0.3752054813517278,-0.8094063744010731,-1.169400932596443,0.39875188363278574,1.5548486607367833,-1.3889520489148475,-1.2936875286192753,-0.608793729183555,-0.8303084455030021,0.20571748426006825,1.0899589437869093,0.21937909763997498,1.952687989177781,0.5344736581066825,-0.8199737242423051,-1.906659563873955,-0.6089525213582625,-0.7983483071481079,1.1569299407361227,0.6036453646237758,-0.7438008652230216,-0.390682843479091,0.2127066713601079,2.1115325537427037,1.2219788548381558,0.5732489200948964,0.47033060704074964,0.18546747637422784,1.362139974962946,-1.7168324083831312,-0.6100735966865667,-1.5975570158216104,-0.3278485533695418,1.563899354777985,-0.9851180746774557,-1.447152822246764,0.21363418641096438,1.0191474853763824,0.0477136000316627,0.6234314850899496,0.21882676451680486,-1.5428782329235153,-0.1336123458598591,-0.9341018500740926,2.977629205612233,1.0639549664258314,-0.7409636476891974,-0.5588586009891554,0.2716712012077683,-0.10891517854706728,1.8408885591962256,0.24460603636005215,-0.7670804583405507,1.9075303145500118,0.04035107589909047,0.2598409094764537,-0.547666270376686,-0.37793187715561516,0.2991014159177151,-2.1680290895272227,2.0280015914416887,1.8607659159502343,-0.7375132105461774,-0.7749313533025073,0.44022788392920453,-0.4402254733840883,0.06240843266177394,0.24130554901264079,0.5134963225700444,1.175717905161435,0.2114412754913749,-0.8639115133089668,1.4059206096401953,2.7062639894453966,2.4025498507215484,-1.1785402339241353,0.25933570255330457,-2.362217014851169,0.7456466199948423,-0.30556444918994263,2.1916231754912006,-0.552480009975537,-1.8986124491921936,-0.6349415142728618,-2.0196642812846606,0.9118556375577151,-2.5261770299523536,0.1661176367688595,-2.3797825570908886,-0.3539913458867526,1.87253673862468,0.8071439617851027,-1.139952737776222,-0.034287135935315696,-0.5187436897864734,0.3995756347211681;-1.2372831598929095,0.7653006647296916,-2.4968589602713918,-0.5301081234393412,-0.3950368215583865,0.7053018471630016,0.13191091008456812,-1.7388278884914696,-1.1692307538115254,-0.4683076104961836"
15,0.8577426462781604,"0.3710498731479389,-0.9878715882239293,0.1864504572791051,-0.2345433017673729,0.9545415499938595,-0.4636956472620316,-0.034938233204704905,0.26109655947579363,0.4696492364518405,-0.5005005758893486,0.2658815592096001,-1.8819749980257583,0.5439730634639371,1.076679822096088,-1.1438815032056957,-0.21847401504664005,-0.45075171894426747,-0.060918282864623426,0.8981691632945705,1.4228400006896291,1.5592785979473223,-1.9180348263097093,0.9518654416515835,1.4968699128934582,0.8894486442591308,1.3147348752157832,1.7639117954000054,1.1512289214453275,-0.3336657729423013,1.3861900993145249,0.18361886525555732,-0.6414954171756762,-0.388149167045813,1.7458482056544005,-0.9210804406643867,1.2818570532078157,0.8655580108113117,-0.9285375171106657,0.6294557933104753,-2.105480639172253,0.6401367446143599,1.3204672693013266,0.1368771224833309,-0.12255607941007651,2.1236338979511244,0.08237173472785647,-0.607361352364794,1.7124458851881523,1.7507186827390366,0.578976187787047,0.8491717993609252,1.9056012622047251,-0.3059704848542166,-0.7231502440662364,1.1901588735201627,1.795623092764803,0.2706352485837529,-0.7442889525441065,2.3563681728678185,-0.2476949382350888,-0.2714938510554062,0.39094782105078396,1.3178663354473754,0.7161958401579352,0.5065982364039101,0.5925401243754831,0.09062756944901662,0.4986476980488746,-2.2948930493397355,0.13182053136870409,0.7603385369764336,-1.1275736397150964,-0.3543848456429925,-0.5628531199577165,1.31606619354555,1.775970062427105,-0.2752758481303527,0.032869373245756756,0.208935423815102,-0.6036587843149102,-0.10411053652331903,-0.9996263286213222,-1.5071527898447243,-0.06457210686325836,1.0680460584452613,-0.5797657125475107,0.9624904363966185,-0.2340537805135363,0.48754872369714214,0.7432146008656598,0.11196023515787301,0.5661575758937357,-0.2154436169839185,-0.35958992237744297,0.19173178490173515,-1.8116891946268618,-0.23347088399273133,-1.5182160942436256,-0.8525170343264996,-0.12462448915761562,-0.42503329034536275,-0.2423064343342157,0.08556631197207348,0.7898871798133424,1.3634032162224856,-0.19443351929086303,-1.6008830146144435,-0.89713409646484,-0.9282514517562048,-0.1969566371369231,-0.3310661130711784,-2.066728320186408,-0.4886829630549192,0.47903317404362544,0.9459927774324562,-0.3151001218275619,-0.3297387403299173,-1.3855887253517647,0.1968779046430708,-0.6787042781443625,-0.23125402268288608,-2.0979554347266407,-0.3416139828612923,0.021696329022108135,0.13205261700992732,2.589334743070139,0.41981419088264854,-0.8645167705213446,-0.7056156376089919,-2.1881768534092547,-0.6653923961857392,-0.9686735891358121,0.4661093594388353,-0.37284564309861135,-0.06843638162544535,-0.7512852987881873,2.0336513972212784,-0.5031870041699626,1.4464872748595985,0.980133585879944,0.9873009209395102,0.6400506817843412,-0.5153254838853745,-2.326498573658717,0.1450462748128691,0.8251654495451217,0.338075308563192,-0.8202996544517729,-0.11091285295552034,1.8473047558610998,0.9092593982921157,0.11289885532518087,1.218968360758907,-0.2546323833553391,-1.7182407965274282,-0.7753914833490199,0.6505131811489181,-0.24318442857767603,-0.13289873241401032,-0.3440632317521156,2.118107982376804,1.6356203856239162,1.684509458886741,-0.15967944924319308,0.5551971526590667,-1.2527209170115619,0.9812497151698513,-1.250906108031058,0.28723610115122195,-1.635174431163139,-0.9877633126163812,-0.43981795298198795,-0.797683273865316,-0.5365519795151847,-0.7256053078135196,0.6254712608846549,-1.7851966500289884,0.7283086590247636,1.2388901455685069,-1.0308567072743215,-0.4869622024021522,0.46461938119766166,0.9201183051671855,0.20278175640778118,-0.4095075055092843,0.37479106145135715,-1.3952929484394723,0.4849455765503814,-0.07060156397018585,0.2328598951514584,-0.5448321737507617,-0.8920956182700214,0.27641578274462153,0.630467748761879,-1.0208345063291895,0.016860540405636032,-1.954951951022333,-0.6322741899651478,-0.8684696119048927,-1.1136515583064706,-0.8645527677569619,-0.5191649163532508,-0.11892870813836406,-0.6682611404577108,-1.5769250538656898,-2.5973795538531004,-0.6135461689424223,0.7805259581221176,-2.9107898602129545,-0.9435387603085348,-1.172269454687678,1.0167257743036522,-0.7389472516019173,0.011337147868651115,0.2192970285397157,-2.333983368971234,0.9465894881201304,0.10672162668755773,0.05911199840741428,4.035841280938751,-1.7479104820138522,1.545871611056752,0.2885545624338824,-0.13815236746034587,-0.3411358579411894,-0.4137068414879006,-0.38302555059832816,0.5106978695328754,-1.8486790146350327,0.5664835448035286,-0.45077408402756847,-0.7600013053502267,-0.9908455751395553,0.8992775546026255,-0.6138788705087634,0.08279810736492782,-0.6643354059050822,0.4368545527154759,0.4217364833026056,1.730279558560165,-0.656722211492064,-0.1423357537837437,-0.13127881202023,1.0926456689093116,-1.1456992134232764,1.1250563680670287,0.29232864652441504,0.03950927583413655,-0.08268744749435279,-0.08880804696455957,0.2535307096679358,0.24679027727018849,1.1700236497307024,1.2766562736576044,0.7126445424656674,0.013988231450065586,-1.0569129894371723,1.3930724664066267,0.6246608277229968,2.2172538117280887,-1.4379745815964833,-0.5710942843365692,-1.6232947173981382,-1.0691845758793812,1.1423790367148328,-0.11155650186819246,0.7445214308853861,0.17089044120440672,0.36953373443442594,-1.0050619362064561,0.022042182269430374,-2.734545849140613,-0.268214946881555,-2.396687363234263,1.1056752407539618,0.7388960834426818,0.31759962330948965,0.6385178993081426,-0.6251632802675905,1.961137360559564,0.7041811457658032,-0.6064494532076256,0.6393137117825309,-1.1713040175560867,-0.6134667165238963,-1.0063253423246208,-0.22666761172009514,-0.8138057678327972,1.1570257944755906,-0.4758288868689381,0.2988751421459619,-0.5953731520365348,-1.5073445910288672,0.39960072530540774,-2.4633775828301694,0.06619138198993282,-1.3672172426341018,1.8961097861040437,0.6794275897330774,0.011774807108074506,0.8206238987944806,-0.2072597583163066,1.0326075378791688,0.48738186171600567,0.4710779044073615,1.357336633859777,0.6121639547084842,-0.25594304566651793,-1.3340862072426456,-0.4363883170527172,-0.46360335515714,-0.4106728684510853,-1.12448388221569,2.8448555909962487,1.2076618462145363,0.3173066404323707,0.3224767106034928,-0.6119551352442999,-0.86455638087749,-0.21423579543380614,0.18430410532898728,-1.0974077502619575,0.09190611097103614,-0.2901474287439471,-1.747336463026673,-1.1722434092256764,-0.08899550154837951,2.13026372443746,0.7155304335823441,-1.3124294198165898,0.4286600118330459,-1.6169504962907897,1.0455233641651704,-0.7289626549164725,-0.4602933051922225,1.2813214051203043,-0.7959682564676573,-1.4336034370204762,-0.07194088501730715,1.4855425615898479,-1.6872834046738974,-3.0319842655638714,-0.22232916898842045,0.5096534521681007,1.4590719139205164,-0.7418292371495705,-1.0497008854006689,0.9353078487202744,-1.3779486870848145,-0.21230450845929733,-0.39363043753453564,0.4887171999127418,-0.5490754292175908,-0.1681585540237095,-1.90232073555936,-0.22974600817413798,0.41220184089852985,-0.9370930012369171,0.6620904833271293,0.5063672920893654,-0.42120782217565056,0.32026001919880587,-0.7442893667169959,-0.8802559719019986,0.3271103071248268,0.20122461553061813,-0.4238733667220137,-0.031087951911578128,0.6316633259910667,-2.385347447780097,0.8281009605198111,-0.698102063214218,0.027101152270868872,1.1747034681252762,-1.5890250972901414,-0.9756011212057731,-0.02607538898858361,-1.4281883969639892,2.723416299031947,-0.47749037828923957,-0.7811068136957078,0.7518062362109859,-1.1252177778754386,-0.44725833996553643,0.7382721212519348,-0.8338753831334043,-0.12025562115305267,-0.6142759314406772,-1.3507038251621053,-0.34136445125545256,1.9109679038863723,0.13177165102204325,-0.456222611255405,0.6105424681582113,-1.74706854371612,1.9430296116537809,-0.10494803440411551,1.333707646624856,-0.9515682858275151,1.5462082143273255,1.4781858226140558,0.00879161989984821,-0.23420004524647117,0.08837420525816883,1.4706549786354963,0.30860645774616857,-2.2110292916150973,-0.6780348937421453,-0.4862199645349665,0.31905216871292613,-0.7101702893418085,0.5617422940049716,-2.1681391819656755,-0.04653552506912431,-2.181084325193599,0.5658331214380923,0.18956326147069727,0.5964471488699074,-1.0197968386309233,1.3867494889154441,0.9665932146595682,0.6233747583884187,-0.34479305725575427,0.7503467230040548,-0.6362724564937658,0.7961673722686499,1.7748319923987739,1.1933415761858646,-0.5098243695175567,0.5672441361424522,-1.3033510867271623,1.0093162096919523,1.644364566496263,-1.9201141568503866,-0.8916968210718461,-0.3704577785800354,0.02493966422816879,-1.5458298708423617,0.7102624810322679,0.531886928908694,0.13139203228939542,-0.9347334205907787,1.0083260819722557,1.7702746225814758,-0.6405317278699596,-0.4509778521339244,-0.07981551770512055,-0.8144839710175693,-0.7932337307047881,0.5857159668866816,-2.363327311699854,1.0188070230926098,0.30157318167431013,-0.46537606704797596,-0.3149824835199657,0.11986290896574617,-1.291135920297319,1.7364746734666165,-0.5554611555641746,0.4527658675587894,0.9629505744901551,-0.9662504384545754,0.06286141723884947,-0.5388143072543646,0.30958070932420184,-1.6670954103449898,-0.636159324606308,-0.6709800946905184,1.0197756376946159,0.44950844563792974,-0.5827643784982102,-0.6549446987881887,0.054128772384955184,-0.3557541333659393,1.2964783027205609,0.2442776649141059,-2.7116636000066783,-0.7195347059249235,-1.0241776700690233,-1.2884249615815773,-0.6897445346768454,-0.4140194391097648,1.7935824210867115,0.17564442391323914,-0.6435970028381437,0.382140903395439,-0.40528892895491064,-0.18161711698235927,-1.063437264511547,-1.3004156426861462,-0.4917184227811737,0.04706257196498845,-0.4357559621276609,-0.29866550976195827,-0.8489608606756045,0.6524107650324267,-1.5263640614364165,1.09083291869127,-0.9768871396446089,-1.0338088496065025,-1.1335553893498416,-0.5482075447508085,0.7239479313855679,0.4884076832500079,1.5841816112598766,0.6205610168086974,-1.0557752568954988,-0.48324741835304197,-0.4906039271250824,0.7417690139800023,-1.1700114579280239,1.0037548469692659,1.3141899864907418,1.7135217414564605,-0.23706176797939513,1.059369001161796,2.481429570104914,-1.1480565414456139,-1.3567695810398943,-2.066878756283948,0.5674961351327734,-2.0286240999089253,-0.6741488526079903,0.2587036699448942,0.15616127486201473,0.20510838577209212,1.1843482360077133,2.2630253886039595,-0.6558958306960353,-0.9031387758589522,-1.0205233995341896,0.41848796113465636,1.1306938981705545,0.18883513177774178,1.0962805186744007,-1.106871126813794,1.4026926350887021,1.3474521407226683,1.2218528382806149,2.1726855401325595,-1.9489892912853362,-0.686400731394635,-0.2574308435136552,0.7563618351710555,-1.026468270430156,1.1109112514226487,1.3948590452195484,0.7951337224905949,-0.019303534624578025,-1.0041223537440842,-1.1230054422542377,1.7570756836828112,0.9704044526512262,-0.44531242046968544,-0.9143876769413757,-2.297163475636811,-0.9504653762490508,1.5926093672763313,-0.9727481766661533,0.3277541158226681,1.143043756646405,-1.4206214434198263,-0.15866388804008724,1.4532485725664395,-0.09280953912052242,2.7613050355195528,-1.8274314712183624,0.9720311527369885,-0.07651389474256734,1.0472465703364338,0.1884629274835273,-0.8790050397110751,0.0747450189837908,-1.5867116054527846,0.7899342767789304,0.15645371289017476,0.33638430190478896,1.0522841041026458,0.8055909262089569,-0.32886955496735204,-1.0581615260985524,-0.3925092971008287,1.5907195320618246,1.3222727066213267,0.08765947551477474,-0.7011443996574558,-1.3490163404675966,1.6359789388315833,0.3975408643937441,1.8597364438985369,-1.3781132133044132,-0.42315724795584364,-0.5379423875463628,0.3674108280666108,-0.1651604021594189,-1.108274674726383,0.26040270490199907,1.2079205412909746,-0.7808198464447041,0.9592544095076687,1.313152761735062,0.37889496071646755,-0.5605197191624841,0.848268320281736,-0.6054519623788404,0.3315769298889366,-1.8991027747051679,0.6173220799036595,-1.17317771243569,1.422309754616287,-0.4887365497442319,-0.13823470541454766,-0.5627423580097508,-0.11121528812056058,0.891933124457068,-2.941988872918754,1.3045416664277787,-0.18775612652526608,-0.7700842384537795,-1.5134200672745228,1.8030614948091062,-0.4156597596151267,-1.3299697167027262,1.3834187418646202,-0.282420152146933,-0.6703836017318126,-0.19633974602720025,-1.135105856411367,0.9416476129957013,0.7955878974225626,0.056602572463252815,1.1351760395252948,1.6600549800730169,-0.6253657670808812,-1.2717871520085349,0.07831406231053031,1.5260740317533994,-1.2807885118101867,-0.9413395999537948,0.3669188345974763,-0.6120991624119584,-1.3004735876158784,0.9298707684828779,2.8130929181202453,0.1661496940194755,-1.2147668203404884,-2.8037734281020636,0.4668151826270992,1.259564810855798,0.8086166398542921,-0.0071219264003493515,-0.43138537013605593,-0.864298884369685,0.8732189823926406,0.9658647461264245,-1.2903051448339944,1.3685853892706794,0.5928711371512225,1.5038153706513406,-0.8739384921960961,-1.877151692648356,0.17539901090116516,-0.3486133843913015,1.9095113226443226,0.7028810283133632,-0.3102044794141459,-0.711305333755019,1.1284492501417167,-0.9237125216938399,1.9918603823644097,-0.8595435715000069,1.842078068884774,0.8989577889733716,-0.513076688259249,-0.4595092976438652,-0.7407902532965398,0.012121818768367681,-0.7999380162300609,-1.005893736600805,-0.32101390700916366,-0.344428148393168,-2.429809106339782,-0.24052143571253226,-1.1825742648153406,-1.2435076497691036,-1.4122059004819874,-2.186366030422944,-1.4266714053241278,-0.9396169269428273,1.7599764389602282,-0.4108724501793227,0.24121833212035132,0.4646873183304344,0.1536821380402899,-0.29085776088064186,-1.3737423853804969,1.439652859207442,1.8073019920898497,-1.7356584600761247,-1.569108076345379,-0.1972096860534795,-0.6595241558906901,0.28423467393335744,0.08199602296529655,2.3175679461599388,1.1958759884103993,0.31477143057931656,0.9163899221162777,1.3895934160894947,-0.4882538307358919,-0.9676634427481304,-0.016930180003111448,0.8035766740178868,0.09984012792987478,-1.645106883690666,-1.1658094292478696,-0.11745988603410659,-0.02063937884734765,1.7320892098902203,-1.1871396561925556,0.7096941793353534,0.9599457916765085,2.229175797475232,-0.17377730131866592,0.8911971110086976,0.775072981529193,-0.14451629992945772,-0.8070382101781838,0.21085700769550467,-3.0945792450202347,0.3137698574881739,-0.10465999564319756,0.5173403541297267,1.3364365812066357,-0.950651576632703,0.10321093354909865,1.9391152025970184,-0.4229961241546145,-0.21370389757705155,-0.2188584121334165,1.2275319053915177,-0.262041606503132,-1.9746398009619957,-0.3554495367872628,-0.3940223397373152,0.29397504841694533,0.44100967988350737,0.7833483618638835,-2.369901957864228,0.8281983343902619,0.6742634163676295,1.1698576476292302,0.057703832541047634,0.5271311036090724,0.8817258409708918,0.9539038603427485,0.2836573643564248,-0.3262604050203829,2.9544375408848187,0.9419135827676511,0.6423670263281889,-1.720160347049678,-1.4083021362036097,0.17898489037566845,-0.09229737118501229,-0.4529386336664617,-0.13384214282881177,1.6531471593039107,1.1285309605677631,-1.4659013631918076,-0.19213575258254853,-1.0124714223846245,0.09279414295826172,-0.4773732525832858,-0.4553128185299094,-1.5565289844972516,-0.041340627445153356,-1.2914963032193938,-3.3345991619421778,2.6499216897547107,1.3212054690091375,0.062152083770873695,-0.17070058349004183,-1.0411971364338781,2.2109517162695984,1.7821114527796273,0.4718936928924534,1.1595369659330197,0.15607082519965784,-1.6245263069682108,-0.936478740342178,-0.06853668112132727,-0.9699982227010792,-0.22909231597415805,0.395792846559449,-0.696616540385709,-0.18878379100990234,-0.7867383086920137,-0.5927390138630297,-1.2638076611234303,1.2017337994682504,-2.0137013174944407,1.3923021069490868,1.1358050951520229,0.5448478537317754,-2.6040739093236525,-0.1918581165642128,-0.3783587698202171,-1.4106461510041313,-0.7019531302126191,1.8577220162737123,0.9680714043880396,-0.14756634108510222,-1.9312841182946392,-0.2564370336245062,-0.14274364117128788,0.8990276495498244,-0.6876372641566928,0.4174614575714494,2.872570306534141,0.6764294430975611,-0.20776345173668195,-0.17250418382697827,-0.20415619501606275,1.2979960201483463,-1.0990684744400512,-0.6630892420427765,-0.3292377005485921,-0.2750485935089053,-1.850399814564508,0.31376041486486345,-0.033242825267925366,0.7661907643474791,-1.174117588842468,1.5772787336581124,-0.5806012891725771,1.4984746344716235,-1.7351235993526775,1.2600936037620656,0.9085808885636572,-1.0290547619826644,0.0059231039995158025,0.721659549746834,-2.0485033784207354,0.6933388890318629,-3.185446861852532,-1.4887180457368925,0.8322057492472079,-0.749097300263255,-0.9549174958491573,0.09479962349925664,2.1604612600922497,-1.8979827715011977,-1.0859757021438095,1.4499477940694105,1.6776612146671281,0.08981965705037029,-0.8978255863082896,2.1610224950747794,2.4996970986487104,0.6575278211045923,-0.6073233717751003,-0.38865630127358153,-0.2819614823736484,0.317582461106245,1.4478709592705854,0.6174123633203855,-1.472917030609828,1.3928028550104032,0.9649094510043518,1.012150832376622,1.735641569934602,-1.393616051854367,-1.0907697904937987,-0.6925849315046795,-1.2296268244914415,0.3707962424918147,2.173831866066319,-1.2341172886052647,0.8703034840274942,0.3594539304365987,-0.27693219562929966,-0.32277488407073396,-1.1931025736628094,0.14937216672078907,-0.9169237157964911,-2.3604498474419255,0.840512855877066,1.337081025039478,0.09919250068420032,-0.48808739015333064,1.3322504544985114,0.0613537410201664,1.0319747762139877,-0.1407456937080665,0.9689047433298843,1.1009266110217144,-0.3514800080004177,-1.0620131437856493,0.23509347361209684,-1.0321460416728974,-0.4164012693725011,-0.6051633634736507,-1.3403468923132458,2.4021617611573576,0.9027457716685297,1.8757996182584389,-0.44709214768825156,0.52898020330724,-1.5839261303412182,-0.5324349526775796,-0.5543027907600289,1.1522554343620528,-0.7162600626020803,0.766909122470981,0.7150263572923061,2.2688813550097175,-1.3902104485220548,0.7997930215381728,1.4177949716156162,-0.7292016102558134,0.9277975995066176,0.622731118287651,-0.45802399705111835,-0.933138566699035,-1.0105439808294991,1.6526982905773415,0.1123565220367161,0.414403645521192,-0.5828340898590231,-0.7351464203447732,0.5324851140383534,-0.9701927506694243,-0.7005947970852534,0.5389257945268191,0.4176382961114864,0.25475270529726374,-0.4750624177300307,1.1845047113336749,0.7428735719090078,-1.2506748259573643,0.055855859362153606,1.1853135213004204,0.7166537764718006,-1.5553626274407382,-0.0038712896166104294,-2.4520000650138907,-0.14692204210295784,2.495183676052093,-1.4383883689931216,-1.4522777046811546,0.305795252461728,-1.6013194851079455,-0.29079486480256245,0.4212273938568749,-0.6393857528969151,-0.47543968448903423,0.44470878998915137,0.19509448172714458,0.7178612726230125,0.22693395335698247,0.8422041669097533,-0.552665104544865,-0.07150250791990309,-0.547521782331598,-0.06498701424280301,-0.5925487284404567,-0.291114046449866,-1.3412165062392336,-1.248357737328343,1.0558495597199056,-0.5325364659954024,0.5995770880159891,-0.31506204688973016,0.20825526248861068,0.9194886351348985,0.8141676534151754,-0.7824747546515973,-0.13047871440588935,0.7826209594648909,0.4733541969007509,-2.3678671775464797,0.17246772023057017,2.8419994841905414,-0.174313368445692,-0.49986636676054197,0.0692932136124019,0.6062788380318687,1.568871026396523,-0.9635081125998608,0.814210467524267,0.5427663452038458,-0.09461778038137693,0.2756031209172767,1.140377464136802,0.6952661164781991,-1.127799273678588,0.7863742142362893,-0.6362702850881221,-0.15823149015100152,0.42719472907433026,-0.8068461142720218,1.5901686989401957,-0.2579531662941,-1.015913437986436,-0.5283088075463352,0.20366245855404963,1.4344619229308078,0.8162052574890053,-0.9412088050267488,2.4506948085499336,0.14718431329177306,1.3178231770415114,-0.164334301444146,0.4734553559686283,1.372831515547853,1.3453409819918385,1.0030565794183952,1.4334718857010889,-0.9228337891185326,-0.25149518430953544,0.047248590498843265,1.0048846167836938,-0.16954780515705792,1.509117885317647,1.6382928289880518,-0.6894668898891764,-0.915385909256126,-0.2039959339371892,0.8494489579052658,-1.0126190512115225,1.416398294627022,1.1387937977277591,0.1710645040949182,-1.5802776247051014,-0.9475086658490439,0.3331683114055768,-1.8966652675316729,0.8353782428721868,0.46987318534272965,2.720898867785763,1.8081094362160117,-0.41825960503214227,-0.09702687233745431,1.2843627950549719,1.2593116280564773,-1.4823288095556442,-1.4540862351453563,-0.8302771384243323,0.3909056207343086,0.5991769122088924,0.8612554379125607,-0.7994408481509946,-2.5879389090010525,0.9145315124549342,-0.8602168498440641,-1.911497774650885,0.40571811901543464,1.2383954356146685,0.7513422382892924,-0.9315002175157673,-0.2396772970414735,-0.44840158312623846,-1.6442399398179934,-0.8761625503106978,0.438460339316918,0.7141030096751729,0.13361343311389912,-0.47055435322249756,-0.02156158337686785,-1.8507653396472366,0.8907064466487158,0.9682807075549729,-1.7157144838220102,-0.6061470142542603,-0.4769395816335359,1.3874326133998076,-0.5624227034362975,-0.9417971576907117,-2.8139709010489438,-0.14045956661719655,2.3592346750588185,-0.628039661161427,-0.10936540789087978,0.4869724074466079,-0.468282573146237,-1.1045346413529196,0.5451122540683935,0.27187529976681807,-0.0639404741902412,-1.0555952969681468,1.110788369566454,0.6026963644935615,0.0637335723998467,1.482263465712711,-0.2769692333512489,-0.9156558889532035,-0.5945570653960297,-2.0053060800049334,0.5333594834798048,-1.1127298776346901,-1.243856179612629,-2.273953474179166,0.7039555664350647,-0.5649977582104873,-0.7419506794223146,-0.5796579837721308,-1.0620191735567084,0.29966940566061695,0.11447876084377547,1.0247283411589838,-1.1463485603214725,-0.018132975791222417,1.0941870382520336,0.605769855040923,-0.08170477202017598,0.49312662784648165,-0.3120116183899685,-0.3640725179998113,-0.623044994917889,-0.0207129720084622,0.8436335353871814,-0.5046584363217603,-1.136329322453343,-1.104162563674942,-1.7290334378103438,-1.350586288024699,0.518500332310702,-0.564305366829501,0.40993071845354373,-0.19726412727468406,-1.3010121398681314,0.4262007651497911,0.3633595815157852,-0.707095726517361,0.737231115440321,-0.3784548214675249,0.19597828341649864,-2.147690060892475,-2.249483649827571,-0.7115151670787194,0.1580736968769548,-0.26671283872469603,-1.3587866731643754,-0.408881189756095,0.00313495610549111,-0.4834993797828441,0.40926325381504697,-0.42835472502721916,1.049133638806124,-0.5885222284033377,0.5467959391667532;0.34981275152559455,0.7364172055661565,-0.6702053698223015,-0.3750588858988844,2.041560809929074,-1.5662988299922782,-1.083915447871219,0.0674464458256526,1.1388022177448558,-0.06007726736683276,-0.8985422055003327,-0.49709905646646685,-1.084331477249535,-0.633490928955151,0.9062538019088,-1.651111881873053;1.9837589116268965,0.9814564311185464,1.212384502835847,-0.7304476532598134,0.38344908207582357,-2.097101520508272,-0.3307624383124437,0.7271366251600777,0.7704040105581137,-0.952949188265398,-0.48980877303165393,-0.19375860398687128,-1.0468604397419798,-0.027849273763138387,-0.599406817546177,0.15470234979234349,-0.05498815855378289,-1.5629472910507607,-0.09733974907580313,-0.12711074689714846,-0.2524399049026666,-0.811576373057608,0.270056082520988,1.726230286979004,0.16318276745800359,0.5877073233680953,-0.9857673286305632,-0.32248275261525927,-1.0300093661449465,-1.2548178706720727,-0.5124558420008543,0.9243008276000716,1.3104263457220655,-0.03842844253800487,-1.2956806684663271,0.08452507548364335,0.7449955661521429,0.3527824900801284,-1.8128774214614556,-1.7708028566188154,0.7528535895793189,0.040316364917989206,-2.0887732844379636,0.36203628859456727,0.46721937660399965,0.9463087460073408,0.6888366570263799,0.6945187953676358,-0.9227729326720435,-1.8300791750789847,-0.37270567278665956,1.1470766989447203,1.2337945791290559,0.82760297793,0.03669627070254415,0.5979372150959439,-0.6941891965918247,-0.18878617850450888,1.3128248371813558,-1.4375183040411297,1.2432504959878385,-0.3549865857187646,1.656519794615893,-2.1927351243650195,0.5535989216270041,-0.5449124195229865,-1.30291159522327,0.7079624343263933,1.2245546572437735,-1.2325499072930681,-1.36078379185457,-0.6278810618813359,-0.4712962405526219,0.8907887818389789,0.8708679514084836,0.036288549053406505,1.7718992054210656,0.5437058096522301,-0.6097740691881064,-1.9454807694739262,-0.10287454908901578,-0.04959346080268119,1.2102681452409019,0.46028269235892916,-1.2779224439461416,0.28677113903979085,0.6333886150911667,1.3161794888459994,0.885901080671389,0.4130315793142826,-0.10497344892148278,0.07716142894222044,1.6790567424264715,-1.133286440128406,-0.6612899510210646,-1.1815140151659307,-0.20926179214243348,0.9437514420504916,-1.0604975038991526,-1.5823464184584488,-0.19977943540918144,1.0097115788660924,0.6077707892156062,0.5770763911071709,0.008152603629551,-1.286652508366537,-0.33743140801041005,-1.2011633175921153,2.8105194253550856,0.8333465730400808,-0.5536916054980522,-0.3126398322008186,0.3139552255702458,-0.07067974936680295,1.5134681761168276,-0.17221626887513475,-1.089446469853666,2.090497317969213,0.020949858711566065,-0.32433271030833566,-0.9950141010251774,0.27890373694600623,0.08050712546029809,-1.8114348884098275,1.7790801417648374,1.8143619849437065,-0.40433689962006736,-1.6174422477745762,0.83501031418897,0.14853832068219197,0.25707751256511235,0.047737774644157155,0.6331596672570593,1.5336588695859232,0.15736562726858513,-0.5103572192738761,2.1847871004816324,2.270361082800046,3.545032558001378,-0.48577049480034173,0.479448881515317,-2.341076316912286,0.4491417663710019,-0.37729553996755605,2.6066397044953304,-0.14625033877421886,-1.9275312466839203,-0.38959104571632136,-1.7551177566872844,0.6711914053577708,-2.9090822106724183,0.2001672260167777,-2.744716056395512,-0.4977228383140653,2.086269984066903,0.8514484153953146,-0.5989864515596769,0.07603355899817359,-0.43432898122151886,-0.032968632824087477;-1.3174766474728097,0.6927631134018417,-2.582950285857926,-0.11422497982268233,-0.24310952266468436,0.8667478308446103,-0.4088748202312764,-1.880553939183695,-0.9059684837056637,0.03543944691144761"
16,0.7069234555869985,"0.1101421566014999,-0.7617458645631455,0.0841626631041565,-0.16129884524051713,0.9019124430893606,-0.5083057252141795,-0.20711198572972278,0.2955843906060932,0.49662671958193805,-0.4156967243330815,0.341557819697815,-1.6236108500933806,0.759659789950499,1.3457822427715393,-1.2064368029492711,-0.3422669299417529,-0.5026754376022231,-0.09737505962391198,0.6732409663416846,1.5549734343113228,1.5852717759913784,-2.067755572135201,1.0666679775397838,1.7447887835916216,1.0034796131157964,1.175395015375175,1.7217082851680716,1.2314767297498546,-0.36454536457346765,1.2800221638097895,-0.006596644924063824,-0.5334527043523825,-0.20546988221721313,1.604073398762572,-0.915996479411349,1.274702969481426,1.0002880642109901,-0.9243342334700521,0.5883216797912861,-1.992006176588563,0.685482972718936,1.1834956649878623,0.06361476433400035,0.019349057536303532,2.0962120285463834,0.30879732250849395,-0.5151521812742929,1.4610311204472144,1.5351563170613682,0.6191144474841732,0.7232018185825229,1.960544139186632,-0.2786784306166879,-0.7013345198577665,1.0186203552624957,1.555817593079917,0.23669192874313272,-0.8947726471300017,2.23544041381096,0.12810175792729536,-0.259136296666039,0.523804714934491,1.2184104046763153,0.8463579072628324,0.4418361337858826,0.352360436129703,0.05370243350248623,0.593636316029568,-2.3967938181441957,0.041134558665477175,0.7920555687024258,-1.0538638402536484,-0.4444169183951832,-0.5974175282795928,1.179534699185829,1.8237009229508037,-0.34739334786528625,0.1343487871424923,0.1137724132269021,-0.6559581383777013,0.02679725513685536,-0.8439655151161105,-1.4944047440033066,-0.09163782775810142,0.9193898584920788,-0.605840730492965,0.8057037941075147,-0.12602840903454215,0.4668143004141474,0.7609993097308921,0.009923381798734143,0.7270360443538224,-0.353269956467275,-0.25546131946802936,0.12444357685699758,-1.7261251527256314,-0.09715567559579123,-1.424435433075258,-0.6175923182090428,-0.26650341891234747,-0.5448904810974959,-0.3170330428792623,-0.04074563529238828,0.7548712024051756,1.368000002426397,-0.2608356614075809,-1.7363126693382749,-1.0068382434993854,-0.7290860854582768,-0.23043358784412177,-0.6009900800446681,-2.209172689242651,-0.3992165470678446,0.4587973445967161,0.934044338151093,-0.49921741831683736,-0.33385150770495237,-1.3582219853877178,0.221837581409255,-0.5112896383647978,-0.0819948076935583,-2.126651485433204,-0.22203680397957973,0.2793926023004749,0.3578379698215043,2.924569428482069,0.37774770065663077,-1.087294457702957,-0.8120648482610119,-2.014001485780007,-0.603981064366325,-0.9577512340946068,0.5194891991712111,-0.32859688494050265,-0.22890499340332973,-0.7427137775071445,1.9990153640697452,-0.46158554865399787,1.5727813635644046,0.7250674469679564,0.8679583001472599,0.48151002223226436,-0.3613151397777274,-2.2488814864315176,0.010024926404996859,0.8634115787769824,0.28119221218012846,-0.9092793238654495,-0.12790921680100464,2.109779337990424,0.8318441539186417,-0.021783136249141924,0.9938910856234202,0.020182459131898034,-1.5680500896642249,-0.7614203899797127,0.7852287928625131,-0.3970859283061433,-0.3299983830727142,-0.24892920943617342,2.007866489320746,1.766338730031017,1.5974221178237804,0.04302358500943154,0.5110851320860437,-1.075645748195559,0.9262396487408463,-1.281574915681042,0.02754235724582796,-1.7139881375031563,-1.1137601580901908,-0.6144317908094814,-0.7844536876960653,-0.6493769066224144,-0.5591933756688489,1.0223680338645296,-1.6186802454360592,0.9699827754010281,1.1242661140199282,-0.999035128572862,-0.576782617442646,0.38417842153583964,0.9848237453234158,0.3829301942366213,-0.38484575574677765,0.40538904522276176,-1.3441834838638287,0.5503974553134319,-0.08557684692435352,0.3340401098406033,-0.44115825207348824,-0.9264954427466368,0.39725112583973393,0.8089807558227252,-0.7415637270076292,0.16819139065642327,-1.9067510978416518,-0.47700749322594516,-0.65840496629588,-1.0136242251318932,-0.7640621679460532,-0.7552079081985168,-0.07937529691960601,-0.7942234784078809,-1.5116681282216966,-2.657274749719758,-0.855535795630071,0.728231079553389,-2.8223444511800366,-0.6773162845441016,-0.9652694482675552,0.8376909544209418,-0.7019429283955029,-0.09906222112399607,0.29090207691733017,-2.3327950563424276,1.0313405492582333,0.23976255715237205,0.13975216806073318,4.242498660916692,-1.8441050574771518,1.5806561765646954,0.29411750472182274,0.1358510415717522,-0.13441146066272322,-0.27974185077699065,-0.6125895275599089,0.4596990883108845,-1.9496734739668125,0.6575235555385641,-0.4983369212562515,-0.865346964028443,-1.0652110432214226,1.2757660409191212,-0.3652828526497526,0.22378510646946156,-0.555057801574018,0.21699970230428176,0.36447115967967464,1.58174169291601,-0.6281479346573116,-0.23050195618705005,0.1579398566642855,1.0962827177295444,-1.252925077461774,0.9838436114424635,0.22533031008872947,0.17676955342148187,-0.09053629053096923,0.10146155552839536,0.38404710099627304,0.43478135758123737,1.2744381308491204,1.1201803244988884,0.679732763527335,-0.10209351245718445,-0.8121403841154536,1.4936355309175282,0.6333042832154538,2.1500796317403736,-1.527611330478686,-0.5587333461352852,-1.7311054176047345,-0.7592911225298293,1.0792247505255175,-0.32362053272490476,0.7195735373337829,0.14631310626578636,0.39210353988035407,-0.9091494710444189,0.0896888989101057,-2.869717979097265,-0.35525255631192687,-2.4101321301802248,1.0120610238428185,0.7650757189496116,0.3327623713090059,0.7645737034345933,-0.6949348656142355,1.8653685034476912,0.7950769702322935,-0.6305671800084013,0.7959834661841985,-1.218097870163344,-0.6596263626836147,-1.0066636899199877,-0.27177601659258066,-1.2450246236826863,0.8759307021534205,-0.5332730897573038,0.4900931461294137,-0.6394560122304963,-1.6206028751557742,0.14407457022827616,-2.5801631384215695,-0.07579626178103743,-1.3945367715349766,1.885957219825935,0.690724694197271,-0.14788183917855557,0.875719277062393,-0.0782402921265708,0.9846401349152707,0.5668215027224548,0.4625066288747297,1.34435183130994,0.5345328196379459,-0.24664076525559617,-1.4808149566847777,-0.4571027290431611,-0.6253109472218977,-0.3354172652140672,-0.9070165421805448,2.7984134976275477,1.3404338953000297,0.548887752541826,0.4008749350188534,-0.7425812138008594,-0.7926093198609958,-0.3363697178090638,-0.15418088512863623,-1.1947238081234628,0.015890719875399223,-0.16347015380157037,-1.5972088010276433,-1.0068917876421244,0.04915980040569462,2.0148191132763937,0.785835706931699,-1.3559368182129141,0.2988125951555222,-1.6070437481832318,1.2189404646929458,-0.7845967685584783,-0.41924934406348086,1.0920185398699895,-0.9124242923835929,-1.5883297939468104,-0.04818367187752952,1.4643077434487153,-1.6186422081483454,-2.910635961703491,-0.33851855893520677,0.6539902277704899,1.3044092319294658,-0.8681282055301703,-1.0739131104399258,1.0411621272851688,-1.5080939029272589,-0.3340339244810272,-0.47321020421057775,0.5943312987947357,-0.6451507280759511,-0.03874669864728997,-2.0086458527505027,-0.23568494075368868,0.6243437256006943,-0.7000395105844166,0.55165201133825,0.21275992016199452,-0.21931683560030146,0.11848908791610965,-0.955272106677579,-0.9101495502869466,0.38108960335536773,0.16914066043229933,-0.3762347505971807,0.12594075702137342,0.7752266806679875,-2.4067141715934297,0.9089022263368929,-0.7949033854578235,-0.13572707889694305,1.2461367835265884,-1.6509388044160591,-0.9638793761607702,-0.038051073659805985,-1.3027916509749153,2.5011940265599444,-0.6052642449210986,-0.867060895918422,0.5196642652813006,-1.1121996124860474,-0.16530927738840126,0.8396116190192813,-0.9345040241585902,-0.2313720945334216,-0.15449120105908287,-1.5192157846599368,-0.040398893688462306,2.146112049896849,0.014669194143834552,-0.2772229573515145,0.6784514058549179,-1.554230076670221,1.9327321209255823,0.03212166884751648,1.6098113291916682,-0.9690864952941457,1.49716669094753,1.4390202607952243,0.08001385586733605,-0.41198017442115753,0.18145451188304856,1.36436005039447,0.3721844840715584,-2.4840644598565653,-0.832129350039422,-0.5141186781559062,0.33540468658267447,-0.5979264603305738,0.6853992496979888,-2.176340865654363,0.001045087258492193,-1.9860772068627979,0.523580775032462,0.2248282914837815,0.5408928182702989,-0.8420893715178451,1.3786728178870953,1.0112516729804613,0.32951578195737186,-0.4560458462676394,0.5013089756351539,-0.7945004175415568,0.8937535664753713,1.676222333800113,1.1936987674896038,-0.5167661841260133,0.6209115602554709,-1.4304943147241644,0.8311593545448445,1.5980116857596394,-1.7426356659885514,-1.1358018895291802,-0.26731206290205833,0.007493870185104213,-1.5645253815370632,0.5062817302101231,0.6529151259888935,0.032167298977788215,-0.8358154039338536,0.9979118879332268,1.8932306266823002,-0.6891266678820415,-0.4116558853377309,-0.08866260351174961,-0.6743692142755816,-0.6360935375024823,0.47296330545631177,-2.489877720754771,0.9304541667495148,0.1114269012025319,-0.447032428646595,-0.2494098219213448,-0.1255328727536535,-1.3037523341822848,1.7031696592887862,-0.6782071977160659,0.3972334454135844,1.085470766064501,-0.7251846478871906,0.1578384484717257,-0.5787315253291219,0.1719931403935966,-2.0327240694751008,-0.5139035584611836,-0.7904240945028512,0.989217887626937,0.3924807250752785,-0.6301165453925374,-0.5720265094286454,0.07601229040745842,-0.45675280036558563,1.5919912418785316,0.21350032004189534,-2.601670728783483,-0.7261867760788319,-1.1001678748879014,-1.223875193820781,-0.6231516208842052,-0.37069880299694646,1.8581380069264635,0.30762958560235726,-0.5865817331596935,0.6072537996148025,-0.6168860968528569,-0.20690822736818307,-1.2913026142903101,-1.231082423238637,-0.5605709378746538,0.21028934870234411,-0.39479222398177494,-0.245306303336579,-0.8880527612567283,0.8232526537780602,-1.5305877689742895,1.21173792252158,-1.1408600107468576,-1.227279206975186,-1.1269802405939506,-0.48871411331900166,0.6868825419734306,0.5335959842406418,1.53553767569639,0.4167207330594608,-0.8670301271173445,-0.5623995198475572,-0.5468077686002976,0.8787123004034049,-1.2323647163353932,1.0665487396130051,1.222732522663328,1.725031694312664,-0.03205398324718417,1.1126074529811463,2.683489323997699,-1.159487111482347,-1.6335168908945639,-1.949986177616303,0.6366239165285578,-2.0987719879993176,-0.3794529334150534,0.34334281384655885,0.4986188532191461,0.3657542601681865,0.8709430470608538,2.0358771639026507,-0.6141796858661066,-0.9825048564886025,-1.1152402605228393,0.5898885598115752,1.3018710085177359,0.11582045580567046,1.0389927538775194,-1.1288827530568684,1.5089299449596116,1.213655967155177,1.223876873550438,2.163734215032872,-1.9274020833187453,-0.6435142296749239,-0.3083370152174317,0.48010946404425864,-1.008896559295374,1.0332917771718413,1.463899136065204,0.7705465913682037,0.03114397784774251,-1.1151004260577178,-1.0136309235077205,1.608376399822052,0.6821083155424049,-0.598965674958717,-0.625127500384636,-2.4214516378370634,-0.8638058239197288,1.3866832003221683,-1.2808417548546154,0.28187961718530835,0.9168389120646893,-1.4152316673915177,0.05795315547799685,1.0389117607264908,-0.0226503655755586,2.900691385138106,-2.1108426445685424,0.9725658542284004,-0.20920636540817644,0.9395774458543678,0.40808976169439753,-0.7157919265186767,-0.05907488690763843,-1.6246784254244284,0.8936411012414462,0.13832912980811998,0.419401502017345,1.0199381241476373,0.8453610531641929,-0.35393343245472203,-1.2818935631221133,-0.37006194593194963,1.3111338823835368,1.3284694755607822,0.044103305397000664,-0.69528827616326,-1.3329568105602094,1.662419032912689,0.45040245529568157,1.9917610107745343,-1.3479005121455545,-0.21138189334362745,-0.4350149692428005,0.3974749969817893,-0.21049966826938935,-1.0030916085066017,0.2717257762359601,1.2786858120932663,-0.8238547833107362,1.076112002867025,1.2942699881806259,0.36989584488236343,-0.5989291943427681,0.7001379217606943,-0.6491883061657774,0.4069725580547379,-1.8422251439048751,0.7515567730768788,-1.2692727896500058,1.2744765676720327,-0.41783209246819303,-0.38032003513662216,-0.47027562265635553,-0.2170569360896632,1.0455273618260048,-2.986736219209102,1.04183555160097,-0.19536083510126684,-0.6323129766105705,-1.5650703904417966,1.7485605075210637,-0.48318575779752704,-1.4174280711382574,1.2271639469606805,-0.12542349696225052,-0.7029335643779006,-0.09796450749219016,-1.2062551313425687,0.8374397253663068,0.9779805727764799,0.0985158422693957,1.0907683067389982,1.7177487545102392,-0.3358777980163813,-1.2467616860897561,0.2982619158128753,1.454452057648502,-1.3259130391929554,-0.9676939440038734,0.45161973213873313,-0.619674618672127,-1.44468431140378,1.1324435189801547,2.9400949275037314,0.2282898848957963,-1.38860852842534,-2.6770822808368018,0.5036807115032966,1.2666851461129256,0.6270227658556071,0.08332868811712735,-0.5013982464097796,-1.1315937152941702,1.1645087677785726,0.9728644516056554,-1.377273859717011,1.1632599267537118,0.47495741693928556,1.2485954663311412,-0.7827936656321746,-1.4752671226841771,0.2218175819523821,-0.4810320895455061,1.776917531318198,0.774463061083184,-0.13458421895398642,-0.7863439943337771,1.1325294707807094,-0.7638041405548227,2.2921419050252494,-0.9634524029817206,1.8849678382882176,0.841393047305983,-0.4146459045616536,-0.490740663684489,-0.7786358652842162,0.23565976459284016,-0.7511157163482449,-1.028492636514275,-0.05897231233390697,-0.5195411655612494,-2.291557443778776,-0.10645309918658644,-1.3274618436612367,-1.2925967006426453,-1.3547778119643625,-2.0171408665933233,-1.4143657957565718,-0.8629631846909911,1.8041375017485555,-0.3038808514785798,0.4537421438962944,0.50496698183445,0.1430395256924582,-0.23020200690799297,-1.429968342189243,1.2709134582733732,1.826957957891037,-1.7826010492641093,-1.6158749689535707,-0.28474875511765774,-0.6827388259010015,0.23202428081150034,0.028427553065046067,2.4397634585370707,1.0506903292163436,0.029281838324679926,1.1371889778546465,1.5074088094003877,-0.7293884412614585,-0.9495333360491036,-0.03901041671752714,0.632002112087156,0.19262323087506827,-1.5756934265862128,-0.9989884423730588,-0.2112612529439886,0.09265551250048648,1.6661652433149001,-1.2023557404312013,0.58875511605067,1.117443548908295,2.395687992686966,-0.046221622406192625,0.7144781949653373,0.7317403767437447,-0.2628330285152408,-0.8493059573463206,0.4080455354164784,-3.052715016132184,0.5110580727923151,0.04800035771299005,0.39165592459133314,1.4633191187532526,-1.1452091057608813,-0.22326927255420043,2.077172154535089,-0.6327955747343552,-0.23745610310243997,-0.2803874776928391,1.3174965604566466,-0.22437639567974926,-1.7518213936919944,-0.4168972189037402,-0.569632801508211,0.34725343480395476,0.5850405648244795,0.45526943633234535,-2.4437034461514666,0.892675607958607,0.3358566916072916,1.3213737441973288,0.11941852404595565,0.4483480037411564,0.7350873145675609,1.1164158306969119,0.42574838393334724,-0.4193486186972636,2.965521094679091,0.9741434508771696,0.5218993508266897,-1.7298275812747121,-1.5381680644800548,0.033319929970727746,0.1340161472922715,-0.5949271406898622,-0.03718305253488383,1.6652532536215925,1.2104153415616106,-1.348092186203549,-0.5344562100099297,-0.9988259426280072,0.11167425053659633,-0.491546431239148,-0.19107971644869506,-1.4563515158544815,0.11053366487976965,-1.3502372022574605,-3.269098336477479,2.6242979637529245,1.3434151946083905,-0.055048860718441894,-0.21732127991834232,-1.1807501375788012,2.1872459125324695,1.6056216805749437,0.5116975276958581,1.0833123249212684,0.23576980135439496,-1.5209084266111232,-0.8739764713183994,0.26475281641746906,-0.8520522507215527,-0.1966664917936693,0.6911269772824058,-0.6735204099689991,-0.2853822293310095,-0.9070393055359779,-0.4955722415374314,-1.3298103249707478,1.1282058638797192,-2.047614194981653,1.3737582620039228,0.935307901368856,0.4588492025285952,-2.822765219914433,-0.18894224345405827,-0.4692925366295118,-1.195202926096941,-0.8319063955393238,1.8945330617859302,0.8493104730831347,-0.17408552003736408,-1.9881565242396755,-0.39361727288384046,0.02467999656552932,0.873638918241307,-0.7234507851724351,0.39216734020994476,2.6230526723323853,0.7890101832469545,-0.298493400458653,-0.31641578492503764,-0.07553656381623602,1.457419411676638,-1.1548278966724796,-0.5720213296930009,-0.37173485409073964,-0.32589055963217783,-1.9442844732146223,0.34268210881127886,0.012014491252394142,0.6996310650349366,-0.7658696153882391,1.6124324303168673,-0.9099849929163489,1.4891799160096029,-1.9434785959552239,1.2972224771606449,1.1935051698318906,-0.916333264691829,0.0134727754507174,0.566866287254016,-2.0174430139712745,0.6325204722118755,-3.0600656093424896,-1.3787415727629957,0.9496389815466171,-0.7391563353228984,-0.9414182167235531,-0.3019904906358455,2.247472697033298,-1.9277769348190852,-1.1160888905812172,1.6913755073582684,1.7077324610092406,-0.012810935044065573,-1.02210013980999,2.321156898650622,2.7294176827966563,0.5374715676737862,-0.6656500383983106,-0.36732886470005205,-0.3788399907735133,0.24554290250283978,1.719799667257456,0.7077182068005408,-1.59603539915517,1.4998367588529906,0.9967697901624508,1.0605760725464775,1.9367648722661577,-1.3934515392694549,-1.247264007828834,-0.6025202560596128,-1.4144194715957992,0.24169770510513544,2.20660126066125,-1.3134170848757238,0.5261477649881828,-0.009347046816685925,-0.3654477005539883,-0.42542292699394013,-1.1330367195636852,0.03185926062817467,-0.9238111186978264,-2.4384938834146146,0.7940693909183968,1.616812463397934,0.050545261327281626,-0.4343047821133052,1.5984441108758536,0.0949981151860893,1.08762195900919,-0.2176201028836377,0.999451363691779,1.0028033462089156,-0.07030887733692404,-1.0214536317974525,0.3644243820947939,-1.051559091957159,-0.3671703073098036,-0.30540412634281766,-1.190455850545457,2.3314147203852498,0.9932381949284583,1.9053801120733402,-0.40803709769249,0.6112080051923424,-1.7057947516886185,-0.7854237164878648,-0.5197739562643475,1.190115026818599,-0.735104868737701,0.7634205621445732,0.6982704692098344,1.9450956123134246,-1.3868315307586512,0.8821767359847011,1.5242002083990474,-1.0772521236759593,0.7081218560271131,0.5024899499777423,-0.473032489133529,-0.7942857127335091,-1.2862337562762394,1.469410704520584,-0.12860891880937272,0.45905921007405354,-0.674678330683474,-0.9574595079163694,0.8868007559861144,-1.2925685369123627,-0.6843546676393775,0.5266510417102177,0.5643587166752266,0.16996488088256892,-0.2528675727641735,1.377853379403671,0.8030323904585358,-1.5285614528424136,-0.04666169735944509,0.9731139953275317,0.7502886808667484,-1.530476681145719,0.07487739209608071,-2.47269473372181,-0.1504483395090457,2.5192226589227236,-1.4313566506624715,-1.3983349678397032,0.47851695682599393,-1.2806429740441239,-0.2515743096267018,0.36457246898257184,-0.5950821617711027,-0.4026454837379215,0.3396589104568397,0.2914402670034068,0.5862356506752977,0.06035430695819832,0.7449461080509285,-0.4251633348898727,-0.009383022647236117,-0.528240770688394,0.07481913592243092,-0.5108585768872352,-0.19336035250501535,-1.4784597566123518,-1.139578505309394,0.9471717836830164,-0.5186914045813661,0.501963245534872,-0.335920586223409,0.2654448857648424,0.85614395407931,0.6130537763999617,-0.7773528193854221,-0.12922111400579384,0.7000180523233903,0.47623755154304054,-2.3180230981740957,0.2517547162544268,2.9164494755819907,-0.3589029350880891,-0.39586675394645154,0.07321413643014599,0.7113846314531939,1.6258795611131425,-0.9216327921122948,0.804766964449834,0.46409479736679765,0.10030852691607284,0.32525850009381263,1.1070160882103468,0.5477999733156171,-1.0391191369965393,0.8933578483240552,-0.5497965956567578,-0.09213433243720637,0.24641125744751283,-0.8092348180753867,1.4325978063673,-0.04398404387402119,-0.9645207885836631,-0.6249184521691971,0.08784630278880229,1.53398316032015,0.8758936103262136,-0.7437710292988389,2.691077002815107,0.13655247511188062,1.1889300983442246,0.06177350718304189,0.4598337662622016,1.502557092441151,1.4177426431495803,1.0178725056358258,1.197217673723568,-0.8757765724537051,-0.3281284043191812,0.14554182995232492,1.0608885212342687,-0.25310056853550006,1.3103135983805687,1.6455509933934283,-0.613526174155823,-1.170567548305032,-0.10287791864268367,0.5094201234256219,-0.974328470815404,1.4741115281412385,1.0784185115807163,0.35142427962961015,-1.3809619465734024,-1.013496458306254,0.1426657597209181,-1.9045680726965026,1.0981747724654067,0.24047107034408313,2.841050504511944,1.787995253948959,-0.26554755758576043,0.01622095675656698,1.3817887553120483,1.2977376676149932,-1.4563278249493536,-1.6430489197163773,-0.7643623631824285,0.3536327302490554,0.48112970904295327,0.9796887682177523,-0.863297911654424,-2.7526921602581407,0.8585525387197456,-0.7698528691081334,-1.8771220095253724,0.35056293708491865,1.1893679945897828,0.606711989970916,-0.9065678376202116,-0.21433173531974453,-0.43776722774729404,-1.642440482659443,-0.8444543338640076,0.5749032818680168,0.6708288019834495,0.22704911433840902,-0.5575778005718004,0.03561762323936746,-2.0643395024501636,0.8383755256970306,1.1685630763559203,-1.650335639979099,-0.6680078905586873,-0.5380608134026958,1.1223396086132698,-0.7317407030510209,-0.7387205182176282,-2.8618991597936767,0.05059838274598297,2.527844436881057,-0.6331749096819279,0.03950293189332481,0.40680124320571753,-0.26539991445412225,-1.2862937606711915,0.43381597346200934,0.2539315793447761,0.20470757947372803,-0.8936829186003099,1.002727352180479,0.5074995935388219,-0.0656475369841976,1.3753117989529882,-0.29592333144418265,-0.6506549903712949,-0.5208443135645281,-1.985383672916246,0.5207268694621485,-1.2631667725607743,-1.2643481910686711,-2.274443487573467,0.665220707595394,-0.5942152108894437,-0.8536740126319782,-0.497007105337693,-1.2598419916514796,0.2299845597115268,0.092354299044701,0.815167761117448,-1.2990076281922716,0.01580736727777593,1.112711846561903,0.6916374762239323,0.025334066461223,0.25707830543008514,-0.3168460977682987,-0.3790887914751574,-0.7575967738675913,-0.2543023871229259,1.0522670662673912,-0.0994191165271556,-1.0561171801245424,-1.36817780814872,-1.8945180965214192,-1.3000426785221806,0.4804221125129679,-0.525174391640068,0.2053145085774816,-0.334922680248107,-1.4789663438619685,0.4692229371283333,0.38187619088033026,-0.6102281125569272,0.7896675193636351,-0.6801034159275441,0.036259667190229106,-1.9669724018202182,-2.282820971456839,-0.6150858448878073,0.48700866518473346,-0.45413184657807704,-1.0588966871037322,-0.4296820517779856,0.14606658535181852,-0.4475961758164845,0.4140420508474128,-0.3506213158564648,0.959573279617256,-0.8190222353953853,0.4368537025202609;0.37945905656681256,0.6208693878411564,-0.6585734830283364,-0.23044734492062174,2.0280533166378465,-1.5573749318252492,-1.0517852834961026,0.06948995918006878,1.049788365798784,-0.0882869863000573,-0.9141965849059647,-0.651469637113503,-0.946971116772958,-0.7069004322961677,0.8755850944856274,-1.7496513479477236;2.0851446407796903,0.9603804427168241,1.3186998404995662,-0.9312769097904731,0.4948481612257426,-1.7512651919561897,-0.5281209791489263,0.5408730037658707,0.9604079352495024,-1.0109326632566813,-0.3625165815159401,-0.19776994782879292,-1.1348854093778975,-0.014662773883904596,-0.5875480320227722,-0.1631599784476765,-0.15591186625160253,-1.5251888892245424,-0.3219343924143291,0.16724951131338678,-0.42096928790105737,-0.7647221912368242,0.36179944365537287,1.7268161912231987,-0.07651708805494228,0.48148159903930654,-0.9568200399116703,-0.04995170120975692,-0.8931386591646661,-1.3025264520193278,-0.4447543798767643,1.010228043389946,1.5099444658216843,-0.17327746592244062,-1.1904684176374065,0.03782185677965158,0.5732311625396594,0.4212121443866149,-1.6825867239161132,-1.593977680646671,0.6890652835246579,0.28930534733873486,-2.005899371045034,0.4908367276217082,0.24164168381576823,0.756293282336386,0.7052745947151163,0.8534655494801757,-0.9010139291626506,-1.8165543789979297,-0.47087444749694884,1.0630442986209911,1.477399027918334,0.8893622149586254,0.18864480699215141,0.3816414703392458,-0.6676380071610891,-0.26369660524238026,1.2317698751663821,-1.5157805081991227,1.4493273025659972,-0.2880200385941087,1.5114975357531528,-1.9284814189534687,0.6055843817371279,-0.429591808226665,-1.1501112613091709,0.7848210754179911,1.3024093900001403,-1.1311204255123821,-1.5136383158219637,-0.5895673373244598,-0.5004566716937016,1.0926244161270071,0.8080525686631344,-0.011348671662324727,1.7040116764889426,0.6258293418701147,-0.6697856637709616,-2.097402996679982,-0.2520550827732728,0.044820501597971074,1.4891768187802774,0.4549128018667522,-1.1291304204098187,-0.04503972093153799,0.7055017701795367,1.0905879732164134,0.6132695138387687,0.4596022496859392,0.008111746751756216,0.43396278428238644,1.6805985083895412,-1.0237848592947674,-0.9023390495035168,-1.2423210743470376,-0.02774030025654188,1.1398310112380166,-1.2332911011600864,-1.59444101705729,-0.054416191619014925,1.0723182805026044,0.805158419148782,0.7386881801718265,-0.13624664299526615,-1.1880190286309986,-0.36782976303385667,-1.0668836587106603,2.7023980337177433,0.7761921710133274,-0.42758919484426683,-0.3428406316871183,0.09201875269228689,-0.0007744279247451219,1.5436642790287565,0.032990965869827804,-1.2848907567942704,2.1111934016754472,0.04326288006712946,-0.16296449001497154,-0.9918353337779732,0.24666466414789176,-0.028561292002267903,-1.9934905803218301,1.6740468863359639,2.0965257315244785,-0.5282875115572497,-1.4786920038691336,0.8975233143576448,0.07018658742243528,0.22425268069809665,-0.019781664797367864,0.7513729743556913,1.647810723738215,0.26357698067115626,-0.46090593869270297,2.012887518805573,2.1167539222848704,3.5479731263538916,-0.416326581984167,0.4411702951628994,-2.364101662519703,0.6323129384788237,-0.2511810940825078,2.671446443611064,-0.20538507863037195,-1.8337275367237476,-0.4570770353006555,-1.7978775237298006,0.8139225482335973,-2.8043572083089217,0.2658394453296302,-2.612509490181925,-0.23058640332929267,1.985152930560793,0.7350530615729551,-0.593502296345986,-0.1728036889602313,-0.2785233959637149,-0.25204975632715465;-1.2565505952058291,0.7019301160127709,-2.3953002659970744,-0.05165007236844367,-0.37675290084942736,1.0277506035244393,-0.24539374155941832,-1.7863060937299724,-1.2276896073988868,0.1399011110980512"
17,0.2323190969064936,"0.7354593771430851,-0.8748437634554955,0.5815455077056295,-0.012791848033031142,0.4070573908835558,-0.3631287721700036,-0.4513212141009449,0.6248889622489411,0.8335326641470978,-0.48725317346737074,0.4580034918828537,-1.8243909224628418,0.6919653811687008,1.8408289787478398,-0.6720804265764044,-0.30583392716323493,-0.03006379202487737,0.598502206511698,0.0031612134159604427,0.9132887362995823,1.466703463352325,-2.0130142381996508,0.7046433755186121,1.5177156906266989,0.27984428673778394,1.442699938611675,1.1304563446445486,1.212781762403705,-0.23918839739619815,1.0172462447654684,-0.20236135853161463,-0.8942040930448714,-0.485223705288542,1.6261113243575915,-0.48587490528424365,1.5938542970656608,0.2817563716688868,-1.0689061061920706,0.8484277882765077,-2.0434971098878254,1.102935769598207,1.1338742260576198,0.11739842117342561,0.6279437520949149,2.573131284981463,-0.0328090610958183,-0.7428835472502002,1.9731148378404313,1.3033007660609355,0.5613025559786071,1.1406453647571444,2.0915509975965625,0.1912381621174152,0.3380974867508432,1.2496309047009522,1.6336035480895232,0.8241430358607313,-0.6460481482470458,2.2943035814470734,-0.9100250578167476,-0.1391034047475161,0.48869211985697175,1.8842098575869166,1.076051006062211,0.9282595355087557,0.7460665124749604,0.08639257356036735,0.9971405214614805,-2.244721990286801,-0.17936856417879876,-0.2523490078982386,-1.698980484021619,-0.12243746191985147,-0.5303862985836835,1.2192955204132305,1.9123304575167912,-0.4051175413048797,-0.09703689826571625,-0.3664293379506157,-0.627036834357123,0.5242550148698487,-0.8691605782562948,-1.2570882256058384,0.2628533405414743,0.3571575479247854,-0.0014335506595112846,0.4319551231808971,-0.6258969833576965,0.14072316028485848,0.8105980374912212,0.5031650164369297,0.42426116465290165,0.19755440451670486,-0.48445703120490774,-0.3727127177563802,-1.2780422199617283,-0.1846908834580352,-1.3003821939717704,-1.1443831042729933,-0.34410559756313946,0.033536321347405446,-0.4260760091678899,-0.12140620954280487,0.9729987289844769,1.042542591883711,-0.39063920075039416,-0.8747022141340266,-0.42331360761029563,0.12764131600279438,-0.9163225098076493,-0.5286737290173519,-1.7898431022059753,-0.8185896641895825,0.9286383659188381,0.646757372144145,-0.8225639145279348,-0.6458743003848573,-1.020482302664512,-0.007117070735457257,-0.49595537427295533,0.2773062300263985,-1.823899245932893,-0.5292492055626944,-0.07417197899966169,0.8154379886889899,2.675151338471425,0.8175456606753726,-1.391719261994608,-0.3190065808148562,-1.9509922451821473,-0.2593598574448634,-0.8066356372673107,0.5473915977942954,-0.3952793278808696,-0.8702809101496402,-1.0414449654436,1.7139418941500284,-1.1632459831104343,2.1861495722551965,0.5119631611718533,0.7136047818425902,0.2525186169365857,-0.21012107762536636,-1.9788961821581457,-0.29128283985717657,0.564846115560849,0.3890342670091519,-0.9548400514535025,0.060419334519712195,2.128804548182564,0.9188208438133882,0.03696144785928543,1.0687052160457882,-0.27707167523890297,-1.3008543126870544,-1.0022107301522902,1.0623174841006922,-0.35827938316116476,0.17779035718603592,-0.028467257071945293,2.268920489350988,1.9016204908573018,1.8832425189400015,-0.3381288368217571,0.8691341875445139,-1.2745133496157275,1.0543086454336623,-1.063391340603859,0.2973584583707676,-0.552451326013091,-0.6327409210532494,-0.7319126689474236,-0.7335118332962456,-0.9975029460294595,-0.5219510392362443,0.420954578958986,-1.0262875289766191,1.0905491215940755,1.519062404335304,-0.7871114694784376,-0.28384745042131754,0.03286190518244082,0.6533672094052401,0.3239651289062107,-0.4967317575318564,0.7949016177355624,-0.7576272275248027,0.5845172146077262,0.5564103943167326,0.7240031080466061,-0.44668782754384434,-0.9789507931679349,0.8126857754086109,1.017256108425953,-0.4688577805950275,0.09766760657097494,-2.1566904964668194,-0.6084413085361341,-0.6420399095451123,-1.2513160186679189,-1.2802637293463848,-0.6569065908256885,0.9869911167857919,-0.7841956661963606,-2.048927950605238,-2.567067581410131,-0.8014284828121309,1.2114375682356757,-3.077197995510859,-0.5209791382341602,-0.28730595518084373,1.3936234734874693,-0.41040142488403836,0.28864399831182963,0.8643223291625639,-1.2647442044060837,1.1961777668539042,0.3544477701074442,0.6740254858993284,4.038794893262798,-2.037869074132381,1.899448076084016,0.06714189218243719,0.571982940517496,0.0990332831242456,0.10800593585997469,-0.13338310991876068,0.4449611424755926,-1.8704252618913149,0.13604123921188216,-0.16527478724290529,-1.1961577185051784,-0.395922792398617,1.3757628937662323,-0.7309774523032282,0.307829314730652,-0.3729669562477489,0.6644064882314406,0.5833212201270696,1.8952835432988888,-0.7084160290361992,0.6470217034058803,0.24369672514545546,1.102467291528553,-0.9842427520371748,0.4445408591797905,0.17713996727821735,-0.08440473946086186,-0.2897301826654246,0.5677160385313772,0.04518812904991173,0.20007806072429196,0.8587989851665766,1.454158470954459,1.1183883881535441,-0.3075329520965845,-1.237968936244565,0.6805665270778218,0.19913897355478283,1.1483369271175274,-1.1290120226170743,-0.6659060184283067,-1.6256145544034535,-0.45880286484341715,0.7645407273493812,-0.4069302121240745,0.7391259329043325,0.2536263345405328,-0.5664841584990767,-1.098129644088357,0.27056303133363646,-2.727274178181506,-0.24823080626344565,-1.953533161019882,1.1293442428268563,0.42490397008443054,0.4917299870379039,1.504122821384885,-0.9712771984733838,2.0746648637595153,0.5288533717861019,-0.5214391365279304,0.6446309975233618,-1.7570340802137678,-0.658844112056356,-0.6196347347263224,-0.12214846804412938,-0.8174045424242837,0.9341225720526298,-0.3438932087028699,-0.040919770584006844,-0.6718672088579871,-1.7564224514653783,-0.28888875244228496,-1.8443145164408945,-0.24462880998374992,-0.8776088325549722,2.7132643523901994,1.5031131898494492,0.412184507731825,1.391864338879001,-0.1282164094149666,0.5176032710216981,0.39300211156489523,0.7623697918773009,1.3434507924077477,0.28708766157900073,-0.1640532824218315,-1.4153827858077948,-0.4533491378431579,-0.4931672350093168,-0.12775567496425816,-1.2184337170751254,2.8940545927944274,0.7635548570201599,0.5569538530375978,0.05095167159254609,-0.29908182451893833,-0.5852541861625674,-0.567559623329451,0.11770512283897092,-1.091220719636938,0.53211182443191,-0.3924523006059645,-1.912105798432132,-0.924404963935282,-0.21176172397151535,2.0907973020707726,0.05856959851176868,-1.2306118176189675,0.6628180780919484,-1.251200910683671,1.5420055694606076,-1.0544180997612311,-0.06865587668641404,1.073519015127459,-1.0144437507399864,-1.7628058863434162,-0.2962473012129977,1.3964920804958265,-1.9267260912375916,-2.9093285919302727,-0.674368894176592,0.41279973475363807,1.4721109287369132,-0.8768595200467332,-1.270234295343175,1.7423415286601798,-1.4963102220466356,-0.5186679194293357,-0.779318330124366,0.92230712414149,-0.3465956495814275,0.3458402378703413,-1.2304975802084026,-0.21688481442457697,0.5793702537721703,-1.2201535518301423,0.37809316758923567,0.24907281953898192,-0.03671769755873286,0.5927435448558837,-0.8378125751288193,-0.692088534057894,1.0318575393520628,-0.11325203007280331,-0.5560541686326834,-0.027902761574706586,0.7045590932861154,-1.9788798054499077,1.0546035604646173,-1.0815765857202364,0.7228686236803205,0.7525926933221362,-1.5846451143015643,-0.43428515688434854,-0.9081532038112177,-1.234067525930985,2.5569996925799527,-0.5388687226479987,-0.8973447942301362,0.8328811951034514,-0.5657237187209188,-0.5136472227147058,0.6542111603332642,-0.06700878205667542,0.08527444082163034,-0.07564845732973874,-1.272173759217407,-0.1426819972402527,1.9544510154880488,0.0967070446194522,0.22962648095610885,0.2968559566634538,-0.8591656877257375,1.8115954682413382,-0.049420028944714464,1.6300507213184694,-1.3843112463639702,1.5076177734646943,0.9002992440220088,0.01634756074332852,0.12523972984733386,-0.48850750227331957,1.764338550015825,0.6874505924099358,-1.9141978930765036,-0.7361741861698806,0.2167570681126561,0.6091693032215653,-0.0478890536064349,0.6470063348341744,-0.9115406074200033,0.37285144523803454,-1.7295908540731268,1.3562032424959678,-0.08124047150569248,0.37214349010311193,-0.6934117228191972,1.252146662606917,1.4352870702555782,1.310525027707873,-0.07922914190220263,0.9869627737709449,-0.8279726299564631,1.1982423096669568,1.703202752497296,0.7484531632237961,-1.0464466994244812,0.01569451553713823,-1.0524932344031468,0.5500746209308013,1.1004167909853253,-0.997962232116364,-1.3053328661542243,-0.4318822536481146,0.4315008229681924,-1.8738576466871073,0.5623462036198683,-0.1341778606425741,0.3020054440795498,-0.8525044291300239,1.0992931757100153,1.5146662383369567,-0.054030650485398624,-0.5460800256683783,0.2197314236447329,-0.7313075522835415,-0.6360304652495475,0.7942599892047283,-2.5820437201008795,1.383023151386746,0.2698433841093236,-0.4477600667322669,-0.14145414642254972,-0.4753859646549025,-1.257200317125164,1.5169519844201529,0.11390357148313203,0.011206801855757238,1.1049817064967986,-1.1123805165521956,-0.052025331367510946,0.0054096511535605615,0.7591049144946107,-2.152064227312292,-0.7436817991615063,-0.8685834687287098,1.0944522681985638,0.6442922220603233,-0.793561641145669,-0.6541300302961507,-0.5397076967577227,-0.40524240834203135,0.5479926051325923,0.17338663908698118,-3.0131215117222645,-0.9803096457163248,-1.1229452852011856,-2.3165774881740027,-0.9467092071068759,-0.4151035965812821,1.1377643055596725,0.0736878062167983,-0.44077782243240937,0.22536749279245397,-0.6156134514812485,-0.5121868251102263,-1.4935855422309199,-1.2848628112049214,-1.000851594583713,-0.30512602820592133,0.033992762925029923,-1.0554966805518395,-0.5742118110402199,1.2741531490602278,-1.9427648278998655,0.9538139601542994,-1.3411215490948472,-0.40234295229681827,-0.5881817108252453,-1.6312071070760084,1.4348001096578982,0.4377390079082142,1.5688081629848578,0.29763919888859713,-0.9538914359028321,-0.25177642799569566,-0.45814204096909333,0.8737907648078554,-0.7823419207924639,1.4021480884655173,0.7358170976755631,1.6368040410448617,-0.956755464090971,0.9763257582782107,2.12334078871268,-0.5934083303225831,-2.118578795121003,-2.3186784855553007,0.8397355138679098,-2.1746569473699435,-0.23352727986371066,0.5570055876418731,0.006610463001670255,0.028310867988385086,-0.3958654050370698,1.5010136109136476,-0.6525944695456789,-0.774111531900727,-1.3156125064240283,1.3413602781487708,0.5415032036039121,0.34567202071021474,0.5974027127974062,-1.212501410988987,1.3614146146335895,0.9728311239057118,0.9218242214374442,1.630665488523587,-2.1443895269108495,-0.44228542476345156,-0.31795273082342795,1.0812782385225332,-0.9337323694931937,0.6614188900649062,1.2232313052698076,0.47858653187899347,0.19369844679761786,-0.4067626668267321,-1.4042701804174031,1.730570470285885,-0.10872977124333855,0.2702625463260684,-1.0347971839419856,-2.0508012416851957,-1.3572278278264798,1.7599387176720536,-0.8254868700752935,0.6786585000407044,1.3626235729178648,-1.7084751068271584,-0.028134666487806548,1.066144884198182,0.1940316851376862,2.79531955869293,-1.3732534860531616,0.6588844562800787,0.020452402694246696,0.791472929320194,0.893780107025006,-0.3255235685165566,-0.1066233616888825,-1.9313979130386674,1.2379975586298861,0.4035202963336085,0.6218659099558124,1.1417032307827157,0.10712713471627056,-0.08451634157933335,-1.0799336026336677,-0.7128768726386209,0.824486620336941,1.3081212027000535,0.16260796217467355,-0.3648843412297879,-0.8836956562399269,1.906205155992034,0.8032875704390343,2.1330334474861146,-1.1163736514437546,-0.7337129696918301,-0.029848832257210703,0.21993266033259587,-0.31774431526107494,-1.2530614539542362,0.3965012394004652,1.0103692784676435,-0.4114072722467006,0.9320956379398002,1.2210927125489333,0.24710075010029975,-0.17051410610456583,0.5528712939610856,-0.15249307549653449,-0.0090781645754218,-1.9148363854772663,0.7071468965841531,-1.634395051335796,1.140893678186758,0.3404033086308128,-0.30452174111759717,-0.2643789129919903,-0.3800509604693728,0.6446035294518202,-2.9838965811778846,0.9753189923668644,-0.30335571091058805,-0.9018656105770703,-1.3644556850677645,1.5966881952055645,-0.4925215252464702,-1.5655760774208243,1.3380434612941,0.12030284192080812,-0.41316701219154384,0.1223924287246187,-0.700112142891083,1.0752982936597657,1.3838512586490985,0.3865748004442467,0.7308837542739495,1.577857599568405,0.019444769075471706,-1.2149396033324416,0.4844794586587071,2.097848291253939,-1.2321089106578917,-0.5940252648110307,0.8397545217768304,-0.6924178097791422,-1.2042936793726675,0.78373967337684,2.589678723802775,0.46920755178324036,-1.7673867693823484,-2.2385542131038756,0.6797937165923688,1.2529359459018863,0.452281398633995,0.4175467784931959,-0.7730602279004652,-0.8828830678462732,1.4361316802902075,1.0575908937290164,-0.7143110237103252,1.7646740071539042,0.27059531904196643,1.1587571591754278,-1.2086672729571408,-2.601459400767408,0.3608983226826712,-0.3820083817882727,1.7856773004594593,0.18012610512870936,-0.038531074532511006,-0.9893696940659832,1.3727767550704628,-0.9381983447144827,1.9715670859873113,-0.6197187894980676,1.4467674696260162,1.1089004717653663,-0.06796040688540057,0.10486622660829005,-0.718043587285526,0.009122353274514577,-0.18317976454191057,-0.9391941866073318,0.19697459190308897,0.17483487393421954,-2.2099250186327817,0.3064148761314336,-1.3914097922332203,-1.0854509706646998,-1.4073697348492842,-2.2722074436222353,-1.5437754440640425,-0.890804074523945,1.764180575715148,-0.034332593938588285,0.2527501144691331,0.19325788102326558,-0.08396957654504635,-0.6242364315436443,-1.4387321500199897,1.1885092839783196,2.186649843779682,-1.289748502833032,-1.5536797645114322,-0.4434837541203125,-1.4568230789438474,0.08987229798149757,-0.7007619814141591,1.7792345346497347,0.8699227132598705,-0.15797303770795312,0.8835662093241268,1.5285757981153654,-0.8799997743970845,-0.6002738411568194,-0.05054818680074886,1.0656835716469666,0.020716167653056866,-1.218196537126728,-1.0523337766871275,-0.7606131711267248,-0.35944077105323474,1.6417744911621932,-1.0392410921045037,0.5740919928855429,1.4957845657553197,2.0808547446940873,0.14827705391547122,0.8772091839461794,0.6581714491317361,-0.06419741681287452,-0.8047523476654905,0.15783398068708493,-3.0686184515822568,0.11491211831001169,-0.08690533075332735,0.006050931895785913,1.8152547183325618,-0.7619184331645665,0.12158387933703749,2.419815260649872,-0.1212684819965452,-0.3062539495265484,-0.18478061400192813,0.8212686132022643,-0.056806935933685514,-1.6201307874692306,-0.2667836280505685,-0.6064677687026201,-0.332825979953833,0.7886042861105723,0.44197045101272586,-1.6405182291517273,0.8629652904022123,0.15717675014057364,0.8263580169751017,0.04119488704269092,1.5877804478194963,0.7512130827103308,1.6086713458763862,0.3077440097234301,-0.20570866251046477,2.0440556922338,0.8281896693131088,0.6697099681232704,-1.222357904667958,-1.4638697553182187,-0.1887548814413269,-0.23589979701960845,-0.5262449091554623,-0.03744973005836688,1.4982405180961214,0.8398873942371663,-1.6001367625232166,-0.019893801846356304,-0.5896861659866124,-0.23395893526498562,0.14759570756989693,0.06187033701353517,-1.3234900682279562,0.34479740913822554,-0.9505496669580099,-3.277767955720074,1.7972141391886653,0.9089106072652253,0.07554989206110577,0.40554026974453866,-1.2298113337647731,1.8928653152079074,2.1174275389875468,0.7422053032674635,0.9950731550807108,0.3589519752349296,-1.7041424615130427,-0.40793093337079767,0.32610895452632593,-0.2410391441890467,-0.18393280587559782,0.01851780806635843,-0.519044325716675,-0.04257781331452916,-0.5391233042309213,-0.30084874025962927,-1.3937669325164195,1.4275863336425996,-2.2384821645474138,1.1741375097473499,1.2569887302109002,-0.257885648630693,-2.361152471705753,-0.4604985246530963,0.03706133172952944,-0.7497103066654818,0.07891491957184778,1.4052803503021742,0.9418375393990344,-0.4289867416333783,-1.4427779865054058,-0.5929484205026274,-0.07838841562168458,1.39297479286235,-0.5086621823906827,0.3862361401622288,2.3254344877953503,0.3365309571253504,-0.6442381575477096,-1.0863388351881735,-1.0318735077822025,1.0073344826794355,-1.60769046757997,-1.0453461831142505,0.35693547599240333,-0.5463128546570322,-1.3038181380259555,0.6024557651534175,-0.04308247046816814,0.7218881890637283,-0.5626941021599534,1.489087439403697,-1.164064655662988,1.1471955612074949,-1.5807991678877893,0.6849517802631884,1.3249310813709674,-0.3214563991516315,0.2543042420148638,0.6701934038541013,-1.4612151367110429,0.0015867752220523612,-2.4986316955891272,-1.670979838146554,0.5888435270475999,-0.9018589789562372,-0.43394121846998573,-0.5241231514348312,1.74373962026335,-2.2293760662228217,-1.1550013786434634,1.4547113818343722,2.4508235463501857,-0.40344185487721634,-1.2824242221542745,2.450366956227075,2.262419089659294,0.7552573762953585,-0.8977201693219166,-0.7188724210419842,-0.25971499493063893,0.012639806945458593,2.030378325496824,0.7303635581378717,-0.726216610084169,0.9712357366114669,1.429166037171308,0.949215437962939,1.4117874387960043,-0.9833958808941236,-0.31404000519989417,-1.1771417740116477,-1.263173431341424,0.2561048839438325,2.402820939568177,-1.5081819416528306,0.4586372188996983,0.9038011155388392,-0.08009955745294536,-0.522267096704856,-0.7886745373063653,-0.5805652057385489,-1.0670900722923276,-2.7670882320364356,1.278912348461667,0.9460818982424725,-0.14627815560643304,-0.1181404654773426,0.7868271366836934,-0.15355284856198287,0.8889225806726622,-0.21552115292866364,1.3420553725637654,0.3122019217801539,0.31740799725484087,-1.273222417223263,-0.07035795171782797,-1.8581361067047453,-1.0410274497129783,-0.6222211190457213,-0.863770537638969,2.1509467059470446,1.8541790372780438,1.905516659551629,-0.7274101712808703,0.1152312962034254,-1.2210575784100266,-0.831092490810999,-0.1268271065974511,0.7129161245948387,-1.0897660649452479,0.5454949511792891,0.3987412574453644,2.9054140600629856,-0.6411897529394832,0.9280750548485032,1.7700722191011942,-0.9884250053349007,0.7189522678905438,0.2175838531244143,-0.5808230284326089,-0.7092120861013798,-0.8474330515916005,1.7684247915412776,-0.1926055637866885,0.9577065580566688,-0.5745994262735404,-1.1107192187439099,1.0715145057065933,-1.0446196406947035,-1.0491806606227057,0.46944823285042114,0.2328517580721531,0.27280181700750916,-0.01230203972741233,1.0084936190336937,0.7644001461182027,-0.7986875057864068,-0.3494747376266438,0.6531846505657961,0.6233231347994235,-0.9292160136504194,-0.5223029029127364,-2.374337777867574,0.2810196708360923,2.3825556891609065,-1.0183523885622492,-1.3284066511358037,0.9295030697883852,-1.4630992872138706,-0.40917868299772586,0.5576640442222985,-0.5082597933121951,0.3537141137548791,0.34271596034876123,-0.09358815315247404,0.5130230562058634,0.19788300097271327,-0.24523784464909112,0.4152224688009446,-0.4168692793194774,-0.05180486749775892,-0.0006980870026519898,-0.6078191718418243,-0.07655653930377956,-0.712540784250706,-0.9790803075362217,0.493290536095963,-0.1962774131418738,1.3578716672617979,-0.5262814700301036,-0.17229086699274027,0.9569847667908074,0.7283772937489306,-0.7413987662208729,-0.015656965124817263,0.5556750254995286,0.2468465022219129,-2.5574132512257126,0.3357872232214111,2.678961397133797,-0.37113831767746186,-0.41672132079734714,0.8264279941673944,0.5995199327266325,1.4698970558243982,-1.1160604609027434,0.7793061609556995,0.8073804703831292,-0.14075519768319716,0.3901643272067521,1.0286070150922768,0.9473737543551293,-1.0363771896743827,0.39839128525108514,-0.6908696418382189,-0.2789006119104321,-0.46845979555219547,-0.5650495415707113,1.570203476814096,-0.21367905022003342,-0.8153115293429694,-0.22853562788534984,0.6196323634499855,1.1663676533607037,0.60064156052279,-0.6750737728391034,2.671705733568606,0.013529328444163241,1.2019564671114689,-0.04236761318869772,0.142070570302576,0.6753378733018159,1.18516264205362,1.1034045795381109,0.9618596834869318,-0.7375743925442756,-0.6308701091237139,-0.0908916645701883,0.31792978198120125,0.27228077862578426,1.4189674055275852,1.5680137158698766,-0.9824007327802324,-0.3928139281030816,-0.40296695930756365,0.3834023090937533,-0.6568711901957955,1.8963147782168253,0.49982789959914076,0.5780556347244692,-1.6316420871503707,-1.3228409454137382,0.5107512168933841,-2.349766497498796,0.7082382484776343,0.4108917807204418,2.8556070602542127,1.5844959336713997,-0.21865978247759343,-0.17552234840668438,0.5039196093342404,1.141302731289834,-2.1759372527910505,-1.7161197365335823,-0.7181343897755832,0.8063540098448987,-0.1795891705773111,1.3189017519247457,-1.4514549190759098,-2.188318851521528,0.529869818994342,-0.6217105276824891,-2.3378647950700824,0.6303240381369802,0.2439496434019857,0.05168772109951433,-1.0262713503231802,0.34400836659775963,-0.027955477248405053,-1.6034260955497384,-0.9923961749419248,-0.030611033597517823,0.7823044787679357,-0.2603914394947051,-0.41996512737161656,-0.021436868351451012,-1.5430355451858968,0.8506398759044381,1.097891469474252,-1.6808922447200354,-0.47752320653976943,-0.2913429294778357,0.9080030905123293,-0.9378040697844936,-0.2303911088060931,-3.316512916101837,0.14888616983485659,2.6062843842271453,0.40164746431616394,-0.15333598825837988,0.06392492316416365,0.18810492192870398,-0.45441392042027495,0.8647022480059234,0.21111387328150988,-0.7432970416551886,-0.7675052994644999,1.5249416816227537,0.6836047205206497,-0.6654342280579165,1.1396507793440693,-0.3409999965842936,-0.6624445842791891,-0.75931595592758,-2.077271396008778,0.8731569990731378,-0.9373991665685304,-0.8990697653206373,-1.873795612746587,0.8495800747974176,-0.9104395917619943,-0.9241572284050177,0.15973252242488054,-0.515458375318417,0.5047280474844537,-0.15468708783658194,0.6346966130278793,-1.091484279524469,0.3212766947971586,0.8941068408513333,0.8090844244395858,-0.2337777148557584,0.44824936969289375,-0.21875934939527822,-0.21859334131891137,-0.22985413674843644,-0.3253999964545097,0.41922456635466476,0.04822243510910501,-0.7750773986409756,-1.573417339176511,-1.7112189364989976,-0.755121024652872,0.5366916432532839,-0.6829845986455139,0.6994071709183775,0.334225236421893,-1.748472845774484,0.619538802269977,0.5257245107042371,-0.5210460997291649,1.1891613307021476,-1.033584503770205,0.42790945622760196,-1.5472349485280963,-2.0580733257627135,-0.09526503649807504,-0.6896641108429283,-0.6358413378999818,-0.9997679896339224,-0.1863765968546436,-0.21961530156086728,-0.07335455703685578,0.26823000264316016,-1.045153590542068,1.8720895552663348,-0.7673634811767972,0.5393357082172825;0.8479950217025943,1.043552234096335,0.1253744542524673,-0.40856580610026083,1.530379847687784,-1.7664461805240737,-1.7795936490763238,0.1242041177626005,1.2692883761359852,-0.14944686413813163,-1.378132704260386,-0.126534153413368,-0.7101403189068448,-1.1195615756572284,1.2934470619322305,-1.6031983671615517;1.8367606439479665,0.7535122713207004,0.9423042091047373,-0.561091160934867,-0.40699871747790556,-1.307430119203085,-0.7573319023237834,0.3401971001348799,0.9110869411577054,-1.2587134055768197,-0.2936145891337787,-0.4286800297741463,-1.9947679829386205,-0.31215309262895635,-0.5848598805131626,-0.051145820242309334,0.5854153397079931,-1.2745910798226778,-0.06972529017024198,0.08632202534859185,-0.641373025125021,-0.6680983222088578,0.47613353784645895,1.6906068901905684,0.0740971187878233,0.5487203866922676,-1.5348400843326484,0.30862384157248735,-1.1063784557341199,-1.8687031037520963,-0.47378844354319194,1.3070503786146657,1.0715375651069887,0.29857088545240934,-2.1269135861546893,0.20496985367131595,0.902064560382001,0.4223602882081972,-1.6734251752811946,-0.9941100979757324,0.44055280720916706,0.5665266202126211,-1.7010690071272085,0.11944767679113542,-0.24337161866657503,0.9731327068274516,0.6254591918426977,0.6992722810008469,-1.2710065589598645,-2.3222598579338833,0.05753947703438762,0.9619158942113227,1.2643424408532198,1.1411861097291316,0.26213686611663,0.5524457291930094,-0.680999412621154,-0.5057373746967918,1.3860328601028844,-1.2240608541875508,0.8893338074777173,-0.21154857194877297,1.5842517150225235,-1.4339395619161523,0.37090152078723515,-0.18530622579421155,-1.4410416743937438,0.682387765942002,1.5539436513688583,-1.4537798077015474,-1.9136661141104223,-0.9039765558317251,-0.3721030983830553,0.5970233218420338,1.2363294909659028,0.14643542399131346,2.493595042224528,0.12674120123516194,-0.7806084127742192,-1.548534976909877,-0.4447627884260702,-0.6407392240854717,0.40784383851464134,0.5518656965421809,-1.211585226947981,-0.6141606183216712,0.8290508204119759,1.5686787255986323,0.8257736732295048,0.17249502041738762,-0.24038324978669337,0.856906682022305,1.9495497560050195,-1.1418034958827805,-0.5449619285325497,-1.5332928095781424,0.09103872593483495,1.1527792624537034,-1.5426320307611536,-1.9676301267691663,-0.16121435850958543,1.0918080408462674,0.5509378591553191,0.6720672745932971,0.7277168010988392,-0.9271466440208097,-0.10699585840570933,-0.7793505885663072,3.264160122951869,0.7373976184853069,-0.5067753163156534,-0.37325566893667655,0.012678221658839764,0.008231572719581491,1.190295887174613,0.4189630486168524,-0.9649508699028654,2.3631232358634735,0.4749402697977047,0.7263890976173559,-0.7259856199317264,-0.1841241661603151,-0.06830040102946616,-1.5551656273339884,1.499586443846877,1.4320596952923095,-0.24310007741655237,-0.7722056381807021,1.1780981727579227,0.03768618085398432,0.6091794284986174,-0.19183640528688087,1.148341218181658,1.941639869129464,0.2799803382563299,-1.2456730598532202,1.4513996817484904,2.314745539359915,2.8162520770287145,-0.9190772651335448,0.29424424904022395,-2.419751560811614,0.6765477162330665,-0.40627703530736176,2.027228392485278,-0.324220930895484,-2.060732011123575,-0.4594206583711246,-2.0626086032595294,0.5871946967195713,-2.414384614975963,-0.06788223546548067,-1.658019481805223,-0.561648405867017,1.659857104894842,0.49923949356848796,-1.337008968538705,-0.015827739813432475,-0.5864737258331023,-0.25670133813896384;-1.7382228550388394,0.4369398607244998,-2.4184491678734625,-0.3905152360379936,-0.9879233117765588,0.0659758515377937,-0.5041857059320098,-1.4926043017763087,-1.377343012648732,0.45925955436478544"
18,0.211408373524203,"0.7353318378908879,-0.9985406826030301,0.7452886421138303,-0.00013532453660514143,0.5298842822669191,-0.46515444777622467,-0.5591544070160043,0.7441632929647082,0.6850729583212855,-0.2902525154412074,0.2489009844433043,-1.9069153105513517,0.3441637000860236,1.6746732379601095,-0.5860961222516838,-0.1695081347899533,0.06235479520832261,0.6747373621593223,0.030857856773702508,0.8439331320157449,1.4693944338661378,-2.023420530132782,0.6089292652292951,1.604745339072555,0.38373276508654774,1.422956844678646,1.22156014966395,0.9804411812291716,-0.14946050558794144,1.009396296192821,-0.21180333300790824,-0.92596586778905,-0.3906047469868787,1.4079034842184366,-0.38888840409564407,1.4854525858192835,0.42069376062454017,-1.152263972326656,0.8308948520038174,-2.2401390726677595,0.9122861463912336,1.0318391906313167,-0.05748581925474167,0.38577145005474145,2.5053155461060355,-0.2581727336160104,-0.7219820400574443,2.3056259249523263,1.249344810395765,0.4954371405032413,1.0759795074175085,2.2135337278506446,0.3332846534388895,0.36511452963177565,1.305121078186437,1.4137400462067315,0.697997760482259,-0.6454975480486057,2.1297909610110337,-0.6745366227710625,-0.03638751559789384,0.3113493496572792,1.9284678694181612,1.1027482001553255,0.7693235371187984,0.8230902996678464,0.11819114081336346,1.0398671900915357,-2.299443129149602,-0.20266097532125682,-0.20949652522961165,-1.6808582224952,-0.05155890579441534,-0.48662899237676177,1.1911205292459162,1.8095269377300531,-0.37558717593642077,0.11260646709101475,-0.4524214893810934,-0.37300133108719713,0.5464989783447097,-0.8692966677824753,-1.380759734645986,0.4288559622963154,0.3930482211036827,-0.2799186522128989,0.34122865902948646,-0.5757883663814458,0.24662288996499715,0.9415736136897979,0.5300845920996679,0.4302163508492188,0.034936941494065454,-0.47290143698345083,-0.460185957664456,-1.3153150749999345,0.019726741527286457,-1.2718113046646602,-1.0946600325333216,-0.21533049494781809,-0.15842166547022973,-0.3359174033136644,-0.4217586457105148,0.9890953955549081,0.9446661295925618,-0.16250842397809798,-1.1505279557785666,-0.3781870127526212,0.11884103381261153,-0.7848184311610753,-0.7665164952541452,-1.978904215418923,-0.7602257316017815,0.9809553071595872,0.5288647099248946,-0.8078152269454664,-0.9551923530765642,-0.8927607998145765,0.19526437150960396,-0.35183689187262823,0.40351347123262166,-1.6960134116495145,-0.5977347400600549,-0.09164161355079153,1.0126324346805364,2.6485485657728947,0.9037642061552662,-1.3644208583781172,-0.4618476690720577,-1.9881823845348223,-0.29816564675431506,-0.9782105707256825,0.5563244511656682,-0.29859951902966003,-0.6967458737300696,-1.0864398722637199,1.5087029693620417,-1.1548379734723746,2.129284916141108,0.5116776634667067,0.6164693317236377,0.2990706659884832,-0.28342108025689794,-1.9440694072472773,-0.3111247801000286,0.7029529437819242,0.42294636049074674,-0.8613979638900797,-0.016468969293730318,2.0988871836369927,0.9242470380623777,0.019683338854132704,1.2513688622930155,-0.2833194877004394,-1.327920250689285,-1.0591684346142063,1.1022243532242357,-0.4220264189291063,-0.1087445439004503,-0.09767497004447304,2.161544760857712,2.049254904555125,1.8563598147227796,-0.3784622154876439,0.7903414349496053,-1.3543865601454719,0.9049081134776744,-0.9579660374123591,0.4308655936042701,-0.6691681453810348,-0.7845687222969356,-0.6345038258900071,-0.5980476141829721,-0.798114800299874,-0.7337660049849044,0.6192363022616514,-1.1881712690093509,1.029556083687706,1.517107924346081,-0.7203904866543093,-0.1459970409584298,-0.09727200989717141,0.667856123073471,0.33013246105710964,-0.4824529361040185,0.856276859432091,-0.6885157052384515,0.47030815186868263,0.6419968184169677,0.7830153951362007,-0.4018521338124083,-1.1526134273354247,0.7910531145376584,1.2062060385723712,-0.6365782880711088,0.1349463710945402,-2.178913064756256,-0.6692899292548459,-0.754066547645187,-1.3630454417734785,-1.1191586715353317,-1.0149585537458528,0.9511074581810569,-0.7901560678976282,-2.1140724617327584,-2.484997825811897,-0.46218606758843744,1.3954150056729446,-3.1041717599220693,-0.5332389547582783,-0.4154697633948818,1.376103594963798,-0.3348718660145075,0.3734794111531987,0.748255003732704,-1.467546490155211,1.372949976482887,0.17901119270767474,0.3854628414186786,4.017254365610569,-2.22102235165264,1.9045377182823495,-0.0007328317125132218,0.47179976007760943,0.04453843440279023,0.06116397553600671,-0.08230040363644696,0.419827094242301,-1.8085157703825667,-0.01814856715334831,-0.04902528994404483,-1.0963561520058016,-0.3151905986117197,1.2678592101411132,-0.5719160038081359,0.2713646996425343,-0.5294345195169471,0.8402392874903761,0.5016207803150424,2.1981243631428375,-0.5299663660158425,0.4798748057980992,0.23651248370301606,1.0831399386828358,-1.0366404259174038,0.5229329133846452,0.14153356986049548,-0.0988542511568343,-0.11963750305166218,0.4014010983661089,0.07231576734780125,0.15835643788884457,0.9169165750350097,1.7317353697934639,0.9430558039441237,-0.3101883263855097,-1.0641059019678547,0.8117225377066614,0.08740174625348085,1.4729615026646352,-1.046763923583874,-1.0640996326162646,-1.713551970193199,-0.5296084028196222,0.9505600036455608,-0.47023396037209375,0.7379877195869888,0.21855181598511828,-0.5520686460015651,-1.0879042978934104,0.23023170507983642,-2.8133922639413105,-0.12665588681999285,-2.169646956385074,1.130517315890135,0.3653829954563794,0.28044877021056513,1.3838538752303624,-0.9173461420561826,2.4126874505751688,0.4734613469312575,-0.7105178340159307,0.8780992443712015,-2.0321704111756387,-0.6013913648507756,-0.6723692772022227,-0.2561489713489604,-0.7645834580029818,0.9125273733471431,-0.565824383829511,-0.11440074044188003,-0.5796805244388301,-1.5020493688421601,-0.25200513918643097,-2.108401806831409,-0.19950302074822335,-1.0158945588353203,2.734658784993168,1.4538981796110793,0.35285044786363545,1.3564558908656175,-0.2292475733623777,0.700141497888704,0.4317123109613381,0.5533635684313853,1.361654431752911,0.35795831222464936,-0.22178625001342275,-1.8034395548079816,-0.37906284259692025,-0.4728794786468049,-0.2982544471770654,-1.0105245060205574,2.999068298476177,0.7024186180131053,0.5427146338860804,0.05340730472892247,-0.42703976840977653,-0.430204044348838,-0.7401668575486638,0.38505128266463756,-1.1528530860687236,0.763660505823294,-0.3196543657287495,-2.1303165054588127,-0.9043638649440162,-0.2265378161956709,2.359738421647456,0.1204183495231237,-1.3856564302269867,0.5814103841936927,-1.1834597094095491,1.4021881476209999,-1.3050515971351349,-0.07163665498301677,1.2364329701856753,-1.0833623946572497,-1.661716427781099,-0.09121986675954219,1.5420002187137987,-1.8084271571383057,-2.9679251635732666,-0.7704371732416426,0.43086030175922096,1.4785528912957402,-0.8134265566164502,-1.1994246652127596,1.4981642750786834,-1.6047338961903554,-0.358713646585188,-0.5221117603372557,1.0692401962837532,-0.6020697238573584,0.41088310834442665,-1.401738495619322,-0.2879666366636605,0.34540149032030065,-1.286765300718555,0.5051117376720086,0.44162998911942736,-0.36284632323746296,0.7037316379812153,-0.5457181144741843,-0.7054690218855592,0.870353629921489,-0.04228047462180689,-0.49906157949386665,-0.05245739645097183,0.9204008689618471,-2.0208837183753343,0.8791757190942832,-1.1948747839340008,0.6138665464017004,0.7775220965904428,-1.601863385130682,-0.49829664098853166,-0.7659861975271209,-1.2020744412093263,2.454725531683078,-0.4378725800179558,-0.6082521423071368,0.9166967824567899,-0.9078004935196614,-0.6314223770210863,0.7467231460234033,-0.0958602678977161,-0.035597476446601356,-0.417084453924648,-1.151528085728034,-0.1956687408193693,2.048312139981539,0.3087860084706194,0.2511333420192932,0.2978663928573364,-0.9236986806057667,1.8690665017720465,-0.03136305632861696,1.8801356279999908,-1.4260488455902716,1.5513220336692128,0.9322297146491112,-0.1428127014288904,0.04770275895560904,-0.3190877884911601,1.7250549257269625,0.8014889477535065,-2.027195715124178,-0.6034843103636179,0.31015001222217015,0.6939364654197001,-0.12052098686117267,1.080336133975239,-0.8844291204923603,0.48660880994373673,-1.6616760132230999,1.2277512553945795,0.0453058515674654,0.5344344999513563,-0.9050757783339469,1.0280021326608637,1.515806607871929,1.2752442531235282,-0.2840863922709161,1.0324045439303444,-0.8380992473672053,1.23518246791675,1.6074003480583512,0.8738208205917295,-0.8965856813220427,-0.045583801012219344,-1.2848786193622075,0.2659948520883759,0.9414805584572697,-1.1922555078195611,-1.1807948220021767,-0.592279685462635,0.4552920662672712,-1.9100500337921604,0.6559546824233726,-0.263794990430688,0.1765340888255132,-0.89499876751732,1.0259923603304908,1.5201069220173862,-0.4163371353649478,-0.5994023002359944,0.3345473435297092,-1.0488189772430623,-0.6620540503174839,0.8313480425636334,-2.494636692656961,1.6419584866738715,0.33053654066915095,-0.5418691919705332,0.1710902472577989,-0.4821624557736971,-1.1864719920272115,1.294024698140236,0.06950905552223986,0.0012170566254795234,1.2110246865524574,-1.3076828771236775,0.07695672096293193,-0.04980854665973116,0.8342718962878176,-2.1042115685171847,-0.8238497439739376,-0.7410542223419267,1.011190127651688,0.7392572474261596,-0.8425981182521693,-0.8348704798460529,-0.7102991810958039,-0.4481375753261959,0.720252249050092,0.14679022401824227,-3.1334019705274794,-0.8359764669571794,-1.2218826095204534,-2.36174061283709,-1.233264286917438,-0.5047169760737642,1.3306940335638244,0.1480864465681769,-0.36250837054474505,0.15372541145040391,-0.3758931833115563,-0.331836341099932,-1.4285508027752292,-1.4771463179138666,-1.1329314862444335,-0.03909303302731251,-0.1331684631027077,-1.2181739349778304,-0.6416961521275237,1.396950434596985,-1.772192369016338,1.0676128168145889,-1.366641200306129,-0.7122288715249073,-0.8281886144735612,-1.5695011891797257,1.5611773990965552,0.20119793723771195,1.703613978141446,0.5107193787418349,-1.0331262680863333,-0.18606760760998312,-0.45382772749512734,0.8017722161184822,-0.7871628320411707,1.4755714585381763,0.8603203755306118,1.517746620035049,-1.0322437455480342,0.8997307430323416,2.2097047101583067,-0.4924034044352315,-2.079936594526954,-2.265480973790743,0.7880880071947285,-2.0584338420695953,-0.25407644351047526,0.41216060332029575,-0.10675800776790366,0.3086194046846365,-0.3482308851835239,1.4941433161737805,-0.7776970581434314,-0.8233527296119874,-1.201530426858102,1.0185350520345426,0.5401245572244274,0.4269809883327839,0.593075302158203,-1.2580039486664136,1.3143376030323857,1.0299767497897843,0.5308741296593096,1.6439077963492892,-2.3627555726423948,-0.3208411276955999,-0.19171601124479565,1.100802925895404,-0.8636778706617019,0.6015266345588239,1.2680290034325052,0.37245859674932197,0.23077758402228993,-0.26956645419125536,-1.5506732298576604,1.89336140414449,-0.0186767250921337,0.04408405323030379,-0.9196835609354376,-1.9713933995366475,-1.5062819461694814,1.7611950594367975,-1.0367006817244055,0.6626977738854589,1.4634831611385064,-1.6990821169323933,-0.09527042387159608,0.9828880205083294,0.1397392731298797,2.68792388539962,-1.3180101706695333,0.7440920349524068,-0.10566032187792246,0.9164941546609123,0.6553818103920321,-0.2818859607004758,-0.004501072130282897,-2.040329254720339,1.227539464918948,0.38615950256119747,0.3768308609138864,0.9945615770671803,0.08752770603577575,-0.015948691027795447,-1.1351660409012736,-0.7942246574152976,0.87044735341315,1.3338199930754302,-0.13591366474263367,-0.3144541863668484,-0.8655115940204247,2.0192783521111597,0.767469976496014,2.0206175554229753,-0.8409729352766846,-0.5190826650000583,-0.04964069819122445,0.4462207178451213,-0.552652884537319,-1.448467226397308,0.21508700516881418,1.0025506527814005,-0.5715159496243299,1.1033719485169977,1.3634759247942374,0.26196097058648005,-0.1861898037566622,0.5445895519447532,-0.2341747899998291,0.036643977036333174,-2.082558147060924,0.7636275158283881,-1.4294754386582689,1.1667332654379468,0.2806999455716591,-0.2144636888029818,-0.3778281867916725,-0.5513281473436616,0.5586419274219321,-2.969622204158973,0.8705333350752092,-0.21489755654739012,-1.2136020727480354,-1.2442786110639443,1.6018809040321078,-0.5666378226664374,-1.347169113690927,1.5153118085275348,0.13118787014294292,-0.5905231265395109,0.3473798849442683,-0.8071452633093091,1.068590472750535,1.2790010416549067,0.4577310304128256,0.543656671928533,1.7440252369884282,0.014018208039440802,-1.1637794274698958,0.5096417409918951,2.255077546783539,-1.2622413288897403,-0.7608249373785884,0.8252705374343339,-0.7264782834847738,-1.1234516125845517,0.9692980517962342,2.634855475185272,0.44339176167538646,-1.6909044409970613,-2.2532537250012483,0.6321092474164065,1.0108535871897881,0.6113550397478135,0.3981154513210553,-0.7838303715249267,-0.9771370257729999,1.3994883676752712,0.9632616501367544,-0.8427384495461299,1.7366540757411897,0.37383643953077605,1.2316749204636837,-1.1261933678030713,-2.5459653241944986,0.4005782170073988,-0.3729060542902105,1.810822260212194,0.18029461431765037,-0.10582721880225157,-0.7306837175474431,1.3007186126232373,-0.8750960260102144,2.0940449967845565,-0.9094548653865598,1.502469945156541,1.1343614316505006,0.036312885232487296,0.0002691307160087378,-0.7344090022874938,0.16070411570814358,-0.2812105062336573,-1.0784970441125858,0.0005870216863882727,0.028850390173798993,-2.2698066294884023,0.39688735177923296,-1.407969897846412,-1.1541493858672507,-1.4162223953923658,-2.2266995105085226,-1.4548193556435443,-0.8086901059507136,1.7612867687225047,0.03824927920577684,0.180613874731582,0.23032650612069094,-0.04350724142065367,-0.5970623841897744,-1.5097159280564996,1.2248835811356498,2.076702070796348,-1.4791275150679988,-1.378566918922567,-0.4063892482636925,-1.6099330133068923,0.14973935907483055,-0.8081790135937249,1.7965746824044273,0.838045049208007,0.08958653650619812,0.9087948727402896,1.271719792438478,-0.8815634005439716,-0.3656172901849585,0.07554387644354969,1.025598736087663,-0.17632202807624175,-1.3516303659379112,-1.1769163055498162,-0.5440165239923122,-0.46811508959973813,1.6997914079904293,-1.064103065051272,0.7265349236139949,1.24703930504423,1.8728974396969646,0.19975423165336462,1.0450998870586725,0.6620256968139475,-0.03221740593552939,-0.6149702152294889,0.25082594052778473,-2.958201481941334,0.38212984001188927,-0.02296892328822396,-0.04262290297186219,1.8578880077875577,-0.9529443757605346,0.035304094786725415,2.5830024895634205,-0.17985092662965058,-0.2573975193881196,-0.47824719625783657,1.0270486173059208,-0.08167991612933062,-1.8428654472393675,-0.48986581982384925,-0.859219615239044,-0.27678054834494464,0.8645263839455855,0.4636162961068524,-1.5857668145929398,1.0360243897402157,0.08025199636165109,0.9345290920444635,-0.09722640615879583,1.6231101582349383,0.7561626375594753,1.5254803885566603,0.2382753235857783,-0.2590844156851196,2.1255300981741203,0.9013073942176184,0.7992199519896577,-1.4975933553870373,-1.0795256972314111,-0.17616406294469814,-0.17750507616329364,-0.4876508583184451,-0.1390809713418156,1.449645787228749,0.7390741266571865,-1.8647141018798878,-0.016826607524912735,-0.6298598599559314,-0.03585987102946941,0.1619973139782136,0.17253703958543085,-1.4657217667485223,0.2737021550127837,-1.0220236005992698,-3.41948157183615,1.6301104788601062,0.9968041852736671,0.020861283118339152,0.46912890672090984,-1.2163841634146464,2.169721074477172,2.0422563453046902,0.727983531096552,1.1504509429004603,0.3661674235786733,-1.91840347586216,-0.3243181349955202,0.39454360640283304,-0.26643797446183204,-0.05219784017081558,0.009476561089057076,-0.5363126333123968,-0.08053961246203414,-0.49149609633006736,-0.1647206972808483,-1.308290610046377,1.446664220783669,-2.11883572168875,1.2706268598249444,1.0990083352174809,-0.33632977419445137,-2.4923602754588554,-0.4104709111800733,0.10779872192730397,-0.9402910405056183,0.04421337809441204,1.6238937060048029,1.1122057247303643,-0.397470970546016,-1.465981871394427,-0.572212632202376,-0.12159852758350417,1.214849076731068,-0.30807922368734464,0.37967752298685964,2.2517100238333088,0.34597937945708046,-0.226241092790696,-0.9976409183183195,-0.871827834402972,1.0382802093342947,-1.4438472691833095,-0.8917301567333963,0.0034495005061084827,-0.4542977976909905,-1.221772745997173,0.4627648838849485,0.008997516489385043,0.7832340376826142,-0.4570458514113095,1.3594100478665954,-0.9573648242232841,1.2092195617660761,-1.5561407689966742,0.560533657059491,1.1349757495574158,-0.4113715799549953,0.3966164410251927,0.721638049299751,-1.3713610544441441,0.1238169024150343,-2.6636127617327015,-1.6081036656180343,0.7279493963364717,-0.6630456827719655,-0.45396429489595913,-0.5429700828194944,1.9015075318834638,-2.169541431524095,-1.0809819593258823,1.5979559702688833,2.416485586855369,-0.4063417527555978,-1.3646547533468218,2.4984990962556894,2.3981482097540963,0.7541086520513499,-1.0114183200875055,-0.8105849942966423,-0.1830895571446768,-0.12291360912594956,1.887565629407598,0.6611746218475216,-0.7850473129220582,1.051017000736322,1.581824940432654,1.1034685903259522,1.196225616493424,-0.7701129058926093,-0.42467324868610473,-0.8952246613076339,-1.3013421530660396,0.1006959211807463,2.559152815128291,-1.5081371114138946,0.4629045282823928,0.8119233214730375,0.02049617885466591,-0.2623732080422584,-0.8812940406949613,-0.5185640347201717,-1.049764371667893,-2.7687800011382655,1.1016935197633788,0.8369862196164747,0.051825301380030234,-0.17529271675993693,0.9558822404726647,-0.118011349587725,1.1403227168500139,-0.02294544528885696,1.3134021169093841,0.3512662082383383,0.3731076881932765,-1.565497328019363,-0.1278802805327704,-1.8942433344951528,-0.6967880710290348,-0.5591152220702649,-0.70972257567616,2.218855114679508,1.8287763483453823,1.9593635164597356,-0.8782892977860132,0.1975766327374083,-1.3135721787997137,-0.8413433578551016,-0.07939056785514186,0.5206149146148079,-1.0319691627017817,0.3958217836436281,0.38554359576127817,3.2121748444763782,-0.5801359675011986,0.8037193236005098,1.6638824935545844,-1.1592826623219077,0.75231452607113,0.18095735421186238,-0.4168878980333909,-1.010138846910524,-0.8718240626945672,1.8312973488562736,-0.08131145439774368,0.9049390229690234,-0.7243533062897298,-1.0242846657842282,1.0938646163138943,-1.4293150733978712,-1.2438067261302268,0.5873898689889017,0.30495560927576504,0.40483193282126295,-0.11139968939430099,1.10633593120329,0.7013855961811082,-0.8885189909505011,-0.6189421079048344,0.7656029846881189,0.47561697165094585,-0.7250572791296053,-0.5431900554061786,-2.393870927796313,0.24392044265731394,2.3771235006035667,-1.027720089896563,-1.2026126704326328,0.7828590734554166,-1.6007546897530005,-0.4630962054898239,0.39308477096336314,-0.6956999387192233,0.17221202382688597,0.2295071614833376,0.043557775117895686,0.3551698700354931,0.06451091184838473,-0.3488643546501202,0.44073019587089873,-0.40159224726443443,-0.1547938407616501,-0.22395049968186204,-0.5950454846918856,-0.11484412468162049,-0.7520431233572561,-1.163652601190293,0.49082281618053347,-0.31760730500845735,1.5570552803640632,-0.42012367475594903,-0.20555905885986037,0.9051274902919951,0.8371001582616711,-0.6719742751004117,-0.23199980764907338,0.3115095860108467,0.2390668573317703,-2.32931845678375,0.2694609402970284,2.8742523849182118,-0.6559554246062157,-0.363197612879733,0.6766801142875281,0.6853289099080911,1.4775428798969266,-1.1409443292625874,0.9120314115315764,0.7218980012936851,-0.33560077296715557,0.45451897072725583,0.7669068866548594,0.9903627824074527,-1.5471271015953412,0.6026008006073459,-0.6429279730769525,-0.30900137493321433,-0.4298802743888074,-0.5813505802351293,1.4809359889661013,-0.24072787487525038,-0.8807216964111787,-0.06678963960349002,0.8046794216400702,1.0990627233630348,0.49100340013087906,-0.871725295559961,2.617804201738249,0.16463594470810738,1.2342067643228276,-0.17780575690673095,0.3166836836031601,0.7504046915888999,1.159813530346345,1.334755428359234,1.1232998660106333,-0.909919360264074,-0.6081514048682054,-0.23892428185350068,0.22195319071719816,0.3742569356548752,1.3651686903271838,1.5661440780591043,-1.058221719443703,-0.6047007757600555,-0.29158856581976733,0.4510449183909685,-0.5929718818646189,1.658960792117425,0.39264339514358165,0.48213443843195936,-1.5516518711965568,-1.4047823878444554,0.37915788992973487,-2.1053862549290345,0.5948570683210646,0.35010849974642977,2.665678212982324,1.7493193199641996,-0.36842963580906074,-0.1209902638810858,0.30507552722317977,0.9748754874633784,-2.179466070928467,-1.6999476671341207,-0.6306492779751508,0.9820684813056009,-0.34323184122231337,1.0953637073963927,-1.3381651835929436,-2.2027026832423777,0.3540532558976943,-0.6154517273052937,-2.450301702531266,0.5503004855386568,-0.024777589074196464,0.22162453018051875,-1.0261651098233593,0.15496749832120954,0.01000690312914973,-1.500334524467391,-0.9205562317544416,0.10994734754677149,0.6585184772854925,-0.2929535674064889,-0.15107012452651553,-0.3167505847770062,-1.586721822056219,0.8114568403799429,1.1397881654931554,-1.5334380602393058,-0.6169912155217198,-0.5144300239960546,0.6837544266296176,-1.016171764910827,-0.27161635154431507,-3.42582292547401,0.3188330666361036,2.341417701635931,0.23971770648554544,-0.043258096179136764,0.1765129162841677,0.091536737922291,-0.4742160781212087,0.7688108743710056,0.16342974841531274,-0.5672913736245379,-0.6377457094988,1.2596133673464303,0.7641515772519925,-0.474574531018369,0.8700541413459513,-0.12201065613550252,-0.24618967792467275,-0.6449387825503589,-2.142297290038028,0.9831448628665549,-1.12550136876578,-0.7225487624110738,-1.886007937513781,0.8409718401431432,-0.9581587072914167,-0.8068676043013806,0.026091143726801942,-0.43390915505598465,0.6094747136714006,-0.2596836569778699,0.5368437257197034,-1.0765879049072045,0.4975421922655836,0.9272882569154759,1.075427071608256,-0.3201227287290236,0.34565252926929824,-0.103076977681402,-0.09684381060848292,-0.19080396610351558,-0.3145694696509881,0.4459724359571996,-0.25967024546368167,-0.807135816838123,-1.3010936440918108,-1.8175523352712675,-0.710531801156797,0.669841228848671,-0.6428007394994875,0.5199948107567436,0.13249575838160094,-1.8345822093322146,0.48653748535619284,0.6044504388776623,-0.7328306641272597,0.8008757590357709,-1.2215157273485107,0.14888854663718754,-1.5439507446911074,-2.033153627392897,-0.09427747652758997,-0.7555184376376798,-0.5931643063540966,-1.0562372096031116,-0.34652430198633505,-0.44810962042430247,-0.3106929453265808,0.5385896425843071,-1.1524453331936184,1.8011375044042839,-0.6789775614050639,0.5363546929636878;0.9571134726041198,1.0184343173108856,0.065026756058313,-0.21622422481210415,1.519944744704156,-1.8055793611002933,-1.6750299678038973,0.1923535530906365,1.4486335167572104,-0.19899280585920187,-1.2742268771049674,0.0402137586776445,-0.810575937863454,-1.3059238340688635,1.1493086400697532,-1.4922567936520812;1.792654179835225,0.5841472550574053,0.7749633691142618,-0.49100712726671975,-0.47948638956774703,-1.5967367805116004,-0.7044376609747075,0.41158292979786176,1.0660741173185408,-1.3759829169457776,-0.34505399577802753,-0.5803625753172408,-1.9441426685435523,-0.4047142372691622,-0.5326415741438189,-0.054239201160413274,0.7692907519162546,-1.073222965062319,-0.0957422138257958,0.37622782615648426,-0.5595481524003945,-0.5916153084556651,0.7440731700796404,1.5083675727290435,0.12353271924185777,0.3538305863974386,-1.4678889007395144,0.10452603116506141,-1.455780663562054,-2.0768724056166508,-0.686977627775132,1.3699969017112568,1.1356573048932417,0.17079221473740053,-1.9787869891477416,0.21251524926538606,0.960763200337325,0.36631867186163114,-1.631291859004565,-0.9088782707164529,0.3253608842492027,0.47106422913581697,-1.8799645954089301,0.2371524541054229,-0.07717182774102063,0.6931645615833382,0.6613356901057029,0.8104857728046813,-1.0214582129911112,-2.181492158741458,-0.0845629860267961,0.7532414756721053,1.4608744968688583,1.108002415767608,0.46053067841928236,0.7676232441505437,-0.6412804179593173,-0.6981063875119525,1.2620394431154385,-1.1526815053295025,1.047845285590415,-0.12230204280179852,1.576894127393929,-1.499813444433017,0.407476866982388,-0.2816471945415409,-1.525838071489949,0.5858105886198345,1.4382951592434676,-1.439583847909279,-1.7511851245714283,-0.9867563686123278,-0.2922219459959731,0.6639792429794118,1.1072543855649568,0.1988503102308122,2.3995985868259697,0.1023235172289437,-0.9370132124857325,-1.6060886259717098,-0.37589699020443557,-0.6541367624384611,0.4010104443825032,0.6960936099952065,-1.3037696554742337,-0.4095984509714343,0.7756246434909275,1.5007272096563502,0.90017817315308,0.04187510465808922,-0.37454057460248835,0.7952980186938862,1.7477115649934944,-1.065123240257872,-0.31943018444097016,-1.420440524214551,0.03302123946020458,1.2434593503279177,-1.4650002286325259,-1.8773825346216573,0.03622179873370743,1.2574577511389018,0.4772121065756781,0.7115713552055245,0.577147544569737,-0.7808246470304601,-0.3501984439234264,-0.8163900957277944,3.133241834617951,0.8019219598264797,-0.565311044750231,-0.34364759095048797,-0.1429381686136017,-0.013962474029562195,1.2383096374457716,0.4249995685676811,-0.8041538646931248,2.181175062116491,0.4667951685216629,0.5679545539533621,-0.6331724892434889,-0.062180752836389935,-0.04705109958063737,-1.5817150344936577,1.586260896711519,1.5434608560159992,-0.06233296392115682,-1.1301424334446821,1.087496261151806,-0.03040715372596759,0.9587222455656371,-0.1261999983609611,1.1097171920226965,1.9491472318312557,0.42941827824352785,-1.1584749506854626,1.365738029770309,2.4067620023834553,3.0080213879789035,-0.9043109309864824,0.29445060527722694,-2.2990631318682566,0.7217982981821487,-0.29659341739705924,2.0662962065294885,-0.4894317009885096,-2.071580809290976,-0.32477751962961804,-1.9259720666223759,0.6101950501975145,-2.413782693681289,-0.07396264652241215,-1.6583265091260138,-0.21369860610910643,1.711918399276512,0.33880593265207537,-1.318876251601728,0.014734209748627353,-0.6730082932878982,-0.2058103897909183;-1.6690794743081752,0.49586838235160885,-2.634910630285097,-0.3745968678190522,-0.8589729205466784,0.260026665935022,-0.6978846677921984,-1.5252983804241702,-1.1668896614944138,0.3239894244400606"
19,0.20280090163592762,"0.12274083221373036,-1.0363151402594626,0.12069162547692805,-0.2613281081935536,0.779518126164111,-0.25944807579349205,0.1900179388580887,0.09047029615266353,0.46950204128595274,-0.4538456360124484,0.41032944334686416,-1.3721502847263145,0.5436397184473531,1.4222092658445684,-1.1777731801727809,-0.23201433126437998,-0.2597812990184748,-0.18380994035126264,0.5929284862538802,1.3656641679261274,1.6113391665644023,-1.8836741829783599,1.2143402834199557,1.833943123482739,0.8584197492584293,1.1172971653201245,1.7349297275286002,1.2575245758653542,-0.4210693486855811,1.3285118435059504,0.2708245941011369,-0.33846836140489434,-0.24822820215221686,1.621607663946853,-0.6136525734258642,1.410385229492716,0.9879551080865361,-0.9615787125901922,0.6512074098541237,-2.1059865511578812,0.713004554545388,1.2508392905965335,-0.02070550567196383,0.07023427432317392,1.9336847243296889,0.17512333113147793,-0.6785141380116647,1.6219220011418356,1.4960781455783123,0.6408328995767701,0.8943140013223404,1.682021482018921,-0.47302464651464887,-0.7428525627146468,1.0273256329159577,1.6797556491177041,0.3622834975974044,-0.8511575344273088,2.2989465087613885,-0.045184915546712195,-0.3334178732300614,0.6930261050245068,0.937879377373298,0.49420634229545163,0.7513216259022111,0.43776777421654656,-0.06881243223285129,0.6271971473231465,-2.3822769699979545,0.03116121973194715,0.6337718265154166,-1.3001945964619253,-0.3784771085751333,-0.6532917623182544,1.4859194195526457,1.951078383448985,-0.15123487449425038,0.11758360585449262,0.1332809166029127,-0.5889423594610637,-0.02727251874613419,-0.9198245749385489,-1.4517578806926708,-0.1492108764218829,0.85692471906169,-0.6753292345356591,0.9739940587445095,-0.4233061946583383,0.597898897012267,0.9488243162989128,-0.0032548900707503794,0.5041462496144783,-0.4404801900870962,-0.3962308455452098,0.3317103629673238,-1.6570321857667443,-0.34604555809683324,-1.4452901058383538,-0.7057903592660097,-0.331385037174991,-0.33446094476711896,0.026511955673940872,0.03723628036147114,0.7345593812632225,1.2689225967681257,-0.3133961690739901,-1.64261137734706,-0.7751191153390354,-0.44813264528541386,-0.29826700987195165,-0.6446383953706463,-1.7519623561958648,-0.5263121113220925,0.39240846454314565,1.0242239113150138,-0.3557726695975131,-0.6117753398131783,-1.5310473451894693,-0.1887113930041425,-0.5913091629613486,-0.2516969230464592,-1.9445150327383414,-0.2914385736976891,0.15573650356657026,0.1407976434952215,2.3711831881904275,0.29278010352592093,-0.966825454097269,-0.7998768239735754,-2.203848176680465,-0.5038812268332199,-1.2471625816885221,0.4344831373588688,-0.4576924327032359,-0.12208139576142679,-0.7942329041087217,1.9306242896952126,-0.2091628278501794,1.6628496156500923,0.6221152449211554,0.8713785234666379,0.4024091814366475,-0.4114221394750664,-2.2326551735321662,-0.012009622583578461,0.8318764999716416,0.1777142927076658,-0.9301809927918017,-0.10647499510426725,1.9245737356488024,0.9787010142865868,0.1628836405194005,0.8618535917683041,-0.13822641208455536,-1.350091167332859,-0.8172503196538043,0.8950644233694269,-0.23446660286022267,-0.23037358599558452,-0.1372575603968697,1.9495777737686253,1.8597992793213676,1.8162680308213153,-0.0757003993920482,0.29782599122757286,-1.1863833427111705,1.080692618809326,-1.2666478068886262,0.25384048380698443,-1.3771355315411544,-1.0769992341129644,-0.7591686149347926,-0.6485591926474268,-0.6256743917950209,-0.33827544600573517,0.814275224908767,-1.5836665420530434,0.7306492267647593,1.0982521159364094,-0.8496947688885949,-0.1542300487044369,0.4370531708544009,0.9846571577650122,0.39919850318206673,-0.21653594665193363,0.42620688691838415,-1.2634978064577624,0.5548285666963058,-0.160671727061895,0.5025525075345443,-0.5207097870084287,-0.8495449642730487,0.3425744290303545,1.1650571509146692,-0.6898510863936921,0.17650070240892282,-1.912288458886789,-0.7050399232219658,-0.7370232196839217,-1.3364726618447036,-1.0959020553326464,-0.5969473920556106,0.022525450710581783,-0.7031567321148493,-1.6075818924098235,-2.7975676173328483,-0.8854567013789842,0.678410380821219,-2.814069804821556,-1.0350739329462697,-0.8631115556138117,1.2477901461558887,-0.8171256189368543,0.15822480574965375,0.37604328940889165,-2.100255031035099,1.1053156451934192,0.12648029207451644,0.08088421990032346,3.89852341173859,-1.560330638401455,1.7739907554659826,0.04107812958305718,-0.03364775531284376,-0.42581492124547804,-0.2166921912227272,-0.31617715609527297,0.3787198605219011,-1.8845159403404919,0.6685882500412452,-0.09519921042642251,-0.8131500502883829,-0.8269430046338679,1.276679405229266,-0.4470180884532713,0.2208501484197009,-0.5890666338970313,0.14962841466182877,0.4657236988448123,1.8024342817619405,-0.8877970590706716,-0.15712866251453506,-0.03735091311313604,1.1414258615706654,-0.9014397304513933,1.2211415949991649,0.32982337599136485,0.16386167013072575,-0.24650334886028336,-0.04246854639367398,0.15123133779082423,0.5699796541487471,1.1146600090081,0.8391144505632429,0.5331956447583283,-0.07112341097987404,-0.7764174368881542,1.8048821536702393,0.6642096969052703,2.038408682406581,-1.4770206790334117,-0.685362367024698,-1.6944011636582526,-0.8015155174953479,1.0261641066542257,-0.34690287298367173,0.77179272100826,0.00470127545442281,0.21875159835990754,-1.0074791610752012,-0.016993024054522073,-2.8626968541349167,-0.3749368796866055,-2.5380908657120576,1.2680965881765325,0.7945320508224217,0.10710310569564001,0.8652472845548849,-0.7562025707492687,1.924621994319024,0.6618326612429668,-0.8011361806372381,0.8859252329464721,-1.2006075006339063,-0.7690700690226584,-1.0041249288170702,-0.15386098997733152,-0.9995956852044057,0.8558478487537153,-0.7696254010889675,0.5308458290253434,-0.2678142666241687,-1.4471668391308823,0.5924989910928141,-2.6669902273743578,-0.39996745176595117,-1.0814504505476925,1.9231433340229134,0.761257823487212,-0.13994779084732883,0.9690653313959371,-0.2036144777273455,0.9913749177671802,0.507158970318242,0.20892403363731318,1.2178641498533396,0.5088783748127268,-0.313733497941134,-1.399812026042774,-0.7540918744861064,-0.43558683317800134,-0.4614787395830857,-0.9765844730819025,2.610113553570973,1.2793732279166738,0.7062596359252113,0.24852314608243542,-0.5423846872916861,-0.7377078775640419,-0.12410592980193218,0.04810388744933004,-1.0511662441771161,-0.0757339926892882,-0.25030309353405317,-1.9580897188829685,-1.079183601357997,-0.33214195173636685,1.9430964184609265,0.6085096228295319,-1.4616531902289784,0.4646855306330261,-1.7322796082629408,1.2761082243034918,-0.5595332851998843,-0.4759461722637795,1.269698171519653,-0.9441375413235473,-1.4700053070832777,0.08199141032370176,1.5597045298413899,-1.6799121085841064,-2.7220118583340844,-0.2740323485197589,0.6936744541491723,1.488996180328305,-0.6697101767571052,-0.9698451666090595,1.1868911380417706,-1.5282568716794578,-0.2328921496428097,-0.35840776270084773,0.6110708283963449,-0.24152285688160718,0.06601724552330421,-2.057956783501624,-0.36834368406345874,0.28900705388244674,-0.9224355808553619,0.712313569508951,0.6288479989367508,-0.08020655693313297,0.1274531529396788,-0.8279345094269557,-0.8792714262174689,0.5935616867160021,0.6116694605749692,-0.630850207639465,-0.156047874382556,0.6261025333904435,-2.4739324575852386,0.908006361684174,-0.7345469136975405,0.024135205428218346,1.1686356345088456,-1.5302256817097266,-0.9068752806247597,-0.14282199952667815,-1.368116855286655,2.5429924418531553,-0.6291184191650809,-0.7011378617973856,0.7280382650376154,-1.2076996745486523,-0.3223362194221537,0.7913629599562156,-0.7650765709604085,-0.1906848411754117,-0.44628188286943,-1.468840748236311,-0.46115997772482054,2.032258393275164,0.25581177508453673,-0.17895936673190074,0.5170622676706321,-1.380916495555914,1.9404844521927243,0.1975594643159066,1.4390416163078885,-1.252305074243089,1.4218703327865454,1.51373044697247,0.11440867455705689,-0.2009082659173227,0.020430083175184008,1.1842640518545178,0.21214697334220523,-2.109760804016765,-0.9184367745464125,-0.46394273167501704,0.10376990093325889,-0.6619691737944355,0.56364470839664,-1.9876571024449403,-0.06623627927401839,-1.9916950901960704,0.5914633816740765,0.05845033546874885,0.4599953652239636,-0.8300292506542254,1.434271734606294,0.9967099973257987,0.5365335775275172,-0.6485233551919819,0.6121864754714704,-0.7571073749874468,0.9211181145718358,1.5611115710220382,0.9541020850899733,-0.6144380977493297,0.4611783137029255,-1.3121388500437008,0.784847814157098,1.796296465812223,-1.894536157009345,-0.6494773963357031,-0.29983182441421175,0.1894009347472182,-1.6439685448067491,0.5370497394304813,0.35520077712758796,0.13656433828703185,-0.8311696152309351,1.0309590389416936,2.0062397375544663,-0.5491312067317047,-0.5136410252767274,-0.056442317649633186,-0.921347629995038,-1.106801195574677,0.8579525225285083,-2.2361357038652803,0.8843823158187851,0.28546826649070545,-0.48392272453083157,-0.08824266000384559,0.09251593336455988,-1.248547336343444,1.6171177473033955,-0.5703357797231462,0.26664328711937196,1.1126020845716111,-1.0818602568787257,0.23745873155522093,-0.25215876288671585,0.12403288973556459,-1.9667947533490677,-0.5299594606933018,-0.6717503963440283,1.256709985600475,0.37945729262676087,-0.5405283587266397,-0.4187445346768506,-0.27712289219453684,-0.40776958089240745,1.3507705329395145,0.4530394572909773,-2.7170556957133245,-0.6685154268064436,-0.9324917736740028,-1.4078630687462546,-0.7903171428939857,-0.031553261974672814,1.7540278727709293,0.368846426570238,-0.6646097737345429,0.29069626757468003,-0.4910633295267735,-0.2750344877563746,-1.030386144601757,-1.4664597667536217,-0.5645662194571766,0.1940498189410451,-0.25107249094896017,-0.1933241710817925,-0.8412146081713145,0.7946198771858134,-1.246686110208653,0.9890980754425422,-1.0823138465982782,-1.165380816057386,-1.0986376999445884,-0.6300393433081386,0.8700769851399885,0.5968347808489096,1.3862817168645478,0.6279108757864105,-0.7803701021776945,-0.5770126730069711,-0.26338327478846246,1.0163017509410615,-1.2589359195200545,0.9369757169597703,1.3045132893890528,1.7722701070697284,-0.2990196307715304,1.117535293810811,2.451664566658825,-0.8990254795061061,-1.606282706189665,-1.8648688245367606,0.4906908685236683,-2.366922180228257,-0.3996280123745428,0.5119759845049129,0.05078012377203295,0.46102897047143565,0.9624460184375416,1.9300287098355606,-0.9127195029448771,-0.6821240345105855,-1.1258430278225546,0.6335921037474116,1.2762828424699768,0.3655631981079552,1.2032579167234745,-1.342706122169957,1.4118996030738447,1.3325503103284677,1.2033205705597712,2.0763909838077237,-1.9341781392465436,-0.574894233784475,-0.3336233514716954,0.6472955078888988,-0.9550152923275385,1.000223798131186,1.4038417128096627,0.4621655925529927,0.22478442787284592,-1.0308917946810179,-0.8586348529388215,1.5497373559586964,0.9577015105552191,-0.6094294245388431,-0.9551113856758797,-2.642695602902931,-1.4858519697975023,1.574254306091446,-1.3057017113103557,0.21738829991975184,1.1359043052902706,-1.3168640356407386,-0.025779279500419926,1.1266373982478517,0.38652041126875175,2.9166859785832187,-1.7646295108920442,1.2928711504652697,-0.22706328251087132,1.0912987171715085,0.02477262814850259,-0.8150442496521875,0.006402497860633523,-1.5631542202290354,0.939794241108742,0.22435075412449948,0.39758402433491585,0.9966329577180219,0.9759995144912748,-0.3272652750105985,-0.8027297631884935,-0.3521601319268011,1.459015695218227,1.546048009948922,-0.21904439711735063,-0.6428187451369638,-1.2534532437334365,1.607456725183094,0.6431360410037348,2.089415230628151,-1.0600137682252821,-0.14790204187791273,-0.213797743562881,0.5051265827657118,-0.10062007006642117,-0.8790290054876172,0.5275762470073113,1.2698674889016328,-0.9358403212295957,1.0860599425255133,1.1226202169714337,0.4593878447620671,-0.35715742258349104,0.6779033300860532,-0.5306505843172175,0.19642209051230897,-1.8494907749956202,0.7828194921515685,-1.2000497508865253,1.187621538327357,-0.3533236624452119,-0.6899072038100584,-0.33676487613776546,-0.14985624927337354,1.1333827274916302,-3.0666043045012263,0.9908269439353052,-0.18824879827289426,-1.0001704582254247,-1.472386781049487,1.7013296831812996,-0.5262017818494363,-1.3135303958738125,1.2140245905744615,-0.1286744673790163,-0.8703787311719543,-0.1174399124694369,-1.05604542797583,0.962247357476386,1.2189666966073716,0.10174292798452755,1.1687691319889744,1.5977787965262704,-0.6438056726669507,-1.1423333456943503,0.2925037060486371,1.6059146007914158,-1.1244526149158651,-1.1699376585113626,0.2598299379637641,-0.4792797504742118,-1.3630570707219873,1.1976333900948655,2.86288395497982,0.31644096895877327,-1.3480895829860124,-2.7656446542548907,0.5410733766569732,1.1525161810561022,0.6527195679715414,0.08401243504889898,-0.4711550222311644,-1.0607840735538805,1.105244925531065,1.203554914153213,-0.8758473552738103,1.426244200184604,0.6269271122462353,1.433406881946789,-1.0402523599618032,-1.700719425610669,0.17851284309592846,-0.42103343732777476,1.8571987883874008,0.6487004767118741,-0.2513086844815299,-0.776226921045921,0.9885642985138959,-1.031290824272621,2.1500127700474763,-0.6882317178011566,1.8766253505583188,1.0226905154050283,-0.5165891095834276,-0.25190504307959677,-0.7700857722135618,-0.20106134476298687,-0.7677254690889218,-0.8070110865926335,-0.13104651589518915,-0.4412431043189386,-2.247467540572094,-0.06161227149073059,-1.1306103331230606,-1.4475620095281874,-1.5564287843818436,-2.0285423541870604,-1.5342180754457926,-0.8632770633997896,1.6969073692443868,-0.15307771607226844,0.31723955846918117,0.526586423622582,0.0832193826506319,-0.17647333542279778,-1.3980142142741838,1.202311662484382,2.0617611717649877,-1.7161572346283736,-1.326635799839844,-0.1239301818530861,-0.8026748079909289,0.43729161786438087,-0.07035799723321398,2.350967400177786,1.2842967177237978,0.34518005758050596,1.0852125643176438,1.3749720026251115,-0.48359118221418207,-0.8648026106714036,-0.39207903238426234,0.5374035961816701,0.24243999368668545,-1.718533570225311,-1.069676886426487,-0.12646765428842777,-0.03530573782417057,1.5284828799168666,-1.238411019122915,0.78065541222666,1.119270550947583,2.2449020244963935,-0.08537484064356946,0.7668003146211747,0.5548199676498149,-0.09915260395007874,-0.6334823437561179,0.37376477024004834,-2.9174742263106372,0.4417987627383109,0.21658719691446923,0.500496530839898,1.5160111839954424,-0.9967468666329129,-0.05666943038925966,2.0160767666908943,-0.3134814859935727,-0.1362665045556546,-0.385870930666123,0.9607079178784853,-0.13886202414328153,-1.693706742617821,-0.1629305098087766,-0.5355903621129439,0.3035810469492909,0.47326946678179843,0.5182333205148023,-2.4176056754325193,0.769043780517123,0.23104530587273756,1.396765073046732,-0.06565766834619574,0.8889569754109998,0.7123865818077039,1.0921782641452449,0.41882326151050275,-0.32858214280448006,2.9666483362283493,0.8181380870581536,0.4525075759571825,-1.6714366701852323,-1.351628849786739,0.017316295596986442,-0.36121292174799574,-0.5402171925181176,-0.21392153561845206,1.58039063714915,1.2094496813133118,-1.2667583344302524,-0.1804687639655696,-0.54797898177222,0.12223959761504458,-0.3613214755144143,-0.2473831297622644,-1.6788671332335308,0.19585556714559005,-0.9960488272153292,-3.212744947113532,2.376265033204811,1.378112789002335,-0.07071376389273612,-0.20670863055042268,-1.0087868425634703,2.2013029542636824,1.7336818182073004,0.34021355934376535,1.3358221228105285,0.2271946052498792,-1.6072398760383992,-0.6393347826622167,0.03663127827515576,-1.0103890577062902,-0.27894610500448275,0.6254272982971751,-0.7275944326437315,-0.36310049603549843,-0.4583932194930596,-0.3622866813694399,-1.3364667514991726,1.1500339046724184,-2.2117039773221894,1.1660040313385487,0.9688323941165895,0.4777113362024597,-2.7061390287125557,-0.4920467482918881,-0.31291222155902004,-1.2121298335202517,-0.8558810257901946,1.8951337474117478,0.8621614059900861,-0.04178512514292468,-1.6129159806909714,-0.2882406073903584,0.11963012252846111,0.6432073907091663,-0.8174586316528545,0.5714782835943497,2.614492593221422,0.7475643725088356,-0.3944385376768665,-0.3581543850791479,-0.036170488083845695,1.6458263311823433,-0.9860231890303223,-0.5337933886763364,-0.3859868895500206,-0.11444941740051587,-2.039909322301331,0.263781710271307,0.2526509364335862,0.7576559092843979,-1.282961930614933,1.802835842392453,-0.5412795127566875,1.5020349272644424,-1.6264024923651639,0.9200300040141373,1.0906935239214681,-0.6193470854284195,0.22105120548895693,0.8675470544844948,-1.9803308427118587,0.5321219361288745,-2.928991073542428,-1.381384367556529,0.9262640846667163,-0.7321522869757142,-0.8435916528203394,0.18477081115664679,2.1574369538813833,-1.9760014550493255,-1.139014657443403,1.5429720895946017,1.543380047651558,0.0021451960181883556,-0.9939092571014673,2.203757602629649,2.843563899795834,0.7761694918930271,-0.7355368274688848,-0.6767533558617207,-0.24862199403485902,0.24213777314133642,1.5272161573555076,0.546611207805743,-1.2409065995291795,1.0642584955178875,0.9751931846077407,0.9320358791609856,1.865454939543949,-1.3658020228230168,-0.935089687662367,-0.5059645824250609,-1.5698288135968261,0.360854262010491,2.1042784043389573,-1.5158149543904478,0.627413801810789,0.014018425642979657,-0.20488562078588612,-0.38330179083974547,-1.1910042428768812,0.06371067017109845,-1.0023413384280597,-2.4280380049818224,0.5268766882926966,1.3131584773375213,0.1842660684687813,-0.11732908888464988,1.1318089867960957,0.15558724312096217,0.969701473282327,-0.4322193822203938,0.8766647673542081,0.7351499550263626,-0.4288018546351867,-0.9361286607209055,0.5462055013919421,-1.184169453186236,-0.4752264072230831,-0.47844240174336494,-0.8328396146237383,2.227996837533443,0.9444053669497137,1.6805615466145802,-0.7296487743641311,0.41458774495957723,-1.4182677679250326,-0.6462355391681129,-0.41540019911430215,1.191104865135781,-0.7949124313286242,0.7477753483896974,0.8235762358483568,2.1751200282986956,-1.4196079774330397,0.5580580195787477,1.536446275048543,-1.1496723164017812,0.8149356742370087,0.4524952483366375,-0.27712317021948296,-1.0081007589018798,-1.2608168136214912,1.504783682163804,-0.11190702970133248,0.7020071430045229,-0.7995143255261822,-0.6362500561626561,0.7342679189057191,-1.1364658268306234,-0.6459290418860006,0.48380858724747244,0.7733846045125446,-0.009833483861801717,-0.5390975704607744,1.2789611844769038,0.9765243541216859,-1.2479289798067699,0.156826982715521,1.2214038290830818,0.8721649146526558,-1.2771049341065897,0.24661709202000068,-2.5403940753325465,0.11429604205792894,2.261195267285826,-1.3422264707549163,-1.43068428582182,0.6404851622184695,-1.4569525674080717,-0.28846509370556206,0.2054877590105743,-0.5281506437932496,-0.4671500890895276,0.738725044669948,0.17246640595028434,0.48666462206178074,-0.010441801158000412,0.6409578359663396,-0.45576891064849917,-0.009850960313260798,-0.3864687575162143,0.027139243703028025,-0.6467507687772978,-0.3453021062719573,-1.2849736999834613,-1.0408079279377165,1.2172760295541585,-0.40785520737718883,0.5575407620804709,-0.3121668015782284,-0.16990282943464785,0.5252967788624407,0.4612821807492913,-0.6540461342231962,0.010457033714506653,0.6405087870221656,0.3253235420046344,-2.538757423476739,0.2602145089971903,2.669994350430687,-0.26548861329688833,-0.5449931929330603,-0.02594119274432339,0.7360675183457215,1.7051479145103203,-1.1707957722748934,0.9195228120460143,0.6193559574077914,0.0260213123687157,0.13780810549981115,1.067156247469364,0.7065226909529673,-1.305638297943247,0.8501872275186144,-0.7989700984367198,-0.2704171906611668,0.20361221159663778,-0.6759181281328568,1.2410500470128896,-0.1658630441288655,-0.8733966986770452,-0.5380502931796531,0.16511166738574756,1.1609753162822964,0.8547887528871447,-1.0549335781217117,2.498245124901725,0.33855866130015233,0.9881337864459182,-0.3401923473321629,0.2754027081566441,1.1864608529200293,1.1440555868132787,1.0915529618777404,1.151862758766258,-0.614334154427246,0.042898637411063506,-0.049657558157083836,0.9026991729613894,-0.14868759060183143,1.1440123161215394,1.5353791965009063,-0.6280078669612358,-0.940685940760775,-0.559139374537124,0.5146109038054836,-0.9960049870084393,1.570447276815661,0.7302976329767382,0.2791219256995585,-1.3882926043047639,-1.0911025881105767,0.45566225851176345,-1.7667104096997592,1.130169019822532,0.32582812100756375,3.0731883417238848,1.6812163690545299,-0.3157772535446898,-0.14090619659512008,1.2671977980861442,1.2723884846927598,-1.5541806433090886,-1.7137554529834393,-0.8916907258762775,0.7161481924493275,0.19873198896837488,1.0194656949784648,-0.862660535152805,-2.656945175920014,0.855601834795829,-0.67928600872184,-2.1726938076708633,0.27400468406535355,1.1995871207612603,0.5859011343758249,-0.9580815887289595,-0.10931309125112243,-0.6018769789796902,-1.6718661380251667,-0.9073371663674302,0.47333631998259773,0.4080236826991457,-0.004053864766197089,-0.4860970405226828,-0.20374368385107014,-1.8907887900218128,0.7198656047712886,1.188925842050504,-1.4511409888126554,-0.5566499160461833,-0.35053788745723713,1.381854245650787,-0.8828170123601392,-0.6498710795383108,-2.8950516146394407,-0.46266462011954335,2.541758314219966,-0.24874967230823,-0.28033015491405555,0.40420800806308865,-0.2070239513937404,-1.1869100671652306,0.5816186599681111,0.4399229993924576,0.2915823738815959,-0.9846852333715607,1.1652665910383024,0.6704680653506895,-0.013836289066381298,1.3030337284650435,-0.14750667383002275,-0.630623010739096,-0.6501462519357106,-1.780687398785965,0.377557123061906,-1.3243221952498054,-1.0788700132104885,-2.072997655070955,0.5288261511141286,-0.856899956704251,-0.6003777228870645,-0.3735054414240765,-1.1507194731568213,0.5745218445092626,-0.05643839993315872,0.9703463625399528,-1.2243988743232528,0.25591042726542657,1.373674759237467,0.5550501572940819,-0.07753162921714454,0.40182736192035795,0.11425009540910418,-0.03521754174997482,-0.7168501146989986,-0.37693898656846403,0.7424926296027039,-0.4719900766598068,-0.9795301454848144,-1.4528817353188992,-1.8218882881446963,-1.151474741094981,0.4241400498243943,-0.8558652224183481,0.29385991617236723,-0.052308786960557935,-1.6530337517647455,0.24071818492878036,0.23931286639776697,-0.6813894790842109,0.574028790624454,-0.68455740860693,0.12785717474273448,-1.8663394122484296,-2.1868947042699243,-0.8011765688781969,0.39971190522633865,-0.5280368781736928,-1.4565011912711403,-0.3817438264180095,-0.1670034375499813,-0.5595712838937321,0.4840008042849621,-0.4368069499812951,0.9880591657794356,-0.7119070086390409,0.40422483577725754;0.6825537077117412,0.6513837144996405,-0.49869419152187333,-0.38184202812859525,2.0961078862822653,-1.5792374325266008,-0.6831203577001164,-0.0329149862970181,0.8958490321153116,-0.1520689759139986,-0.8253882770216723,-0.5220857692360906,-0.9069594403556902,-0.6658649888943413,0.9306463350224442,-1.6643436383942758;1.7173509224678998,0.9030256247586835,1.2286119002619926,-0.7622879110545454,0.049896456613630354,-2.0197452302642125,-0.4281050934135958,0.5544832271348134,0.9342651729696339,-1.1121966799773049,-0.21555390490238513,-0.4388127943976393,-1.3175091815402236,-0.14993488231468072,-0.5166292641431576,-0.3084933203710832,-0.15188900060615718,-1.4777944457923198,-0.3636099177234755,0.3080008855733359,-0.2110366466787317,-0.6359579366231336,0.4473593325859001,1.433265813232855,0.016315304513033646,0.7180134471954034,-1.0193591534950843,-0.1869996233348881,-0.8744602976051405,-1.3834555756643259,-0.5345413210745026,1.0646104563707979,1.4840181664554413,-0.09503921547206867,-1.3557298969870792,0.2977415325803641,0.5294001879529721,0.5290475630101054,-1.81047294198153,-1.6416930895414314,0.5146672386598695,0.08092051631645053,-2.0503473249172464,0.47203030806630286,0.28324042575489394,0.8338384602323662,0.7468522651578812,0.7551222444532127,-0.6886853699589518,-1.78489366926644,-0.41910518390183565,1.1895439382654818,1.1598187753309879,0.6518216081610875,0.09747578417889974,0.5371762883858534,-0.769240801889262,-0.2703899501573182,1.4599627884599362,-1.407787820664663,1.544398809664399,-0.5877481295375402,1.5400950411512906,-1.8483528494612014,0.45644105536519775,-0.6429416235337636,-1.3552743076540215,0.6201651969432382,1.4281591430846727,-1.3502748133114408,-1.6654809268552493,-0.6290838244689962,-0.5037721692944123,0.754160478001459,1.017631324269402,-0.3552045103899151,2.044191182701554,0.384743745064699,-0.7392840355130307,-2.011984832200603,-0.2166855661963917,-0.19232249055497433,1.2090787499505824,0.5016263299478579,-1.2847111870423706,0.22309124431107238,0.854922591323809,1.0991215442442215,0.8231638915866389,0.3652922630876014,0.17123665615931538,0.32820531825055665,1.5435513396761795,-1.2905738794282178,-0.7157413937812841,-1.0573759081204814,-0.2293180290431247,1.0647098941535094,-1.1347793272489017,-1.6589981849657782,-0.008813287754850019,0.8504222357490105,0.6952852054405196,0.7121887010860302,-0.025224687318636654,-1.1962410457559296,-0.3429700955218905,-1.1535451330219377,2.930045729690673,0.6878728180687489,-0.5924018480596258,-0.3889700191926009,0.2015008807688917,0.0887650653435126,1.53212873258631,-0.012202049847338692,-1.2194467589161353,1.9019776317198058,0.05560147861421166,-0.16692062946770128,-1.187409237586408,0.14666615726726162,-0.13891398908916153,-1.749747124976488,1.7458674988899567,1.7576935862836154,-0.31133172911417295,-1.5034867395228093,0.7822155406774078,0.23099345453564937,0.01960882636463386,-0.1371172900848629,0.8636040395530485,1.651056654947055,0.023605076668937464,-0.6208779800832362,2.0354538302241005,2.1645896806973113,3.2918772278341657,-0.81880658048498,0.508208999963716,-2.346386808655543,0.5673045425635123,-0.5772953106270748,2.8103443831176156,0.05491071366242384,-1.7418696169403562,-0.39924523092089914,-1.7363927849643073,0.6710516709707538,-2.9128751480375503,0.22798287786571614,-2.6391287269439774,-0.4065590913775704,2.122951086008192,0.8464248938376355,-0.7323351189616907,-0.20026533405933722,-0.21540858569675336,0.04330583968595893;-1.320211650347796,0.6514174944441982,-2.579916294652959,-0.0840721109911981,-0.055742133762574086,0.8154800556464048,-0.6840272690475698,-1.5094834338391416,-0.82864208043098,-0.09175533423513364"
20,0.1671034814667482,"0.4736281611269955,-1.0978687305812815,0.582800410122433,-0.11200913802637233,0.5185532826674839,-0.27814769167820214,0.08819352319630763,0.3972027567465802,0.314172860152829,-0.2160776847645295,0.17936224441176576,-1.5401796282599587,0.665489351117324,1.2519839211100152,-1.162715844902234,-0.3964623758845958,0.028023387817465783,0.17730219843276013,0.5091271831909205,1.4145553362903966,1.2403014986140448,-1.7082130962424509,0.9013493835205272,1.3261074062447045,0.42980041209196085,1.1384335569129909,1.2692557810767553,1.1938366958360038,-0.04406441508336939,0.8114590673811821,-0.08576015542961433,-0.8256162233842591,-0.53018029654688,1.3488634598328584,-0.5724203917019143,1.618123280400813,0.3586343402753029,-1.1581836850972165,0.9514874268318118,-2.2152308440134485,0.6563485222671334,1.1639576776460003,0.4093974660677496,-0.17333890525225534,2.3196043641388298,-0.3379307970742507,-0.9575769602016226,1.7309812856530657,1.3641126805241819,0.32932701180679813,0.8302637633542211,1.8331473666273264,-0.4717938335753042,-0.3721606797675703,1.205658725638211,1.616705675515391,0.3149180669757323,-0.5655197596121965,2.450027396300998,-0.2666341497462937,-0.15972861927104687,0.0581286918555495,0.9550175131673408,1.0544855209970645,1.082351405061739,0.900766916611752,-0.4876282227587137,0.7994726164207049,-1.8606087817759303,0.071049416396148,0.3360286456041627,-1.0277839818033476,-0.5920005630033391,-0.36996510867607957,2.044441025986989,1.984706044433768,0.19476730001764536,0.21515514320063941,0.04533482052854207,-0.49686977747418215,0.10412685307727003,-1.105767953425157,-1.2272570883357266,0.41423673006618306,0.5541767119258416,-0.4706664246480872,0.5711507737726829,-0.19415777665906883,0.3293750948491608,0.9973135000465698,-0.32858713048482235,0.30282876652929586,-0.5006382291269887,-0.6534362238883529,-0.16155652853780186,-1.5716599631509192,-0.21216274094741175,-1.8679436684701733,-0.8056884019005625,-0.041091247504962916,-0.2645113338266607,-0.13738845186291326,0.058547799373651364,0.8962598353886034,1.0854691668156042,0.0325233809888211,-1.8296076290581094,-0.7710045237195128,-0.1910163408543072,-0.6711405815500147,-0.7099317636536454,-1.9738976880878525,-0.5613545120863892,0.6462329012694588,0.5414036116715008,-0.4094592090550888,-0.36984084523019883,-0.9564892739697646,-0.3536970106313721,-0.7138080315520062,0.10244639608196598,-1.6652028678874122,-0.16044730493128412,-0.08352242126299392,0.4565534624911092,2.900153818802153,0.9813932029009726,-1.4664963527851702,-0.6790644555816245,-2.425033469746403,-0.7905881355336675,-1.0983872494612212,0.26504899275582394,-0.5003916732763903,-0.12769235295501757,-0.7335382012544627,2.03002038533064,-0.6200990458310934,1.7197180567262451,1.1659653028809969,0.6440623731525882,0.47064010029804293,-0.7190887935139507,-2.3431806735667116,-0.1271226729199275,1.0916821107655164,0.48319420086588605,-0.8312681926316051,-0.11305327912157365,1.9662286469177295,1.1401771541037478,-0.30684684956105973,1.3647466048799113,-0.06588149472170152,-1.363269215305931,-1.2362102663763264,1.1707176847106404,-0.20134756727840997,-0.055987143824591176,-0.779369184178982,1.9328109660173154,1.8198356127050086,2.0804986424740024,-0.11209002391768755,0.891260790757937,-1.2986679726289796,1.25015114400941,-1.1780693163704001,0.4139494070875934,-0.91196598556664,-0.4288943857601049,-0.918662134361423,-0.6302974645764188,-0.7312971964194317,-0.11474575691661049,0.5878662302443665,-1.1408542044217125,0.8056138369254281,1.152080466986419,-0.57093544956632,-0.12480304838222946,0.421669687707068,1.1311676038113092,0.3402907262515967,-0.3390342651845801,0.22510837667901176,-1.290221471587833,0.27587736246927996,0.3652832491015147,0.4531971534377661,-0.6818340863169888,-0.8216173380831987,0.6277609879866627,0.5286333069638727,-0.8757405165663865,0.34781528743707374,-1.4858228273998326,-0.5759995099429593,-0.3943725525008749,-1.0505146048384992,-1.0280247658460158,-0.8126612009208661,0.2122613707753685,-1.1188245272685773,-1.885376251663678,-2.7256056114771434,-1.096996380681931,0.6091168878558567,-2.8613573082215513,-0.3747341912351163,-0.7468986949710239,1.3496902884136444,-1.039045490666935,-0.0014189737861984748,0.42784181800300264,-1.8803470758292513,0.9448101151041965,0.2937184013254974,0.5119417570471398,3.683826377094084,-1.8642859672219527,1.851322012232829,-0.23192734344329913,-0.038493636353293836,0.13465145677747947,-0.37712347324101225,-0.2698347652941699,0.6427708799315704,-1.8857621597132928,0.8552345761484488,-0.5540291077612581,-0.7795941331740132,-0.7031337304565874,1.4057204115433786,-0.37152324533254866,0.08200222371841964,-1.172853867597045,0.9861273271516978,0.5993968869442781,2.1310175017106983,-1.083880321831041,0.09264447902867096,-0.08284426431748328,1.3384650757092331,-0.815709923386428,0.8040969430946365,0.15313736955209847,0.2548920172348348,-0.08827797044929989,0.3119218608211193,-0.04431051731972746,0.6310052610320865,1.2934967941252937,1.2893622236734306,0.9197617786492032,-0.15563053824805684,-0.931139750124595,1.2221374429808687,0.833741997854371,1.2887332592940017,-0.45250083163036015,-0.40037852247691225,-2.2941475199931562,-0.3138000196348895,0.7175681959892999,-0.41015847584387355,0.974748060497042,0.026505312282776805,0.14552698718327045,-1.1162236871691895,0.18342625752532815,-2.999793358119143,-0.8390694529558647,-1.797049654658781,1.382998416997113,0.821880329012182,0.1463694858474892,1.290151935682615,-1.0281729682873826,2.078265850191939,1.0719702948485206,-0.659255336361123,1.0833265669400332,-1.4205081271017623,-0.6483814428633615,-1.1746859780595502,-0.4289080811409275,-0.38982998830023863,1.204631291237999,-1.0789341281836125,0.33270623774183433,-0.29839325386260257,-1.5311394954967354,0.04338535586781389,-2.319788435882135,-0.1660756040778624,-1.339979098930033,2.5584381987444478,1.3582214972865079,-0.01089283324761061,1.5117098967045808,-0.8233587001692697,0.828706407631811,0.4957661372065357,0.266841738797299,1.356841404609456,-0.41034198634039826,-0.4695297679054956,-1.4291998818441962,-0.7083125491709655,-0.3602572441481727,-0.26485179280194976,-1.2177931800136528,2.324644723861074,1.0600959093113234,0.533831305390341,0.4707285932156092,-0.9941754126626097,-0.3354396621270584,-0.1257266296729681,0.2409077253307031,-1.2179140365260697,0.23366836942753005,-0.42822419355009994,-2.3922219667443883,-0.7354658273797383,-0.4170854820689408,2.619276232876763,0.523323463404425,-1.7055624030076884,0.4679963002727684,-1.126183930888567,1.475709988488344,-0.8014794710367004,-0.11394660359436257,1.2436594607814464,-1.010420429638603,-1.6645929755574767,-0.3234693314624368,1.335516987987553,-1.9790680074386648,-2.7961080474073983,-0.7944294095343436,0.6751309302895604,1.574626090457323,-1.0044969096513445,-1.0552709416577903,1.8584948674808317,-1.5068903654394963,-0.1776775365004225,-0.585958266628933,0.4272741406262873,-0.3150119679590355,0.6948205468104715,-2.1371151275272275,-0.4245147959751351,0.941480971601092,-0.5284254157879464,-0.0724179742965449,0.3128374203312232,-0.2001390491786998,0.2777918918309015,-0.9972385114370641,-0.4325960435353468,0.5887799070762703,0.6411842887700909,-0.6928448160922958,-0.4514480055360035,1.2201422379969147,-1.8320083235010607,0.7986191227109691,-0.259524687586302,0.597200027448056,1.397291868819638,-1.5787358264148799,-1.104018129833857,-0.6101520222996085,-1.1973104571219475,2.548247519078616,-0.7603863306545001,-0.5744919665749035,0.7239463523104065,-0.7936309542552626,-0.0313902466115423,1.0269202286791332,-0.7628244377788163,-0.4067415007604259,0.034238711005998186,-1.2797988841885746,-0.35440463826825863,1.9994990298332194,0.23241594857278466,-0.0766262591699457,0.25433276694770135,-0.978973482188011,1.6809192236285078,-0.10129823825189498,1.7534849730428108,-0.7338175407133642,1.3713526743194953,0.9064792713293477,0.2685134802066502,-0.16582891056075721,-0.27330325273688616,1.0775847210205132,0.876978001306039,-1.6476304872688596,-0.9771077102776239,-0.37576473063265825,0.0902414298007265,-0.11893210482045527,0.6657949504347878,-1.7746817438749969,0.0435961388662895,-1.592927974168817,0.7027953587447131,0.042569638911122636,0.03219098585257509,-0.4355572891146614,0.9765005665788541,1.085028527034348,0.5488231648658567,-0.24242037652561954,0.8026282286259068,-1.0794870761946256,1.0076002479277464,1.4919018372248358,0.5195344438314708,-0.4811398077474351,0.739217960472821,-1.0648842403516856,0.7182371607820686,1.1838208512513158,-1.687192056352634,-0.9522994587096395,-0.39104857712896035,0.09255151742885159,-1.142752295272805,-0.08147257330215363,0.4120567750646936,0.019322301049603946,-0.4890540534103135,0.8378332598893916,1.8744893116698509,-0.2892907345989736,-0.9591332254585548,-0.031899154097501985,-1.180283120870555,-0.42233552883671266,0.578563147782948,-2.087331124073766,1.0590775851808032,-0.15520933504973286,-0.5590947328872525,0.20988418947702536,0.16774789177362406,-0.8638783031688374,1.5599970795066147,0.25966046781905866,0.2741296884102547,1.2306585439512787,-1.1230670379849208,0.5193417511536758,0.19134670364033618,0.4221771690121014,-2.371232738687405,-0.3254142201873139,-0.3566877843130978,0.9362586735760324,0.31264644676628534,-0.6531496585966214,-0.8844651304312574,-0.0729401432809626,-0.24391678168880276,1.3485185245797344,0.32988925461593854,-2.6226107100670073,-0.4828698668043653,-1.021565925603903,-1.539821738743068,-0.12784425929664953,-0.05592401977455686,1.396849519025024,0.6174311918916481,-0.02767518118206714,0.512171901072505,-0.2622408654483697,-0.5014538433304673,-0.8425872245558926,-1.3092452265998524,-0.6400481655620203,0.2767037967754109,-0.38679532579069975,-0.11615577942548944,-0.7508318601758068,1.1674072591122362,-1.6046950036227932,1.2053091541536798,-1.2618257668168626,-1.1477591962677962,-1.0201536869229801,-0.9282120724689237,1.4314192917524533,0.6464769950307138,1.1780859885317745,0.8242887838271551,-1.3954055731425572,-0.4688612859852541,-0.2564052949638526,1.0072339456790906,-1.065439455931561,1.1723837815045282,1.6297691450285656,1.7300319626657101,-0.3525720779364483,1.4202940604557606,2.174804069316451,-0.7694549937809061,-1.634219395343134,-2.297300640323467,0.9060059511035644,-2.3579260114627227,-0.09730789646868579,0.43191862810743614,-0.2650782998573856,0.3406210109884503,0.2525720360844885,1.6141583937287618,-0.7424840752847012,-0.5523428770058478,-1.5967916404487912,1.0481365224728563,0.4396555853680811,0.5625563040399835,0.8948914870383939,-1.1508857791066027,1.7247866497692526,1.0410609457752067,1.561716783837928,1.810884811290931,-2.1421514163783497,-0.6093617369091904,-0.3941071908321602,0.3827899814513994,-0.6832956611494448,1.010093874154803,1.2883818052588987,0.43976114658987236,0.2755448023643552,-0.8381459033427124,-0.9903491847680939,1.4903399259233876,0.7867557678518475,-0.32258186845436804,-0.7685959256417388,-1.720280527143636,-1.5795823095960762,1.9327340489154212,-1.1375794114639302,0.13127545092295423,0.6118742767835991,-1.8450707131852009,-0.41839428744724044,1.1029761725646816,0.16009841232148966,2.3277264055755724,-1.5733790640153988,0.8881737803196161,-0.28999206327759314,0.6519848951386744,0.44260574520493035,-0.7893382447998369,0.3499432056003229,-1.9029897827705617,1.050860497535127,0.11623078056637204,0.6207220283196,1.124378746743529,0.41938723195157446,-0.2508577413423528,-0.9815278769497541,-0.2827084095758318,1.3980557853580107,1.798725424550387,0.3017663534650963,-0.4274591306126431,-1.1633539590954003,1.751934959086501,0.9083223364000397,2.2095015441922605,-1.0380812030092104,-0.2965383192031936,0.04018184200065346,0.36389340766202893,-0.3657441557736964,-0.4023550321863595,0.6453447922831489,1.094553113671766,-0.8414502472844063,1.595146738608007,1.7753456330836368,0.43043905106016056,-0.4185267738116554,0.6294783282475047,-0.08971351223765545,0.06517886497481307,-2.0412566844349214,0.9400635431824705,-1.3500685235349434,1.8497954735612003,-0.2905850110042647,-0.15593537247270442,0.1578910724321805,-0.9335232428489837,1.0925355701669215,-2.741020353389396,1.278425183553784,-0.3150872313348832,-1.5698704725301589,-1.3345444181487482,1.6386366362806313,-0.4853818567285114,-1.1192351888222494,1.476952532122566,0.6640420695680411,-0.4539556360157082,-0.1639490697157439,-0.8207948018222022,1.1254708269496008,1.3984782086866703,0.46779971032368733,0.5521490744369725,1.7059332688579452,-0.05424090379212551,-1.171098963698627,0.6885132914869232,2.239761730769979,-0.6206494577804721,-0.9689307535106846,0.38444245223963874,-0.638109451122026,-0.8686994720406118,0.9595866358903351,2.447173480618184,0.13779964195936595,-1.2535529321649104,-2.213060393516031,0.33863894615643253,0.9980992232634885,0.3147188923546839,0.3301482973275958,-0.7439170980651629,-0.9369821733101136,1.3114706504499434,1.2325987116865207,-0.6826391125941798,1.2424068919200382,0.2058484707619167,1.4364708596707718,-0.5841649000641209,-2.0356164502595604,-0.23621397247024273,-0.3237220666406826,1.342063427419103,0.10029750363369379,-0.36333573009357945,-0.9675724332830249,0.8758053649033454,-0.5037410802680522,1.8831833244931908,-0.9301569237368618,1.6663050875747287,0.8641683017272059,0.3642064092372836,-0.5001080842632691,-0.6468367000732564,0.45664398848892107,-0.20929238463209068,-0.6616448585353344,-0.22166892739288105,-0.12864712878646162,-2.21528045071512,0.5670574903009953,-1.277504732554789,-0.8765907360376639,-1.7047432554085213,-2.2116945024164454,-1.6518233118389962,-0.7172616620100092,1.78469077906977,-0.4052792813553474,0.4104367729371695,1.0118923553434946,0.15520974874378995,-0.2862162101806093,-1.3780762556418265,0.8724289116951441,2.2918201879111573,-1.071275926197617,-1.6380022100047498,-0.09259686433604572,-0.7789600364980218,0.14156977897317874,-0.7657898031594766,1.9333366773994816,0.9571411571088454,0.08379311058970926,0.8555625180290347,1.6498315873094638,-0.30284189619813795,-0.9267010729541068,-0.062023915108963684,0.868859541145522,0.3147481698503182,-1.7432244168041833,-1.1659447662699012,-0.0898358886536075,-0.47241459647834494,1.6318742270177835,-0.7025269442352546,0.5713651976879889,1.0121028207876013,1.95449365512695,0.11950305908454173,0.4061309513898967,0.44409472391848825,-0.33079153037767584,-0.04770016144934493,-0.0672553394273615,-2.922372969644262,0.36413438547841454,0.15372707661518561,0.04843777990217519,1.8099698308615129,-1.0678759588475795,-0.16555530685614825,2.2071108761855722,-0.6500003562943687,-0.0907404964145361,-0.15647887115896503,0.5579038335999783,-0.3662048722480918,-1.419354001187122,-0.021403586252712298,-0.42657023693729595,-0.42930990094382604,0.8223448633308672,0.36920369280498416,-2.2594344949904013,0.7178797698270677,0.6482830723631308,1.5461279452569205,0.4432395429291187,1.2693719385848172,0.7562424309172563,1.5296345041588197,0.8792733341725731,-0.483135015782849,2.682125845945248,1.5091380274213055,0.8389280779458084,-1.4659050324178313,-1.0560973046992075,0.24461274312598386,-0.2176416384011857,-0.48451572199170106,-0.16577013862327966,1.9244674254681395,0.9589118258540812,-1.2381732829783987,-0.10977271332181221,-0.6332278268873988,-0.05412092184175776,-0.21609268717114755,-0.12061351212225926,-1.3563282841492648,0.06878190981326658,-0.3796931950018684,-2.998664752393862,2.018992609028368,1.2361354646730716,-0.19698412385047384,0.04067023261271936,-0.7384898230979317,2.4226841905380523,1.9366741435912076,0.6066175060734489,0.5398436623400813,0.1977322912577834,-1.1512750503526397,-0.33192324944122914,-0.2801775747751543,-0.6891191369227663,-0.6608790501171825,-0.05339023647447263,-0.7155546152952129,0.2777380725029489,-0.25964561642912076,-0.5045471512634688,-1.1785857093457945,0.7110052187989678,-1.9369182118164403,1.4444931276986948,1.3247416533207015,0.17080882508981,-2.6561856142606555,-0.28497715761369313,-0.14539518564547665,-1.3619800819238903,-0.5440804058062463,1.1778740526724574,0.547067253568045,-0.2952177111254077,-1.764659181818572,-0.39894637497425534,0.06138998394691192,0.9354667476675208,-0.956517277714248,1.134274151443674,2.220058298753799,0.7481478025620321,-0.6769973650667896,-0.6611530575629079,-0.8541088753069824,1.0672076616523196,-0.871664056966768,-1.2172784405146797,0.16212356101571612,-0.46043311517041186,-1.437268375295578,-0.1862054241734701,0.18679736964647636,1.2735711332985005,-0.14158895383020353,2.058319279907179,-1.262000561903131,1.3216798702722192,-1.654628699877933,0.6961818933275725,1.663029737884934,-0.5475083763135966,0.5216117054602839,1.222878160411394,-1.682436676638181,0.48952044596737326,-2.588349237662381,-1.236053476716252,0.8217818279102728,-0.6399651104937231,-1.0109387220628898,-0.6392444852914738,1.6502213233535732,-2.4216338032510025,-1.18576867082926,1.408098100480782,1.6089114672069735,-0.4140783237005633,-1.1353070837363821,2.615535215111131,2.0953971613854043,0.32770761679615557,-0.6079575632366185,-1.307421615478967,0.2376372238435016,0.062248573144803254,1.7856278225606494,0.9460581186785146,-1.1980914388193196,1.2522876377087035,1.0537733113714327,1.0175370704115436,1.6410635478920395,-1.2676572433230537,-0.6175719588482096,-0.8596447468062339,-1.4594604489356446,0.11463227489618552,2.2505599670925793,-1.693278473430657,0.15987644034384327,0.46955925816324917,0.06017389098505656,-0.3410742365082853,-0.9553554398454,0.22601554988369668,-1.0052831053744766,-2.1319307565927734,1.0396383416646677,1.0171732574322445,-0.19520398022392732,0.08136649251951986,1.2937419304634834,0.19576221072738975,1.0146732317417295,-0.40613806046213063,1.2041615672717727,0.33483143456817377,0.17829833942171572,-0.7908648163038835,-0.1329378861310835,-1.1381353022792955,-0.5069453680204327,-0.4860787759401236,-1.1290611929166077,2.323989137339304,1.556462346517653,2.107865168092656,-0.9789238587528022,0.546064663154804,-1.6728048098532795,-0.27309707130662275,-0.4007951566264716,1.1164348335861114,-1.0262101796312295,0.5836502349640951,1.099191346376063,2.614695276862042,-1.1103667635423915,1.1781430744000259,1.5948435833271608,-1.0422292599182352,0.8862856818239169,0.47901590866228516,-0.6495901574854753,-1.1009631525868084,-0.7660949654131425,1.851350643952429,-0.14400806079831138,0.5492290054124683,-1.0475918104498076,-0.8973080126921706,0.6780226843904007,-1.1432041978050007,-0.7280710854541135,0.15004364080525623,0.4497894267978099,0.4582564518271648,0.15246139609359977,0.5954071091030938,1.4327615320841505,-1.7871537369571078,-0.2039555981367884,1.0983723377846621,0.5529485003287311,-1.3011713710496038,-0.2931123216923839,-2.670670497356187,0.49332283118433995,2.8311336119812704,-0.7206734104967581,-1.2916860144152131,0.7442643108177965,-1.4893685572401612,0.11935877251241461,0.31289773664022646,-0.2851728230483365,0.14424235333035418,0.3930693541485074,0.15988740564406828,0.2521557724120126,-0.20170762968528935,0.28479986638331567,-0.37089441519055844,-0.10083043292576563,0.0016893319947335061,-0.3382457713576178,-0.4211070523998312,0.13696100619168805,-1.3490908373526147,-1.1045320003544543,0.9903157795132668,-0.3844295497886924,0.49261005688676196,-0.12669337455275836,0.24911672643947233,0.43999353550574427,0.8192784821474213,-0.3999592381501032,-0.0142689181895689,0.284508362880187,0.5813717588843169,-2.5357332212757764,-0.3469821171227337,2.8533984623391673,-0.2677027155361458,-0.7982247578099807,0.384396085778489,-0.03463352969851555,1.5169250000015946,-1.1674681341764217,0.284069050131056,0.9207590273116152,-0.2134126860935025,0.3035437231608743,0.6587055619115206,1.070685014456728,-1.0779285317836578,0.38296050604217524,-0.8416691028715392,0.029107529661396785,-0.07250223440039189,-0.4728851605595894,1.4246651555263734,0.0871237410242718,-1.1103436600727217,-0.39364750464353565,-0.15504512624726888,0.9617243897510928,0.6096234767592387,-0.7680061589071938,2.8234936398099846,0.11669042845975366,1.133788663737567,-0.23474636993462736,0.06451616011957197,0.964587339232198,1.1764867734478093,1.5334626363570762,1.2859108242545536,-0.5128713247611152,-0.7639260565740043,0.4648377806579591,0.4964137893689765,-0.008456446888237448,1.28855803154993,1.4302869618581013,-1.0234425008074195,-0.35114214201090943,-0.49361533966418525,0.7346094249600108,-0.4553484830411169,1.257779871319042,0.2489964399177099,0.31507480269058075,-1.411374460590798,-0.9156283902137712,0.9664918942916267,-1.8732672039055518,1.0117271932987588,0.34850877574479033,3.258309568472963,1.9362132156847653,-0.19920215010997291,-0.1779651869890787,0.9883428843338413,1.8060773674612456,-1.566987756611246,-1.8487991461043762,-1.0035150284958056,0.5435646151972651,0.24183184679145603,0.8637658658879313,-1.202378801525969,-2.3456746104864536,0.8908393541362317,-1.088906722622872,-1.820790976324987,-0.18327187308393758,0.20072600447386413,0.2782179608234167,-1.1486791214160201,0.07459961048372202,-0.37844903940575547,-0.9321962006359517,-0.9898051390914041,0.28544927677719556,0.7526816009496529,-0.21890180791292296,-0.6729289495811827,-0.06822680378832732,-1.8513067121841433,0.7398425187676512,1.1797231494435916,-1.2437973303901957,-0.2658316636673932,-0.4542373214153368,0.762521744992454,-0.8829646618474755,-1.0138998091705744,-2.289115609106449,0.3971410366145868,2.891459721003881,-0.36914784656931987,-0.7123248612269901,0.5088763426078706,0.43600056190882297,-0.5691369313520761,0.7181946048589993,-0.059535870727908696,0.11690733763481306,-0.7971391296886154,1.2470621086087168,0.7014308383155311,-0.059851573958697606,1.5134574657367281,0.162330553436869,-1.065763495345581,-0.4180470297978866,-1.8389789961684742,0.02963455390263931,-1.4517040523509706,-1.254805564160572,-1.9425967076136392,0.2885814543918487,-0.879016411253131,-1.1726208492842884,-0.3003360943432269,-0.8734002768664,0.6984253810175599,-0.21255043297419443,0.7046908544530351,-1.3931191907028269,0.8324377455980064,0.9450128194503092,0.6363452387370968,-0.4406736845946968,0.8896142163211234,-0.06457896443991876,0.04546745524133289,-0.3762846746258236,-0.6515690805177363,0.6422858383338281,-0.3474492256625169,-1.1207528506662796,-1.4873964695429462,-1.464376206314609,-0.8274159903867901,0.38813087844489547,-0.45145712045092146,0.44956754889040396,0.18777342478839554,-1.6122689524385196,0.677906882283302,0.1935164160804907,-0.4017538833505921,0.9022106582536462,-0.9743859792862262,0.8488761731578347,-1.803306288826629,-2.106246570735224,-0.29750590163742113,-0.1509980865615361,-0.7312976891846574,-1.0285178035204128,-0.19055193325396821,0.07643764227264582,-0.20787323328765567,0.05325048921509965,-0.8556892785308718,1.3979706919160542,-0.8562608215320748,0.7020428578218542;0.3382995926535306,0.9074908304825792,-0.23705097327625008,-0.4385289169616353,1.1264702777796318,-1.493094432737471,-0.9918728664722943,-0.6214415621360692,0.8864173402734619,-0.2443208275878228,-1.1889131295647697,-0.06742882634197815,-0.4339593269011716,-0.6468979438884789,0.7673906357049082,-1.349105583010699;2.2170322725801848,0.8820427474789294,0.2662212175885889,-0.5067473935732738,-0.4585714539264981,-1.9844581808221444,-1.213773080781432,0.10331510964945873,0.6237123950168265,-1.0048801784404888,-0.5600721446574929,-0.943765331749638,-1.112728934276164,0.12254655924661348,-0.11430742819390244,-0.18296940600378897,0.1334472356240868,-1.2083032839727113,0.07014669695788611,-0.17429029284963415,-0.5580033232418555,-0.1643111269003152,0.5145840518508592,1.1576216563832782,-0.034338932491526544,1.0347081827982478,-1.3279164401684804,-0.10684735418516889,-1.2202310792699698,-1.4890313592933926,-0.740284804321432,1.1490860379801051,1.2389007090123476,0.10074868216496971,-1.4508267960947048,0.1634761895441177,0.9069559285123903,0.040776557681164324,-1.2224696684546534,-1.038407286182926,0.34376384656026876,0.4838269559034515,-1.9958869756857833,-0.3343947404077548,-0.05868235702025487,1.1595384309675696,1.0143243057888816,0.8038900163725378,-0.8654654878420682,-1.8426580811360218,-0.5852604693231314,1.1667693486222943,0.931645644520072,1.4953058452441736,0.6316286591232853,0.4106292378777895,-0.834115334265014,-0.606112118378061,1.4960491760525578,-1.2417845912177328,1.6874826343627447,-0.26984718056247065,1.2231664830129076,-1.7785289253827172,0.092474109856444,-0.7548650806605561,-1.459109689241334,0.0917230795100779,1.508493443504173,-1.6922896914866825,-1.5011090006900913,-0.3369195387364331,-0.2847354311012706,0.5653944103408911,0.6350865195096502,0.001662902579712855,1.914210487079973,0.646976675091286,-0.365257943074754,-1.8382814073749398,-0.4843245629949427,-0.4522390510396313,0.8172472391806987,0.6391276384444287,-0.614265066158409,-0.3724819268151797,0.5822248334224253,1.632761264155264,1.292535751358163,0.6940163178348779,0.25406839161662165,0.9993710996899094,1.3854482767019642,-1.2851867802411456,-0.17352753411218952,-1.4009521065754145,-0.30635476912846954,1.2759728811861246,-0.8087916768738279,-1.4670067916547098,0.03338483456897035,0.7379165829916484,0.3187961834222475,0.20307797659841778,0.10233772945721847,-1.493726986217861,-0.31906890470971017,-1.1069109639089378,3.1118986806443405,1.1272816022013736,-0.8851395276110825,-0.3988377226774991,0.046876198304054484,-0.19843132412974845,0.8800224484148661,0.196027306944453,-0.7577090130199479,1.9319989625112004,0.3142000890649606,0.3487622255869492,-0.49894197753940855,-0.20949013492213853,-0.08961328421319542,-2.3048078982641185,1.9571703473077258,1.9547479358448396,-0.678087291040708,-1.200440598891075,0.6874418337125408,0.026044284066767027,0.26447220332154414,-0.037643832767892696,1.1016454424342066,1.2290975169738196,0.47508332153929367,-1.1085352250324536,1.252395215009452,2.284833166730608,3.402909067910244,-1.1044396653345256,0.6184399833104091,-2.259016352292868,0.375821237805535,-0.7080974826580275,2.8376470844363224,0.03263615523098372,-1.980873621250342,-0.39944402208791424,-1.9536339628499955,0.6731040842842624,-2.5638003699565575,0.2220763222462716,-2.1438760753475075,0.03418753487828241,1.4391850250179534,0.7956451729982144,-1.0529923976108397,-0.290058572404301,-0.30089273395341176,0.3914543853023166;-1.8109482823577336,0.43700170520649495,-2.1456282569750837,-0.39313753730872236,-0.16838120597119002,0.8007595974615339,-0.005734324374235464,-1.4315132819159693,-1.249234566565864,0.06126022051195017"
21,0.14772090813544603,"0.2802008036763272,-1.174650055772409,0.08968316766220463,-0.29566347713860264,0.40700640492014,-0.25824933914114934,-0.6346237575955125,0.05724429556248964,0.7430013995244744,-0.013244236232617806,-0.3898396093478447,-1.7070094466079369,0.520348615236791,1.653514711070642,-0.8942532649661681,-0.796313378413095,0.15051270983006784,-0.4247153172758452,0.38684291014225425,1.5617246745235769,1.1735254409467286,-1.314091513817008,1.3058603891948832,1.5060752441270557,0.53371684349742,0.8073963271865131,0.8575039866883757,0.7440479647746892,-0.12011961616116193,0.7291279256696785,-0.03110596481236759,-0.9253107585074907,-0.4416898155231012,1.2384487763946623,-0.4283856079405729,1.7164114673789308,0.8000465578522493,-1.2860757465274915,0.39064033646148866,-2.335342616411001,0.7058181851072598,0.9345236731870419,-0.005594130160389177,0.23488075501691288,2.404947949273474,0.09996304333654575,-0.5967480798081642,2.1292839254683957,1.8541176215408486,0.6227042820272182,0.2441968871110306,1.9922365141922367,-0.28293735649531837,-0.08820286544192876,1.1317114479789012,2.0106676131711345,0.9725532798521568,-0.7180403928944956,2.2674076462020447,-0.3374241079548419,-0.32061258042289564,-0.4322030480737395,0.858532870606113,0.46697290132787367,0.9940092434924459,0.4504636285034104,-0.3621057019724262,0.4398876164062151,-1.9687084194406272,0.02457561226098917,0.7123408641280855,-1.26125716539617,-0.30269269096381113,-0.740072821530854,1.6389326564097735,2.1613987376531694,-0.153603975001423,-0.42566395813476693,0.052601823468864425,-0.448990690683811,-0.09944327624268925,-1.2312357329924017,-1.5454448588767626,0.15365441443145056,0.30959913168010805,-0.050443269664260354,0.7971467659721869,-0.3878263824220958,0.3426613824225239,1.0341425633354033,-0.323780186819158,0.3758370129441848,-0.8955271683302222,-0.2802764026850685,-0.13262661403459503,-1.2118479074401698,-0.21664315834630984,-0.9147108824923388,-0.9147735049879113,0.2540458017965301,-0.13726628474645655,-0.34140273500911567,0.25086768726309455,1.4834525083748051,1.211957427704759,0.01574317042875515,-1.467707000249767,-0.6758425828279463,-0.26905125843313693,-0.8395552285922238,-0.8930996332958638,-2.0006379480084884,-0.9898546415748267,0.7974290894777071,0.34761122195587996,-0.35733315053958487,-0.7609783571007376,-0.6951510736200248,-0.48224925635688176,-0.5036336129305381,0.18290521359330247,-1.7404895803419878,0.01524672973470552,0.27467349036793365,0.46384018458868337,2.5760271985118184,1.0969298037397508,-1.4401717443682007,-0.8311508096020662,-2.53660640371295,-0.6630175454083174,-0.8560900610412958,0.14683834346634667,0.15529453855801106,-0.23614431142967524,-0.22685675454654688,2.111798229798775,-0.538267422060487,1.349847556795382,0.9485195672644572,0.4846500238093362,0.20809884378940025,-0.33739403537829,-2.4022950042757256,0.29652335636819915,1.536756992207359,0.4975980455495005,-0.9473929433956066,0.29629874262165323,1.2942375858419009,0.9679691223048541,0.14428187407318452,1.2112001459511519,-0.1714331710043943,-1.0780467180291238,-1.5779991465513963,1.5565229033366481,-0.28291588070798285,-0.34397737596225936,-0.45092184029713855,2.218890992982599,2.0344420435287622,2.080521705765213,-0.37987404944414127,0.4550915356935906,-1.3522942877853044,1.1064213328296157,-0.82325172856425,-0.19194831715064137,-0.5386924631740853,-0.5941615858807343,-0.5761393818213855,-1.135490979610989,-0.5534678049514198,-0.17449910138531494,0.45562396814243983,-1.3723795158041039,0.6103468658960061,1.4306368553709348,-0.8617693556795806,-0.10109895107369797,0.2246365076210162,0.9519430090673545,0.3247752181945004,-0.7650152093715414,0.25736058882173884,-1.0679244578124212,0.0999097294045509,0.09390935175310285,0.36568960456854127,-0.9029741509673572,-0.4065573733526952,0.503640068169247,0.7036851294719785,-1.1166787391169808,0.4439029554070297,-1.343888464801326,-0.4636638617225412,-0.5506298616028911,-0.8997887222480263,-0.630513214308573,-1.058892711382326,0.575049359304217,-0.6790790832229714,-2.007299527307939,-2.6446851123652126,-1.426975692681502,0.597771488601559,-3.1586381303354165,-0.04863446677214525,-1.1739829218361586,1.8653379061924389,-0.7583620740527524,0.2489301147344713,0.883686729739232,-1.7131549032726874,1.21725369845982,0.508537733939276,0.03228291765025174,3.632921541253959,-1.9391013701767574,1.7567310503189286,-0.2003093752969117,-0.09826941397020308,-0.37688585378234646,-0.6110586936668778,0.041518526669084996,0.874119562700223,-1.9552287897499208,0.45798107005965577,-0.003617702955284463,-0.52737896098652,-0.8331360287149975,1.0742181618129654,-0.7890917173407211,0.23873026447436077,-0.9048723933800263,0.9484435657425239,1.1701879939655988,2.2673244615677475,-0.7204289802659305,0.11921260487091716,-0.10158762137960389,1.3168100841245245,-1.1318668600985105,0.8483484453266362,0.4346077394867793,-0.12838533697217977,-0.3603243961780448,0.07209303652165079,0.5004961679793941,0.35864870860721604,0.9082572613100656,1.7108079359328572,1.2342894866986656,-0.5830590793585715,-0.996204493311083,1.1790072329011523,0.9192786342270325,1.5687911384339135,-0.7169878891119648,-0.5773203213793147,-2.155796084154217,-0.7041340131825555,1.08814890839079,-0.06243722033510657,1.2273727178020903,-0.6716340720747241,-0.005414406573094388,-1.3560735168430902,-0.018150518471411612,-2.4467873851171795,-0.5798939480880902,-2.215496814071951,1.0537192052535795,1.319058442888407,0.6185773504174258,0.6200196819355345,-1.1839143902794815,2.062972193936302,0.6676076369906471,-0.511950564749187,1.2997857462013738,-1.2033554378179623,-1.1372058583266447,-0.8645616276490169,-0.3062122855554254,-1.0089730301872264,1.0232375259109157,-1.3346792131410394,0.4142483397547678,-0.3977243782563542,-1.1095862792651656,0.1861367429197479,-1.936990701478317,-0.5580004148072176,-1.0606746112279575,2.251405214852625,0.6933437392181971,-0.004588659807918227,1.7948839784922275,-0.4451550977105298,0.35516303632644425,0.39683458560379037,0.5000417521445292,0.47988618091842367,-0.7027776355507722,-0.2569346975949051,-1.3698301496918341,-0.9266640332736096,-0.05766434707926518,-0.7195614609069907,-1.5664837297591834,2.6105271573098707,0.87355108352404,0.4035126023318786,0.30884198336053237,-0.764572114177774,-0.3908541835682351,-0.39455885742639885,0.17143273561074054,-1.2728356851918599,-0.314132259939221,-0.47321917889969767,-2.2988475125209216,-1.0452814751411175,0.10825493674909133,2.1199587406243703,0.612176703021037,-1.298938754536421,0.32914575141669034,-1.5282266191610168,1.0688533660546737,-0.2628623321592701,0.05685418905774117,1.2788960105332439,-0.7863099413647155,-1.692214200696055,-0.7111902801352926,1.1370474536037638,-2.101944954378955,-2.8351898594978033,-0.5223921529168243,0.9030775595235154,1.6675339741158346,-1.4065806477780767,-1.009247133079952,1.5334460514233648,-1.805793128918843,-0.1057559094339065,-0.2880911553955255,1.0229308520268954,-0.03448185916499941,0.6607605515012036,-1.6958562622904594,-0.6509080233201113,1.0307470881890675,-0.7410606273265098,0.3581389348356322,0.39460206994263536,-0.47075161792991954,0.6035175737806965,-0.7845229687263912,-0.9681910024040596,0.9359204598137267,0.5133172492401422,-0.37981536021433293,-0.19600115767531098,0.7018593672691065,-1.710739345030235,0.995345496442126,-0.5548426956325088,0.2222110085218312,1.675090244032437,-2.1502359088474967,-1.1141126499227945,-0.12578910522835987,-1.4129940574598752,2.280198712135027,-0.4260537884281054,-0.2850766575525406,0.7367502620402604,-0.8181334216857133,-0.058271468415846336,0.5589769361298733,-0.462832236575486,-0.5549867128489683,-0.525854044829873,-1.291884144665539,-0.029015330736040332,2.235113068452687,0.4575610411912659,0.1338357880691969,0.32316732969204265,-1.15015070209923,2.0799915151689885,-0.41746375966137383,1.9145104657292769,-0.8849682008834431,1.0855688968714297,1.2379978890684398,0.47964657625358204,0.1793809767466204,0.1559641063564332,1.3737455175863986,0.18732456108161635,-2.350501545862686,-0.8838875641740658,0.20155868053653253,0.4385983472186457,-0.423579446663476,1.2581800952819338,-1.5211110877942342,-0.4394000915651476,-1.4703251395582435,1.0179896155564745,0.04762644118123835,0.5388641207089638,-0.32092351284861736,1.1688601692192422,1.815371292903877,0.8550691374760279,-0.5000530694722048,1.1422353370709377,-1.0097045761785834,1.1904161607710895,1.680771794673449,1.0911910345876275,-0.5055958879713184,0.7111113196590588,-0.9270491838444537,0.5482430161942108,0.9343064390010544,-1.7141677830276356,-0.9206297236363888,-0.28955261341189453,0.4731677400594837,-1.2080527531730545,0.6924079870924716,0.3555767215398692,0.07338876717478038,-0.6338327965991662,1.2536336029470148,1.364421945932986,-0.9244962970458508,-0.2849828479501244,0.06926673170178965,-0.5297609504038492,-0.1173740299159027,0.3364989993166052,-2.189278037226042,1.1576217309705956,0.12462564449170746,-0.5304829628612612,0.3371464762898498,-0.1172615987607754,-0.6221534681688603,1.5776724694078266,0.21742568612225843,0.41968579955785723,0.5918136174428289,-1.2293384163268706,0.10918770642055928,0.18676981437001405,0.32899368764997994,-1.5436906813340938,-0.7535589283180143,-0.6042561038264633,0.9592445937925924,0.603870288905653,-0.8776666295401592,-1.3275889992258745,-0.015806604481436965,-0.1243471851202076,0.8814163234215616,0.23685710889330922,-3.1962175930514993,-0.4573765282564028,-0.7898614998157973,-1.8101302958531769,-0.6507072616167175,-0.3203268393362648,1.3622916107380278,0.4418192932126749,-0.7569095339873434,0.4405240591003016,-0.3859606771829048,-0.4529865022425216,-1.1405058987562013,-1.553494117819395,-0.6358604114120384,-0.03052258367705319,0.15660227767006543,-0.3906760185953023,-0.08847892763161505,0.960493452785095,-1.5307340119760033,1.4685768517178794,-1.0078256472895362,-1.2427092572141816,-1.1449102155205315,-0.9278681392736637,1.183219449700091,0.00663165599645596,1.3174539816002795,0.911312729861263,-0.9346854655768376,-0.7235956125157209,-0.11628831789050985,0.4064046672344219,-1.3025690947388016,1.1144092824995488,1.442580889683374,1.6610884258721204,-0.5747257632992389,1.1064766122844718,2.5298764160624088,-0.3871385477401773,-1.3831277092907612,-2.042933911070077,0.958802383205897,-1.6809520765371448,-0.19905195292909117,0.01607166490438959,0.037655673759110934,0.16453495273385255,0.20353353656486273,1.4914479496481587,-0.14045958079141796,-0.6379395907063593,-0.8817920457391368,1.460128828483492,0.42091214737803223,0.4751572275448626,0.8189510492464988,-1.6314619911751025,1.2857709807040412,0.7785374567518514,1.5085134069372839,2.066179301548422,-2.136504545912218,-0.41004323171934404,-0.48992387971256357,0.5424792436758639,-0.32299434536564603,0.7513661954804793,1.4560056082305928,0.9074754306766902,0.2713038423506724,-1.5865187673687102,-1.1350861773777834,1.4645179912257529,1.0461991064792984,-0.5468292781487585,-0.6112221852567905,-2.061244083358937,-1.3523863158134823,1.0542855794142674,-1.3714133235373192,0.18131500991293711,0.8258154736941291,-1.1553362065471948,-0.27172401596975027,1.3084271497971325,0.09339943374399376,2.549429523289144,-1.310529086529709,0.7690437570647503,0.015375919546956256,1.3357349225707125,0.7039376021483594,-0.5921265009391019,0.2637390043217019,-1.6328747656392992,0.9872080674892021,0.8564532325723111,0.6409862224770972,0.7627797561319197,0.03119771711562186,-0.2357995975029439,-0.7591392660120658,-0.33698638875404724,1.0273665837651427,1.50108031044043,0.2443388042641363,-0.015727374472675026,-0.35624452178754556,1.2898733950627426,0.907984043164505,2.772904890508608,-1.559910603784617,-0.3222707289043052,0.2716745359183218,0.39835955396152845,-0.3407043884020906,-0.3334103569769896,0.46439364196727384,0.6088361828447675,-0.8021157480596929,1.3201748276110898,1.5427103152199797,0.15004568770007226,-0.3037768352181948,0.05319495436175699,-0.7116981687290714,0.16387568145206624,-2.2860548109119083,0.2743752545076702,-1.0672896063499058,1.8668673486320164,-0.16135176329629794,-0.40211162314584337,0.0316248937644763,-0.53095229091696,0.9979192889982484,-2.7080577391828284,1.6822076089823979,-0.26309171354324346,-0.9789517815529817,-1.5441877285974936,1.1644197114331623,-1.1002539860953235,-1.114632929769929,1.7035376575249037,-0.05759261035245389,-0.4489066387709062,-0.024766099120718116,-0.8121333657363548,0.9247510853567654,1.2403329713550317,0.7802571551773851,0.7629695263243629,2.269770035231313,-0.08070634452572253,-0.9481406512592743,0.034118475128277856,1.9608932485009174,-0.7564398413484085,-0.6715876454862005,0.5879903798342239,-0.11112469645449913,-0.8549063715439452,1.0790138431672873,1.9527066842338843,-0.3918603925452528,-1.3340793877604946,-1.6058877587255431,0.5570509570294171,1.1560813818252285,0.5344096368623884,0.32965392945144184,-0.5374920528587562,-0.86345861660225,0.8536640306290582,1.3292417712002131,-0.9126547031249388,1.7909170140860746,0.27653267884252763,1.8124150809086328,-0.9403918463419618,-1.9060090751931176,-0.2281520188593481,-0.18041441350432322,1.1315408437216683,0.43005969361375307,-0.10487915076454687,-1.1716879304040617,1.034518116834319,-1.3768511531743641,2.0087021275778723,-0.47642712644038815,0.938707136497965,0.8621891839914528,0.25047938743858833,-0.5556242988223714,-0.7702328784894876,0.6270378713966128,-0.3239687789337634,-0.6953710676396937,-0.7476473330876031,-0.03777435565142977,-2.381764355058829,0.4547611431836041,-1.583920473638194,-0.7981927820298234,-1.522677841851736,-2.2034116777074573,-1.8281092481240397,-0.9376026027262359,1.6201993482209647,-0.7101223168779854,0.6741941306878044,0.9493381490705478,0.5187794956268714,-0.42807297739617317,-1.2819893273713638,0.5868008091282841,2.582262090792061,-2.15547074061379,-1.5135162802396853,-0.39832507736389106,-1.1793082819605394,0.34975845632349606,-0.43786063128384456,2.005467516425708,1.2625751517063335,0.19091170750590258,1.0631299026220198,1.4500800358575694,-0.7619592253396767,-1.0971792874923258,-0.487161144135281,0.8376508215557159,0.24115745003176167,-1.4618056779822526,-0.6038638830800852,-0.20218917171459605,0.07259633161646173,2.0091508404628096,-1.092865318634314,0.27749900964628116,0.9004563472781782,1.9784107228273964,0.3455474116531204,0.6922025728986544,0.6465445347335241,-0.441650483776647,-0.2644828872216201,0.1877862269489819,-3.097366481268197,0.5894877157529855,-0.04571798514651646,-0.3253763385721001,1.5308076647417823,-0.8192792689640411,-0.11133471964879517,2.2327527120255133,-0.35482489034832376,0.027689576386748488,0.25744662193213375,0.5911913493008607,0.16148981451474195,-1.8024711605994108,0.1207699803200466,-0.5308368183335185,-0.21974260371450993,0.09018664945050656,0.7817694594208161,-2.201370552572233,0.3067223984073475,0.4269624474691753,1.2354171487153955,0.22961103707742148,1.7070682768773124,1.0269412261467317,1.2387670217272806,0.7260901681822869,-0.5376947242178396,3.1100135029597715,1.3468483849202681,0.7924980047309417,-1.2876860622172364,-1.15572627268902,0.6111526150630766,-0.2296360792942332,-0.5768355978780688,-0.2362095248175995,1.4031121895655478,0.6128146100238601,-1.6073990731400218,-0.3572085159046594,-0.6447468627220384,-0.09947881254802353,0.1749552324301385,-0.29297640322744356,-1.729953470250494,-0.4694555747556197,-0.49335072820022025,-3.0078305270235512,2.0441366708744337,1.3788098708651673,0.7375313233436984,0.1348659084594339,-0.6775326554558738,1.976884437500797,1.4841211239311831,0.8035081157223892,0.3900262152361115,0.6795557415144448,-1.4465310665384667,-0.8753311493856644,-0.03239336721877267,-0.6731285168287511,-0.472224388783534,-0.13722321870857662,-0.44651808662056647,-0.19808700052043762,-0.6385282315982022,-0.3184695706195616,-1.2241538305906479,0.7046465728321403,-2.6232786608148677,1.4726733221229436,1.382507417359625,0.18127131797711568,-2.6537243437201843,-0.810807771717976,-0.5948239135328884,-0.42650222971722707,-0.3316228967374266,1.019301193229312,0.7178755040951795,-0.3387782964352066,-1.212615734875456,-0.7605385951194005,0.08852901523296042,1.1400027747130637,-0.43059700717745575,0.6281062088686082,2.128867990384474,0.8973031338856823,-0.16776513871183862,-0.5108769911454449,-1.0593492707568295,1.2428954751175585,-1.3691071723965926,-1.028301305253257,-0.28029696048826197,-0.2593827400407839,-1.6528198729377828,0.2648886833812046,-0.03777056426371854,1.2134430993233096,-0.6188525274484021,2.2682108157989473,-0.6799747438528441,1.495099338311772,-1.7157272271147281,1.3626338974983245,1.385267278370228,-0.10206064936314094,-0.11446657706608693,1.1527106978022466,-1.6872957444354333,0.37756192388019233,-3.2081672738854534,-2.02722943845563,1.0759278204827802,-1.418125169711633,-0.61086260899068,-0.5206116038089904,1.8675566346430699,-2.833823293921182,-1.1396217995958537,1.599897947006181,1.9199083981139284,-0.4714834276742507,-1.2867970218061207,2.8258371320660016,1.9100149634309609,0.965730120644165,-1.041082016344003,-0.11286794636695194,-0.0679202934291206,-0.03823676999269285,1.938351756027283,0.9948450803982677,-1.0067022413779927,1.7905998442225433,0.9927298550816269,0.6101490245864887,1.3779125107584054,-1.3183061231096698,-1.2843823085096115,-0.7316424879194352,-1.9190753429986884,0.178549202635351,2.6268161385846795,-1.7262018637970915,0.39510836662077453,0.5117820391477801,-0.22222333927677532,-0.4762440255482392,-0.830241343334336,0.22003807474020504,-0.9564649684933769,-1.728626165996565,1.1320999877147107,0.993773863253594,0.023079870369733885,-0.4115123750564999,0.6523497612703807,0.14031687618515165,0.41233504699034207,-0.5006807701118595,1.1030614842060784,0.5748529975232481,0.13808481279934612,-0.8842780549393345,0.24269587976522153,-1.2227707017212528,-0.2406147240545847,-0.3379175970098769,-1.113489548559039,2.1813158392965892,1.7616656334263148,1.7547655329466556,-0.7085174992022925,0.4823646581706864,-1.427818939126144,-0.7856893556965644,-0.6304092232700828,1.3281227050638411,-0.942480518609947,0.9875061419683375,0.5349138649227823,2.679430035718265,-1.2465006947800714,1.024552019730479,1.7018754341852471,-0.40499276663486794,0.8090944789720697,0.781457655301754,-0.49821821756259693,-0.6488829354567448,-0.43828011579579945,1.1213327474279038,0.05222460038127574,1.0079878354923362,-1.2002200704709827,-0.9915017505087795,1.0196638652277377,-0.8419671208005046,-0.10560244317946808,0.10625507478760646,0.055429192448576796,-0.08269761499247222,-0.09034044444051631,1.3873728450955836,0.6324685226866221,-1.4378137154990192,0.3222888750689582,1.810066639462626,0.8654897348577335,-1.0474481645919622,-0.47236496665883915,-2.5018295353275373,0.3243837425006669,2.3893815786481496,-0.944922966895427,-1.4869110409528243,0.3617292033312428,-1.3146830074548495,-0.6963550908606672,-0.13910053563420172,-0.6879249777981946,0.4261504937083129,0.5086368722216338,0.12576550957636806,0.3949141974923531,0.09795280562568745,0.8271660710591886,0.24833180586795506,-0.31894530652802544,-0.7809326399165684,-0.31959339956909844,-0.058662492772084435,0.20722716348375197,-0.5695262980844991,-0.8652044420898878,0.9599784843593885,0.08653670342956708,0.8631611346184318,-0.3231607975469027,-0.002489202616161326,0.8618575279331777,0.678069640894037,-0.6426804386932982,0.14144317920863586,0.45040780346525033,0.31252192176557386,-1.887483730484609,-0.05571011181641204,2.385764587391799,0.007528842357921506,-0.5109777302351914,0.8754770060693446,0.6275171398183863,1.6340411431673667,-1.1480101300830774,0.5372553209041875,0.8101851528994897,0.07336009449895048,-0.3003876598506802,1.1748502755478885,0.3766065206796767,-1.0284309779711294,0.6339187349107029,-0.6195952624071923,0.07951982313688262,-0.13553033723710986,0.2225452534286821,1.1064845878809157,-0.10476715680412159,-0.6860106591589871,-0.4447928721562689,-0.26631168658056187,1.2328875801708696,0.570452902662443,-1.7313620184854794,3.255395700845888,0.4104023382735188,1.068583766079206,-0.46383089250937143,0.1257635696566551,0.8377651433269301,0.717223388342554,1.4746563252465617,1.109965726130353,-0.7352818003963805,-0.5023323993493027,0.00038181599272543547,0.6945537465923719,-0.33788085040122573,1.4106066990850326,1.533725328857021,-0.4280847820612661,-0.9670047798460998,-0.3026679841058084,0.5840402352944466,-0.273873585435334,1.061080804674355,0.45436466635070066,0.19972230940544786,-1.1117820771092157,-1.090740245652755,0.824566679344517,-2.2980221777212986,0.653506657053232,-0.15444715684729768,2.8936463178318466,1.961775841602738,0.021983152850444623,-0.33083690476624145,1.4799908841833944,1.5633917401355335,-1.5883686126516634,-1.6761380187906045,-1.1274063145728068,0.5821610315675942,0.09060658190549345,0.572447577239517,-1.066981935065663,-2.129655108201927,0.9826964387507515,-1.0303156189147258,-2.2910885191129626,-0.000569454391057482,0.9440706780856862,-0.36131605853492405,-1.0600700481399787,0.09672671021086254,-0.42538533331074524,-1.6679898680358585,-1.0687139498379978,0.9131058629702844,0.8736574859929253,0.32494597996208247,-0.9766538661231388,-0.16028140921221953,-2.029969153531257,0.18437884559933623,1.3846267914487331,-1.0529856210634998,-0.26923372032718323,-0.5291827907187208,0.7748987794919039,-0.9461953893423074,-0.46588892285757355,-2.913669332463979,0.41674325491180086,2.7481600209147725,-0.28291714805716967,-0.35239345955577767,0.39741579868237964,0.23116544372180373,-1.1750637044767873,1.0942985637209508,0.40245367138548965,0.19620891741003554,-1.1158215231657616,1.8718488765926657,0.3113544195433754,-0.6031863849523934,1.9320365378680644,0.2424500357969372,-0.35052091271847374,0.060377261798180856,-2.310629179654735,-0.11316194776878123,-1.3133596181769125,-1.2287758982588575,-1.5752577303611934,0.17792779180243506,-1.1236609814905676,-0.5541560895019342,-0.6618582657873788,-0.6932631369929564,-0.12150780204346748,-0.05565771518330837,0.8407349251302279,-1.7034047081146828,1.0477904117647687,1.6021789502449042,1.2928496281225985,-0.2653469226100897,0.4931627810164989,-0.5852749514721677,-0.09824393359126883,-0.537258148953159,-0.21402414092525782,0.42946021181634797,-0.4360784460913718,-0.9066710185207918,-1.4353300713865023,-1.2614599324312958,-1.250225306878459,0.8392823124834813,-0.3876920571734846,0.6521836717128531,-0.01452243164481093,-1.6079195651670177,0.3858593283439392,0.27508852204963696,-0.8447722310472333,1.2281034082890425,-0.6552463290878011,0.3528107638024671,-1.9386853567489255,-1.4731427634927752,-0.28142495191107886,-0.36358115630874893,-0.8762853139985046,-1.5097949409924953,-0.5666112123367786,-0.3347549201552783,0.11621092925532314,0.11166918669126957,-1.0279251598500208,1.6205361321654441,-0.9403338262013009,0.9598850459899334;0.9539492495784008,0.9806708535513448,-0.4241450209065922,-0.03118427253965443,1.7057938512451414,-2.0273586080008585,-1.2622017579691858,-0.681476477298587,0.6356860308465163,-0.13055184129862507,-1.5733857927898105,-0.4910999066436078,-0.8495526241771447,-0.6687475906521114,0.7414158831152455,-1.5957905531651397;2.379694490720859,0.7243587897469308,0.4500520319083383,-0.34604076408785334,0.2520100233969212,-1.8272372251481448,-0.7870282178438767,0.18858777465187948,0.8241585803574369,-1.030621829873701,-0.336316383974982,-0.9366582064671607,-0.9456933343316185,0.15657279955232106,-0.7650082042909914,0.17143299381385713,-0.42495626358911287,-1.102512218132176,-0.36169691782797486,0.26117789480423315,-0.350679348462351,-0.35766193441393135,0.8017105247548971,1.3501017038346208,0.17510006335444558,0.49154636263109575,-1.322991472131966,-0.14397788607954895,-0.7621097795603936,-1.896734879512666,-0.6653053991759048,1.4442767967648633,1.0527380915472528,0.00424684106486959,-1.3816578666132728,0.3756341651452376,0.919150607124397,0.1771050254147695,-1.719460750300682,-0.7957506317674743,0.1453065194984569,0.4377288142179254,-2.379906973108997,0.16313232968293742,-0.06849286660527527,0.9387523772272935,0.8294557724505722,0.8742165963975004,-1.349215720013484,-1.6887009921538934,-0.9562744728554039,1.119961824052267,0.6183268229607322,1.5291333053332397,0.6182344177681253,-0.028213853408365075,-0.44122236126696734,-0.6597687851007927,1.7686369315065273,-1.3678225159125805,1.9151782812940925,0.031593113536423995,0.9469286590936888,-1.6592996394489372,0.30446147411774993,-0.5976352684802427,-1.39714016558664,0.3461019770147432,1.5451178334566937,-1.17437855586869,-1.4580101063669546,-0.6742540201980523,-0.5744764758181413,0.11041562580236838,1.210525936064602,0.12770887801462555,2.046824621113799,0.360263166296011,-0.5794951489638055,-1.9946433387762137,-0.48503106662581147,-0.6146016655632671,1.2855860143377438,0.7021935359692496,-0.6972948384028536,-0.34922312742915196,0.30882940875022996,2.14993499874461,1.2161504895578514,0.5797874503722844,0.550499597806912,0.44309992338083243,1.5773501758775716,-1.6325414299726442,-0.487717867761352,-1.6324417925877672,-0.45522913218697914,1.5622950935470845,-0.9776561741313378,-1.270652685714524,0.2750837776923222,0.8625251496957872,0.16696208764017234,0.5057763687840213,0.33739474503539946,-1.4280690565721197,-0.24423268576622176,-0.7775606500704538,2.9155261129456296,0.9522207230997279,-0.9064047311589843,-0.48467469147357994,0.3659617853566754,-0.1564788836040708,2.0064700095697616,0.08630898969072134,-1.000710064665907,1.8105464286977107,0.15378699626264897,0.19633143561592806,-0.441920515554405,-0.21617985713244228,0.3994802371299667,-2.091650279738981,1.7759098615445963,1.5378109234461965,-0.8257434677071839,-0.9731211663765275,0.32177922571263684,-0.4623462575050097,-0.020520093757121785,0.30932502039012727,0.5873286507347272,1.1759636530611053,0.18900469999855352,-1.103975199475409,1.2169204834844405,2.9758453346611393,2.685138277695251,-1.4291667958557888,0.2388564813608736,-2.3501114176213176,0.8747418718016478,-0.42620578626758426,2.178389755103941,-0.770510862981418,-1.890101656764523,-0.4885956917333367,-2.1625286972889883,0.7328316893801778,-2.463678387126981,0.014095788873704246,-2.361181546451003,-0.125083626278513,2.130708188816041,0.9566341421198757,-0.9716916244163715,-0.09054855998429145,-0.39241097215044507,0.4719851027414512;-1.325830402459965,0.9350995311843106,-2.787571282904368,-0.3953729398273388,-0.40422221491080074,0.5851360812422999,0.18036414042274201,-1.6112844802364283,-1.149521172492234,-0.23012303231000716"
22,0.07616084977777315,"0.3963037110405725,-1.325547456142214,0.6442325625649793,-0.13554082727985317,0.7649279094895617,-0.39205445901269703,-0.016915029457111444,0.6409365838861483,0.30339866097304535,-0.45047849298829046,0.2497799473730885,-1.485920776260973,0.5749144093934188,1.0237649915127567,-1.2848122923151255,-0.5328202495471714,0.2491258541155536,0.30657483934189095,0.6233715421814483,1.2295429288550022,0.9440444503690326,-1.9422674662201846,1.0543202849071498,1.071100612996958,0.42400866179012436,1.2995013878133648,1.3287645497651668,0.9342872849985905,-0.5041042112890293,0.9479168437384082,0.013490527348452318,-0.744240919553288,-0.6381044308184957,1.4469373458053918,-0.31356151923685804,1.5803699206611959,0.26586524405272727,-1.1197278555683547,0.885654323195467,-1.8641434298271595,0.599141960392474,1.0470186281656821,0.36659843933695524,0.05723698695109501,2.2188304751074774,-0.4192561568356534,-0.9142300484320091,1.5731091758654043,1.5888597683015244,0.4071401922934976,0.9767183551417924,1.5564586027337834,-0.5569099342297434,-0.08702070453399272,1.2192544732863262,1.788795231746816,0.2954324049426884,-0.6889412059811406,2.377872168100175,-0.35761202196494873,-0.3289211934633744,0.24559237185787122,0.9016639068093352,0.7860657173044434,1.0943833200422972,0.7528533796552674,-0.26181184622689124,0.8527884309553626,-1.8635601346755135,0.09258823647877101,-0.10235459689572995,-0.824678776524535,-0.616982069834816,-0.5803554119816097,1.9525137525968987,2.0167101484122054,0.006064299939461247,0.1275991480028293,0.23202216590704167,-0.5699746397146077,0.3299931828009497,-1.0449791837575257,-1.1914152282459232,0.18268426112146277,0.8771367213894001,-0.6788423814625072,0.6670461434201966,-0.3532569213009727,0.5943925942185999,0.8589005812953576,-0.36324230510027783,0.04512400840614938,-0.45350860378406377,-0.6464285357354681,-0.0070054657320061525,-1.4139513689269423,-0.15401430965544294,-1.7285986978665226,-0.7240128378295928,-0.21238525841758488,-0.5538189710899633,-0.15667587639931813,-0.017926898087701974,0.7173680424846048,0.8746252863850318,-0.027676847060700255,-1.7761542523357265,-0.9496273914265599,-0.3143123478012441,-0.4675336622472033,-0.5914638982413141,-1.8854035754068756,-0.8523195559452005,1.0186993108774345,0.23599057594324532,-0.41812062334244227,-0.15705877793688588,-0.729404399190642,-0.46052224391992164,-0.4437546883309671,0.02391912277886503,-1.7112679054120996,-0.19329335146936583,0.04172575389792335,0.8314270584437503,3.048058351238112,1.1472242955038503,-1.4982480453344011,-0.6144152019546479,-2.1847463792866453,-0.7532686873766714,-1.2910127227725878,0.3206333244966095,-0.5121853323283757,-0.10369655251251181,-0.7580328040486954,2.026300352040494,-0.49785382351172414,1.648467258156103,1.310749029482528,0.35173038642348126,0.42537742188608757,-0.7090504568700637,-2.1108413135691895,-0.28790666048983393,1.2149555468673667,0.023651179224542615,-0.6833732100500413,-0.21759111862659142,2.087190700406014,0.997875931197315,-0.2901776093578144,1.3256197139682873,0.006619755958624421,-1.0612579530096007,-1.0797685064593978,1.3438097477190902,-0.10383872749594049,-0.30979490851025476,-0.4695842346313964,2.18017250745958,2.0905961454284046,1.7243505815664066,-0.11708253535508552,1.0153673276979769,-1.2907728675607797,1.232360026366728,-0.8979185787059657,0.5632660622591026,-1.3484468796289744,-0.15626033035780976,-0.8401774611102326,-0.4380492015301533,-1.063184300042903,-0.36223221991829296,0.5686581697924619,-1.023303097828271,0.7710508859287076,1.1260590869702962,-0.6276232071625198,0.08073071714533765,0.21661138629028567,1.0964420233259466,0.544278075706866,-0.4802272369740878,0.31199876590259235,-1.0825440197436522,0.4743365255418072,0.42518073151107466,0.3045897449771055,-0.7243461317388002,-0.6833481202638226,0.6168575067857399,0.45627929969278497,-0.8015857602980319,0.4677505896870317,-1.416823926705845,-0.6058151425258899,-0.37990754652806574,-0.8631783129757412,-0.9643190800660487,-0.7951705836418146,0.2639434062563013,-0.7401169064681122,-1.8434075854301264,-2.928538053706412,-1.1665303538416456,0.7848982091170608,-2.8008016508238582,-0.4535915354866197,-0.8575846393006499,1.6854741849386987,-0.9373978728199158,-0.03272137989851895,0.4084598523039176,-1.6254083909795585,1.2231678258658747,0.3434405687999235,0.7364602329122737,4.082084803060541,-1.7112517372585734,1.9198891851884246,-0.08228181807118767,-0.18810425193596317,0.07512058202711203,-0.33656468853173604,-0.5320662496839644,0.49627128476791327,-1.7217944239747303,0.68871602479994,-0.33756384739313505,-0.6324101870698778,-0.6605075812472311,1.2199370809163868,-0.524512116535848,-0.0694754253790976,-0.8671705374379289,1.0413299524810564,0.6480895722181428,1.931135823658917,-1.2607380211085506,0.554074095537672,-0.025193245242888407,1.1208161130033012,-0.9783996346974995,0.4572370536408975,0.29492874710597583,0.20049905319666916,-0.4280531964897649,0.4840187066028151,0.2536613460176971,0.6780491416348051,1.0691904387478173,1.5632474774099907,0.991487345861854,-0.20575502021614217,-0.9326097136879052,1.413469208425341,1.1631413019562453,1.157634640524158,-0.4981086461006045,-0.5676352306055097,-2.4568219335202452,-0.30634539816182704,0.7175547257718419,-0.2653525382434291,0.7494170928391501,0.20936490664819551,0.07823849507381453,-0.9266707634988369,0.1807002595276161,-3.0658791947729216,-0.8784987182589281,-1.803008394734038,1.1546357351396463,0.8851771589275725,0.1646246335286261,1.4442180703382446,-1.189098245763405,1.992120204065658,1.162890405006299,-0.6476462179242727,0.9619379361866136,-1.5791397131316993,-0.7286226338585826,-1.334825380972484,-0.5659499864664727,-0.27700259270133565,0.9203093479180416,-1.3453545485066492,0.16988701029293346,-0.6735908203549252,-1.5763848332558938,0.2861721015676861,-2.2820070509658517,-0.21582518360637376,-1.326340838468744,2.417808519361584,1.260760772261826,-0.051771612228241996,1.6438533226555503,-0.7581839118421357,0.717970498891708,0.3112128542911786,0.5219260140119782,1.4415322256348437,-0.17348128667860904,-0.5555377059724057,-1.5848258373507935,-0.8765907058822913,-0.09911862693075119,-0.5805637978912617,-1.0621998390975826,1.8893598085313918,0.8028809091858434,0.5344438863253902,0.3156376157923208,-1.01981258319986,-0.39517313141850696,-0.23496317628044533,0.30188711423249454,-1.1477525958781984,0.3047491302649772,-0.18139362164916378,-2.0876510299818745,-0.6713511869899347,-0.34195244958567683,2.200718499554343,0.582923933485981,-1.629283535097331,0.49757580559278947,-1.1050238222112205,1.6777045985633017,-0.45416834767005143,-0.3038994122798431,1.1712353370004054,-0.9708463433039441,-1.5869607187435033,-0.5897463608604852,1.420775569278362,-1.9999919689286296,-2.961718491175872,-0.6669530949996715,0.7528447951481221,1.593198615773703,-1.1375937591198426,-1.207696837457244,1.718492686080696,-1.6107638092977572,-0.29174458660570735,-0.45649400988612837,0.551813736770531,-0.06517160909732297,0.6042649849765547,-2.0552535058420682,-0.48943899169670824,0.8889406010398394,-0.40935793224758393,0.09898719851052246,0.31150435700410034,-0.15915306736070656,0.43620067421954944,-1.0281358919957992,-0.33763375461891926,0.5660348909038113,0.6624515665946134,-0.5719076631386508,-0.580353874169748,0.9680663935941373,-2.0253196002104485,0.7500938228188804,-0.7926485440431907,0.6050431011288007,1.0661172585371412,-1.640640296604801,-1.259660111509315,-0.7563834723310144,-1.1237495557237203,2.6697279342844933,-0.849833898883537,-0.6108369118251864,1.093589396325802,-0.8402159542339233,-0.057894533103847776,0.8304739441267475,-0.7396307467548672,-0.0005499454225634387,0.4079555261619342,-1.3219903785287512,-0.43206149240243547,1.9809668878451525,0.3333009386703495,-0.2664220648060288,0.26037201060113013,-1.16518045072956,1.8078157126807664,-0.18380122030563054,1.6359517220108122,-0.9554107902786986,1.5551458397245965,1.1700886292453845,0.3026417201650425,-0.3282765243809948,-0.12988727021591218,1.450153909911368,0.6096986594064655,-1.8444495964925305,-0.6765252062173484,-0.3049907451039994,0.17346461870713814,-0.00166734570290452,1.008300685697738,-1.5644944534065572,-0.054396904641423396,-1.8823790121659427,0.43022861470069323,0.34531123601156993,0.02535162578821694,-0.6431787224175064,1.6021580403463684,1.1682951489387814,0.9205477066046528,-0.3945074330244334,0.6967422534203105,-1.2820857343613326,1.0818249070572268,1.4680297554340107,0.8012157780400011,-0.5611438685600928,0.6912678603640452,-1.139693590086677,0.8794739749978113,1.5715342808756545,-1.9528894582225345,-0.708986870448659,-0.25911167433232896,0.10257210327719107,-1.2153121278584422,0.27428704316630603,0.1538352384316141,0.07778834719789456,-0.787912403082738,0.8758456717108903,1.7007655633210255,-0.1820454012251546,-1.0343413355678082,0.104725706705319,-1.0282072880889785,-0.5547130549316034,0.5419889135675382,-1.9100514551781989,1.3248737209852401,0.16597398723085022,-0.5481778922545083,-0.020356211170699773,0.22410682688791186,-0.8353953388024442,1.5230793393515238,0.21795641255361456,0.4025030109321104,1.0775988095954985,-1.144788886045828,0.725268419391251,-0.12754516583980907,0.32290643652669015,-2.305780882512093,-0.19290980168945962,-0.4339567208486696,0.9053483536384402,0.34818132163000637,-0.6284861777691064,-0.9350402162258148,-0.11166858873696547,-0.23634845569969903,1.4181775528204663,0.41346972508994895,-2.7565747081651732,-0.6242418263609455,-1.1546095414777218,-1.6797341533073424,-0.012459081436456382,-0.05299739582592883,1.0777710176136412,0.5134614623532642,0.01884939873933795,0.6271616299337935,-0.3549706338893402,-0.5914870482098746,-0.8168372703803067,-1.497891825612707,-0.877965490363933,0.1035781639563726,-0.13975208771890374,-0.5221854022483979,-0.7490617326926474,1.1705133534341585,-1.6929583509379464,1.1599696024961952,-1.6255452867348996,-1.2373364599711802,-1.0261153783778776,-0.6623433694618366,1.2665776682729861,0.7009638511750668,1.1287865529761683,0.8470540225395528,-1.1399686769410642,-0.18199670449557293,-0.11527596368593476,0.7506230508154865,-0.9345336469514031,1.2088182998738821,1.7886479969509015,1.7354111830177326,-0.44106002228789565,1.6217975619294598,2.675418127039721,-0.45326272106788545,-1.4816865649329802,-2.3031053254377634,0.7873350650639359,-2.353301579745102,-0.27312205149538965,0.31743893425622005,-0.35114489594208764,0.27151534090899265,0.5435690505730416,1.829038393345849,-0.5830026596913355,-0.6078307526157998,-1.3525973662970436,1.1089520351773818,0.5679729927075367,0.5427359544265321,0.7262488679891519,-1.172889134148381,1.4116161807542347,1.132829841295327,1.42675129922041,1.7967035170838008,-2.0108606985295054,-0.5106785212830693,-0.2469973011116884,0.4846535444128568,-1.0775729283460485,1.0205610881531786,1.4835116753511484,0.5688864817333799,0.36551519910224956,-1.1126310340545693,-1.1654551917218625,1.792992549597196,0.6149068484110343,-0.317077002002567,-0.6231301108978972,-1.7179463973612947,-1.5017547063123575,1.840533510142295,-1.2202619200623612,0.12837374881171323,0.8474551458574098,-1.7543762275768444,-0.2929377542205345,1.0096416669679706,0.18054640941469058,2.4799740483419,-1.7229829084268578,0.8030749115618221,-0.28516729277071784,0.5720691126413059,0.7257639842391574,-0.8907330662413272,0.5043295119340316,-2.1873148611912283,1.1869330593376413,0.23443873542806998,0.8770832471715445,1.043161377415231,0.3986129518119637,-0.1320087611795929,-1.0403480802457556,-0.05339397741049223,1.214134141616121,1.615530780474243,0.41008836559972495,-0.5097025049990481,-1.139322331488734,1.6547561717572956,0.8837500781276083,2.2462441801929836,-0.8354685346354629,-0.030267513581680255,0.08896111457409267,0.34596376981026783,-0.3111429818244177,-0.09451499942535262,0.3139418649999454,1.1840860447460881,-1.0641795298029118,1.6022850158648505,1.600562046737988,0.45872350427219977,-0.2358590338806933,0.7649749378688875,0.14223163059384508,0.17237248047001255,-1.733224511290532,1.0438955318712755,-1.484525845965174,1.681522925022009,-0.2162169742381893,0.025400859352425642,0.23222827014610692,-0.8327903238576232,0.9604089828446892,-2.8338427728910527,1.1374819077681064,-0.2950028156049568,-1.6158035706212852,-1.319265789144609,1.6578371330132677,-0.8753825621475334,-1.35618771820446,1.46117000743564,0.8752301057070064,-0.27785177174371867,-0.12522635781506064,-0.7992768733147213,1.133421246029193,1.4505835929922255,0.9021490585797849,0.31521002285343797,1.4507367070149488,-0.20589059264148746,-1.4576081631290907,0.6625723915415305,2.0200323707490737,-0.7947061199154438,-0.7051888677306993,0.31244323884769687,-0.6466366350806401,-0.7562191402025729,0.537327945022027,2.4123232672363177,0.235990313935371,-0.9126161970222201,-2.3009863187317574,0.4525195925540992,0.79692686649278,0.2262571968536686,0.10660685678832825,-0.4813998259606005,-0.9899792074871372,1.199236725822717,1.051204042354024,-0.7890750516749935,1.168554526265127,0.02664599046805144,1.264016744627876,-0.6177639363784252,-1.991464381438203,-0.06456605480684008,-0.4069033626551159,1.1788022082626992,0.07615566425787251,-0.5605307321257613,-0.8305146621277089,0.8184964382016703,-0.6521470806783026,2.104150630987224,-0.8185193831004891,1.5179977594544107,1.1710573355655391,0.3419705039093056,-0.6619205012326352,-0.7050895836494573,0.37748078530350127,-0.22499903380251796,-0.7986934757589482,-0.13230284857995506,-0.047818786415286606,-2.116763194418434,0.40556082011473027,-1.3368642598189264,-0.8247336484283334,-1.6664316985918692,-2.2905289502360935,-1.7617878956077,-0.954220910468353,1.744483822563991,-0.43811520928388853,0.18566741312864957,0.8340560582522029,0.13825230234591007,-0.2690615482561908,-1.4820525094480763,0.8144343306063471,2.4334083108075295,-1.3603200467237786,-1.6575533326902545,0.3626510170543723,-1.0445164685423094,0.2529804031632617,-0.6960461324700327,1.9167827229035987,1.0823925854897851,0.2285819735654544,0.7943576187042344,1.4972357283608246,-0.3952315455948875,-0.8504607699305952,0.028619081963557114,0.717342392021022,0.3642610221440968,-1.5681149503883094,-1.2740543204268362,-0.08851982926234643,-0.5424984027637283,1.7158993570453325,-0.7719419342548391,0.4500242585907655,1.1708636924085751,1.9441841644895308,0.058425962930211336,0.4675028928357902,0.3553802026444399,-0.4566580081520112,0.20465162634149744,-0.10287919115197125,-3.097386157846933,0.34102820413310475,0.28099250238856127,-0.12663175551225575,1.8852644030116963,-1.070857532001566,-0.234078546186331,2.106516350346528,-0.6695011002550332,0.08837937903963367,-0.023447766128808577,0.5223889847807895,-0.2983206793839796,-1.3194540378104118,-0.27908291611519653,-0.5484506561593447,-0.18274574101700675,0.6984123152971584,0.044658144348201215,-2.6005396490371187,0.6723546614264847,0.34189335178201147,1.3179135758378164,0.30169431704577865,1.4046292255751336,0.7282064270819442,1.6666275862237165,0.8793455975060833,-0.38563745711827646,2.449318814262372,1.2495633620313271,0.6980528220111081,-1.5386611543683408,-1.3610083436827736,0.09268449639577693,-0.05513442564472615,-0.3681921660765064,-0.17777519441489592,1.6480531049192957,0.879731438729824,-1.2602212976456981,0.1822099259509333,-0.7527649155311745,-0.2333240001223314,-0.1462987425538122,0.1761668342192262,-1.251473031177334,-0.06975036019428305,-0.3899717633881215,-3.0902976519658623,1.9852888708482292,1.2065469378404603,-0.2324041355518807,-0.13470215835615945,-0.8141447131034223,2.3257019969466852,2.165728527815481,0.7878700929618228,0.23469658358062925,0.3137344981160682,-0.9295799956767679,-0.4177792757850622,-0.21230142247615838,-0.731075941762841,-0.5771268141190926,0.06596547888990706,-0.6389434152470492,0.39867050162695383,-0.17150009320462622,-0.42775326806579556,-1.2101346767527685,0.8355644234675738,-1.8608412510864152,1.494996129045127,1.3432364050775303,0.5653252063384464,-2.647769827709337,-0.5749287904400352,-0.17061270349080612,-1.084968118465884,-0.5948324715559448,1.1791804626445976,0.7916233422123682,-0.4647573525124291,-1.8730379165477482,-0.5096392019377454,-0.025012303562794456,1.0546778673760508,-0.7670025927224746,0.9569928169975835,1.9940835737615195,0.5445838166203861,-0.7271290801268915,-0.9150793167232307,-0.8691354370741267,1.1024107939206806,-1.2371512749784608,-1.3175263576113736,-0.0069667987906957,-0.33931750294566504,-1.9015797601943243,0.05479140234272015,-0.22147350301309837,1.2155687138794231,-0.4698791147910117,2.1712929532936127,-1.4469411529689116,1.2324500042273765,-1.551115751273262,0.6607215944184194,1.2330032076851893,-0.5783964312143866,0.6828081361215963,1.2520534852119842,-1.7212493022663475,0.6003249545470778,-2.451108571887668,-1.2405018921216442,1.0633918096687314,-0.6481178680711691,-0.9418301761392138,-0.41017380074821985,1.4065045915017982,-2.4816898306163626,-1.209651221407458,1.4071848933439592,1.6805742156542136,-0.4702167461300217,-1.1843417189485599,2.4288276221398535,1.7850114118945652,0.3784466560181263,-0.5581980898077081,-1.3298219099368604,0.1823371220971134,0.19729697928230766,1.6745364066618307,1.3275923481442256,-1.1388698823594092,1.3129663130072677,0.956139262196754,0.8906893143945448,1.5226118366479178,-1.51555851246626,-0.6460875176069862,-0.8886344661349622,-1.6474386101742073,0.12522091172459981,1.9007827068526753,-1.5601789494378817,0.271048715808169,0.4311354885057328,0.08676501259977147,-0.2941706803352844,-0.9202621308044697,0.36489017776716093,-0.6807494684372061,-1.864317143569029,1.0625193600364058,0.989511119272731,-0.11029274197983194,0.08620787757978218,1.1768847643242497,-0.0056272898408659955,0.9301389350176698,-0.32889952992194416,1.1456321016324016,0.030950535954375302,-0.10955527301236415,-0.9649969366291924,-0.00777248404506925,-1.1749183933156304,-0.437262809868805,-0.19907233226312532,-1.2611014106481688,2.1425435914012887,1.2524443238372427,2.413616397207287,-0.8627964613486062,0.5134783045662463,-1.5956647967927702,-0.6635214624980568,-0.39437899229599616,1.0730994137983465,-0.6747841102955694,0.8493505731774562,1.1413994847971192,2.8094045641951197,-1.0724148893921561,1.1703664802114018,1.6699291258204478,-1.0854299566836887,0.9790554013165861,0.5529291797478024,-0.45364360974929296,-1.1033356539453925,-0.6629592893436582,2.1972002171132123,-0.316778860494696,0.7516779362739753,-1.1035526252457026,-0.6451727532813011,0.6333032396485326,-1.30215130637571,-0.6839251122948677,0.21759681409447862,0.7668790223851816,0.22906709554461993,0.39230381881355464,0.8001662106033883,1.3304584621203577,-1.4331711770383193,-0.3142564040572556,1.1691672431511693,0.5576737075020475,-1.0599674442675948,-0.21072004745948986,-2.7005414020232603,0.5880967278158757,2.7755396522128146,-0.626217806180919,-1.421780978978644,0.5426597755604484,-1.5778246366749307,-0.33359241746053653,0.32290026102208524,-0.3256036294071597,0.036558492522976785,0.7934797712390634,0.2330884094332899,0.06512671001886841,-0.13988321916654065,0.38463510880322005,-0.22580977624740317,-0.32251295624804666,0.08698482043699352,-0.04867906198574243,-0.3525385885711614,0.11349015230543846,-1.356389568193767,-1.1657054834629512,0.9558117430350952,-0.33677105992233797,0.4706478844430367,-0.2956294679789143,0.1201522435218918,0.5323142998415252,0.572923278378909,-0.6825308882236858,-0.23944092341721834,0.5644312392111646,0.3163450178234808,-2.4696508495273015,-0.463757591406925,2.5532698142472947,-0.5653407592683853,-0.4790323769659424,0.32106366900629246,-0.0181562889575419,1.5356765010485651,-0.6903696984718948,0.569449058249532,0.8440510419684322,-0.144046003401682,0.04364700478879144,0.46081121078111853,1.0298708607193994,-1.1037134570459617,0.4973148400124283,-0.5785660038501097,-0.28883080862443006,-0.26749748198927037,-0.2480312320982285,1.1421418034837885,-0.0027124596553792235,-0.9540941844391003,-0.13125140194762083,-0.03691229882106102,0.8724397504106196,1.1464188875875323,-0.8510850075927174,2.86400584390694,0.028029138054138193,1.402628763569138,-0.4566013543175543,0.01962215040565115,0.9305237100297739,1.7355856669532719,1.1982740440722621,1.2958032605603804,-0.32516636135200067,-0.691703569172022,0.43802909417432806,0.6002801222375473,0.1436611204815226,1.176494740891666,1.5812943342585384,-1.1170881458246467,-0.4959224686351761,-0.1881288029699424,0.8422229841458595,-0.7258576960212629,1.1883791433001303,0.33654369825463704,0.563747789800592,-1.2045054735033751,-0.9449481669456575,1.0654658565321133,-1.8262649121342884,1.0729553935224758,0.36096398698118803,3.18568605782157,1.8384125094614936,0.015396642810570571,-0.1640083254942101,0.8343482597670068,1.729430098422757,-1.7500024794929234,-1.958578979760145,-1.0019891258056772,0.5299614782057525,0.3021853977750535,0.98292632202087,-1.2781414485199747,-2.0911507474687894,0.8500082260928455,-0.9885199211373275,-1.8049182366615777,-0.16888515743840046,0.47712239921307303,0.15633431588789326,-1.3062861075402572,0.03779780205368266,-0.13875884376356212,-0.9662806631772232,-1.0066719273940816,0.6331016569829809,0.7768630504806953,-0.20877208400790484,-0.6077799633071538,0.03138241796127332,-1.6746261679673295,0.7452790832700341,1.220856278259621,-1.1254908783465087,-0.48715619908526164,-0.1840551824394702,0.5467010125239327,-0.7381919937853929,-0.8828610257927889,-2.0919480884508523,0.5367579937348366,2.9467693769655527,-0.26406523946222427,-0.6907542909488842,0.5730895096343664,0.18342402089455567,-0.6251277926328547,0.3825621641988325,0.01857720362585777,-0.09337767311467225,-0.8333327703018398,1.3496711431437816,0.7484204878157564,0.015180979487791693,1.2609302349583247,0.01801432559392402,-1.0732991121494229,-0.35007908776328767,-1.6463951759514883,0.45075937494507023,-1.4235850314609504,-1.241616194515061,-2.0573393347449933,0.5550568378527695,-0.9437037266982844,-1.0865015913394476,-0.2581619975631294,-0.9338305510896353,0.6018437531622697,-0.22012089237466867,0.5317309245951743,-1.0384838589320897,0.7761841251446635,1.169351358578807,0.6625247637451619,-0.3972939894561707,0.4870665560141742,-0.18856667613931627,0.23693612027155592,-0.22413773145306268,-0.48607735034183575,0.4049779520715872,-0.34471989686364873,-1.005601307541934,-1.1692849060173003,-1.3709951958117397,-0.9858347237245074,0.3471843249024379,-0.655565143448668,0.4688161486401281,0.2423531495399617,-1.6025156263817868,0.7718009788769145,0.019841015509660054,-0.5401109933252373,0.7337561256808796,-1.2493410486056242,0.7157980717919423,-1.7257005534883036,-2.1986476796233223,-0.5783079492753642,0.02903068285312671,-0.6192063745800251,-0.931845459475769,-0.08577261180422249,0.17186515398355978,-0.15514465841455916,0.32371854143370554,-0.6085963676565318,1.5603923132961566,-0.7634427226893596,0.6587986108546002;0.2596420323797576,0.8382671438954126,-0.6070332290552475,-0.29543573371926496,1.2162909624312248,-1.705905938716084,-0.6823689048012304,-0.32912872453327513,0.8031768588432594,-0.5033299559581657,-1.1819736834497552,0.08640865802102675,-0.695226014066631,-0.7226851707059284,0.7334093208799518,-1.4199603320787015;2.306258657594173,1.0020312042393469,0.41745044827024397,-0.7493654226683916,-0.29403138463681255,-1.6868712088104438,-1.153218211570338,0.177898430399966,0.8282631874110797,-0.9430285022377253,-0.2928294679369152,-0.793096746746327,-1.00546913602249,0.24679705017352976,-0.10782380301009828,-0.4281955069202839,-0.01171775916779539,-1.1406841723392187,-0.2568142347460171,-0.06598285838209918,-0.6010429233410968,-0.2581593421390106,0.4501298403991245,1.0130952158062276,0.05845145806198353,0.8250769794583765,-1.414679542787651,-0.09441482592526251,-0.9364441100935066,-2.0717900981600135,-0.6862967708000717,1.0616982814418303,1.3415437936912034,0.13267533933836706,-1.4810638582631266,0.23745923204504818,0.9120227404552811,0.39869758691429563,-1.540262985807198,-1.0292973793275793,0.21601527340167156,0.4412595053411045,-2.1157499311066226,-0.14878083175618018,-0.08170994108456833,1.1392348214220989,1.0367437868097218,0.7962007492547192,-0.9712657661570685,-2.2448343140555185,-0.3757577128801492,1.0221872733519832,0.9238365591338209,1.4639308990477102,0.2616483472412253,0.17466588388938667,-0.5598457820125284,-0.5724808784234412,1.8857853446501818,-1.4841125548515297,1.5993479298781494,-0.3850915518698147,1.033207803627018,-1.9165648057930234,0.16082334390761566,-0.6616852271214385,-1.4900192054021248,0.22899188151336103,1.2466595249138483,-1.4751368005387406,-1.52101462647499,-0.06566289278827422,-0.36700881336101504,0.5285617973740757,1.0071711505313552,0.1051193525780914,1.8200758110873645,0.6588180856443974,-0.4200324606442764,-2.0384478121123015,-0.017875460775988034,-0.7115026995123155,1.025100279740027,0.6654119070715523,-0.7596516781661458,-0.4338683925584901,0.6634827445908205,1.4279530428448204,1.28402963639076,0.5147094627470526,0.2050377033886897,0.9157840389708605,1.5364846076141387,-1.244086699822281,-0.11182540376585814,-1.3862031073220542,-0.3594451910452807,1.3358044782818386,-1.0270825288232674,-1.2845073728285774,-0.032822127197649126,0.9760235386721827,0.2737237816541181,0.08986090562644108,-0.09241373880746587,-1.590542112898321,-0.36269665877890245,-0.8060047363314707,2.85184891036108,1.090796166667007,-0.8806700975519879,-0.6290627537960861,0.08718558889626747,-0.32848609645623567,0.6420206069664538,0.396614705026268,-1.1150801567046487,1.8708427975806723,0.22157569698640786,0.15523106042702517,-0.45103003023254284,0.021943372343987674,-0.042199946296667956,-2.133332751880888,2.1990739141422813,1.7938611899399362,-0.7395995527397733,-1.3199316332274158,0.7603424359641447,0.09250743476076101,0.24086793004406953,-0.07611174427646558,1.0150758160006417,1.4022842878232087,0.3254849120807439,-1.0670524238161991,1.2613210046975674,2.543285918359197,3.233304226164633,-0.9430194751890483,0.6312792225424247,-2.2016750631351343,0.30657396164765155,-0.9886433716183239,2.8127775345677906,-0.12046079489946819,-1.8079358759896258,-0.3322361242477118,-1.8822750546227578,0.70004351199203,-2.271898567515823,0.2510499154122807,-2.128907301437863,0.029267180312965685,1.7138419589536658,0.9228894254874049,-0.833257915055017,-0.28123860865911265,-0.22006220914742006,0.22102511862516103;-1.857061858456344,0.4667811866012973,-2.2203421068883826,-0.21661186496008616,-0.39533740551833874,0.9312412637994176,-0.12212727246622711,-1.2258187114072614,-1.1746940213682178,0.03352041853408118"
23,0.03794620070746785,"0.30972723608391534,-0.9852277332801561,0.003997714545424372,-0.24827178501908084,0.9457262602116326,-0.604746290020116,-0.08233701714045823,0.2589555101321656,0.7153454035905179,-0.3858513925540743,0.3166966001866056,-1.6128289805386213,0.6566230178474453,1.2506009814773373,-1.0037663179867056,-0.08027108001878985,-0.341502042535564,-0.16638175754825935,0.9851614275996153,1.3306136958646413,1.5667668591710888,-1.8479126851361016,1.0057945923820837,1.5018419282017608,0.8846713316325377,1.0351995847761184,1.5773772698464898,1.1993078319744015,-0.3522443702589493,1.1414050277801082,0.1578816352461354,-0.5618641477566308,-0.29120531083436013,1.7866541930750626,-0.8735900390112781,1.2241663551737032,1.0809582659148598,-0.9027114683176916,0.7465932991266131,-1.9509931293840672,0.5523445498552003,1.2664196291728753,0.20966779022628868,-0.13925330846645875,2.2173274465168755,0.08512751703791123,-0.8244496079376361,1.592471791237419,1.8138057504807645,0.7421159540474613,0.6567440769693078,1.8528481678167146,-0.2728024099863887,-0.8066673136366163,1.13722927238604,1.9251053321807439,0.23174945193734175,-0.8245151095380555,2.2092463628322987,-0.11832444426925873,-0.403807201222333,0.41648366388505087,1.0982646617929235,0.7526915604564971,0.5558888612528272,0.586053284714878,0.12417042752223172,0.4674031465326369,-2.2587148321227195,0.03604565426396075,0.7324139317315486,-1.1408037664280302,-0.3417907539847055,-0.605824772952569,1.4427293459567303,1.8163696248193062,-0.28436270563791755,0.2610295379183988,0.11102252769712168,-0.823819174750499,-0.18263670905815155,-1.1067825313250639,-1.4018714847935572,-0.18250249942528018,1.105750939035778,-0.6775522808367999,0.7096571817456069,-0.15029828177326954,0.4420289386428871,0.9067814299785388,0.1034932801864373,0.7214929057675502,-0.3284112480869765,-0.06876490943374983,0.2504541945643053,-1.8032734454007957,-0.13002020197920383,-1.1126985774127351,-0.813608995243269,-0.19016192710502391,-0.3728021210770991,-0.013049783444707003,-0.06327952389223505,0.6414253248768975,1.2624313567327792,-0.27703789970104115,-1.580788416580202,-0.8802489075007134,-0.8475433165322405,-0.3111746980905021,-0.5878483437023871,-1.9994155714979707,-0.45042804262232605,0.40621721774912,1.0155668583103568,-0.06132839580329802,-0.4461257460007171,-1.5722922142283593,0.004413059907960246,-0.655897616461003,-0.308248850914976,-1.8613908657069045,-0.3219752616926717,0.11562943706876122,0.29778151292061394,2.4507263131499935,0.4524146903550061,-0.9105212819071201,-0.9411164230244631,-2.094146963572907,-0.6388637815183633,-1.1407148785503334,0.5385894574908239,-0.2829667368864485,0.02362432017207991,-0.7301547351955171,2.1858484983118323,-0.5253257303242396,1.6132426096050823,0.8551496938747779,0.6961369216487081,0.7158790822596102,-0.5882117834746097,-2.416702311963131,0.0806863072314272,0.833330952121432,0.39447406320047296,-0.893744287413859,-0.24435406651523045,2.141829978770779,0.7362346889969865,-0.04145488579882112,1.0793693786450134,-0.20327669521306183,-1.5331751714327215,-0.9500778636303544,0.618861650086425,-0.36687172661689904,-0.4982106651458232,-0.2870272926253355,2.01812363262548,1.6551722725332745,1.7845121279499327,0.04842840640133059,0.5350293396625135,-1.1299335693402952,0.8352004477428484,-1.250530148686136,0.38881923822640163,-1.4866007851658554,-0.8543868923382062,-0.7896392416744096,-0.557411671604689,-0.4933773668741989,-0.6959584876734805,0.6586629356195756,-1.6951190662677669,1.054157924024656,1.2565875901302588,-0.8956584864625039,-0.49202842053478835,0.350742488003948,0.9764935764177851,0.34589041410640664,-0.31277274494414725,0.3537018492314672,-1.1901246668793606,0.6333219400262038,-0.03068112825645065,0.251777637813916,-0.7361076148014596,-1.0599651354053135,0.2796610052948225,0.6028676121361698,-0.6548075624887197,0.09126004134544516,-1.9428183467449234,-0.5259956322953168,-0.8325921715027349,-1.213956707912958,-0.9876218643684299,-0.5235649489822797,-0.23578656419904914,-0.6010636947658659,-1.4711032940398219,-2.4112806989399047,-0.894906861679671,0.7887606586401178,-2.883475603054825,-0.6671380528303736,-1.0092070927330064,1.0286697482490528,-0.7513018470957342,-0.1837234906261612,0.11518281403045083,-2.3828231002445865,1.1942080586703483,0.17322616273026228,0.16819361208461314,4.275200200384073,-1.8409173709321636,1.445276416540875,0.13089406917637386,-0.1022010753430337,-0.19084726820012865,-0.15678072019187336,-0.2570668836104429,0.4712347829373374,-1.7990623941128638,0.861127528974453,-0.47020185749031784,-0.9171757331275412,-1.0289294619811793,1.022417426605507,-0.6567999640011081,0.2472085561058657,-0.6573053203529672,0.253857668828191,0.4761588180720262,1.7288974184111081,-0.6651220238197683,-0.19064703216058998,0.044346133636153376,1.1907395270533903,-1.123869324593419,1.2784791350721179,0.21944109936164985,0.14232602015272744,-0.02642771998542221,0.08522635802421491,0.24933757629093986,0.5239291098070044,1.2115954377345213,1.0461296286309019,0.7676121132762865,-0.17605455651718838,-0.8381113786015566,1.3537746824964019,0.6457126957315356,2.0734423329219736,-1.4499298488845476,-0.42602120760691475,-1.6764752891084127,-0.7627997760080836,0.9416176070308055,-0.3461871788391012,0.7140013683937994,0.14315850153494045,0.4588129174236475,-1.0607642369890005,0.15992173057808698,-2.7502440743493124,-0.39984509583153494,-2.5043773010097534,1.0987362517560335,0.8583844888344045,0.3940528368930474,0.9024321635644585,-0.6996697419873665,1.8038043305553608,0.6348364293844861,-0.841341206875152,0.7135188233785602,-1.279825092093755,-0.6361654925864327,-0.9803400805763379,-0.25463725170585544,-0.9344192216476244,0.8554349495871086,-0.3842489310039502,0.45977838883156424,-0.5777584023741754,-1.549371875067677,0.24977258597435942,-2.5917581060201615,-0.06861458231140538,-1.4887729395641618,1.9332447900642453,0.6176036798209019,-0.036188906959883325,0.882698552616902,-0.16521449129596635,1.1045487956656155,0.660268043834701,0.25059149218922144,1.2403859196891733,0.3562246445362417,-0.17433748675687372,-1.2165490455255594,-0.475478813494094,-0.5367366688641598,-0.35723090893122733,-1.0289917588034108,3.0289549521837302,1.282258580263953,0.5533415961673783,0.40855331205689555,-0.8071941121072437,-0.9056671919444821,-0.329842953947056,0.24011163096887644,-1.0361039286389544,-0.061311364781863026,-0.21722968396564182,-1.830603880304086,-1.2202793658488207,-0.0794082979730035,2.069977975100526,0.6589152210411743,-1.248334566076499,0.35690369531353366,-1.6318991321593854,1.186781547449752,-0.785157354425404,-0.6564905257208268,1.4053981531776683,-0.9543738723666508,-1.5611255134185764,0.09513385351621509,1.6483360880247293,-1.3898652378422858,-2.7290721103101965,-0.41783611895430917,0.7128876214982914,1.5078825765341208,-0.8552762620135788,-1.0052102768384874,1.1079704227846319,-1.3859542447548259,-0.30341808421023175,-0.3592476370899568,0.6252971024916202,-0.5904170887984426,-0.10222505725173046,-2.071076103922167,-0.10215322977033581,0.6086799450443818,-0.8233054036985048,0.6682657364775725,0.35200588377352915,-0.34016697963754194,-0.05502030557679871,-0.8510862750364467,-0.9556481582883722,0.48530698874495554,0.24634524779337574,-0.5466902442875002,0.1118586409766699,0.5657972125051922,-2.3632080402446873,0.8066536436134242,-0.7897172372589764,0.09937107079035146,1.3594632198497731,-1.4683740756215342,-1.0650362877965425,0.016887721777619172,-1.171991212745197,2.65869188426843,-0.608818710077884,-0.9148765223025733,0.6831141622715847,-0.8947749945736456,-0.11218543628846903,0.8189891296008291,-0.8878363444037344,-0.19176477182313562,-0.3708211390370589,-1.4804697064121515,-0.16708426541705762,2.1348066981247507,0.14398598142283903,-0.5799976193261145,0.6873707510787079,-1.555009011458532,1.978671030664083,0.1093951955318101,1.2681643515887715,-1.1366429595263499,1.5111568391251167,1.5849359665136113,-0.07339406258056903,-0.38759177591423233,-0.022595324720552756,1.3921230864284584,0.18713310385322135,-2.373218148353505,-0.6846539283175989,-0.3009776041170742,0.25090825147641416,-0.6140294461435603,0.26069226613460983,-2.005645297098607,0.09051454701048797,-1.9810190267811958,0.6724912807129247,0.19917676908598161,0.4230143681784123,-0.8546035044167285,1.2693506348538053,1.0420274583488196,0.6655634113808271,-0.3727376456258536,0.6080230114923361,-0.78612072911851,0.7478336565349899,1.8802074335410481,0.9561359698877601,-0.42801183328650183,0.4830897292191467,-1.242136228861155,1.1046719911300524,1.4806235028095016,-1.8322593643466307,-0.9400126591296813,-0.3495977688559824,0.13487834235490337,-1.7696089728039779,0.8121952114482116,0.396039139337305,0.04929659161897908,-0.9134550713486034,1.0633802777088308,1.9000948742136103,-0.7254002253807041,-0.41105074143381737,-0.037968801422567595,-0.6056923939984198,-0.8466244166146788,0.8653417896782687,-2.342738149413031,0.7915981401957028,0.23123016214361677,-0.44084546020397275,-0.2149519011915323,0.08768844886487304,-1.3838890804950346,1.8406289884178546,-0.5121767732401916,0.4528339293819253,1.0116580783804339,-1.115928513658023,0.2568287774537931,-0.5278234335795116,0.1961532072852619,-1.7803411918715983,-0.5206713848653756,-0.70023354619546,1.272058236550978,0.358221887928973,-0.5026079543449511,-0.32805539750787593,0.1098635985914046,-0.4762370290249165,1.4680631167350258,0.28563609157044934,-2.8875446836690757,-0.6660974409104137,-0.9728763051606987,-1.316016668535874,-0.7208729378061465,-0.3014173625397522,1.8429039483285625,0.18621319708199396,-0.7953497358635006,0.539452066195796,-0.36399339174476875,-0.190634486696262,-0.9882157664237704,-1.3994345272616624,-0.6101150315915106,-0.15618177229995292,-0.45390141110650817,-0.016525335777293426,-0.9549204987533799,0.713893777878765,-1.3056923012400516,1.2295150245716502,-1.2846197404708355,-1.183805798798535,-1.214644953959976,-0.4547768566912084,0.8134913112863651,0.4412881298237161,1.6888304944798282,0.49595971530802463,-0.9348672808302052,-0.565970217630585,-0.6036710931776683,0.7965418221678289,-1.1578512172001554,0.7592057248348674,1.2451870879172189,1.716503457592907,-0.09785480305907805,1.0928967928272615,2.5270888129346765,-1.0585733593520035,-1.5428347634039101,-1.9000644238406452,0.4807662625712778,-2.070168926807131,-0.5823349732848968,0.35652146924568723,0.242241984722816,0.28488869657254945,1.115766122880689,1.9642334385328941,-0.5532383878613928,-1.0623748278877758,-1.0637874993669156,0.5296120115038995,1.509391556095332,0.3254475187010241,1.0538289254375124,-1.1456361075660029,1.2995049391244333,1.4295179270110792,1.2183869038942887,2.183103877120932,-2.0344000181532276,-0.7114409919023474,-0.10499092998807183,0.4309048301267472,-1.0155643529625373,1.0772430040437282,1.1579536444085547,0.6219022514944545,0.05622028270065056,-1.0290699509338883,-0.887736566983253,1.7133432249446992,0.9214944099655499,-0.49352438597175824,-0.5580969121870105,-2.4772971725144046,-1.2123985850267303,1.486093971735198,-1.1141145800903465,0.33149314760848453,0.9441716918152855,-1.646825425206636,0.05941462035472641,1.3965582574729793,-0.06180763587470711,2.734301002552861,-2.1084185242280755,0.93428176500299,-0.02550327717525347,1.0242392248659584,0.14156680702947572,-0.5733845623957607,0.0789812734329325,-1.6475707919661309,0.922910622205083,0.17475410566238728,0.2666560378091311,1.2281263110697886,0.8212392289276814,-0.45887802978141595,-1.3143015756026861,-0.5888157682909068,1.2991872120819918,1.3151937714149715,0.03444792291745702,-0.506275068268702,-1.4221196656222461,1.4249569264621358,0.4762454581340347,1.9001050916106972,-1.414019066908503,-0.29722550590718083,-0.28927037601026406,0.4637396585651025,-0.116654659365404,-1.137267868951931,0.2526123056797877,1.2336568909939578,-1.021553850521439,1.1162545438342841,1.25588524131945,0.4538669411446727,-0.5345235109036808,0.9309652427788732,-0.8180660839961478,0.358894536544076,-1.9025597411213937,0.8991776367570591,-1.3646012659730073,1.3360352289026387,-0.45444854298592025,-0.3017198203296925,-0.3543132252150746,-0.12076046779256851,1.1436336626310921,-2.861075356288265,0.9759597240914513,-0.36877977228436837,-0.9204073956453668,-1.4905190887744402,1.847385688281072,-0.4971891521169444,-1.4181726897643667,1.1756102733710247,-0.3106869401767457,-0.5512955552307189,-0.24047976764440643,-1.1625018141570977,1.0272131386999153,1.050691704221228,0.08920200500808813,1.0983028697423127,1.824225433450654,-0.48909131388343113,-1.474035825990233,0.2768213514356017,1.3828210467862267,-1.1457202770720554,-0.9039386042819104,0.5632703843533822,-0.7076576933160299,-1.2825756562904564,1.075905421431634,2.8702945478828434,0.17787596061126448,-1.1936907991022931,-2.5153023785435322,0.25601837215418843,0.9505060089028989,0.5501509825440066,0.18759696051977934,-0.5226041366147983,-0.9539666063672966,1.102233992812105,0.9864975008236738,-1.3186738907673723,1.2586369997928921,0.44153829108317694,1.279731628186529,-0.7659310303063968,-1.6810376872945552,0.3054106890144365,-0.053103294989797406,1.6719341372669787,0.8324789984699404,-0.22941145619067238,-0.6841713789465015,1.1456747689740214,-0.9292402528531342,2.163843449617612,-0.9014775127236131,1.9587101830891658,0.8927532576628262,-0.4491222831036756,-0.35795603280901905,-0.8045602785963724,0.10862096794769216,-0.6831399310872801,-0.8212101839457382,-0.10644720918938344,-0.47004480136708443,-2.2352338929284037,0.18641498561913572,-1.2558269321958007,-1.095713652257409,-1.5078604519904797,-2.2010495928453464,-1.3637253785771384,-0.9031456586716454,1.8607651945791313,-0.42781816370555503,0.7255053300136014,0.5566434205296209,0.30206805816459215,-0.08033723404705813,-1.4300489169390513,1.5345878684668615,1.71868712097618,-1.8694743835897998,-1.4144046043611596,-0.1726746061721046,-0.45936020966642277,0.23250813121591687,-0.020204458345643175,2.4628377982027008,1.0539122153888927,0.09455729231410134,1.0233973899680486,1.4296350557956405,-0.5780083491189555,-0.7983641151813159,-0.1119045603615786,0.5571465189711081,0.25291325500228723,-1.4166022524395614,-1.2400430261256306,-0.068148203611053,0.06787002447541682,1.657911599655931,-1.1118849575270056,0.6297115491066524,1.1605258550648132,2.276143720641187,-0.11164015760069793,0.9106006120805403,0.9020166322487804,-0.1424048588304329,-0.7261049869031323,0.5058854076527419,-2.8513792252155676,0.3978143709727649,0.1347001791294122,0.5108204571446864,1.2614586707376165,-1.0821014616604663,-0.08980947143753627,1.9141313762083172,-0.48524532716369234,-0.17429144782811326,-0.2623930747020278,1.1045484047065157,-0.2900869091826905,-1.7862191334451587,-0.37226423500184647,-0.67795780779709,0.11816780218772772,0.5006473890308637,0.5859580998326,-2.554646119683995,0.9555620079740086,0.6300932341833935,1.1576436833640695,0.06457438909053476,0.768452819853457,0.8080627374101785,1.240737084885348,0.24639304430117276,-0.366866524266381,2.9815446858568024,0.8912855252669362,0.4705399383924168,-1.891662377449877,-1.3830461469038364,0.17889691365689173,0.11488939981507647,-0.6512759808365589,0.12834948022069564,1.5507506658736918,1.1047567620726897,-1.44600271086497,-0.27085977265680294,-0.9135693859362182,0.00206265368630304,-0.21247677132267737,-0.25858230942322913,-1.663246748709708,0.05544660801428956,-1.4180052616250918,-3.1438215260327946,2.5509317600656995,1.285984795857872,-0.007560604871703087,-0.008887269402690134,-1.184980788031768,2.2718755702078983,1.809863573989025,0.519704850324907,1.139282404390696,0.15559093247136543,-1.5282928210115345,-0.8879772692714201,0.183053368118075,-0.805473695416185,-0.3442092463196609,0.5628756892884047,-0.5932681141917119,-0.2696978817011183,-0.9653563857715267,-0.54901329937493,-1.4794429741201316,1.425695794282491,-2.252138475506723,1.1103910364572245,0.9476945020574766,0.48826074948818016,-2.605669529694621,-0.35293572160452763,-0.47098618381791624,-1.149516833573122,-0.6300057541588371,1.9447312985004341,1.176122562390639,-0.34554069872432713,-1.6977553522874618,-0.45378956014892047,0.12923740163482145,0.7229983280302688,-0.7820651533289662,0.5527700689267496,2.780325381901794,0.6277472017473844,-0.3704539868086916,-0.3231335160323359,-0.11879064701572352,1.2745507667047302,-1.1710841940468002,-0.4865417047705415,-0.3179152042140924,-0.44345514675647635,-2.0195879776758145,0.38910454307822406,0.053607000390431245,0.7498351942964363,-1.1561047619645175,1.5046095358256397,-0.622665243308566,1.8021233612809384,-1.9767126926658047,1.2240214142128203,1.2038435221993404,-0.8048224524487295,0.0024176675066901604,0.7509685984347333,-2.0743133113624186,0.37033127317371856,-3.110387414908703,-1.4800113493554405,0.9179089087537515,-0.9684448123161606,-0.9069651167946287,-0.03322955599721026,2.2006236183726653,-2.1293149355539267,-1.1610082506616903,1.3877715615726072,1.7914579987527726,-0.03599898210374194,-1.1762150530142348,2.0543111647930976,2.6322236137838217,0.8110522156335687,-0.7188140961833298,-0.4619871972912845,-0.4411753442971491,0.3312054840569685,1.4928393558778414,0.688423292176696,-1.6477875185865767,1.2437976049554997,0.7953527076162838,1.0351273360441045,1.6076242343181117,-1.4196142323586955,-0.9282478035574421,-0.570083601591021,-1.4054639832680884,0.13970199785460427,2.1759338123850016,-1.3069540539863462,0.6228876983537123,0.060092908603722586,-0.5864631450349254,-0.46289535784694763,-1.2059111234927822,-0.05551466507833136,-0.9711605048609027,-2.352097876663577,0.649270377838006,1.3482464904501186,0.13810383175457622,-0.27969325167429493,1.3995066001544956,-0.010502304776077852,0.9876061980206332,-0.2587188738963373,0.9627339722950631,1.1377719127422306,-0.4465762069673628,-1.0473202941590258,0.4682838201850382,-1.1289559166830516,-0.5769386227230398,-0.41087869520932124,-1.3275281811362885,2.323955335565777,0.9275369959453555,1.6752780313525795,-0.5853382083376398,0.6036466583918569,-1.8101292679563394,-0.610975969264362,-0.6038324120635501,1.028423798937217,-0.8340391862718002,0.8531099448423582,0.7449066550734029,2.2325748442046467,-1.3557677690967147,1.0043079332776605,1.7237478739738288,-1.0069511464009064,0.720452283978502,0.5517873761627031,-0.567827955504557,-0.6580944333661733,-1.2003592928895936,1.508615239760678,0.011018555365689412,0.46554993336674794,-0.6946318264787027,-0.8286195656783141,0.5192478864995916,-1.3429658533932725,-0.5942210072127995,0.5669103584099561,0.49131682209684446,0.28814601945449214,-0.5257684274925144,1.269602830389888,0.9228441122744497,-1.5008646683285698,-0.05779160211789153,1.3842012681999425,1.1043417779422433,-1.3341530034590163,0.05988012584630811,-2.3406749206539104,-0.08729467505026947,2.3040558616425155,-1.3418194768162006,-1.5556855144146942,0.4919461724145116,-1.542551858371908,-0.45934308518251776,0.5879453123141856,-0.5956657432089673,-0.4285050682789674,0.5250508439509275,0.24595704254180545,0.5141762653059426,0.06816662353929849,0.5931587119748349,-0.5235131448935245,-0.17049004434080772,-0.5678163539722648,0.09426564333869279,-0.6301899188523883,-0.2535079828035235,-1.2923770808916135,-1.0485098271916216,1.1746251775574064,-0.5680483898073811,0.5175204606468331,-0.20333151202197333,0.006200079579106121,0.9239943959645881,0.5038856551919341,-0.5994411321879299,0.03608246166800981,0.7908057554619491,0.5390136418986892,-2.3681737212733642,0.2213048980210963,2.9135470135302968,-0.04158592383941073,-0.4175679676008717,-0.2935064352005811,0.5468193467712026,1.5916470835315806,-0.9263240415961231,0.5001820804216188,0.6457319503378989,-0.26293887159182194,0.23914649101470029,0.9961680197029038,0.7422820119186955,-1.1396369594173905,0.6761797728751001,-0.798283636694398,-0.17850283961037777,0.36979704200589475,-0.7215662206152282,1.6049696403032958,-0.0789738299207782,-1.1342746197513693,-0.5982421801221143,0.16018643476307162,1.590790517871997,0.9039317376740753,-1.0282954147201018,2.378542051431868,0.10365758691577903,1.1305894873327982,-0.16459563236628286,0.2953783034139198,1.4406502667130694,1.3578479067373963,1.1608687722590192,1.3524686681578386,-0.7355766073654924,-0.3569187970233705,0.23716665962446715,1.2817303560600957,-0.24310268431841736,1.3926013693367691,1.6404214731830034,-0.794271470396648,-0.9648491992630142,-0.06405538093363736,0.6878630804063965,-1.0085300046332777,1.4775426010797028,0.7043197320185004,0.5739523040621253,-1.3838486441688966,-1.000466904866123,0.1881595297118575,-1.8112298718609718,1.1029372728777285,0.17052758506447668,2.669842207221194,1.8171189182271865,-0.5192076932151938,0.1704625183783332,1.5786320733822523,1.5087181033982526,-1.477008183871522,-1.5713226818054562,-0.9683423476088051,0.491010928284193,0.2808366166034052,0.8521878107563837,-1.0118177417236494,-2.761732507964634,0.8266146165931235,-0.9137160771578466,-1.915204304261007,0.1782969329247373,1.26367064887708,0.854476529087436,-0.8671810836143404,-0.2920227583645937,-0.5198879905264471,-1.5749810119512206,-0.7676589395709987,0.3234666901417357,0.5417502722583662,0.17968645306589306,-0.6353758167247893,-0.14855065711581583,-1.9152574323080855,0.8040256922818517,1.186936869621594,-1.6048218651034227,-0.6148703510207,-0.40158064130372245,1.1577677360897611,-0.6708226034391378,-0.8394891619522579,-2.9609397361777274,-0.09942726594738567,2.5524056821591348,-0.6070926143635569,0.05566460055534017,0.46732741475077766,-0.2236008349985642,-1.0258050248491688,0.38626009198107875,0.2712959146712599,-0.16963472099152554,-1.015765089755793,1.137758991015794,0.599247326883972,-0.07829853736835715,1.6564704272822497,-0.06959426181342537,-0.8893567970463664,-0.3961125058698638,-1.6061010373236069,0.6917670898988455,-1.3952992597132454,-1.0488034296477453,-2.233510863145873,0.6685588536704384,-0.424616112479098,-0.6600591623928803,-0.42965664396134085,-1.0975542418754807,0.3164134328303423,-0.08926293718367836,0.9980254528089221,-1.1021895759037499,0.2534309992534421,1.2855803849689853,0.582569051576629,0.1337229367785708,0.37122718185703624,-0.0821456304251873,-0.16695328545744792,-0.6553879199972871,-0.0566617647821894,0.8794711775085955,-0.05056445389977805,-1.2738147381661715,-1.4364005486055587,-1.6362119102611945,-1.403460319035077,0.4901231013564401,-0.4344429683465762,0.4405817239820752,-0.18925546352653036,-1.4661880211287825,0.43987445362879535,0.46598927077454155,-0.7026727780969637,0.668486233957917,-0.7300126353118406,0.28595471446453924,-2.139508403037756,-2.293474629434236,-0.5429006884362125,0.2931296883461729,-0.3778203043921685,-1.2176536628968462,-0.5382112380060433,0.23771565024140498,-0.35785313533436935,0.2706999610253158,-0.6073609974896188,0.9236874444507975,-0.7129255995054076,0.46187506458568783;0.4217215731514615,0.5787975990291063,-0.41325831052649575,-0.35064386313316964,2.0076120911229203,-1.5766039414609478,-1.1636851896362435,0.009793493881316326,1.0459055454918573,-0.0482003483091554,-0.8045354334019279,-0.757203601853047,-1.0704406301414546,-0.5933874129166797,1.090147477624319,-1.5989237487044263;1.9215110723956275,1.0474768083364099,1.3115403567011488,-0.7766119020769804,0.17557468771867496,-1.9789344190054345,-0.41506597133432,0.42768678341206895,0.6952601012926332,-1.093258462212392,-0.4273112532654578,0.0982534435288861,-1.0396043238255193,0.0022125205979559104,-0.5118039627377677,-0.015484559959594829,-0.023916316323547127,-1.3528885881837787,-0.0052913473926913535,0.24213290385172742,-0.27004225977583973,-0.7489123664528123,0.38356013712962733,1.8904592917377645,-0.02840851035529289,0.828529045500978,-0.6960277255634053,-0.09454858145091316,-1.0570834653998862,-1.2266802138507915,-0.4384046132427187,0.836763436081086,1.41659740465477,-0.3415304251214386,-1.1868899724173947,0.01484195956713327,0.7197215160779596,0.5852988757551484,-1.710565209994897,-1.7828438567531062,0.566935750032674,0.0003310430656170704,-2.008068089154296,0.47660387648872726,0.33655986940652,0.8837695746476053,0.6281270041084485,0.7700086905869012,-1.0232336741208496,-1.9897203336852638,-0.25812857636198966,1.0905580897646707,1.2825741974226141,0.8522677920963857,-0.18988957671406292,0.6172746093467681,-0.6065006387418033,-0.46779107053474045,1.109758152459357,-1.2005900253038104,1.286603603394999,-0.2918019968567003,1.6834348794310223,-1.9584124111773946,0.5420411780734132,-0.5871462776471471,-1.1549719687937494,0.45935989293516233,1.3201792502548169,-1.0824664766600998,-1.3408152625294083,-0.6648519032551944,-0.38878454176700017,1.1287529669271783,1.0918251055364854,-0.05352403377740342,1.677204287336598,0.6319374366121445,-0.6276705372367205,-2.1600957101283553,-0.11884417745652137,-0.0820110858431769,1.3634826333918393,0.6204257495851554,-1.369315184636276,0.3324494352242629,0.6679945423689085,1.2644086372730032,0.6912129753691423,0.17057126721577137,-0.25700292143372405,0.13140841200822737,1.6198698206119473,-1.0738592386242685,-0.5439957036305116,-1.2904308274632312,-0.11925354313524344,1.1713938561681696,-1.0312672174401074,-1.522825650788508,-0.1680050441286157,1.1111036157381073,0.5922698868631171,0.7494235848220235,0.010552272182615605,-1.3948935125691972,-0.534569459783345,-1.2561168025778024,2.6641913192358455,1.0229968066178936,-0.528762525572432,-0.31994169750574125,0.14690197006465286,-0.0233605759945911,1.6032173854149847,-0.07382417047341829,-1.255765648532274,2.020932196246173,0.17570905023740574,-0.18777490944366315,-1.0095086345079771,0.23059115555585877,-0.07448399784529357,-1.8396835076493103,1.7949568122530435,2.002624770401496,-0.2553638294617104,-1.6973562579259736,1.0531330784883948,0.08788287721795947,0.13497220939951368,-0.11265450699507767,0.7207822903928695,1.4156090502843688,0.16667100657986622,-0.44873213257835887,2.130003191736796,2.5024800529073974,3.3689849057537375,-0.51305231998193,0.5378835353075218,-2.2230719741456535,0.47386063487026187,-0.35252493446815497,2.721179118834738,0.039178964163892854,-1.9032416369962764,-0.4283779540150987,-1.929273880299645,0.8524145549561043,-2.7676079781406058,0.09142077743779095,-2.577307642712721,-0.40708252298103503,2.0247669004797433,0.8610363501535023,-0.5521332693731437,-0.12958520836708887,-0.4157460529352242,-0.17059775683385495;-1.2286964990997724,0.5911883603945483,-2.3299652715159835,-0.227674006155829,-0.25875126196828124,0.96938441451412,-0.5688972480239518,-1.7668022963034347,-1.0866212093778502,0.2217793562650458"
24,0.002732189711376898,"0.13914142963458964,-1.024242609616074,0.28807621644815307,-0.24043145230701424,0.6648316369582336,-0.5093652801038174,0.07727821934182558,0.21321010766950577,0.3491139968404662,-0.4128252830101508,0.35140498888025185,-1.5621023546405133,0.6089953555815821,1.4597941547808926,-0.9173884113486857,-0.2719874722715094,-0.15132006146342983,-0.31429011110055444,0.4187321264699876,1.2988990619174328,1.640352103799822,-1.7767307963576229,1.0436224442713882,1.7251542368414705,0.820269803101596,1.4176653227487257,1.9855676202217378,1.168502653534014,-0.49262930077957073,1.5184785137903374,0.30224692453212765,-0.3801847804367945,-0.21393410275077102,1.629399450822261,-0.694222715487116,1.2332087917319747,0.9996420089463314,-0.8799223307598188,0.6789466890473762,-1.9952983372530047,0.6090742399194814,1.1672520400232285,0.002775156609561527,0.01947191206073299,1.916366981097197,0.28350538479850407,-0.5015100491423441,1.7326240830697994,1.6739169136508616,0.49471133851852456,0.5333036759588854,1.6179052691103744,-0.3869477807682607,-0.6583569306941982,1.2108271884933148,1.7475862558301543,0.3771961007502826,-0.8564820378112424,2.2128135275395078,-0.021917205413648916,-0.3376989790577951,0.652638151822195,0.9296730170170888,0.34956149143722626,0.419061668728021,0.5154991404433833,0.0001382566450276318,0.6248658442951533,-2.225716831966554,0.15519201156331058,0.9375077194867332,-1.0583204922102531,-0.36396731273975746,-0.6361922623499593,1.2108704981742713,2.1172017715332507,-0.2515214300377604,0.16913024669349258,0.17879150610908134,-0.5836121003415266,0.012991602658618262,-0.9768456085139567,-1.4777114017156505,-0.09218647324574433,1.0980942627917485,-0.8058775742328674,1.0437900211722457,-0.47534866141553467,0.6736316612226523,0.725540127495538,-0.17018803426013596,0.5142599123693897,-0.36665841006454325,-0.34271303178711254,0.5223828321153381,-1.6868958919771724,-0.11887505571692081,-1.2471326325991452,-0.6472937810613433,-0.36857056330438326,-0.12929514660003827,0.09264650277499417,-0.1422985014642284,0.7605367400526442,1.3156176575293088,-0.13007711253474843,-1.5605404647728518,-0.7363521967882252,-0.4961888129195197,-0.5589691202499366,-0.5051074890506574,-1.7140158887234196,-0.3098635076800001,0.5495651503739967,1.0046963642743045,-0.1791174576209471,-0.6624406423244042,-1.4831931696121283,-0.004048370932513687,-0.7774988417566646,0.08130025794403484,-1.6155549856485683,-0.22504060700140835,0.14018031201576975,0.20535778249574985,2.726226041893841,0.3353460457325556,-0.939479058919631,-0.8529184170593409,-2.200414322054897,-0.6049943088505899,-1.159617073535043,0.564725133277792,-0.3930623389264172,-0.13351748553503032,-0.8268215231085759,1.9996691224983718,-0.2338246289419643,1.546983306789531,0.80879665693643,0.8535943676268034,0.514488413228309,-0.42952051935115265,-2.036873008600602,0.3244063363454319,0.9200555518567102,0.1508328847451307,-0.9890890792025624,-0.21018192266823954,1.920291990165576,1.0503093172588442,0.1538649982807572,0.9972346242469858,-0.31780738467037395,-1.5338915527159578,-0.7616568395149569,0.8222457778719687,-0.26037842971704683,-0.45443626981373725,-0.292158995923234,1.9866427453308249,1.6000117295768455,1.8772522971027752,-0.3159601007538843,0.36784251268721796,-1.1669896545892333,1.1685778589868174,-1.3755708813199408,0.3235075524350537,-1.3785474821508272,-0.9292042513663854,-0.8998093884186639,-0.6203960701511966,-0.6680687286909411,-0.56783379212939,0.8879369531840551,-1.683463153537001,0.992167139197438,1.1414715466690277,-1.0084735054409197,-0.26652774759372555,0.33319769175827835,1.0385594790790234,0.3381024994286586,-0.3897189353982699,0.4391710967429387,-1.0657362933277164,0.6475117113941025,-0.02280594349482723,0.17757170001086522,-0.34380298594213954,-0.8872596385913825,0.43998737172279356,0.9626612640887788,-0.5460148927605376,0.14692435240776872,-1.8841775465340709,-0.6054908837211624,-0.6814232553880298,-1.3235091142884645,-1.1513212474469003,-0.8815694062898267,0.2772961129473853,-0.6966273808341809,-1.568136243449523,-2.8905718822032997,-0.8102975087772224,0.5899134752588928,-2.9102201778970165,-0.6750249264481654,-0.9667983045778679,1.3422358763235647,-0.5635960142164438,-0.3014017731206379,0.390709082121005,-2.2047447113944445,1.060551559046668,0.011302109586766848,0.0258807457876582,3.823210264033461,-1.7510232642879748,1.841625422004397,0.40136010792762844,-0.045956513921357876,-0.5362838541346984,-0.29934217200452573,-0.421060570222638,0.5180003986974925,-1.8817970729962605,0.6292527147820509,-0.08838644395799662,-0.8769843487520584,-1.0042781909924479,1.3620190986911915,-0.5176695468252211,0.3360139858320039,-0.5329744191582773,0.1677461228600138,0.6262374947060299,1.73948304411615,-0.8146073660263674,-0.1636076728588336,0.19539451426015886,1.1093613697798503,-1.1054199654950294,1.3517815545181486,0.3893017553910463,-0.014031975987952139,-0.09867511845443581,0.05171278847404094,0.26329743118942395,0.3729212805948236,1.0329784366179167,0.9932938585669372,0.6609515991985565,-0.1855807967120819,-0.8363878127585684,1.6283757863542445,0.9678894163991285,1.8921194308830818,-1.4398792495367476,-0.7035330856699901,-1.9534089412983857,-0.7114214615709714,0.9788957476302461,-0.15714561885782033,0.7913922788530142,0.20703421960543913,0.23373410917819976,-1.1016080308512903,0.04456543407002678,-2.7550089185337225,-0.358704349576477,-2.671738096880668,1.2452048429342233,0.6325009094132622,0.1116522348630036,0.9480624196904044,-0.811096864301048,1.9384595018472537,0.7293575053039136,-0.7744496858244893,0.9195540156950368,-1.1056589470057954,-0.5314522030624276,-0.936104930337028,-0.09429965717959372,-0.8813314185549439,0.9102062565618395,-0.6544439809507151,0.3793657066786591,-0.3779713933460314,-1.656654523877679,0.6424252542605612,-2.454993867488219,-0.2943122675699507,-1.2978483709597526,1.9151112243949824,0.8071985523590847,-0.18354037909158877,1.0832153371792292,-0.20782357960308048,1.127947070419713,0.49685711004282573,0.41526705436405253,1.5286237773393412,0.6760608912999818,-0.33073354394444465,-1.554794227971322,-0.6967210166923435,-0.5733949484003151,-0.40067753446092,-1.0193382086936416,2.7662264721113345,1.2743926621013957,0.8629950505815986,0.36900003997928055,-0.7246870082456958,-0.7894389443491296,-0.22006302595662197,-0.20583907938253349,-1.0530292735047992,0.21956960765704037,0.03374762671878695,-2.0410233112901786,-1.4140914139842546,-0.2515880853593263,2.159287247468642,0.7045830646204106,-1.4566184361175352,0.3439107475128466,-1.8221405050964647,1.33389094043988,-0.5831132666042436,-0.5054599109320796,1.2956547869266606,-0.9977550836855444,-1.482514579500145,-0.24622297345507876,1.3675765671208833,-1.865404207328184,-2.69581325639572,-0.5288582342815673,0.8037421440833399,1.2881145205224662,-0.8393067566535934,-1.035681728096268,1.1116444977568642,-1.4298371436217732,-0.31895502649154406,-0.7760414608902567,0.46684666090895566,-0.397066402075236,-0.06697098979657727,-2.145092886666748,-0.4231793324375176,0.3349893985147715,-1.0701470035027534,0.6384533058820472,0.5200276323670637,-0.1634896692594361,0.21167729431636176,-0.7892660306469513,-0.8270591253133079,0.4436715600807086,0.5748666392776371,-0.5169573046301322,-0.24673604828911155,0.7176167891232249,-2.484839111989662,0.9070210408447554,-0.5405470649333477,0.02049629279115126,1.3649139876152723,-1.500760524058449,-0.7077181987011794,-0.10950175119655037,-1.4657081459756014,2.671990014220054,-0.6452674855554074,-0.6621143798848369,0.6247812106616003,-0.9961020408889065,-0.39759822306055526,0.651861006164875,-0.7786155698497942,-0.0596017697725489,-0.5845060040720079,-1.531593110981329,-0.36897601777885936,1.6943508954433493,0.2266227094754123,-0.22839893938724667,0.3689479299728222,-1.406824281400026,1.7077605354650853,0.2801597324696197,1.4935541825400795,-1.2113139348355617,1.319640706387532,1.285637326723795,-0.1063287190851792,-0.43523198432925625,-0.08640337402462786,1.2620120823211949,0.22716845648614015,-2.076953479568555,-1.0163376995806181,-0.22491840505590951,0.4839786666204755,-0.7357426761243153,0.4755974886404695,-2.167278360317429,0.0643153981883407,-1.8397172762461043,0.5583044417740114,0.09869799845068083,0.3514901906867225,-0.7410542343771451,1.6026586705568384,0.9386890083570283,0.47730710740760435,-0.5033942962193927,0.4411482632474446,-0.9472323743443676,1.0615881116340191,1.711075699815631,1.4545295540707632,-0.41360155589342473,0.6526598106812755,-1.354545933396062,0.8650569442975252,1.5679405190661337,-1.8232174986299745,-0.8490326107733901,-0.1473141053726961,-0.2524163232505682,-1.5266748899307325,0.868178873220876,0.3051016845803208,0.14846695827308132,-0.7490965143038223,1.106961089860923,1.8886081776258041,-0.5784868472998791,-0.5221827655140256,0.09652638728307032,-0.9785307438527976,-1.0300430497170932,0.9076097800940194,-2.1634750743226623,1.1221568870111753,0.18376608934606647,-0.6507081759514557,-0.11363049007544357,0.051719940847296746,-1.2654465373084784,1.4957312045417532,-0.6999754763475583,0.25211270871000774,1.1038791709301987,-0.8314328791581354,0.27992128384742626,-0.3265665808456673,0.2086705988245865,-1.8073066884194284,-0.5299151027361904,-0.9270933235240363,1.0759038907980247,0.5124309466021223,-0.560653059824197,-0.19518254709074173,0.035223547745584144,-0.42395829850688704,1.2512504222190293,0.44404086081960764,-2.6847207353282925,-0.6437757167638753,-1.1905598512094802,-1.6283913194243012,-0.6237087327302732,-0.208604437349158,1.7038644972501158,0.4629842898846906,-0.5696389240155633,0.2637533747597036,-0.3378987323944469,-0.12448685654348803,-1.377538597365383,-1.4583468664689496,-0.5886001261411594,0.12918024308861475,-0.20169499811718927,-0.24590139099815717,-0.8153105452778568,0.8338035146876825,-1.2297611106347384,1.0605156027711453,-1.143009496231425,-1.1073490418311778,-1.3448222688994822,-0.7930349893861314,0.815423745474428,0.5554489191079327,1.5778777483801303,0.7926495724761184,-0.9219261947087153,-0.25781398704901287,-0.20655301031365547,0.8293239766593445,-1.1491865571580604,0.9860050795231914,1.2021848228289274,1.7906110016770969,-0.22565222129689108,0.9063658749793368,2.485041643593429,-0.8736126294568951,-1.765926577667616,-2.0217297233179745,0.8670286873356946,-2.1246844667913973,-0.6064054762139548,0.18666212346943756,0.08971679671638,0.2555374848795664,0.9181348274564003,1.972837070975132,-0.7319128250468965,-0.8657115827880456,-1.084380219790531,0.7686652405794375,1.3221451265825248,0.3847179325665371,1.0223656981739953,-1.214563328612127,1.4632907624001004,1.193613609172845,1.0918566013486009,2.1185750340281717,-1.8518320127986314,-0.6385232080321182,-0.14125168271970096,0.6077942263245617,-1.1895748699157385,1.066684506766638,1.306847134518939,0.6769540652961602,0.2903244125610087,-1.0220324611510903,-0.940481073340085,1.7408654934256327,0.86776071357105,-0.41745507567246715,-0.9282454063863804,-2.4238597507765833,-1.2439339425257934,1.3672579971851841,-1.349029450290942,0.3467008653651931,1.1412013447376392,-1.365739139139799,-0.2377934812145926,1.1119372351285572,0.13181736104125374,2.6711038648992482,-1.9959152262701738,0.9633916874638179,-0.09690948063486796,0.7423655333335604,0.21822339347339187,-0.9311382381180557,0.017680423914326667,-1.7717237675507744,0.7700874955826378,0.23524363723148362,0.3356771043197415,1.1516906233619755,0.7122684852447833,-0.4381630464986963,-0.8186894341676446,-0.46267374820319157,1.2650856389633198,1.3401640943315098,-0.113766046113468,-0.7362704221820431,-0.9773812067381578,1.6414524367911842,0.443959417073829,2.008166656447735,-1.066411902042291,-0.09924519445040803,-0.17118966646638323,0.47915231491366134,-0.2082723389273542,-0.9823008580421091,0.4102297469463074,0.9977318930023393,-0.9793774807528134,0.9968432927706211,1.3450527160036703,0.33978073575100015,-0.4406850602381261,0.8680194372290658,-0.5493476218168573,0.2561465328478268,-1.9276797789745832,0.7451388305953828,-1.185647083664869,1.1505614359603558,-0.2882982981901352,-0.622613592291396,-0.2825948764273558,-0.34768777476433793,1.169700372923199,-2.7913004579131693,0.8290857537678531,-0.11905850434763399,-0.8787422792657674,-1.5836385287520363,1.9922500828913003,-0.489211174814604,-1.315891592743894,1.537135654946543,-0.33680256312679147,-0.7493369624071415,-0.011842918215995955,-0.8521968196619155,1.0820081822029715,0.816630372983364,0.22853490757983005,0.9608782779872324,1.7951014209275635,-0.5397315033931012,-1.215947448789762,0.2027567976844426,1.4173120137152204,-1.0597667905728136,-1.0092295501659894,0.3182768853784326,-0.7268128395355004,-1.338505113590095,1.1713422737113999,2.9772793892852203,0.18046741243403436,-1.155236903583202,-2.7462702861079324,0.38844449491395827,1.0815398281517585,0.5903963538727253,-0.040981136195031964,-0.6891761527064412,-1.089023009675674,1.1993888780477213,1.0332382441758987,-1.0912228749424222,1.21759692556112,0.49996381693863623,1.5408095293384028,-0.8488246779915207,-1.6287573548136953,-0.13248359622803257,-0.3617813130069677,1.7539679231038234,0.7850108821013715,-0.6406071615953823,-0.829702120753822,1.132783657040648,-0.8285912147137473,2.012841569586751,-0.7457527027441234,2.0105124529642158,0.8463736382553491,-0.1608940176054646,-0.2969604482550387,-0.7431383320254985,-0.0710087574498933,-0.8625921359727987,-0.8859965280464378,-0.038940684557637065,-0.47075736836984544,-2.2722893312978703,-0.07057636687420799,-1.316686817715444,-1.3793399717163384,-1.5444815539854546,-2.167126713010439,-1.4930643380066577,-0.9925993787734592,1.7093222868188624,-0.12138526280099485,0.39164958802744365,0.5436700541505824,0.2636412283934202,-0.26114009164828395,-1.6165060261046884,1.118683623014234,2.011806727425922,-1.8093980206613747,-1.3975833237312938,-0.1699181080405383,-0.6610685644664884,0.3146811029492626,0.003595375487905006,2.3533677487202107,1.1445996548870463,0.2614494946664323,1.1248712547573334,1.4991194536475114,-0.6557019048742,-0.7616635949552004,-0.06383883558066752,0.64083956073138,0.28548728421896724,-1.4997575779304575,-1.077122191529791,-0.2920000412731063,0.19982219415434038,1.713574860773634,-1.0585197913545963,0.6202651374108287,1.1353852607392736,2.1877464720388655,-0.05890915123620515,0.5194962777955716,0.4591137871492776,-0.3200111516500566,-0.7637268276375354,0.3934846782969561,-2.972851756539873,0.4589580402913288,0.2965641720328685,0.36646292987247053,1.3427648138007569,-0.7915099271629674,0.029107488371052877,2.075426641484122,-0.2605769950997184,-0.49219647254571175,-0.3910826651848889,1.0995799507763249,-0.11618090967202432,-1.6119706008210202,-0.29744298272834874,-0.73603152816227,0.10131175114035931,0.43910759784328274,0.6506019654602306,-2.3197998304470318,0.8683957752004183,0.3223336095036552,1.253804587390009,-0.19762301721952474,0.7952815972621862,0.7890579588543095,1.1970936665951044,0.5182025742018117,-0.3422254010610226,3.0631248678655334,1.0413338077473981,0.45557722617895724,-2.053505583864561,-1.4829829629470133,0.12981456220622622,-0.21508664700788338,-0.6549496842172935,-0.1608829327761448,1.6675337729810713,0.9295307664275666,-1.2160726618455306,-0.16800146468776184,-0.7478792306061495,0.05237178407493442,-0.21460013711048795,-0.20731605171017387,-1.4340152068976213,0.11598909670890864,-0.8571221683845411,-3.0817496303059926,2.6708936723171792,1.5033206745929248,0.30552229136489106,-0.2375881529345449,-1.1688400377986639,2.106366625951819,1.871070064769534,0.39841359539861454,1.1604653983811286,0.11175647692591986,-1.67887949827921,-0.7844711919340546,0.1000217796476737,-1.015298108146931,-0.1517359545752079,0.41878500181760847,-0.5029091916592447,-0.2011877702069774,-0.6347121472290894,-0.443938982451081,-1.3341624683580822,1.25364576774126,-1.9887294386727759,1.1510339662076232,1.011032255327749,0.46373851126650584,-2.9842096709348906,-0.4020202844670362,-0.27016628548072935,-1.305384894918418,-1.0209957423426474,2.0798833364189004,0.7826118212051107,-0.3544630296611321,-1.7420740883845418,-0.44389702133144193,-0.09202704885520561,0.740625582052975,-0.7142131477379787,0.7181705899153044,2.663007178526476,0.7426325932272121,-0.5976702303262741,-0.38587930074135324,0.11402766777889964,1.3523360272399714,-1.1349639029356258,-0.6326409420064806,-0.2808715044353718,-0.1839449628705207,-2.0279303041666763,0.3776747619040711,0.11323911860720014,0.950141212375451,-1.2862269021498678,1.8213266375111348,-0.7078720343289907,1.5264138621454957,-1.5534666351648516,1.0335755575115144,1.2051601849091036,-0.6140404535564947,0.22404209340040335,0.5000330499692253,-1.9535763682476859,0.5059141237859518,-3.1539267447578854,-1.2728882355209996,1.1063641138587592,-0.6964012528883902,-0.7915216183631244,-0.07497202930962221,2.188961272489638,-1.9249820551290187,-1.176711650215945,1.2247493265454614,1.8324765489084232,-0.03010366508678865,-0.9388505487753386,2.0631495111229694,2.8156718819884636,0.6138681233083405,-0.8717307137373564,-0.487906510712112,-0.32176742616748744,0.3765194923293686,1.6462163093485682,0.6204530728684954,-1.1931550392360906,0.8707074041538417,0.7816455046576962,0.9544099600713647,1.6475049119421388,-1.3519739161025173,-0.9320498406505147,-0.3389240101714951,-1.4487767701129854,0.4494391898283676,2.063206491908131,-1.4116709863602526,0.5291714083334413,0.09053102384507883,-0.18523619881617698,-0.3091913235578851,-1.2525133231314354,0.013328620252048048,-0.7497182229414925,-2.472305346283954,0.7361211356440425,1.385732967642094,0.17998056868950701,-0.23940001574149816,1.2315841008372737,0.10555460730568911,0.8945569596860234,-0.39183699399884364,0.9131284924458242,1.0110473691084052,-0.21523340419101483,-1.0024634517754878,0.5693762240879343,-0.9739416985201554,-0.5171797931749059,-0.36192015213915696,-1.082135279786673,2.276433939885281,0.9465770807877849,1.7943230301627333,-0.49767652863344736,0.5843558394889807,-1.4937528828769266,-0.7599626639211647,-0.3286729136613858,1.160901720712418,-0.7376647233380813,0.8238495381978463,0.9402630709073014,2.1680686721037126,-1.3316519433159724,0.670613664478663,1.5096688242835907,-1.1272255575692012,0.7160605354594007,0.408463313768051,-0.2392239394688333,-1.0911918749739309,-0.8658143420590362,1.4459268214073904,-0.02292045958200406,0.3408524824814975,-0.7633027034306054,-0.5595824247659933,0.8450239147773524,-1.067007743289482,-0.576484310572645,0.5067214534063617,0.5533672644530748,0.2493128654142499,-0.6151451761861726,1.1030255634146124,0.8890607530636059,-1.292541488693685,0.16113385384891554,1.2179964028413048,0.7260787877387739,-1.1982982758934106,0.12561818287288706,-2.4244328750573225,-0.03149413656442045,2.3086709663178633,-1.3215655071484704,-1.2786703962565884,0.4859480307093673,-1.4511487012160622,-0.3183503085908532,0.274094094654063,-0.5833612767580834,-0.49115628162226127,0.5186952124929725,0.35410805622282027,0.409812879082126,-0.126477727448736,0.6969792783046439,-0.5268679254953343,-0.20315876404766597,-0.5280446286895588,-0.001903081586343414,-0.4725331591469037,-0.4802712605458245,-1.3915541669663285,-0.8855541622566117,1.0810505848913037,-0.5769302390229344,0.9297233089721539,-0.35448836809644285,0.30081409890966765,0.9028287249155008,0.5944083396413602,-0.5224630627678177,-0.07133263954014113,0.49784827633626877,0.4537180917164637,-2.3462715212852716,0.5009945855801886,2.8161882976113493,-0.1648261369528501,-0.4618097595868871,-0.09006393176672944,0.6289953491770566,1.444826355419622,-1.0360855478716247,1.013929073554047,0.5232469351387032,0.06969566908123156,0.29654353697902897,0.897131275389525,0.712665722767319,-1.3409612823462285,0.686253449905022,-0.6119687165602059,-0.2444997569648139,0.163866278246233,-0.7517598525739786,1.5326515823463134,-0.07344947593611831,-0.937430762784996,-0.6826292289155305,0.19692800610954803,1.3950167368508546,0.7280749396814146,-0.8779958626069423,2.600781871443519,0.16293117500103566,1.0770751806261052,-0.241043728796449,0.046282236728802495,1.2238905371756794,1.1404749943208057,1.0996620427201098,1.4831922848903645,-0.4547534279302461,-0.39001112844580776,0.033437333916205195,0.9862344384997255,-0.063645303703853,1.1525976057595493,1.5051621014582828,-0.6142143119897638,-0.8732573024613067,-0.5939025375422071,0.7232075541998257,-0.9193138215881209,1.5576776500346174,0.8346570685152727,0.22613984965568468,-1.410066627614971,-1.022819789786842,0.3161174989561132,-1.8802243666499605,0.9778899075763179,0.1715635233549819,2.8312111086865306,1.8337765041185907,-0.22549553027760028,-0.046120814729371615,1.4055824802134038,1.6706395241213794,-1.4193047347053864,-1.6317685040743202,-0.7000660062987434,0.5759244832020276,0.40778083238406193,0.8543884530170978,-0.9991370419161796,-2.747312124209166,0.6639628490941729,-0.8729210547472431,-2.026158959017086,0.3338283715417191,1.173629619962992,0.7234475370404426,-1.0140159560653725,0.07453016388988559,-0.4432308023219529,-1.4628657880812377,-0.8302510509421278,0.4803453624277931,0.5996971407332601,0.15466971144042915,-0.520559698409824,-0.168073614986906,-1.8923711311829057,0.6056366469614544,1.0130243772587901,-1.7080213408812077,-0.5060171909313589,-0.47618403935578424,1.3306451265202461,-0.8058624478922238,-0.774260855057044,-2.9807967219294405,-0.43526868750388287,2.4920584086407436,-0.5955229835615753,-0.18141523977639046,0.5245815625500319,-0.2263615925642862,-1.268967365323038,0.7320415162528557,0.4264168285108497,0.3655797343824549,-1.0843854726596676,1.0475219520947001,0.6484025847348182,0.13660185460073548,1.1805828102108717,-0.25520390768327567,-0.7009530137670775,-0.574625920600764,-1.5542039600765425,0.4105283370464518,-1.4095438818930999,-1.0381842435134663,-2.2916851416094235,0.8501025031024045,-0.5524205074590419,-0.6683983154752713,-0.5294443579649035,-1.2154093291018677,0.4043505194110755,-0.20915826135529608,0.6000087523731803,-1.3858118184914667,0.10464356533379968,1.155149942691522,0.7478186296256619,-0.08704961058430115,0.3927065957669746,-0.24214816271419037,-0.13944004067767157,-0.7075640475649007,-0.27689765705094915,0.8248242897680497,-0.3489193721660972,-1.077527491400455,-1.30751964774385,-1.9220463479132017,-1.1437278517336074,0.3860302163797077,-0.7190071883396733,0.45032816691369043,-0.28150885853532237,-1.6351644067097761,0.1448590384795701,0.33151748856776564,-0.703492357559678,0.5726890680620653,-0.7703691564200024,0.0002521953803289595,-2.059075830895791,-2.2938917143838666,-0.7336166920584474,0.33168543215442603,-0.5660322565850379,-1.4669533260675172,-0.5204395538122394,0.09973861707050516,-0.295816458021668,0.6204841278143135,-0.324474140329968,1.0574117225830617,-0.7187846410555183,0.47965983310651167;0.5307274677149467,0.9012589203901166,-0.5435126268474877,-0.41449220080825505,1.9427506204953524,-1.63155181145806,-0.9328124434422609,0.10565544627245393,1.0029623458623595,-0.02122173004875963,-0.8543262846380365,-0.5828983311162286,-0.7972259081872949,-0.7347557478871075,1.087123821141007,-1.524759103701732;1.8357990413548184,0.9421626303651881,1.205199438110113,-0.688925114965438,0.09936215252815012,-1.9293796457793961,-0.518905080313608,0.5504218786827288,0.9575529264676041,-1.2012873961664543,-0.24343410749794486,-0.3320385905667316,-1.179936257922604,0.15295020164250503,-0.5829348434412183,-0.25183571587903575,-0.10914146467645519,-1.5479208929472599,-0.08659177055450576,0.02923271534715219,-0.4832243058231913,-0.7560145688432346,0.3823541820929499,1.5903878518920056,0.0012632666456503672,0.8630933501448655,-1.0988306907724374,-0.22828869936138263,-0.9642703188397022,-1.416499944946353,-0.46801903683002183,1.127626316569821,1.3251668806670143,-0.17445086738325333,-1.2928199434202663,0.027289326122919733,0.5879033174641116,0.40800405671039935,-1.9867325163546896,-1.7149435764417864,0.39170047354254345,0.16931777320072178,-1.923637548498944,0.5270898717330015,0.29180998098273564,0.7714071013336539,0.6838649090510228,0.8144211872471063,-0.8396395854724297,-1.8178432335750865,-0.555025029581913,1.3422960757346116,1.1753013143616824,0.8775938975827655,0.03258927889094013,0.5713402501979316,-0.6329979976545366,-0.22315263564962434,1.3627304636072384,-1.2731602588237045,1.3591700538655471,-0.38794738494389946,1.7889726161507773,-1.9132308394872877,0.46807016389811645,-0.6059823845924458,-1.50634181778933,0.5750583023214212,1.2585283090584898,-1.1932224461024434,-1.5889638699378945,-0.7820424203170455,-0.5878619132179498,0.7387708250418537,1.1161685715709655,-0.18100623750458478,1.89711915554601,0.364495872205561,-0.7888116302763942,-2.120976116687268,-0.2230531668963621,-0.23221686195979396,0.9296265027976137,0.5867701889503776,-1.4710376928993252,0.15872345970731971,0.6844250170239731,1.2728354267752022,0.5635180431477739,0.3106380665599139,0.12908326513440938,-0.02408895187463611,1.5204919335655955,-1.3691550180023297,-0.20191648043096277,-0.8384032775123452,-0.17434091925360037,1.1569274594107848,-1.0702964349433455,-1.7560032990755496,-0.0495838714450675,0.9257963541802292,0.7445386023099805,0.6183260984171488,0.10346022211756423,-1.305223024591598,-0.061690920251677106,-1.1575678560190674,2.9838602000200107,0.695511533209948,-0.45095582941960066,-0.3626272041634813,0.23675546488218302,0.04210423317274112,1.5608182778502813,0.29762740930426035,-1.178680549519402,1.8004637887157728,0.0037551491917059083,-0.2159402451262963,-1.1168814641634253,0.2942605123638325,-0.3314599113626662,-1.6393396531593554,1.8295536507185994,1.5911855586574306,-0.32741992532548947,-1.2043125916005808,0.8122065378300987,0.1382756134901699,0.0643610559175667,-0.35218372167786177,0.7398885483271544,1.6585422815422495,0.15490566678897721,-0.487297137988372,2.0778745330813666,2.4155043131179132,3.201356546695487,-0.9687583776872266,0.436455458620145,-2.2718608310152733,0.6771227607527452,-0.39026740981835206,2.5217266215521814,-0.2445526660176735,-1.954285746422661,-0.4292750559150133,-1.611197180656268,0.6300288045714801,-2.914060025639643,0.3464510699278519,-2.5830077861264247,-0.6117089255549306,2.0366174175093845,0.8207346512633801,-0.8292946052703034,0.09661322445987569,-0.2844055937327683,0.08964576820405153;-1.3213406033271753,0.6393857284194157,-2.6073692232980803,-0.04384948688651782,-0.12164929682279409,1.3084326842663194,-0.5594512424171084,-1.4688771619637626,-1.1982718528959815,-0.1020979991342742"
25,-0.010251691603448354,"0.3230884563667703,-1.3192912067709228,0.3585076013879772,-0.5656661400224559,0.37571302634963966,-0.007515400842201619,-0.23604170448695333,0.6533110450075947,0.9935938050064836,-0.21170353605251163,-0.04751083876057202,-1.4859317806295955,0.4155499317949,1.7790618016309356,-0.9574871590838373,-0.2746690777211308,-0.17876065992966575,-0.11093310707671983,-0.11307822878913684,1.4502593536261348,1.337352245340139,-1.6227779047838522,1.207683147990673,1.3085926914918065,0.3426914428152491,1.1391712074679803,1.0994589005285487,0.9896551194733233,-0.19057376195617498,0.7498075708505152,-0.13747505545843888,-0.5604200920049925,-0.6644618707978273,1.878045984205507,-0.842588972798231,1.8008383478297683,0.6147208414076952,-0.5089979237410706,0.6282778949265472,-2.3543502557509433,0.3416293696437677,0.4885255710062063,0.16051040593396904,0.35493311059848065,2.419794936010977,-0.19441763710429796,-0.7138892427060524,2.119677435732174,1.6678243954997307,0.6368522012514515,0.8287911312936006,1.6548263201288025,-1.0299082011169616,0.05052826361712887,0.9787413931309277,1.4115530530919502,0.42282721590803696,-1.0138950734830465,2.7193798488694485,-0.49503246704010495,-0.11783237949629097,-0.23387556968527645,1.201983611253665,0.5369884927816909,1.2504046405516058,0.45052306713282664,0.07071282292948539,0.5386154512823946,-2.029628997443152,-0.21424410615400774,0.5189309569856502,-0.7907378294873965,0.1868919048054778,-0.2578330394346179,1.8561186571949027,1.9284388007436326,0.10910374491550803,-0.17902173208343383,0.03377693851272231,-0.4861534597799604,-0.1376922650651627,-1.395414903598299,-1.1281711304605784,0.33670922502289613,0.2739538589216082,-0.47411822698316786,0.6943194692148199,-0.763635308629344,0.3737928045770351,0.8730912701675698,-0.02928282433450552,0.7990083897410434,-0.7013159062685512,-0.2517339649994699,0.04367921768004798,-1.3987903241966377,-0.04015557456129827,-1.3857706219056538,-0.7614813630807562,0.21473860033504433,-0.17051480067346142,0.16991510294907342,-0.2685559741677197,1.089137131057857,1.0988449744496636,0.15353320830249656,-1.6282964519315397,-0.7947883758882227,-0.47488742609738777,-0.297149330608113,-0.9589086479360448,-1.8918161992173168,-0.3632846120279622,0.8305187323528006,0.5071550327629577,-0.8841151287314004,-0.32418349156652326,-0.9351878175784785,-0.3254555404679763,-0.6777917986549395,0.39926585031318884,-1.8176496065994225,-0.05959246377896313,0.3708399544285868,0.19633092355991794,2.6250680934660537,0.6077168007941128,-1.3753457219290195,-0.7575610103849653,-2.366005687129997,-0.6980637363553707,-0.27526406425358035,0.48479794165506707,-0.047122175287912384,-0.019302493411420818,-0.6943688476225763,1.83875949338671,-0.660209666647263,1.7976136741955657,1.0236077151705403,0.614429643834461,0.15790822748835054,-0.009581290739758816,-2.6292476389737534,-0.26577962490838414,1.5021165890692822,0.6335827487395677,-1.166202800082498,0.2335968652870059,1.6716658231424197,1.277913308366277,0.1996827184265011,1.5957931221906385,0.09416845120971672,-1.1875764494500225,-1.3356624707686438,1.2013301488349004,-0.5022609650582908,-0.04030048534923314,-0.5670247444769453,1.7710739000649416,2.1658181451159866,2.1079717570478267,-0.011719019308391594,0.6837670314619284,-1.077289720794976,1.1349767760427583,-0.9885881540952779,0.35583664250567293,-1.2470539280908508,-0.7933069823264116,-0.782417808624079,-1.025232194416517,-0.6726778247000972,-0.33677067341701933,0.42655530236973094,-1.5623323901414004,0.23819953936880395,1.3898753759929683,-0.777196132932417,-0.8491616641312659,0.5752367034859327,1.1204551935974723,0.3513131595906483,-0.6518866856738628,-0.11133539183243155,-1.203519679109724,0.3260839892593707,0.22389913152449561,0.3213631271775902,-0.9509200134377132,-0.5770006494238423,0.7586347723987925,0.5759605936819554,-0.7942817426427948,0.27234547596997694,-1.698572296476395,-0.6716931379095891,-0.3857310451628329,-1.082392767322164,-0.8415736995949179,-1.0058999587639048,0.3880618764622486,-0.7504935635504015,-1.7496218591377055,-2.552378519760491,-0.7604574525245333,0.7006625972322295,-2.9452439853535792,-0.3028656294576192,-1.1676033640519679,1.5029870156256209,-0.8238002006110221,0.12936612139246947,0.53372878570495,-1.806189109412814,0.7775737286916649,0.2509681694239776,0.5392486635758724,3.8055747690532096,-1.8938906083431895,1.8752813311580288,-0.20221711121509792,-0.08284995476172373,-0.16651780941947195,-0.48452497784072474,0.17157504484418448,0.2911139668505363,-1.9000762470464376,0.5196830045993905,-0.25993851905155707,-1.270967808691695,-0.8558236880900105,1.3231939015350047,-0.6626468631399524,0.007242257125344723,-0.8083317838523969,0.5082684988216397,0.93288511587696,2.1629991754737397,-0.7952586798596625,-0.06345827506636685,0.12253658447724673,0.8849564168917239,-1.227351216677795,0.8854412005280525,0.5922945179681967,0.18633289468769942,0.12299256742754305,0.13599369736814754,0.33815395268219983,0.5832046276512671,1.2124391480457426,1.1715898503620716,1.0997474592197438,-0.28649144221466266,-0.8353099977812615,1.3145066611388645,0.5962747234592515,1.5698671777124014,-0.8579390530924721,-0.4216863426948144,-2.319906830291684,-0.652335912385189,1.1792886528161335,-0.18100016655970053,1.156881882368322,0.34654067175230785,0.4214203836495039,-1.030311543794008,0.08788393565193259,-2.8536227180760285,-0.2642732670177712,-1.986971562793442,1.2775859378988315,0.9115235130391097,0.23205008899623625,0.8273433585823365,-0.9222997878057678,2.059867221435406,0.7765845312667973,-0.8418851056375644,1.4245517534363117,-1.3793893852491261,-1.092087446990495,-1.054093585808463,-0.21960061708013262,-0.8355660804065647,0.7058331373604458,-0.7872919718985598,0.4574058709814801,0.004643929635437416,-1.1558492685447037,0.022399459778003186,-2.4991080518902873,-0.42334256207946913,-0.9091208824244096,2.517414988393298,1.0779018066721229,0.11569713915744143,1.418114475616768,-0.33532714211248593,0.5840628760940292,0.5162761005469922,0.38224246611311047,0.9317114663575777,-0.4001146209489523,-0.7558420222348248,-1.5551550673239936,-0.4404679237775099,-0.6833870571011871,-0.4115414554717376,-1.2971325119251258,2.4858717673397663,0.6599534705671833,0.47774707441176023,0.6704627648560734,-0.7011716082507597,-0.5939626385486253,-0.2259467729779871,0.39641649354179453,-1.6122902875906449,0.350526971925577,-0.38450747146294795,-2.314951822750884,-0.7725117680165334,-0.12340389948376046,2.376797212326957,0.7945522043360287,-1.4728274919622693,0.020705977972253497,-1.5281141572774504,1.2793814821282437,-0.3696630044743739,-0.04644101963864398,1.2231345866599224,-0.3691311665659168,-1.4842110749081132,-0.24327608376035215,1.4584090112406218,-2.003737521767958,-2.825495046862673,-0.7558932002717752,0.3014057197452351,1.6497410111022797,-0.9977107865287393,-0.9384446554465204,1.5608657160859507,-1.7674258526087088,-0.08417338834174236,-0.498560667865171,0.43122223463046705,-0.31415362228156996,0.5303338183914824,-1.5021252106561311,-0.30115301121509347,0.7071540641714087,-0.5166047849434235,0.5131769954110569,0.7889539399726941,-0.39473005960404417,0.837827569994084,-1.0693136847382745,-0.9057698255840211,0.9255886091564742,0.47996230247727123,-0.5376706091489825,-0.2947426953536584,0.7279079017527126,-1.7968707071144212,0.912600192083053,-0.7105372111841035,0.3399868832386737,0.8522966119313753,-1.7666330638918122,-1.2487402452668717,-0.26770373823739396,-0.9797943956135736,2.600180044242912,-0.37655989064487294,-0.4121242601855793,0.719210164231687,-0.7788316792640844,-0.12914244787135204,0.7772916156671386,-0.5904471468842872,-0.17127766178451917,-0.3565982901504581,-1.2576582133661067,-0.23732312124427188,2.273438985983733,0.31330938747601,-0.23944789311764464,0.648331138113954,-1.1518054183280169,2.069157423531808,0.17425929540854201,1.7909737041694922,-1.0471693208770725,1.7551212469941457,1.3250137531889576,0.2622196328817814,0.1346591950709487,-0.18779127336387294,1.0962310769296124,0.48504674400758624,-2.2288757565698085,-0.950318503360103,-0.38932206894280247,0.3838135828664058,-0.45487051282077595,0.8063908629516626,-1.8852524811117006,-0.04644556427893057,-1.636521836481904,1.26136935157652,-0.1955695530697239,0.485800810249167,-0.763441740408978,1.118596374076941,1.1702864037355882,0.4840902120209235,-0.5639560903851786,0.6590298382375879,-0.8241920974108845,1.1872849330643265,1.9916449974263208,1.174299365031288,-0.43534185243765633,0.47425177462195833,-1.1374406739681984,0.7455494102397675,1.4728756763610371,-1.5971624201947971,-0.8538029885349411,-0.4372024865645519,0.052250237650572406,-1.294583587432533,0.41951795038113565,0.1331237734778351,-0.10142722109870152,-0.644700957114119,0.9484922804566043,1.1808194244249695,-0.739081681222052,-0.5824884059864647,-0.24880478373491893,-1.0833044470238127,-0.33310210557252246,0.8117128104696834,-2.0717690155378192,0.8784388997703358,0.16460444857077686,-0.846027302517694,-0.576553972825301,-0.1685574942354489,-1.1825770727051301,1.7557880041584166,0.01887972093068313,0.5693010978429964,1.081930846760758,-1.2113132867329932,0.311448467186918,0.11170170607555624,0.4380180062659529,-2.0563141164581302,-0.5899398967656102,-0.210323836281256,0.5591197494444595,0.5770923457685181,-0.7459583114440567,-1.1125317779415107,0.0397331996885124,-0.2814479431026736,0.9384005165127478,0.3634390632257666,-2.654507098459847,-0.864305656725624,-1.0349848333595335,-1.7148124741832653,-0.7705829033640327,-0.543346429958422,1.6553615428526423,0.48924152108900254,-0.5856166591978991,0.459980897133481,-0.1877316679556618,-0.7467248813770172,-0.6723271557855186,-1.5628502197509888,-0.7024451291653475,0.11499721766238366,-0.07635083138011356,-0.2712888591502408,-0.8340014094230418,1.2564907416074755,-1.5619863013439663,0.9520135411219074,-1.1517244774442859,-1.0124720115836796,-0.9914956395082206,-0.7437227878615975,0.9508386254894853,0.4944977767297587,1.1814242284460486,0.5076625144428486,-0.820959279184263,-0.5636638049238613,-0.1989201151433041,0.7511355748273192,-0.9097540849114686,0.9157672547305333,0.9990246779101906,1.7403263512410774,-0.17674349057032543,0.6971801274071565,2.5510506007108065,-0.5771276005314211,-1.62337425167951,-2.239360694802789,1.0938801646611427,-2.1393734248433947,-0.052481965259053964,-0.18118672992297588,-0.08871718356807595,0.46080431904515495,0.45267258819532497,1.6653960326913593,-0.2939577409187363,-0.8663315998068178,-1.157448863873832,0.9244168842901516,0.677141738257466,0.5278408769204723,0.8971892280916152,-1.3396702182576206,1.3870306511250678,1.1131975855721523,1.3190059645583838,2.091054591011267,-1.6412062330129182,-0.3119178982531083,-0.2968775491723179,0.8912044803381098,-0.7159160677572419,0.8098138716821758,1.1993949020212529,0.7981311553881856,0.15820837077051636,-1.3224735840744957,-1.0888517939096052,1.6278317512366192,0.9688380262337363,-0.23239185276759516,-0.8483768616564233,-2.0773626890255468,-1.4883896651347526,1.4937249931203667,-1.4357890958915527,0.4392447916493064,0.978766567243812,-1.580616977264044,-0.2652093375600752,1.1119126184806727,0.06375063551373919,2.5722132721882205,-1.9950313410457072,0.33410718423310604,-0.203172736604519,0.900395536270274,0.4222089809339079,-1.2139991816759612,0.17121289275341706,-1.8811494771365187,1.1772354313148863,0.5366769347819167,0.8820351101139083,1.2508493153863571,0.6514265398359554,-0.11769968374274187,-0.8606919922069716,-0.36238439430113245,1.1252169706156654,1.6357214804716573,0.11434225998841263,-0.2044783444585486,-1.0003840285083696,1.0486274306791885,0.9821551713896011,2.4583830884013937,-1.143996391606877,-0.16488321013247634,0.04660497319950538,0.025630430100048784,-0.2843947608757043,-0.22800559425449496,0.4060018653033684,1.198656549391477,-0.1205849916500952,1.2877133236900984,1.5729140477419403,0.7520550911450743,0.1441373869581807,0.38497260286897805,-0.47483765701201774,0.24314619091935558,-2.003425280834806,0.888673420996666,-0.946244869210993,1.8430758372386842,0.008207576707732006,-0.3645819683308051,-0.3987835705410216,-0.4081894079087372,1.0521019386081485,-2.8675994521217194,1.2325896570530988,-0.13672012757313323,-1.0075835650133782,-1.1397843812810993,2.0888476122733106,-0.5174676611262349,-1.566530648279798,1.655872397757583,0.14998224284778167,-0.7467808622554168,0.25736853883889665,-0.9196177665699236,1.1535806197234895,1.2813063280576074,0.5840887456483592,0.7936549606385203,1.5433390369644067,-0.3494803963101112,-0.8407691016202454,0.4808820149918136,2.091153993322495,-0.5774544168281199,-0.537637882401968,0.47021463136636116,-0.5100359298222332,-1.4852034802058816,0.6146952062375036,2.357481909126691,-0.15816096995333703,-0.9694334332767962,-2.2404585257539047,0.6785833299942101,1.0401306250804372,0.7435912944297698,0.15203358439128006,-0.6085274252007981,-1.394286427524171,0.902966869976895,1.0600589737623831,-0.9206867581976255,1.5842338129967712,0.33613373848729,1.601809779036175,-0.753050741828861,-1.9428860717499197,-0.225204663075302,-0.37495102528188673,1.9521402343915435,0.5092720516537582,0.0641813510077327,-1.504397003784476,1.3276708593007305,-1.0436524228133817,2.1840216266306394,-0.6533153716145429,1.2611798550570053,1.200590451032944,-0.015624423608617169,-0.38605989931903834,-0.4002231881756003,0.2889420259433402,-0.45122103950040837,-0.5373186078139919,-0.17013486808688955,0.37258311519634657,-2.153102794408944,0.29368175039513955,-1.4000389711198458,-0.5197177585780425,-1.5805803743849798,-1.6993986255098705,-1.722053097712812,-1.0030485603225623,1.9801095362625696,-0.4031246640692208,0.5133344846181169,0.9733431511957493,0.43219955988777675,-0.22880297204289432,-1.536534269839694,1.1239532759169915,1.983038263813704,-1.8606816408874665,-1.4209833647140862,-0.4063385069849469,-1.2676779000639036,-0.08743736747012278,-0.6720411431253892,1.9019252309788675,1.1137565955401556,0.051009169012189236,1.4798253903087397,1.3375127277795498,-0.7828391815932544,-0.6119100074564817,0.24422414796246705,0.7458532485851319,0.06130222278079618,-1.6327669194947876,-1.0610828780550439,-0.09250569489194257,-0.04711194380037184,1.6098834607322197,-1.049627876130194,0.24270101413676987,1.1183736183682338,1.9020067526417848,0.05809828657189545,0.5027012208985899,0.24152797266294232,-0.41541451073507313,-0.32351158777769934,0.11068116392893801,-2.942164258005006,0.7622244371241937,-0.02700010131156387,-0.23225824458961467,1.6892570405981584,-1.0947100395595744,-0.09727556738397503,2.4806026703060584,-0.588080270245627,-0.02634566901681669,-0.07125688850633116,0.547756174484584,0.13047666017044718,-1.3502012989151826,-0.5930014139123855,-0.4202673782541938,-0.09482112119558898,0.1919029397893164,0.33670443674832695,-1.8229668762159539,0.7220160621768535,0.24377541640407122,1.3465155327951701,0.3765367017918862,1.1846875382562794,0.67760196295846,1.8420634769805202,0.6740949246899797,-0.38883205189536607,3.096064213516725,1.302471999100587,0.15606034795059803,-1.572821646503551,-1.353013649238669,0.5644123993278211,0.03998128849027538,-1.0169236914931845,-0.0639455773196565,1.6442249509446263,0.9170491513703721,-1.8560880890896934,0.19021664303009808,-1.0112223908487126,-0.1794612963063174,-0.12372965377323178,0.11033445453094218,-1.2427904416837794,-0.20596723064498512,-0.5128534899931603,-2.7289280504738347,1.9414644269133654,1.5317595943716857,0.3943076628157696,0.5066508479234068,-1.1802650101160748,2.2961612944137686,1.6660383932207763,0.9442816495018639,0.9184303885769592,0.5386204330949416,-1.6714505778950055,-0.6434729209181935,0.30105730569726485,-0.590875983305996,-0.2501336092888554,-0.01775475976477417,-0.21533312793986153,0.3395169116608884,-0.3311359478631153,-0.08530502781684476,-1.266341881663927,0.9241844364858547,-2.3943170639504845,1.8189246534001637,1.1552762844501945,0.464156299509452,-2.9843459980067526,-0.5870809276220269,0.044911154039672184,-1.2281433378233233,-0.3760015140129638,1.664284238647913,0.7653742767344208,-0.2501523561630992,-1.5094747989343156,-1.3321579589819512,-0.5492810402105746,1.2829309982321684,-0.507455237858751,1.1861491525024952,2.0708549990226923,1.1686635110656463,-0.5856594624623428,-0.579588888188842,-0.624280305254454,1.1891851127240305,-1.039923183002923,-1.2935565761383028,0.13049043573071778,-0.12758118484476583,-2.1792082768915693,-0.005511953802898761,0.09801317454781229,1.2369295070314326,-1.1412900678330227,1.2952852196026952,-1.1001994951767153,1.7559991114338502,-1.6272213934923094,1.0078809778509654,0.9874882879773453,-0.3439749538643061,0.24080257517357814,1.2310017611493342,-1.8599786538278653,0.3758713691336424,-3.2340672624846816,-1.4053130688424271,1.1130871009490673,-1.1094418445006007,-0.5284307909253707,-0.43391941509489923,1.7205895438547807,-2.328084720384339,-1.3670057595803824,1.491850990329682,1.7777097528679655,-0.48998803708806454,-0.9870228171137542,2.5590369103890445,2.1557747568148895,0.5747958755177706,-0.8499360441789551,-0.34985791944516065,0.09988306262501073,0.08806597625394372,1.5438582040887294,0.7254897263142961,-1.5243568858708578,1.3569639391388633,0.8719641732255958,0.7198650249613135,1.3514642648643223,-1.0659015430245617,-1.003793987057914,-0.762426556367178,-1.455664679867984,0.14746284414200733,2.3604123752722734,-1.5748632353171317,0.5327130368192602,0.40879055088997285,-0.3104940928769706,-0.5222958911931509,-0.8962307177835621,0.30149435582268885,-0.8367188861156902,-1.9230348811814961,1.2764707039324574,0.5415030579254315,0.007216097371833631,0.15422796196185645,1.1124531876828156,0.024136794963845506,1.168397266061721,-0.1451971058437244,1.2327364874851765,0.5041402273280382,-0.09277544074387988,-1.006491558634152,0.2631532463398217,-1.1345656010861696,-0.7176553033270238,-0.490498284692215,-1.0512448069513773,2.059761896806133,1.3345648478166032,1.8798751657527564,-0.9435979971565112,0.7167690491608214,-1.4154094095413785,-0.8216771290854068,-0.5558447298254823,1.1661595953007668,-1.281124378054096,0.7708859037992649,0.43314080993810655,2.487987137194941,-1.1357350247905638,1.0237251601223354,1.5260031987428135,-0.7728180218766393,0.7876703463181486,0.6110846573433997,-0.31807834026957404,-0.965690924636925,-0.6373100132731535,1.5479378504463739,-0.19467372088734514,0.8508216313327176,-1.2077496723422927,-0.6812799656863057,0.7711966349976861,-1.0799773409949311,-0.35898030776920087,0.3882930710786582,0.3821686337559311,0.12377213898677682,0.2093650050546584,1.1410315617485423,1.2203440513158201,-1.4906836882407648,0.16373397967038703,1.2463709375189327,0.9390499878813936,-1.1236923069312925,-0.5749825530790595,-2.876964477875766,-0.1581624760243851,2.644892090683782,-1.123399326505422,-1.3642517916085501,0.807237919287328,-1.230103548392179,-0.4288988201911232,0.28453395828644873,-0.3639939898742247,-0.012043172332017398,0.8649936964085814,0.06991355631074872,0.1949877013663977,0.11573467503685896,0.2870008015603204,-0.20577122373135556,0.03089801770057852,-0.5232009786827545,0.14737858410338667,-0.19184558019423886,0.15556401776962903,-1.2961710654401473,-1.1327254778589921,0.5814472835461245,-0.3561265169479612,0.7423217359545692,-0.8193413490385453,0.09785402429200088,0.3556908069893401,0.8463868125629082,-0.5473394232674,-0.15487671287095192,0.12557926820159548,0.6936381383506603,-2.4638374131319805,0.3867804564134529,2.6241199443418872,-0.09375952485685159,-0.6106386845627372,0.7561367997731121,0.7672408285858024,1.5890311024617967,-1.2237788004118908,0.5133969066652619,0.5027079627894622,0.037066586391184285,0.5111175622916325,0.5641568884785453,0.9034640972809217,-0.8578385107839035,0.3404737384889389,-0.297064563489308,0.31764336232103685,-0.32037279993193757,-0.10036061019044881,1.4852846111816627,0.20153426682342027,-0.7580510665328343,-0.4743598133641516,-0.15737528111100207,0.9800801153261813,0.44808919181229634,-1.0609707749446797,2.6703737780686696,0.022034466902548802,1.1785206717748085,-0.1717949914335857,0.2223900923763925,0.9689444170085928,1.3005586416168555,1.3317613979178986,1.2320867119945673,-0.43965802528720194,-0.5593095130436022,-0.26496022652226786,0.5251405701499479,0.038627992291425994,1.3182954225963521,1.5687732413647346,-0.8924526858758797,-0.4480763280398733,-0.5329765044105546,0.9040671073065891,-0.7271682959573025,1.5372004788377218,-0.039970967961309466,0.7058917654016368,-1.1885194875251006,-0.6985948415893033,0.7828156498616572,-2.031171443038133,1.0850373094162618,0.23921614911578637,3.124741136326818,1.5537089863509217,-0.3691847820182043,-0.6307913491390712,1.0161873011112148,1.3872260259928666,-1.51005304349149,-1.9327323619584513,-0.9179841221459347,0.7894346818546295,-0.087148029844405,0.8855160008897108,-1.0315696818634452,-1.878734151266946,0.7793053852535985,-1.2126000719223866,-1.9665399363987126,0.005455867611195101,0.7639319820213282,0.20053574505893026,-0.7840949723619323,-0.3250541547274645,-0.13285613840490756,-1.7449279382732135,-0.864393108485608,0.749388670625642,1.1298518336512209,-0.18840131231638915,-0.6924176703750065,0.1352226730197292,-1.9639413296312729,0.357721235027092,1.1132255914052294,-0.9876911829051943,-0.3342967891370324,-0.4709413117717721,1.273337401337908,-0.595961346082765,-0.817434460132492,-2.441368342964328,0.3608307691629501,2.445831656887016,-0.05417589712225195,-0.16812086246139218,0.45334150743189394,0.2927400732339076,-0.7713957794389634,1.3230901488170674,0.6878677649859858,-0.20860814818454204,-1.0671128718575966,1.4952448347561154,0.5280987863365989,-0.43245827360605593,1.4463508915366998,0.028613406438234575,-1.1954248719242755,-0.7138696696434516,-1.8865984435775518,-0.005491065466809275,-1.1059926446921085,-0.7029218616566729,-1.4279974224551053,0.4125267215517494,-0.788322227895657,-0.9095579195001965,-0.1595645303165872,-0.834247154921042,0.39164503150706187,-0.1771376366982723,1.1284179723347199,-1.3104681862765715,0.8327373200197572,1.084352453666687,0.5316598501903156,-0.3073075392525968,0.8369511952691656,-0.4919914146521909,-0.24930838714672138,-0.4109007983138987,-0.14443976042837556,0.3894612892954908,-0.285326129615559,-1.3723151303287797,-1.0309024477485205,-1.5144217270501494,-1.1978590678354897,0.43799682458388295,-0.6728933073780344,0.6996748925844665,0.12140060175740205,-1.8319679518957677,0.2948330505540622,0.369642870880424,-0.7751542271402511,0.9414744943183675,-0.8679876179738296,0.6285208738590159,-1.6171662551468038,-1.912472067092045,-0.49296355914078965,-0.4194084131916727,-0.6479657026318063,-1.1635153388604769,-0.6536737928145425,-0.3013542192236023,0.11782561472643287,0.26887983628522893,-0.7497389567688124,1.5469895946388872,-0.6511735141089189,0.38510469042972173;0.8215184145579307,0.5497315468515955,-0.47974792210993095,-0.26597889163281163,1.7638725552732455,-1.549649161098932,-0.7825791980127003,-0.0846944538321817,0.9169839548264511,-0.45292631076405016,-0.969956308028231,-0.11390265166939532,-0.6146981794130826,-1.190654497680636,1.1227717412360798,-1.9963921541488592;2.3112427488341774,0.8321468437158578,1.0077967068000995,-0.7452012435995495,-0.34967318365462957,-1.7561731625730195,-0.6883899130419218,0.145294850471239,1.0081546515610575,-1.226119226708999,-0.17803535869787476,-0.7500897772362338,-1.2720421839165827,0.32200027493463446,-0.7346508836484393,-0.14652514554507493,0.046169256216910814,-0.8977926807009085,-0.14637125103773274,0.06659708215404694,-0.2563661335422155,-0.3268192742807586,0.6047859950108633,1.3988096227013016,-0.13027114385116728,0.6672977756537164,-1.2952137414336686,-0.27308003075665743,-0.7646930918817811,-1.6902405971068315,-0.26245708279883306,1.452409601671524,1.5750643119792476,0.03812849510635485,-1.613173304251805,0.7029382972569601,0.46770579046118654,0.30486205290794477,-1.724842385271559,-0.7466863777282922,0.41778719531963937,0.4590354231153091,-2.1927313777907553,-0.1774578576291473,-0.14509220621097282,0.8604078466816616,0.9680133472578405,0.6621587871528969,-0.9690717069941921,-2.1326806630596247,-0.7570752348982928,1.2171641186121147,0.6207897237976758,1.7451066339310846,0.23096722958108729,0.27218948067425974,-0.6037331299019483,-0.6933974891452248,1.595232641214202,-1.2066713535547928,1.5327131254212687,-0.27948668336245364,0.7589107984733463,-1.704975343231611,0.12028584742123205,-0.4774215833328075,-1.6865618622562468,0.03722753506278971,1.554383972252971,-1.6587421278231758,-1.4765042377495055,-0.4925064881164914,-0.3863154756894861,0.401789224432143,0.5553327396430267,-0.26805636974909086,2.299793099669747,-0.004214549410902678,-0.9221323691724268,-2.1883895374234994,-0.6454292945946039,-0.4806656898928345,0.9164992692591588,0.35800973931323177,-1.3065653077439927,-0.4176398410143922,0.8913286065654535,1.608002166890634,1.0802325294709645,0.46283112648593794,0.16131555636651773,0.49445213117331505,1.409608365370235,-1.7068203906491344,-0.42779839313282064,-1.3479816046328656,-0.29557251701577375,1.5313261817732104,-1.1864947023838643,-1.4340486699725359,0.31171683161458275,1.1600275081957847,-0.12756738332362094,0.6755971181974512,0.1600366622575635,-1.3632547633091958,-0.36050319570447364,-0.7080841894003542,2.8177807257975243,1.256506800725093,-0.850906820688722,-0.4789072479352011,-0.20219927708808974,-0.12323597491047499,1.6641719719632189,0.6367055269280406,-0.6517321898373313,2.073997702284835,0.12123188358908375,0.22807448211394957,-0.5289959315841766,0.28511376633759694,0.13526717442363723,-2.128572893627171,2.1535154633581106,2.0676778510359077,-0.6910422868315895,-1.2607060335664215,1.0821827056989666,0.028284526389835644,0.13046869197700978,0.3323876855050971,0.8424424308915113,1.3804766754131341,0.18830047769387737,-0.7474055552338137,1.3611538304922237,2.5444465160377927,3.6382669501381883,-0.9029336848592833,0.44373547387877027,-1.9974217803006409,0.5377804327709989,-0.22045382079434017,2.6476360885669736,-0.3310761559403592,-1.9364533342295875,-0.7985887749256189,-1.6912167964196367,0.6533505474780856,-1.8803033959298578,-0.2937554173394787,-2.161822101943588,-0.5361292491107703,2.0105267182995066,0.41997766450710766,-0.774688347050545,-0.3751994860546059,-0.08771346738108904,0.11716103012734763;-1.2107738716259053,0.5592744484133277,-2.417569079248385,-0.0958392116355869,-0.514193105348183,0.4554134720489069,-0.16260826217107838,-2.126477942366258,-1.1825575367609065,0.09610076942350765"
26,-0.018823494860783885,"0.46017714356829,-1.0605396266351708,0.10216374261207917,-0.27542564303329087,0.6335838427944495,-0.42560386136637185,0.3129452111212175,-0.10920277775143615,0.19093616881348724,-0.8862353104728693,0.4950812891609575,-1.489184198860267,0.8669613868582662,1.4712725971775185,-1.2047046078470824,-0.0038925566867091645,0.15416442671698433,-0.017746375492918506,0.5627082503582644,1.3006325168240558,1.572462936329979,-1.9578767574978566,0.8180761036559522,1.6110875159667397,0.485712439010031,1.2660459099404389,2.3528401214167194,1.024416928766614,-0.3928090532584006,1.423698631918104,0.29011028123423543,-0.2672485538182957,-0.047147612324462525,1.7440768060074712,-0.9019773509932961,1.4414385547338942,1.1933365723723766,-1.0371397566628437,0.7605283362058726,-1.9467304845274962,0.9959646442976632,1.3176660575913544,0.15526753359288692,0.024994833764623484,1.9405360254036255,-0.2504218858123826,-0.3779384718648642,1.2836022725458316,2.178226778028011,0.9118073828155349,0.7190966586544377,1.7183583289240492,-0.227110153075797,-0.6436411570644933,1.1528778646376123,1.8898264494575776,-0.08949684183539089,-1.1038361579140428,1.8450565575343696,-0.4665789540586542,-0.2115225076231853,0.5401255005445197,0.6763413061163257,0.7258953828556951,0.35471546623974504,0.8002635047403737,-0.0520963442699591,0.4590846231921148,-2.2250580780814886,0.10623895232745445,0.7219786691760276,-1.096911895687618,-0.33543500122918146,-0.30391793312048837,1.2561161708826833,2.3559412119091805,0.07952650493031588,0.23879083393861336,0.6064184909170047,-0.8460681385418398,-0.11436942957849798,-1.0084847590203425,-1.4314991426635297,-0.20000306842631155,0.8457979562741389,-0.37618280389002956,0.8317177503507361,-0.5838544344169763,0.43448569553366007,0.6404065897879454,0.09229685577302552,0.3121857438111212,-0.3764139606394723,-0.4933436902379832,0.4312334268351503,-1.801983215315687,-0.4529777722624947,-1.3233539223930133,-0.8582228328367998,-0.2673726045322318,-0.07834535594697929,-0.0024882897786036966,0.16654684145772217,0.8110021936646278,1.232718199288528,-0.5395782026074887,-1.4793890570135473,-0.9740580363887223,-0.557898118920526,-0.013267389519724782,-0.4469360407933237,-1.8927126172667772,-0.5031414456258924,0.3822693188200073,1.0588832352652915,-0.47606019198241367,-0.8617441962802945,-1.544777056142517,0.0870062952824707,-0.41532506892668025,-0.21091914327068478,-1.892465601258853,-0.07216431428273906,-0.07227582969869155,0.4780749702142788,2.582028480895264,0.3596381468082874,-1.2107074894585814,-0.687272881732024,-2.004799421683315,-0.19297344184067555,-1.1686139184148956,0.29161765677520357,-0.3674216886846132,-0.13376037602959226,-0.37158266964780834,2.0437835320607363,-0.5835630213669636,1.6780322558105627,0.8721837598915578,0.8107704689747914,0.6041064640928901,-0.4576540552799894,-2.0147337534685206,0.12731511928548686,1.0568049583599186,-0.010153974525786091,-0.5223038183618065,-0.29937067362054026,2.2679112034971887,1.2473121018323396,0.17228480073702915,0.9648075172505357,-0.3559757581511299,-1.428030128584999,-0.8266830986995073,0.929246981277458,-0.4157835700983554,0.031027338715455044,-0.32176792132739984,1.7814953154169642,1.9453963160054177,1.9698620930976132,-0.27541257769501354,0.33917164903256114,-1.4038439680470636,0.7520220260739853,-1.154937394441676,0.210085556282629,-1.1795826429762095,-1.1469395858942395,-0.8745765771174325,-0.8324209110231194,-0.564747665155428,-0.4072333710839496,1.0837285856510452,-1.2845779975669185,1.1014690588633183,1.2230137869994682,-1.0484459784435705,-0.4320591381140629,0.6514886523183641,1.177852511576053,0.46415707366858194,-0.4950758515329785,0.10202593316090605,-1.1540692713619227,0.8590433569564022,0.1636361711312987,0.1958273127425623,-0.48295299807658965,-0.55847794629886,0.6776299990257184,1.039294379605306,-0.7328423445445115,0.06812967409385808,-2.213057624160932,-0.33863440383446375,-1.0726231371538644,-1.1505490271914633,-0.921810284887372,-0.5369620138201844,-0.016700486946812587,-0.6017086870334605,-1.6530678697930665,-2.86044423715011,-0.5485966155498421,0.5656079728601162,-2.7932940324585984,-0.7174257090116987,-1.3905822069955234,1.4893783466730488,-0.9718831246468947,0.04600969631237288,0.08561521942130695,-1.9758351576118256,1.4306634970050316,0.40985922952135656,0.2458869707403058,3.990479821983861,-1.7556934168919964,1.5199063932562284,0.5850956977344948,-0.1527865479242162,-0.3481220920291278,-0.05116067190570947,0.004262871050191269,0.42837874407428095,-1.9358249286454163,1.0015407835606887,0.14693577745054776,-0.8735527313066719,-0.7908556852431163,1.061227301340978,-0.8526804486876169,0.2635357858407492,-0.506817799878339,-0.05039733190367732,0.6006617193827295,2.1447525235002924,-0.8992134305986323,-0.21711393503913898,0.27309992535131067,1.1173489958729275,-1.0015111124737381,1.135102333459096,0.4658328286438873,0.08797265705470189,-0.41131380420035163,-0.10114142993950118,-0.07754132908774279,0.6031188056589334,1.2853232252145868,1.2212380350016803,0.8210314963360829,-0.12103062186571575,-0.5949421995644194,1.581253243879325,0.9737316207113624,2.101686397031322,-1.4760791249594896,-0.7504443501684802,-2.0148973611518826,-0.7035048104726456,0.9203520750215464,-0.06875895405350174,1.1874089166690796,0.07207609670210459,0.38750942137250344,-1.4526425134817846,0.025305513246904873,-2.7920122995763172,-0.29401625655403807,-2.7679166222883618,1.177714607453883,0.6495042062778087,0.13356494086161563,0.8102697158577148,-0.6107286157437148,1.9919759744370764,0.5871947835288276,-0.8883969981965343,1.0577702843593018,-0.9504353040519667,-0.6850392927930553,-1.0959511895850984,-0.34538059871342375,-1.0447210730842038,0.9094474573601253,-0.5645076716729389,0.18794334712731714,-0.6122240851700957,-2.1278781306293313,0.4564331857105043,-2.5359949230189707,-0.196184118103312,-1.6628284002136524,1.7768073435108576,0.6836649188914111,0.06076089965913792,1.1775564397060865,0.014256556871476861,1.047265300405224,0.5605302820572723,0.20510961245334122,1.3659811944432099,0.41610539351238107,-0.36115967745711647,-1.6174761209367532,-0.8282173517673583,-0.25088855589515313,-0.3041576006374931,-1.3272861508073055,3.321704813115619,1.4294967624455888,0.5544627963507622,0.6563782810005244,-0.6410636983893507,-0.44881682713332016,-0.15058414486752952,0.1172087265007906,-1.0496687547744563,-0.47114862793650186,-0.4573574649058949,-2.4073334413960374,-1.2253329466445961,-0.28849568350537497,2.0643643799267264,1.192753849185986,-1.4211215227425988,0.4008360394056635,-1.8509917259708175,1.2736242225485854,-0.7034659914246995,-0.7764929358574657,1.3211111053827895,-1.0783230219128006,-1.327587048539728,0.17335561019783793,1.546960147156842,-1.6864113703051111,-2.6520133699212636,-0.7346150714416047,0.8949001297713733,1.3060192873356031,-0.7672026307871594,-0.8771782221119085,0.852821727156426,-1.519773010695217,-0.20060963900680437,-0.5016884039994011,0.4841909914828569,-0.3570909083951835,-0.17951409031289267,-1.9646880928426296,-0.4243079453461683,0.3121860678000238,-1.126235874366942,0.42261456409464043,0.4321461519665885,-0.24817189196576916,0.18745715298487806,-1.0231106594907367,-0.8762327940116235,0.45557990266995035,0.5815965552497274,-0.47821920433270065,-0.030781738694810615,0.7495037545861,-2.544300936037235,0.7791154693263865,-0.8109207945026684,-0.10817955130004513,1.2770730756783697,-1.6372790885441202,-0.5194075105200182,-0.4895302803549887,-1.5603776726845286,2.5409856711465695,-0.9428411883146588,-0.5089511469422342,0.4853783679551307,-1.0636198107135002,-0.2604849846888475,0.6710714835633933,-0.5950886316741281,0.028156348768719267,-0.46616731295460123,-1.2862589420871053,-0.12118778170465427,2.0672860977414613,0.4848467288720144,-0.09113425636429784,0.8299523225786238,-1.4097712501723563,1.7093588178246053,0.2453366589607679,1.578317165950645,-1.3124253880061436,1.2395220759269991,1.7431407151492158,0.09857692566995661,-0.29651199007774065,0.1346258377521356,1.3010310978936233,0.07956426525937665,-2.2644175165430283,-0.7666652082236243,-0.4917892071387483,0.21270007538226132,-0.804356340570488,0.43787296389990127,-1.9787807157644224,-0.0740206178097858,-1.7757300073648852,1.1048276013166172,0.08644850846360236,0.35544473984575753,-0.7133044273378879,1.47750298709162,1.2665949381748571,0.45884537598203234,-0.7106101761273844,0.4826037514414359,-0.8415180744714714,1.0260472372266491,1.6428209151951858,1.1341370488034077,-0.6873933727428834,0.47275779214707536,-1.5680080330085868,0.6801283393430214,1.2460470174937965,-1.9335950858466426,-0.6343063386216117,-0.33630936763391156,0.08473000551166218,-1.7327346169713567,0.9481237828044017,0.749933078029311,-0.08307425768135504,-0.6548019698444061,1.121243062589927,1.8483262128895208,-0.6636607796340936,-0.8045134705693947,0.037772715023637354,-0.8862465268261877,-0.9041442959869063,0.7264649474646939,-2.0885721067568026,0.7734424079870889,0.4868254268371058,-0.4263828387223748,0.08521875516592321,0.2758775006431158,-1.1944951682866012,1.8034309917733669,-0.9446670069526273,0.18101181146494488,0.9294698997109024,-0.864106234042379,0.4350981428765141,-0.31643852394967226,0.6120647727130258,-1.9497009729484482,-0.7557044111711648,-0.7636380384841855,0.7452864806188388,0.8570814641252275,-0.7142171499008051,-0.5607725546570469,-0.3918690502461275,-0.329615647571392,1.2574751641418622,0.864147619869384,-2.867238427811792,-0.37955603403897925,-0.999899770322799,-1.5526861232892994,-0.6424233659003262,-0.265285065526793,1.770322955783553,0.46866478659727157,-0.765593278068342,0.6479431196826029,-0.6581312987363059,0.018408419685314828,-1.0761177089483083,-1.4627839917346748,-0.43450029470319207,0.1603518720054123,-0.27631937320532574,-0.45296379268098125,-0.7461004879777277,0.47848235404319395,-1.4355051560348393,1.0859742703283788,-1.1886388333371685,-0.5691427468163017,-0.9361860828432219,-0.6445440959790772,0.7385145844940973,0.3569244592090468,1.5073162744947435,0.5184355427459661,-0.6340256261299878,-0.2365054466494857,-0.09293997466154028,1.0577535750994171,-1.105632862986274,0.8906123634500103,1.4619529831439753,1.5905636682324915,-0.40001480403948625,0.6613487046224193,2.5350509525870613,-1.1519559167556748,-1.9038139888740468,-2.2734724410089333,0.9997718560506234,-2.1581390939502363,-0.4420364246453276,0.48805514131591154,0.224333064187193,0.5842709478485462,0.7207787002344155,1.833845528120494,-1.114561931227652,-0.5502394421586339,-0.990182564054783,0.8709489614465502,1.3406580983593632,0.41014013395200816,0.4980899982695698,-1.255474754214872,1.2291122720958692,1.188979505346469,1.207609910164106,2.2721015591524125,-1.7477630155868404,-0.4182082359190502,-0.5627279575440203,0.606348291096902,-1.1921043702163687,1.0307276171812239,1.4363108964592515,0.7659316628610076,0.3547630249122101,-1.4524229006382652,-0.8159548767826339,1.9095344587663852,0.8070459288981542,-0.1051163363817329,-1.3131861243607084,-2.1364930980050065,-1.283421198619479,1.4701132416895013,-1.1254485376616412,0.03692439244312726,1.058791928373527,-1.3239373204201348,-0.2567966416146896,1.3922882003010735,0.03314834243795331,2.9165326031329344,-1.8511853960804963,1.127747109057753,-0.08077557612463598,1.1112626451210124,-0.2482803088050004,-1.190151494931328,-0.21931573938419266,-1.4968318090474297,0.9695360412961733,0.24120030494602293,0.12302241409757345,0.9789771786284523,0.6381068076124247,-0.43549378723673915,-1.1687045981015385,-0.37601926001409386,1.1489610798372403,1.3161263917643384,0.07062483506459191,-0.5488316790419236,-1.487104376114729,1.979243856982231,0.5737466164419363,1.9551004228173456,-1.5940314961405895,-0.5417272479808439,-0.5338242136122654,0.7103164315749679,0.4630375649180374,-0.6884674688351317,0.6352871734188814,0.8553242278634274,-0.8727623502989997,1.284975702063615,0.9408804002702088,0.5993411535207525,-0.34889609201616384,0.674861949526913,-0.6056578765010074,0.17596601999713127,-1.4887443250347807,1.1634544571199403,-1.3738795489723656,0.9082985688628976,-0.23281966403433965,-0.40479440848967074,-0.6125262780033257,0.07222784730488548,1.0463728207820981,-2.7923592063467293,1.1377587418423214,-0.09564535037011676,-0.6984214401779313,-1.5077532682183552,1.7272994064841949,-0.10971537439504273,-1.101217248831601,1.3968258412802486,-0.5634141981712799,-0.4490644596417711,-0.04187737708428159,-0.7533693871830058,1.0643680197873266,1.0850586370242454,0.15814325698174586,0.8275997560030272,1.9782014427200874,-0.6749560201954818,-1.0350223391336901,0.2402423066874464,1.4387083927133952,-1.1092914829579648,-1.0873511940804768,0.16806357269639793,-0.8287999670886661,-1.3732670640506186,1.0460236307478041,2.985665726910293,-0.018118614224840124,-1.642350811166297,-2.773533994440511,0.0638778732942851,1.0052117629919601,0.3309843337534707,-0.12485216903007594,-0.8392443584002912,-1.084724806400688,0.9720419152374442,1.3211010453677385,-0.8969720428673,1.069389083133942,0.6341023201087939,1.7069048218113763,-0.6898642506837469,-2.095377958089243,0.07303145389979407,-0.3347835546713708,1.879055624570226,0.741862282335245,-0.23398184402892097,-0.6196105191602469,1.2088105570408545,-1.1575966616491813,2.0338569371490514,-0.7485852493364618,1.7608125173965512,1.1549471437739738,-0.52739611708148,-0.4538570719275081,-1.2904017751888694,0.18453035379637797,-1.304008445682491,-0.9346610226732286,0.143322294951937,-0.1570323216691113,-2.036356538481733,-0.2345630705858996,-1.0876605016708445,-1.4179337715190168,-1.3672932881239241,-2.1085669161965055,-1.2944490273908675,-0.8969478525402195,1.8254403032801478,-0.12285910559110268,0.5008593993518577,0.25964531477266883,-0.2521113816261112,-0.6190039934704503,-1.4777372330165723,1.5350291892800936,2.2083453265987765,-1.9308434362274296,-1.2095554943917042,-0.6126377930943845,-0.5753990467468484,0.36207917926124566,0.08886251751041933,2.1378606209641666,1.3612988929381036,0.28038787700762424,1.3162622967565196,1.3497941337733455,-0.5928311877057405,-0.45611847622995577,0.14816571201590875,0.8682423741699627,0.16986106819731114,-1.5560867738224484,-1.0188322036315929,-0.13506052117658923,-0.038999662023281326,1.5048204413168393,-1.3434470040870496,0.3133344427182539,1.071561873381749,1.9731882823982434,-0.10243280839486898,0.9071431681617435,0.8403925051552393,-0.2587518146255914,-0.5426789795173391,0.1756990241141486,-2.894293705161184,0.4730465907835207,0.07504675802560876,0.5049042001810871,1.6194766493990307,-1.010132030754909,0.2700659462208952,1.7067330869747879,-0.12523080851309173,-0.30216738004836197,-0.5959945008234322,1.2190694244415448,-0.3505506724259681,-1.7578283122773202,-0.2967095118885249,-0.5474934457377458,0.10909481131136223,0.007816109786385528,0.6453234081192891,-2.185390723568117,0.8070589109544091,-0.08831025567975054,1.1966736435732641,-0.52129057176783,0.8003856053263181,0.7036374621430734,1.414117258144544,0.6206717564578641,-0.20035924188749193,2.8344022503505,0.6379052540552013,0.23326165745479627,-2.021369004172945,-1.5815089146483707,0.10248331010734107,-0.22197058426730226,-0.6176646301954232,0.20702832214019826,1.5717536939680499,1.110283315179351,-1.1214241641010831,-0.42378914284235425,-0.7176219904116146,0.36647765487766115,0.04542071166793625,-0.37523361719368387,-1.7458597782606846,0.07419869065329532,-1.3605080306363153,-3.477719020630906,2.553116411605803,1.2158426944315888,0.03983895538056466,-0.05858749300919747,-1.151459751231771,1.8714916819980072,1.970737720545573,0.686304783748198,1.0391291218165157,0.40491706675119643,-1.7859219291802335,-0.7980475366632147,-0.016644663743091953,-0.9123540969070146,-0.04554217864019851,0.4203277625208527,-0.48404437206062867,-0.1274895209039675,-0.9375476418454461,-0.7943995255770847,-1.356928624570186,1.313656859172403,-2.0337818811812505,0.9119601529261687,1.0051863320874082,0.24669499977629963,-2.7835836904159192,-0.6590860084273097,-0.48338435005763813,-1.2157826610187494,-0.8168345447438996,1.5149309393451298,0.7049446341855301,-0.1661408383652688,-1.5338555688127844,-0.4863737510342376,-0.26898240607658935,0.46559575212232046,-0.8313230138949463,0.7161124832453756,2.7439520578786456,0.7523288875917983,-0.3198515185621678,-0.38671186932598967,0.17791515095404298,1.3013799161868418,-0.751337023500819,-0.6062889445181171,0.04884968659646283,-0.5517695188899335,-2.1511050627459944,0.26991102495223873,-0.05932465754434186,0.7503820265244899,-1.0242089968661476,1.7071467410969094,-0.3490941610997321,1.7441274050612463,-1.6771196772695889,1.2268533764834157,1.2673151162155394,-0.6536944292095596,0.1995866429772949,0.5841627827243767,-1.7959646956139612,0.48009777885025123,-2.758420578380051,-1.4841562167932552,0.7961385702166037,-0.5298634137297042,-1.0805193500562453,0.2794933680598335,2.9580709691632037,-2.1028653575491996,-1.3327531526412373,1.5959787931406402,1.6573242047479084,-0.016750887073214704,-1.0498416544869966,1.897929886705821,2.6139266521132463,0.720289423503624,-0.8828431016922687,-0.31042290388776783,-0.21011859717137604,0.2897431216189056,1.5544359084149595,0.40725737534714823,-1.653327922250553,0.9840943140502616,0.6718908296451173,0.94406981265469,1.4617804798718703,-1.2152286093297031,-0.9570111827663079,-0.5319308834845765,-1.542014546947583,0.5964234587702201,2.2367915804600482,-1.309818353160742,0.5125662721166675,-0.35836641463271657,-0.35959671741286575,-0.21681600933281364,-1.2606641510557237,0.10246156652473794,-0.788845641267134,-2.386623695901913,0.6582709466096714,1.3002585591746982,0.3913287388160731,-0.10081880010555869,1.5059981456019726,0.11153688935164441,1.1679274935911956,-0.5032004865642747,0.9906834854643534,0.9292907538049107,0.2584697088216183,-1.0105584083453727,0.4683649187766102,-1.061221507154791,-0.6508609357254378,-0.495278694314219,-1.236009004935931,1.8819888454601355,0.9363582694968551,1.5763639149999968,-0.7409943609886772,0.24446312862549813,-1.4771209046990033,-0.6537408819036878,-0.00862526655212989,1.0888043021779887,-1.0264621224856698,0.6279672516913898,1.0037874559624214,2.059561132116236,-1.4773828223209138,0.9763136710560806,1.4879337967312654,-0.803776525440482,1.0020164087531804,0.41959355609094984,-0.13060649650555445,-0.7062715328222928,-1.0709259435512126,1.4419786716031489,-0.2701391975681318,0.39939555236454877,-1.0773234076022633,-0.4394913204196877,0.682232108794625,-0.9492307981569056,-0.7434285489771777,0.744763583892253,0.9887017202935384,0.1955715173097367,-0.6172629998736066,1.5849835432393973,0.8164149320524061,-0.823673077970357,-0.12417163963119825,1.357415166889111,0.7174890800151849,-1.2619309715575675,0.2741185331783752,-2.5138211775437074,0.17574239391334998,2.6399633171971297,-1.3698033440705775,-1.1518037041917628,0.30134051167099374,-1.4612673285982822,-0.08713901817591874,0.01755566825044297,-0.5688848397341928,-0.5496713407130789,0.7471858122606563,0.5033927532190997,0.8350798766213388,-0.022254226117997628,1.141455958254731,-0.7132939902847119,-0.3321797754441719,-0.723127714613651,-0.05892569907402985,-0.6972582144246082,-0.08513323269930662,-1.3017084472639067,-0.874849940182168,0.8810628231276735,-0.3422539986034964,0.9118756927449636,-0.5956714330780548,0.15100484615684387,0.6203929078025104,0.7344623101665783,-0.531946009097032,0.2894058628319659,0.6606327143121408,0.22884839524789674,-2.3411304422647414,0.652085597171403,2.7954949596227054,-0.1455457304316381,-0.4425728108358522,0.09838579974878583,0.4728338382653233,1.5128570899154996,-0.8840717842613863,0.7709257771505263,0.4887098982848044,-0.35186201224683555,0.40034028756740797,0.8560464088454333,0.8681515345971574,-1.056260108261782,0.0915763266795376,-0.46958145781715477,-0.1941850757813348,0.4250170391739743,-0.7470463696316445,1.4659122065470074,0.036877179327096915,-1.1688161373518282,-0.8431077358329405,0.5383366758107059,1.2016581514033093,0.7241486361320568,-1.1104026534888873,2.5531698630470436,0.0833338329423241,1.0832888189885437,-0.05737761673362796,0.18464595497259167,1.1295504196671209,0.972616276068701,1.0900883133555963,1.4495815486896146,-0.255747852861963,-0.29027153994776483,0.1964537045818614,0.6922667213104432,0.07154805343526782,1.5219346824544602,1.4634343553794826,-0.6308555777977711,-0.8095333158913969,-0.4205378609917131,0.7863743129957036,-0.8726439865264514,1.455585453584816,0.5954394904177233,0.4778846578924387,-1.126931501910042,-0.7422197687382248,0.35405637786425753,-2.110647541963589,1.2388910250222243,0.4977919943341344,2.9370450666508208,1.663584001517898,-0.3321622714969047,-0.3248244641729792,1.6394747291972003,1.0307236479809776,-1.1202827573506353,-1.468122336189389,-1.274543246028779,0.6277641766149444,0.12020114450951908,1.0135732406493487,-0.6604763402283235,-2.541088456645419,0.7323048362743532,-0.8191991941843925,-2.2075903682467652,0.16291499469624443,1.250877071121224,0.44227727169186337,-1.0111508241518326,-0.05714830572037333,-0.17633698804066017,-1.2936964341200365,-0.7160883100071014,0.47936959770753174,0.6916080129150217,-0.12218048545574858,-0.5457288560795677,-0.344509256442511,-2.313644266163364,0.6592152179994022,1.0519461027629868,-1.2813470460243375,-0.3664418904614588,-0.5843695850493253,1.6153100354218104,-0.9537431283031851,-0.895430662370628,-2.6675927653680764,-0.1631422921580912,2.4114399685267838,-0.9522037287253221,-0.11297016708866697,0.36822541044080576,-0.34033704504699025,-1.3592866551946647,0.6942454123980719,0.25994801481827984,0.17186764182952474,-1.1905478646951044,1.3749286255428654,0.9830420345886622,0.28472536036900054,1.6370852385565928,-0.26973342972400377,-1.2949285640264194,-0.6018202078065429,-1.7163230355326276,0.2464490273204977,-1.1898808789266226,-1.0217298978889418,-1.9706052587631482,0.6511407119941303,-0.6651429840908801,-0.6518104354483155,-0.6222310411932377,-1.2736565551181376,0.24610576943682275,-0.2700147758437298,0.30181790551529664,-1.274039758701607,0.22367999831054003,0.7885362457289783,0.5187580983969837,-0.03076631533117958,0.9090520266703104,-0.30244193123223206,-0.20878608824132944,-0.8909233260038312,0.10328955222800863,0.6575858758257409,-0.5554844817672377,-1.060910525870855,-1.4575619390638497,-2.0632218851074633,-1.059488270844336,0.6813597978995385,-0.616676513360904,0.2535228264449846,0.3127639583892607,-1.6337876127375381,0.09311334661068513,0.11753977917021621,-0.8017666570425773,0.3980071473547543,-0.43236543229204877,-0.06838116918629017,-1.6931694138700537,-2.254456407863615,-0.549785737659735,0.817677576979188,-0.7101366886978376,-1.24493096692878,-0.255745381972383,-0.04976355035089933,-0.46045247742007317,0.8099076999612076,-0.2877584155579644,0.9896900834032429,-0.8857133984486715,0.2492272985271574;0.43947797784787856,0.663362880510576,-0.8008826393799284,-0.36643084946778504,1.9679133127118855,-1.0026727925674468,-0.7802438577986589,0.3769529115507143,1.030712444300654,0.27473033238013356,-1.3113110323323123,-0.5101423472667951,-0.8604255804923847,-0.6742211773041423,0.9907041241913741,-1.0017632259556768;1.5812551857454846,0.9516570833653379,1.0292292810892485,-0.7897637134811523,-0.060680775771450146,-1.9080177821671265,-0.3459539467025564,0.5532659980951021,1.2223375934347553,-0.9546288667403198,-0.1927569275880358,-0.4452047671728334,-1.36992765276588,0.07337975914950029,-0.5312576859798706,-0.3393538621879358,-0.10935859863595462,-1.4344614342165103,-0.2222743732317638,0.09255903316590494,-0.30421575496700154,-0.4144482785946195,0.34433549695923826,1.5995556637726183,0.10707247645470964,0.6676098946589156,-0.615081453230434,-0.06721565726276434,-0.6161965623452714,-1.3648114099133763,-0.5640481123700907,1.2339142397700742,1.2168559766166833,-0.5305524195414799,-0.8918982593987884,0.09805836453931246,0.3905103215929586,0.4823504230169615,-1.743286971665912,-2.0013438405129813,0.46043455690120594,0.3803397496315814,-2.2794053045723945,0.3444769929011777,0.408529835234144,0.7839325509164108,0.8675897542882066,0.6508415223504626,-0.8665670045178102,-1.979586544190894,-0.46168301706921705,1.1992803550683426,1.0521129925453003,1.1022738484784653,-0.06740958783920437,0.39740596794811595,-1.1808992303235826,-0.3087348485737628,1.4801047036081807,-0.9732279622932453,1.4690925008381188,-0.48080010564492254,1.63223830206212,-1.620403771987634,0.5971762883810046,-0.7586429942641228,-1.247961034660127,1.0910348513317185,1.5162872353885826,-1.116615052595791,-1.3775296193971536,-0.5489539406270181,-0.7711663249652638,0.9463435117555038,1.5100988411655245,-0.4908537872889308,1.7262822792451111,0.7423593251965784,-0.8280676590823189,-1.9459770723761012,-0.5223927306961909,-0.3208327001327607,1.4211105736956058,0.4646799486988127,-1.3087609411250274,0.266223009005996,0.9207868690577017,1.2134366689249225,0.47745584485005865,0.6749062925884154,-0.0058683330813251635,0.07558329663634197,1.7254207114887925,-1.3610922158312153,-0.39500802318726314,-1.2812265975287187,0.06473038256408842,1.4766182548060351,-0.9828942638885287,-1.8823408937668906,-0.005903443150701744,0.8825511563973916,0.5015761285166718,0.4793186274034266,0.09125198005667635,-1.1887327188802774,-0.6272696978835028,-0.8200591654772478,3.2328143841782526,0.8251860279399486,-0.6574061671152146,-0.3586919700383795,0.10259089403341513,-0.055784633336195696,1.3785862148164254,0.32020861458951183,-1.2965030557662398,2.025182554521178,0.045041100053267696,-0.31019412144571096,-0.9962905245064992,0.23410841896556944,-0.3399436043151634,-1.722165736504008,1.5376005365945993,1.7267511068188848,-0.31150654119745347,-0.9604862519899164,0.6900132313410721,0.4681052892482775,0.23549806293284575,-0.3396328498047987,0.6554219941623209,1.6853213030881977,0.12749426963964494,-0.37636050667927373,2.174155922609231,2.4159578386924268,3.1596910075237568,-0.6061006267756275,0.5015473362922391,-2.015573762404147,0.5387706815456383,-0.42334123328508555,2.718633823747618,-0.07115467067072315,-1.9596395720973183,-0.4202686583549478,-1.5455364228972006,0.9371397676812534,-2.979546295461994,0.3459450944350592,-2.2907948511210643,-0.19535199781547197,1.8980963879305908,0.6028131861482825,-0.7653453968605373,-0.05301761915283179,-0.6928740549812921,-0.1910925069493394;-1.3812536911106288,0.5704017962598853,-2.5469556065914922,-0.0019590052475052036,-0.0346842946203576,1.1990333289718769,-0.7913410697454372,-2.0020431083646075,-1.1257968737101571,0.09985980068579711"
27,-0.018928250214533537,"0.4559419499213462,-1.222016976447016,0.8387228863944313,-0.15730060479244717,0.6224421883698563,-0.4403555241723723,-0.0805791849957743,0.3498724025302189,0.288859312306298,-0.5915341321674424,0.5047028194355038,-1.7087266983671678,0.36260894583729275,1.2496584918086155,-1.18358992589295,-0.5303950541908857,0.11151579966090022,0.2587892871949825,0.7013622077946005,1.2866525661621375,0.8698769252970304,-1.7717698708776883,1.1213417796828118,1.315269693846256,0.5119716825423934,1.476215854412292,1.4588731728277473,1.2584487135191347,-0.5106992375289596,1.004557988115364,-0.020358241274284393,-0.7022225721800923,-0.510185448417665,1.3300453061407758,-0.48805823223476247,1.4718114576267853,0.37125026167382524,-1.2409827554622948,0.8257111775921269,-1.9370040457047444,0.6932747720038998,1.323199260324162,0.2688244354473401,0.1793111818795423,2.1891100419674054,-0.32665786653110596,-1.0137522333159341,1.4774388544167147,1.672135800486724,0.3839145688175437,0.9244468450967945,1.4937411824894498,-0.27005729868357353,0.029591525371348848,1.1333778901652392,1.7087321954320451,0.23298380315580738,-0.5027619797353899,2.2658821744352187,-0.29939006325133116,-0.43735024061025496,0.16178079618857497,0.8940971309043554,0.9024522660726033,1.2082236724019264,0.9379527660226175,-0.20141641641983432,0.9630400747733306,-1.9823153426008537,0.11170329299572285,0.24222609307314352,-0.8188633730372765,-0.731650008050422,-0.5110598766764601,1.7391064132704566,1.787152904908948,0.003955942138364588,0.2116854584351634,0.07475338219550465,-0.5492859507300074,0.08216260405191489,-1.299916424567888,-1.3605495843485513,0.23380317518374893,0.774076252421102,-0.6951640378390278,0.8249010738487557,-0.33161786885106814,0.473444168628396,0.7845224196535258,-0.36019920752280565,0.04939894747238101,-0.38731504560337243,-0.8308661875504021,0.12310755187533222,-1.3300961724638876,-0.20239971526405756,-1.8958714268245875,-0.6086907655152556,-0.21003699840171428,-0.6194785422631314,-0.4238846295280479,-0.0167740634973279,0.8512492047028207,0.8897068848202031,-0.006915992927658484,-1.790247808436926,-0.819550321651394,-0.3656085190383117,-0.3360999695140653,-0.46889214642026256,-1.9838235740836057,-0.6616628653373309,0.9462982100605773,0.6794633831136023,-0.5006610727487044,-0.27813480582144023,-0.7941588786353744,-0.30254797284467305,-0.7192169154747063,0.22454285560285847,-1.6977250481882629,-0.3477725228315841,0.050715438735290275,0.45048592249976693,2.9194316037865398,0.9744443133871921,-1.7325046733269642,-0.5474808024063044,-2.1968575744976584,-0.7748270020515171,-1.1285025479184492,0.24791522724049497,-0.5223684389839727,-0.34778699046903166,-0.677566849211689,1.909267389579124,-0.5406999816370218,1.7977767019575694,1.2437713464865063,0.3524070964979542,0.07160635948551616,-0.5555002779971002,-2.25310323245381,-0.18450508536521038,1.4013117515049824,-0.049264923450375975,-0.5936627844489345,-0.2502283790847972,1.8871927645031379,1.2081935123226282,-0.42346210919506233,1.3592340569017904,0.007692699988299703,-1.0883205975981796,-1.2268788388876748,1.1206782476169388,-0.1081990504798036,-0.28131434387010135,-0.3265667458061747,1.8907209183264406,1.9047993911405854,1.6456672113139281,0.02287796661086182,0.8903727080269855,-1.0732785004505856,1.3404427284988123,-0.9892813767785625,0.4872785722780479,-1.0338393002040027,-0.1710068858464917,-0.7162523068196153,-0.5314099375835636,-0.7761687681136753,-0.40292279777137474,0.6501860180374014,-1.0493754701817646,0.8417047197477581,1.4017516792426794,-0.7796987627343364,-0.03310473706263433,0.20844566332024964,1.090005771605861,0.3150306743543346,-0.2582198411779707,0.3476710997139453,-1.3338760366131674,0.4640371064265685,0.3124774741479516,0.28323290089716907,-0.6808870984767708,-0.6300912124212033,0.5739482274032774,0.4637197666881733,-0.9578662050978045,0.3389111436956961,-1.2652611873230082,-0.7822571600308392,-0.42538813935437825,-0.9334691108352942,-1.0746581519479832,-0.6525361598525584,0.2796479082983521,-0.8994495472559589,-1.8451296968355222,-2.6045804531140004,-0.904770661131919,0.819418414065616,-2.753935867107287,-0.40255516941435077,-0.8711124473455184,1.7991079698435988,-0.8657013943948594,0.05467072254386432,0.3663974125291105,-1.922898755168578,0.9345619443215218,0.3846078242281468,0.7087261287817141,3.9327079351016896,-1.8290462479636804,1.8648082932343404,-0.17149627705901357,-0.20857423881156784,0.12004022398506226,-0.39452380202902965,-0.5279561218415046,0.5884504792595677,-1.6488952235632395,0.9018967839197505,-0.42304639477384265,-0.6277779943406786,-0.7484384296196954,1.1335264902074096,-0.5522855607913625,0.17091654460166789,-0.9344935303156121,1.0451289149545906,0.48451513821096387,2.096856358706364,-1.2752318006568277,0.4567690099016513,-0.3757245092052566,1.0730187516753165,-0.9589763230319699,0.3380959645346264,0.1558625960291708,0.171991594944544,-0.319338456895946,0.3772474121539593,0.05069657683411034,0.49626025478248403,1.4070347167314052,1.2612556685514316,1.1818288213855035,-0.03991272966998456,-0.9782675787718497,1.4010634700392894,1.2541463736351512,1.3186697236939968,-0.5054603893529394,-0.39064557471740746,-2.4383884572120733,-0.13436464176656032,0.7510172459345756,-0.5751500879055766,0.9376201554390043,0.1721454095499942,0.14226670226088298,-0.8428079548211179,0.2718718070122598,-2.9528437353869834,-0.7365630623297323,-1.6217520221088526,1.2192528433028196,1.0020326705008722,0.16108040486441022,1.3135973223987547,-0.7597737945186769,2.0349079102838528,1.0148890517494071,-0.6408830655342751,1.0549305671446925,-1.6081752395321374,-0.6544291822082023,-1.1778604856823767,-0.4882851347103111,-0.39804202586650705,0.9846536884042288,-1.1420458720398652,-0.011071625698326926,-0.6587445781356334,-1.7284469932178643,0.004333437100554616,-2.141210809734292,-0.16525411167488266,-1.5410538000538054,2.4395992109641376,1.2030258086372936,-0.000801434895181064,1.4302755992169223,-0.7417230033234883,0.8430471891073035,0.13298167583137183,0.4217044081581511,1.4064726607453257,-0.18281337911892803,-0.5509763889429584,-1.5800139707113747,-0.5859791687293407,-0.46565774050710695,-0.43548483491320517,-1.2172003232105064,2.1292305997418324,0.8601901674022471,0.8410917507495573,0.3784407232163517,-1.1227134464609612,-0.2948989294342548,-0.17057588015108585,0.17027924894785246,-1.1764496647641047,0.3234513453424515,-0.40292954544270787,-2.0053639669151444,-0.7899321214099878,-0.359364337470021,2.2855951931162797,0.40001970501430884,-1.3563082885231619,0.45727656726356014,-1.0745177856707753,1.6287013613750823,-0.4103234693693978,-0.2601471880927535,1.119299001496148,-1.0363528874671857,-1.6291302115252324,-0.48136871984264545,1.4707673384642732,-1.7243924664544017,-2.8399588037023054,-0.5825163521918971,0.6725530840972644,1.6309726145608052,-0.992610751511316,-1.13904745894724,1.6339983058020204,-1.399027698939402,-0.20269551366917224,-0.48567540382050706,0.5653198541442068,0.023468113291399126,0.6716290029665428,-1.999551110158486,-0.6550413130086974,0.8617402426713371,-0.46936800948721746,0.13578449357776867,0.3300426372615275,-0.1932895549483602,0.0705140966616351,-1.122355688586784,-0.4467601357756797,0.6617500118509091,0.4687766043563422,-0.6177863849066328,-0.5617539995388975,1.100323074037674,-2.190714124187156,0.8595612275328601,-0.7315643561815565,0.4654525552509633,1.2662809532548216,-1.4045894296981065,-1.1446160506540088,-0.6815668798240688,-0.9663012368208622,2.561854072994648,-0.7268524492751037,-0.7484222202521988,0.9038191417792943,-0.7445645398773606,-0.07444785221815166,0.8653585998159177,-0.678859303811012,0.010163687053590179,0.26382396965703536,-1.1861695266667875,-0.39739943177017756,2.100117290045473,0.2528340183426786,-0.09354829082395666,0.34109897870227157,-1.1706546732798673,1.7692533251752682,-0.35636523102577955,1.7527004854302217,-0.9224797812288997,1.4113584734435354,1.1497258454066488,0.20366267704965887,-0.29345206396948204,-0.11810657894611082,1.2743229492691737,0.5905119905737887,-1.8989887365772642,-0.6554651321206868,-0.45445904166755147,0.18721077397920352,-0.06015470369017048,0.9731832969559299,-1.4671142346766646,-0.05575194945675542,-1.5464633173316267,0.4795746500832186,0.2998291375655694,0.01665786281434893,-0.5535754213234401,1.3874557748416931,1.258416630572812,0.7475376239302014,-0.5214827018361484,0.7426828250334627,-1.2958076976482409,0.906028644692404,1.3888398303923206,0.5714599812403499,-0.3868733128080809,0.6448125014934876,-1.0436492500458534,1.0321051796014333,1.6423928708250046,-1.773805917272997,-0.7797165677603946,-0.3350831904248963,0.19326286870171633,-1.029035270812848,0.28658349709802833,0.44924680748842943,-0.1503259263616113,-0.8004094437912403,0.8828513672614265,1.8840512322178118,-0.2887283559610127,-0.7701382648950896,-0.12631133586111923,-0.9331294021291006,-0.6728536247937049,0.5242805866001767,-1.978461549071878,0.8850575173691803,0.019198073803209263,-0.6903001488989982,-0.06698094137819084,0.12969720653207065,-0.920815300861463,1.3686259640510845,0.0549327799692467,0.42844413532525927,0.9288731812357971,-1.0053368805788934,0.6343796918217215,-0.2614466933450792,0.4649294828919991,-2.269908934170925,-0.3709522775816161,-0.40603650147324216,0.8581059054597472,0.0067980379378257405,-0.6024305763051843,-0.8080481681219012,-0.10506811726290473,-0.35185880853693485,1.2842371713134724,0.629247551396324,-2.7347629832477636,-0.5983012761524554,-1.0276390710924264,-1.684163054585574,0.06227700710101432,-0.30586265035864924,1.308095290776141,0.4766159140569399,0.10633363530685287,0.5819145183082608,-0.0981461375263189,-0.4632761962142022,-0.7104780815345728,-1.5131650334537008,-0.7061868781900408,0.1472107672338944,-0.2434789749410245,-0.6633228093711881,-0.6164490340548304,1.0880054387020608,-1.7673241483440727,1.3067771175567584,-1.4834205517837427,-1.1599327566266446,-1.179053084361559,-0.6206074252185108,1.2705223544200452,0.5548988173716248,0.9752349734612071,0.5353527693970276,-1.3482552894154982,-0.5323226323706263,-0.19649337287638202,0.885958165540743,-1.0338852877232878,1.251706463393138,1.5923635584032132,1.7865578098220005,-0.20187413851452166,1.6335359066024493,2.6962655844636547,-0.5849312390994638,-1.5496497557562015,-2.10793992456065,0.6807923508260292,-2.416559823283211,-0.17392040221045324,0.5105337429351504,-0.273197807334505,0.0988205666345171,0.521564509262053,1.6048964040520224,-0.632064331803087,-0.4523662380971303,-1.5525133117340588,1.1020580691210868,0.600114327196972,0.6361756460062932,0.9266357473397835,-1.034785968005605,1.4795032436812894,0.9752483563445213,1.5536378785000005,1.7927451670267789,-1.9647791938007568,-0.541067348746783,-0.2907644097217378,0.5460490769073088,-1.0760359180602483,0.9572156138201908,1.2516535912309557,0.6662534909974209,0.13881978633786876,-1.0074639606051574,-0.9521042096396368,1.6620388951817255,0.4067372628651246,-0.22375843832018866,-0.7123971485539726,-1.6250070701619301,-1.5753960480675375,1.9970952977612162,-1.4226778390998294,-0.010030730108453192,0.815878631021739,-1.887649488335195,-0.4766382705840881,0.9754822933012739,0.22821368210162232,2.569826628979564,-1.659529148106613,0.8517930035595804,-0.39269225733883023,0.5226349091977186,0.448551601723135,-0.897883623471392,0.4419949510657199,-2.2161581962035632,1.2478808721772465,0.29724274399876505,0.609640984684431,1.0513781680333525,0.6018611148952292,-0.25090779222018195,-1.0379799234646379,-0.2589269220246623,1.3639932389533156,1.7949845782151554,0.32692825142580423,-0.2752424147280839,-1.0757534296930764,1.8724186308568016,0.8950650933574746,2.1454899258711073,-0.8435794774776233,-0.09756037724853425,0.1275560643969545,0.26728294942091835,-0.43198761436094446,-0.20245146671965503,0.35338412579668177,1.2727982114445253,-0.8603562726752069,1.6804368609632125,1.4895822350848713,0.4796721397284862,-0.34936374734295444,0.5745359591271808,0.0495335359457142,0.056237297993230864,-1.6798973858470536,1.0936545252572858,-1.3744538440480034,1.7535293165277142,-0.22939890571623311,-0.10210576250207129,0.25905131925625935,-0.9465435488939936,0.9631135953927117,-2.786712373840224,1.0653602405398481,-0.32544647413382843,-1.4051091086134029,-1.27593510566673,1.5994914880625613,-0.6743528363951714,-1.2423494098354129,1.4771620318079761,0.4134602531603808,-0.24084893026515428,-0.2895662229621601,-0.7754370249042901,0.9681733018842804,1.490967591635617,0.8007401993739237,0.34316906544012293,1.483930589013335,-0.3458619262893629,-1.3964260809745959,0.7648222853468566,1.8352513681382987,-0.860838504047808,-0.8187711376836276,0.4804628464091572,-0.772011644228689,-0.8407439680658936,0.7914891684979123,2.305037479185208,0.15854056459788507,-1.1695660678526123,-2.2731775128594713,0.3432156652037346,1.1992228212714835,0.38483362123680465,0.1329832985610492,-0.47204809983090334,-0.7610075543838843,1.1310102029410478,1.092045553749182,-0.5918133949354407,1.294945319975248,0.08861080144646434,1.5230418915424322,-0.8022873426823275,-1.7690735302502019,-0.2915904929373263,-0.5629822232238552,1.4189875535878231,0.02211682515368881,-0.36050395890613207,-1.0279577544194411,0.8136018806539844,-0.7692269191128325,2.282310018534288,-1.0078699375417455,1.6140150358263312,1.139377391291397,0.5440394207689764,-0.37839328569875563,-0.6752279122864069,0.324776774797362,0.08154300021645747,-0.7579322754610859,-0.05186151954743058,-0.02463930651421999,-2.345413749882622,0.4279690766531086,-1.3437323006041337,-0.9432702429406117,-1.8982263353666746,-2.0820013367777435,-1.6083932958176235,-0.8625446790704289,1.9505386419820827,-0.5698889129170793,0.2110295177417521,1.0164636503805737,0.37126927408401855,-0.2470570268508339,-1.3337940324668298,0.7308495928724335,2.3090983678988515,-1.293598078291823,-1.472031131006794,0.13393573082493954,-1.1230477248327027,0.07972062840947582,-0.5068892462926777,2.001569826850227,1.003823619523848,0.22696417164788898,0.7975304290532227,1.4182777230626957,-0.5818604354849186,-1.001264807189225,0.06524686779766069,0.7301069798165251,0.3718758586078819,-1.818692066728901,-1.1475360756542885,-0.13101092725205177,-0.6786039472538478,1.7189703344544869,-0.7937960568820362,0.34640542757397597,1.089402553016504,1.9924768089007008,-0.1026584296916865,0.4976538347732232,0.261145669859981,-0.4058230806202528,0.25987472382107946,-0.1954001675686748,-3.120844611535879,0.3218508210237005,0.18954310893302298,-0.28299936623882216,1.9087161178660443,-1.059560146236079,-0.03601803235090037,2.2527001167701166,-0.795165152198784,-0.059417780224178166,0.016296771250367645,0.6224757654329133,-0.3412092607990186,-1.4051785837681547,-0.3113129976879323,-0.46657453596647447,-0.415942617351992,0.6984501067661251,-0.09489886114061999,-2.475274067346507,0.800944524536694,0.5281325157841963,1.2975536796265237,0.4745188035695255,1.4393921257190625,0.582165658130326,1.5084213556412929,0.8985359108003316,-0.37178716146658525,2.4773892856394424,1.3937017713752307,0.8183599829363807,-1.4276171028198579,-1.31439620116856,0.032253686631847744,-0.0011018113333020052,-0.6748803612017724,-0.06956854294383741,1.7497367440305769,1.0390691275228279,-0.8495063727104132,-0.051493533838624594,-0.5281216000505127,-0.06930849124281568,-0.3501505190119919,0.21546976356503922,-1.3712485099352458,-0.23275539661005634,-0.45565615739641274,-3.017265606463005,1.8926184189067894,1.2933281494736648,-0.29004767347081334,-0.08663863052995688,-1.0579945080897442,2.35943156505728,2.172146472331604,0.7032299623792814,0.25377893088984943,0.45234390108974487,-1.234896077030763,-0.5352158843941875,-0.34994736962839684,-0.8690565946313492,-0.6231909520529798,-0.2395984076188711,-0.5916005913123838,0.405012949870485,-0.3963367713138322,-0.43683109628265254,-1.21297516933261,0.7225059470687506,-1.7808220983080632,1.7093829344860427,1.3141636514473392,0.467340425156949,-2.6592177134203765,-0.6021934512811614,-0.08783771311379751,-1.3201072063206345,-0.5491107091566941,1.0752905057174318,0.546749171692408,-0.41414429417587434,-1.8505275898122278,-0.3299724908524052,-0.12510730532247652,0.8289695757809186,-0.7170915377487747,1.0138217543967298,1.9640667474163043,0.5284392362990469,-0.5313735057943734,-0.8289128952816408,-1.0570875631563696,1.2381142273666232,-1.0689533620931841,-1.2606033744806753,-0.10215572058963308,-0.2171214632977079,-1.5196947976776172,0.05407592265280735,-0.08557497018491328,1.352876484482038,-0.5349548293510393,2.181565271305972,-1.4735601406842604,1.2729591802775546,-1.4620531599310702,0.4937008600307592,1.0978572654689813,-0.6670779399423334,0.47175444824953694,1.0677371935018443,-1.787170450443606,0.5811510372347737,-2.6060440998841177,-1.2541848661057164,1.0493402709303876,-0.7674454375482129,-0.9108674672700738,-0.5157499543359129,1.577628581975742,-2.194192557201078,-1.1585530135100304,1.425523575207491,1.7658243806835843,-0.35202145745261876,-1.2122106766911642,2.590760041908987,1.7997386409436165,0.2389367217890458,-0.4252339649794634,-1.2191637103334587,0.2929610375622711,0.23986860362667023,1.5604178781013622,1.2525261835981658,-1.2541001450802143,1.1891863970816507,0.9390084636727877,0.7991076032086226,1.508726365789356,-1.436236126854681,-0.6970299940550067,-0.8470466815388846,-1.5882478950639733,0.20834239128634513,2.2209048675528775,-1.684408019633249,0.33274261294141705,0.36224795692546097,-0.004282671179505752,-0.36431081413669625,-1.0852320770531716,0.5231979944736652,-0.8159384870286877,-1.822328216684723,1.0949279301104495,0.8095962681940699,-0.0758280293971681,-0.08124674187610728,1.2049645253895291,0.060062403312297466,0.9168033503192412,-0.37102827936427923,0.9636151673653318,0.35863704717421085,-0.12834722521011696,-1.0184330512768667,-0.06397267147354897,-1.1973832633094375,-0.43400744951976533,-0.40217116218857474,-1.232612759958023,2.2912323286673346,1.1202295977633605,2.27194235026008,-0.886257866225643,0.5017857189353995,-1.785361847736641,-0.5643296185520768,-0.5544718537627706,1.0865139740417717,-0.7988326783064026,0.9489811108350835,1.0328201663428174,3.016702852842142,-0.9564644726421665,1.2646328417884036,1.480529860160655,-1.0989561173608409,1.0805626531096229,0.8267982739755521,-0.5338851129510129,-1.1039544413366273,-0.6019209261487046,1.8627043626551658,-0.34182381232239123,0.7227056593676785,-1.2477246918227152,-0.8448802936016686,0.6221591870778049,-1.287796041657439,-0.8769969652060701,0.4416465042590676,0.7568628754951117,-0.0019779935869575493,0.3564337078856897,0.6925262001635295,1.1719687043894984,-1.417960333711228,-0.22944107239339848,1.3941786378081997,0.303842741974262,-0.9457498913804032,-0.2209895548786432,-2.4786755954076174,0.45282157034620285,2.8072263019661343,-0.6260874468288038,-1.6297997459981364,0.8191029723390508,-1.4752071510062725,-0.1612441929592851,0.4314316093585162,-0.18483546344831878,0.16466844057886773,0.7259210184095313,0.137025244642632,0.4145612956896013,-0.09018312081360602,0.4276126251354455,-0.2262102091001082,-0.3063359408855595,0.08248358975800471,-0.12221527489794926,-0.39444962777756115,-0.07642846076966844,-1.464499802001488,-1.0460131353971454,0.9708019899753022,-0.38038919643634994,0.5762981283463143,-0.1657666989198327,0.19666786620899834,0.2640268809373195,0.5488123048554115,-0.5155097444866356,-0.179646279376104,0.4107858125337767,0.48535075289942187,-2.45483384098184,-0.45434329931137934,2.779022080487766,-0.34217318616520526,-0.5624787102810489,0.31894600916447946,-0.19089108954628195,1.4851975784034686,-0.7003321074142156,0.32231642920591447,1.1695880969051324,-0.21173734139671246,0.12866121770866495,0.5296780446857715,0.932999439615642,-1.097905605608553,0.4203741673940469,-0.7424280159273958,-0.32849213328235394,-0.37658035029883696,-0.4640574680802928,1.4356400217529144,-0.10410653806995174,-0.9599127916747124,-0.42549931644117345,-0.19987421028921126,0.9367213123603726,0.7721742709778414,-0.8355959030496933,2.9025700876131113,0.07965537793075453,1.2816975001633553,-0.5533460764660237,0.04691964370931481,0.6542591668737344,1.371992756554057,1.4960732893967204,1.4169032671868254,-0.3875918925819912,-0.7424138812806375,0.4519857165088977,0.6531589587099276,0.1456451458800115,1.127159868955775,1.734757115628193,-0.9331750967744223,-0.3613776994522398,-0.18938248655850143,0.9113282199937753,-0.7626283660876303,1.252128501405055,0.37823285602974305,0.40516799935988174,-1.1997049693977926,-1.0900093102577975,0.8710110839348875,-1.7532740257631556,0.9423312150775653,0.34624327096019,3.3063182884947224,1.9766235570306414,0.029911641458599425,-0.1484776748134513,0.7217868218135084,1.7835511071765373,-1.682507794148875,-1.804668117177761,-0.922404424138322,0.675398597743314,0.27350057106313,0.8768009553518165,-1.2574633976188154,-2.1217440218474697,0.8901040947602462,-0.9653419077248023,-1.814534265341483,0.010048693869115027,0.32087410591669996,0.15204050704242528,-1.3219031859343442,0.20319213714845819,-0.4936678261716242,-1.1022001830414339,-0.8463027276873256,0.7061321585686566,0.8123141143714236,-0.3556226911709271,-0.704396247463122,0.07725041144698996,-1.5525652876150944,0.8958755888344537,1.243080364762932,-1.1268301896427055,-0.31835670709262,-0.28572422159373984,0.3815211690289557,-0.5054263877114873,-0.7768023729940379,-2.1483073023955397,0.21523242965241746,2.7680374797847933,-0.348251694439471,-0.6915606771453127,0.44200866257528715,0.11906253036787226,-0.7251845217473369,0.6037057890609523,0.14796420368227223,0.0968419753972958,-1.0512868516840206,1.256350688809846,0.769008787806785,0.04381540477980336,1.2778538670085373,0.2308679960214018,-0.997210193190035,-0.5749591965246266,-1.6757712655460237,0.19933044527197252,-1.3212330359994826,-1.216080816659883,-1.9720197657007659,0.41911310376517436,-0.8548808477083939,-0.8774345903812338,-0.13994329924015594,-1.0266153877680722,0.5823370600673909,-0.2870824282275183,0.5736133106860128,-1.3265678740150466,0.7268422188711448,0.9835902409300379,0.5282270575248402,-0.5437166264001345,0.7714363668447783,0.018712963487920495,0.21385610761675386,-0.4398229051317667,-0.5265534429621903,0.4370701368853148,-0.28514605132262005,-1.187018484470759,-1.2006957234934703,-1.4073569587584271,-0.8413847543135018,0.24025699321861377,-0.7633244638450851,0.6219930281804082,0.2878105032279208,-1.6947765539754758,0.6809835318689628,-0.070830499449571,-0.5146404030778817,0.7332352508368649,-0.9139941494436218,0.6206980143939365,-1.7439557748961094,-2.2310912973840407,-0.6440866391112582,-0.09329388053026087,-0.7338224129461066,-1.0014070622740097,-0.1567076057178106,-0.03263635026418789,-0.12501382431690078,0.2115931567273916,-0.7738104892534151,1.5680193837043066,-0.9338088022401483,0.6892656986345749;0.37909730731380537,0.9601051735761825,-0.34078425600312207,-0.388649442718909,1.2530992686105575,-1.8408330760404767,-0.7331477767978619,-0.2782002479348915,0.9172239825779611,-0.3472043984143951,-1.203550844721227,-0.031572971553303485,-0.525075459804084,-0.755195061813452,0.6401188593744219,-1.5829909950997645;2.4768397412336447,1.162298060112113,0.5652783707659216,-0.61124489867082,-0.2618541344326725,-1.8145679546075109,-1.1585538132083197,0.122629680076183,0.6212192096735797,-1.1308843011980472,-0.2815573845564135,-0.7677447244520853,-0.9979307448427259,0.2031980876961602,-0.15870215925758493,-0.2137844491174864,0.1584333774398907,-1.0682137934307605,0.09561434154979115,-0.03724290078145839,-0.7069672044187577,-0.2702371005744401,0.5261061013054422,1.249731169340836,-0.1382466261450387,0.6959780767188641,-1.5858106010726256,0.006588224992691197,-0.8838311639032449,-1.6480775670065675,-0.5835339867315692,1.2771355555023018,1.5598729941473248,0.07664918709562292,-1.7257203540134562,0.2484969291030842,0.8525243075439755,0.1891379116517751,-1.3535292022869712,-0.944130406931162,0.25624672939459403,0.30995761350930207,-2.112278779011962,-0.14379607968250058,-0.170080576146283,1.1477655442246795,1.0366384012110685,0.6645132991902893,-1.0077086392993364,-2.1849450699879425,-0.21929006672703433,1.2884031278222847,1.0273445772665661,1.6409502262849107,0.43160713775508097,0.15239059112212125,-0.5179620910471979,-0.48363630599369795,1.8694999767933838,-1.3048190351046636,1.7846658799804165,-0.21312644799378222,1.018460828393643,-2.0560939029618996,0.02643935957744733,-0.5861438185998288,-1.4737456106214162,0.08585303026842722,1.0372165066336587,-1.4734665375209015,-1.6771218247189124,-0.2392673749520963,-0.2663466783914168,0.5593095637951959,0.7322336404499121,0.16137850994909372,2.07485736127716,0.5667636253128977,-0.5445182729652476,-2.139353421831292,-0.41922836271316677,-0.7949887926835993,0.8966535017027937,0.8992524545578426,-0.8478166347600704,-0.37095876457910243,0.7004069236684517,1.379529367500016,1.1958122512453384,0.6027349354776094,0.45106723945841143,1.0404388952586083,1.6354913947491765,-1.4129418249894712,-0.3287273351155429,-1.1987509161332714,-0.20035795986208277,1.3599614441148347,-1.0665339556095776,-1.40960786285798,0.03479789696478472,0.9167812771004967,0.4082598117355295,0.10330934984227988,0.08741516025174018,-1.3733007341895922,-0.30449098841407046,-1.0002990976452573,2.7589654143785984,0.9542876272213368,-0.8673305835921733,-0.7807986448575105,0.024490470002863654,-0.2702499177854189,0.7592930006270247,0.17493577149840234,-0.905471373576558,1.9978409180729086,0.26904269016530385,0.27541132953463876,-0.4776965685246311,0.17835480495946043,-0.2558573049157116,-2.2473476361448523,2.068668251321672,1.9471414263148636,-0.7056993121184172,-1.3535649553321407,0.6419453840209609,0.1557911522494912,0.18434203799314464,0.1038677191767878,1.2132645101235937,1.346802558811617,0.38665773148160276,-0.9988149288365589,1.3671534503613014,2.5573658761155302,3.4530705213275428,-0.979476904488639,0.6100079794384476,-2.126410656503599,0.35677810997707843,-0.9506319456916696,2.954916391313998,-0.01483824090656033,-1.7472647246386257,-0.2667491615921259,-1.8520401007589031,0.7614368222182459,-2.3782177667865168,0.35277068773378345,-1.9859028299048314,-0.039465440762525214,1.5807356876416168,0.8230707456362465,-0.8246439546552591,-0.10982641278406771,-0.17783310342852088,0.19099023513781407;-1.8993648693933602,0.335583262832844,-2.2917533935056644,-0.2697774964591002,-0.24630635729966,0.7281559793371559,-0.26458171621565724,-1.5090924576738942,-0.9901401533922485,-0.11776469376672294"
28,-0.019061444096403035,"0.5829100272514359,-0.9135830413015454,0.3980787408702092,-0.033681514666805606,0.7282278718197917,-0.2500160286173986,-0.3776640829586946,0.7300279794656143,0.9380090791342351,-0.41060759095175725,0.28097674687923313,-1.8933426887026954,0.5425394719390083,1.651318361286047,-0.5338300561002123,-0.0008844831718593515,0.073874262752641,0.47457407910440574,0.39044493276241216,0.9009173854350851,1.2167564100748702,-1.9324097618729899,0.40903535783322986,1.4387255723517909,0.23748754356305535,1.4242248204148777,1.0243926320300833,0.9527553640329118,-0.1362013965220618,0.6944999403590855,-0.24209890604280182,-0.9134312709071459,-0.30730957440166645,1.4598973550585335,-0.5762554515199292,1.4369087584906517,0.3878629697400612,-1.2438433517227279,0.8563404736884611,-1.9707389320857414,1.018370518930099,1.1056936985725838,0.07366226313121252,0.4194647092940295,2.659982101941217,0.1585923454862399,-0.7278561909618081,2.057313284481862,1.369121870111984,0.861102582213415,0.9407199973236191,1.857325919516182,0.010791381979438004,0.1722648051053236,1.1253148065824798,1.3423307149775345,0.667428510347235,-0.7563527093506095,2.3964505402255845,-0.8748455212114561,0.0404300792550496,0.37735807752544204,1.564705220712266,0.9897900553948571,0.9265740523455015,0.6478543207286426,0.23539777619334984,1.0100664458371336,-2.370896279668526,-0.24992501998357813,-0.1160096582679091,-1.912173366568062,-0.10361644214576957,-0.20141600967292017,1.305848401997483,1.5844071862339193,-0.31440373064375804,-0.1935664733740735,-0.4299968373494731,-0.5636173559784432,0.40455811265406694,-0.6495397957400406,-1.4566688505348586,0.5735078401388449,0.2589618899911321,-0.3328337888180167,0.3734806290759018,-0.4858424947801018,0.1998956212665838,1.0623679976723157,0.08059365049024118,0.1927483743651433,0.29494109362462506,-0.17053157696627783,-0.12066769705561493,-1.216384986351781,-0.3773521148711521,-1.2139074354373165,-1.1010509558156971,-0.39936915752509744,0.12705292109751362,-0.31912681723648356,-0.15314603603501795,1.1273844395268038,0.9678000518069785,-0.36316463756038303,-1.1694765699242493,-0.2526618421507606,0.12684410820333472,-0.8775004748383667,-0.7993056969060399,-2.1701639423808556,-0.6375762255782083,0.9073769299495767,0.689992628970425,-0.7568832494973603,-0.9398586887612244,-0.7784242038889675,-0.022600752589857193,-0.46620901863388975,0.4899333750585401,-1.523647385647108,-0.4227346823678021,-0.20252742710740002,0.5902191387682288,2.7265576658045436,0.8339946047283707,-1.3324494857139981,-0.7633972082523134,-2.076953663594244,-0.274158265351464,-0.7649257145237104,0.4980501778616338,-0.3740415728082744,-0.5368855727995288,-0.855794546492703,1.563052608410351,-1.051630430982505,2.022900618097396,0.664455438103256,0.6983694454192143,0.27530399960644425,-0.28019160820150724,-1.8854327715720505,-0.06721933444600622,0.41506738776040353,0.2874028991020453,-0.8470325643379097,0.02493774564584559,1.747240709175794,0.9553754304377886,-0.0387360827016493,1.214302443252334,-0.24807752552437454,-1.4992728107588271,-0.9612234417289903,0.9712490202440069,-0.44740356050707614,-0.27270676486945544,0.08550833073237309,2.1936207870841424,1.8117192045808255,1.9657423715982054,-0.3980196010724617,0.7992743809599585,-1.1291557071146274,0.9049512185156844,-1.1394273115177127,0.35775342457253767,-0.9346278713112566,-0.9369897275164496,-0.7441245793178579,-0.7412797458224966,-0.8011996623436969,-0.4934500316739057,0.6690346677757081,-1.3100187061791637,0.8858580746512049,1.252761378633146,-0.3650339868923135,-0.19803764107279895,-0.052806296925636875,0.7481273637027527,0.3100740092683028,-0.44409145501301817,0.7449118940997301,-0.5600499829862224,0.509252187062543,0.3212427140753886,0.7632811824621158,-0.5310139908584025,-1.0522263583552511,0.7373846121946309,1.0771756467481608,-0.707649109402255,0.19561672854119477,-2.390373510013067,-0.7846791900783091,-0.8922876740655342,-1.1672226507356986,-1.0665243800646516,-0.6279324936028069,0.9569443295855189,-1.1899798778233124,-1.9306532192562977,-2.805031759864582,-0.7512953380072547,0.9097912728380644,-3.172527753423715,-0.5546636690735545,-0.49670363607656454,1.2944251044540396,-0.03202493688193171,0.09460277816766374,0.7770089573287227,-1.5725022944303535,1.1311929413702688,0.23504081202388588,0.3108814459216762,3.9021673475567864,-1.9109602172773217,2.00601561773557,0.11616133395179948,0.5334649630956307,0.22650124035782268,-0.013420563212023257,-0.13055263593254546,0.5352221345845968,-1.760074473960175,0.11376852222776354,-0.02824604687302451,-1.0252771872007804,-0.21256575558025215,1.5218279779169406,-0.6410364051964521,0.442500447404527,-0.1282108347913135,0.7017405946402342,0.6648947413354438,2.115787137602513,-0.6463271154102465,0.4851514268838101,0.18400352817520002,0.9867859442106153,-1.1455020326602547,0.4586769044927586,0.11980310662700716,0.17951440504204358,-0.3418594654370935,0.43988235437393985,0.1814578400247162,0.20722033783811455,1.0870416772982985,1.754639806648588,0.9737149118310859,-0.51466751757592,-0.9169842848299852,0.8153348192994296,0.24157952867803154,1.2599237134219714,-1.3859446543962415,-0.9242386489149947,-1.5936663228203076,-0.48413343335059356,0.8236169972647067,-0.42332187834965607,0.6254629004545136,0.22761873881374392,-0.6268471410892956,-1.048383821429313,0.10691520857222264,-2.8159877276080363,-0.5003807289341357,-2.0873488076426585,0.7889067953999682,0.4932240927549036,0.3726572807690626,1.2600777374517373,-0.8313681649996694,2.2110695380709906,0.5287232401369588,-0.3733670484074117,0.7546981405910066,-1.6689844174902464,-0.7837687555095532,-0.6770725111665454,-0.09040118159463288,-0.9045458528237774,0.7875865418517699,-0.820575417749563,0.23322521299859145,-0.44415667285205274,-1.5584586521147081,-0.11563526022220026,-1.9890985207764789,-0.300188312400339,-1.0590407475174004,2.6844417475335116,1.3668905275703163,0.29476835146875824,1.6559302335959885,-0.0582885377947962,0.7843785007113924,0.6022180576250662,0.5995572647102868,1.2413241677280331,0.3049814362593145,-0.3210552784798206,-1.5512415660730858,-0.4152016521360973,-0.2664872498569503,-0.017485131039483598,-1.1013302808033134,2.7098541268026106,0.8511400111934183,0.557192914869457,-0.002229194792102665,-0.3269395897091023,-0.5061559590517343,-0.6686432368141674,0.09749481439933302,-1.2985438799986089,0.5963504089985776,-0.14883541674770756,-2.0887891488513946,-1.13519129679766,-0.3377435060609113,2.2847497685476155,0.08618812800379225,-1.4625114168935653,0.6002461960784122,-1.3054106884413499,1.4494021728995017,-1.1091142232814488,-0.1191425167189467,0.9840330579297821,-0.833390870113245,-1.6591451631972904,-0.17311258036493257,1.5384812485640023,-1.8015251378747927,-2.9596557421180787,-0.8843892966115874,0.28095725446902897,1.3571905226316903,-0.7520533258647869,-1.367427602379389,1.5516103556214815,-1.6707168720173222,-0.46735878466767866,-0.48674718236700093,1.0257661073768285,-0.6019526070461936,0.5738159187697532,-1.5907429878581407,-0.39246273619130595,0.523866384399874,-1.17737811297391,0.5233001824610628,0.13514936571208727,-0.27592496239735076,0.605225499104352,-0.3865518237993357,-0.9540736058111468,0.8710523821066465,-0.010001613531564832,-0.6606642083497455,-0.17004667702665938,0.7230681481831176,-2.321747439029107,0.9778733047721772,-1.2009670413610583,0.6734796091830987,0.6041386443654433,-1.6300313149391548,-0.6058574815855425,-0.6986662795064915,-1.212763206881109,2.3572053308210634,-0.5143416605154774,-0.6376315088956025,1.003780650206748,-0.9454501284939638,-0.5787793390914657,0.8779262456645824,-0.1367462939674393,0.159459267902087,-0.3880592384460866,-1.2808972350456207,-0.1983169126034903,2.0017923112298592,0.1385279070410878,0.2365680967242548,0.40854718299442516,-0.8925273425107366,1.6329337571038736,0.1601472332223709,1.4516917220296492,-1.28225834670947,1.8784280877640698,1.0240836110963834,-0.029367541386814168,-0.13604119494575262,-0.4057403408500316,1.7731159172478421,0.7835786843486802,-2.037636976481859,-0.9020906943257764,0.2121932148947586,0.552758734944074,0.028476922801435073,1.1039794274897303,-1.038780426953442,0.3889655511204003,-1.8480196434196252,1.1221030311090434,-0.2753507018762801,0.2605944688181705,-0.7944253324504937,0.9963842941831279,1.3575692354107143,1.2155177686870307,-0.18043411601498416,1.3574673007860203,-0.9278955932431543,0.959141495217873,1.669192197972866,1.1897676147632426,-0.8224027216034019,0.1476513292065178,-1.3030258699283501,0.4553435889561598,1.2879342608885667,-1.4916378420388348,-1.0324046260158422,-0.6600843367176992,0.47104580710675303,-1.8787212571728846,0.7800438928688336,-0.0996135480811653,0.19869574867389764,-0.704361717406097,1.1203538434067772,1.4781868395747273,-0.026540328895462845,-0.7905774482169682,0.29134624234095896,-0.8963635799232664,-0.8242698107263597,0.9246266359602612,-2.3419371285813195,1.6617628782779494,0.5197425572725868,-0.2779969250470012,-0.11955835906344353,-0.514988096911912,-1.2369550000749827,1.5357669817710502,0.0539661976345256,0.05376345084922422,1.15947636050746,-1.1426733732002508,-0.310355439513773,-0.1350329650292478,0.6847370374583734,-2.1058323559326766,-0.6557677841005353,-0.7328893079899479,1.2470604097875273,0.519198884927034,-0.9124167332436417,-0.9842589042855104,-0.6588433399699584,-0.5044802658434253,0.3801836727963976,0.09032342686098133,-3.008603083084506,-0.7582151702308254,-1.260224824623792,-2.3689601471344877,-1.0884160765845072,-0.4322627147156334,1.2294716032239936,0.09812460860086981,-0.387458653825586,0.2538386493648173,-0.34695050236075103,-0.3171376944943279,-1.3467502188802913,-1.499646089847897,-0.9422342767003621,-0.0671457515871508,-0.09518647661698615,-0.9301020293369914,-0.6905578598742705,1.1028187368984834,-1.7267162418007684,0.7784666387065222,-1.3837405721370073,-0.5766539591530894,-0.8748601256899536,-1.3532264918806824,1.0418542897876226,0.4262318947420709,1.770003962374062,0.6305379580312135,-0.8347233074330126,-0.4666908382701342,-0.4824130685859941,0.8323579396649865,-0.6837788472122391,1.2581192606062896,0.9518292612439534,1.3933622947968138,-0.9474247517230314,0.6696088334605645,2.217281399744017,-0.5038801374171934,-1.9670323617010552,-2.2463292569828757,0.9040458933989564,-2.040207568569458,-0.19196440224897116,0.3472834807950347,-0.06728021271774719,0.3093065757640317,-0.22395048425936304,1.3586426207914928,-0.6066577554543853,-0.9802839026692349,-1.0839184446600347,1.254828999267089,0.5979465139849919,0.531666834846034,0.8789168845119567,-1.2571043671095028,1.3706726412800236,1.0988409740482223,0.7817367455201166,1.614554990537652,-2.246917725968131,-0.5541779287753013,-0.5399195889392725,1.0553978367306551,-0.8832111735865348,0.6131856765826398,1.0717502467623357,0.4691512052332245,0.16663753386465902,-0.782418309481466,-1.4941267758440384,1.7955898041995184,0.18143442910521748,0.21347483940250978,-1.152615507784064,-2.2926861458211705,-1.467810202064171,1.8318164308194174,-0.9758252568790285,0.36118488579931485,1.3635378958409035,-1.3880622909513953,-0.12786303395390058,0.9594301681818252,0.2384982585868384,2.7764094735007165,-1.3156181688366713,0.7012674698079193,0.11005468225871898,0.8086249681041433,0.37549979790581334,-0.43986859345200957,0.27228218319333064,-1.9585968461985257,0.9676393038214092,0.5029817189341023,0.5686902954535314,1.0477483479850325,0.3176806712063255,-0.3083476766974476,-0.8842469864307378,-0.8643041205093116,0.7308871410840028,1.1920272548691713,-0.1949827428448824,-0.41464029663756796,-0.6020945938533874,1.6724741059392114,1.1771401705061932,2.3396687983203943,-0.8914564673435976,-0.4063986399479039,-0.22503088592190928,0.35828945522612976,-0.4473308006760549,-1.2282201014595002,0.2888445595524107,1.078111238741904,-0.4676234737613232,0.860324704871925,1.2368641228576045,0.26131398197604516,-0.5658403698965517,0.654752038333044,-0.12924101866797955,0.19042845728664867,-1.8425265496678875,0.8051987404324704,-1.3021517743231779,1.2605520832315391,0.061614205386377414,-0.10360472772817582,-0.440031023073405,-0.552187509262826,0.419904180690149,-2.6776884947369086,0.9983357309006371,-0.4555292842635459,-1.0027126530232762,-1.0306725670598662,1.584241840390799,-0.6836937615489923,-1.3376304600349065,1.3378736648486083,0.15842533618502636,-0.6912267008681882,0.492086791680388,-0.9557964478344437,1.2675227024161928,1.4577934062207354,0.4134829129569169,0.6532592185577856,1.656752910241245,-0.22730928435978265,-1.0928351438972936,0.7653550943310965,2.266059752833456,-1.2546855957376835,-0.641263790067761,0.778782840668128,-0.7812419918542904,-0.9202883378478018,0.9781083855605742,2.7273471059804875,0.45461867653701576,-1.7325925488044596,-2.113765853160791,0.6047386693206207,0.8737130915908665,0.6068690357894475,0.5244937394808467,-0.8174449792513206,-0.9128313897776971,1.1531965487800442,0.9534114808483892,-0.9927141145587037,1.7630562869521675,0.5355597760529851,1.362717266732111,-1.0534636306415106,-2.51780554526885,0.4759931065179558,-0.354444714214922,1.956360783014176,0.5866111679082638,-0.09984280467873963,-1.0845672426906332,1.288135719770432,-0.7475829509922368,1.9519177364135707,-0.6706166589738934,1.857436331140805,1.0070277758539865,0.31017798324763324,-0.09637728196273125,-0.7713369389411002,0.2255882423089988,-0.5979580607318762,-0.740814914770636,0.39260618982402007,0.09528822245522524,-2.14180278401835,0.27138668479968076,-1.4964594285958253,-1.1417964999503163,-1.4201876057255123,-2.0409038758195086,-1.5771863746850638,-0.9489085659586055,1.6768956304742375,-0.01760206094248075,0.30543653394777875,0.23310641890106762,0.03953540455834596,-0.646274057348686,-1.5869526205796736,1.12489136460443,2.0895318890823495,-1.4759776783063996,-1.4450720173132345,-0.5820054993218934,-1.2177327366139812,-0.1848236884862004,-0.5142502212356819,1.7762725535619879,0.9459988924749759,0.10396440511621595,0.9499490934926412,1.1965942948807502,-0.9275546575595257,-0.4922383026442432,0.009686468477886429,1.0215011993144687,0.10561006171558428,-1.1255329543933905,-0.8967057905857154,-0.6396111407583741,-0.32475929749454185,1.6745527435955236,-0.9294058771226621,0.6775248545759527,1.1043421052033637,1.8274858955219373,0.06102206935173492,0.9311795243859797,0.46641711923746887,0.12772545521644044,-0.9330442610718691,0.29747244620861063,-3.249151553429089,0.1095964332302384,0.283658041773981,-0.08063053567730655,1.8955393262470082,-0.5189702044985265,0.07043799429375386,2.529875123665745,-0.4041353429843488,-0.528539388962011,-0.41536412197012423,0.6629903284240606,0.07216726160530675,-1.70752659637119,-0.32315594298267875,-0.6202158233156128,-0.41105000792770946,0.6741885550470769,0.5165730226821557,-1.7770541673280147,0.8177838576461532,0.2500665721208863,1.1361800772231399,0.4018550382892049,1.8640012729548445,0.8490737160346125,1.2894781631429348,0.2503821904872969,-0.3366701252312894,1.9986376909562626,0.9627992750150323,0.8667812928989473,-1.47363259519562,-1.133424165406893,-0.31047153750503703,-0.15416540672481663,-0.42231335886248134,-0.2736045761791053,1.574762715902549,0.8529296824002086,-1.7661434560827967,0.027220599983253865,-0.37393990255237464,0.15623344234285608,0.11808031703305472,0.3839587258017964,-1.1771222606870089,0.2520256182007271,-0.7637711860707861,-3.1031175818970986,1.8387480499971227,1.1794843707298484,-0.2115124856080307,0.6262918600039993,-1.1388108911709687,1.9379887950785526,1.9669014706325794,0.9322639530479773,1.0856461713058436,0.3064793633034824,-1.7193860397665877,-0.5028837538348102,0.048156492702059045,-0.3423627882865162,-0.07637797606705236,-0.051094027009664186,-0.6536458722694202,-0.4434128776728946,-0.8988352250085301,-0.09629600258888328,-1.1981217301408875,1.3392514687139945,-1.8680283378419598,1.5064586552186243,1.4116525085766607,-0.24135492649393253,-2.663557363640968,-0.48273624076306687,0.16627188182860386,-0.8644683666437893,0.036420030065545506,1.7700238536189028,0.9813413344919372,-0.3139046503211802,-1.6527194100185456,-0.49900483750610064,-0.07148569182533551,1.0630221910163606,-0.5449905319314531,0.6150299674584525,2.2783653308152774,0.6896459366848563,-0.5708453385155836,-1.179887634129308,-0.9216981968883582,1.0661614767672585,-1.7705109504626124,-0.7104388394172212,0.32381131169189276,-0.7328992363997215,-1.4859906589705048,0.7842158426166815,-0.32992511042490524,0.8543332791504993,-0.33470333294903515,1.5828412721577014,-0.9963573443845916,1.4441761160573525,-1.8635348247174965,0.7962712948938352,1.2537064287314224,-0.5129697514526881,0.47208123615096625,0.7675776936899205,-1.3602385396230978,0.09993235918951145,-2.747082074017354,-1.3726975653939502,0.5655322353367285,-0.5884233063559144,-0.7674946689430234,-0.41191023216344036,1.8068241338872262,-2.2450438256273055,-1.3113864569926288,1.533380939143999,2.2094487430616714,-0.3114601678905234,-1.1373438097526078,2.332417214096604,2.1809756624447663,0.6394394153587021,-0.929871755880441,-0.8327512778303248,-0.2215462254167575,-0.1996011911304708,1.8841424958017878,0.7399110325351879,-0.8168336361748479,1.0888351747047975,1.3927260514831872,0.9931496562347659,1.4685212093292346,-0.742968153727789,-0.49997883468539134,-0.8429012171428383,-1.1711662458625127,0.2944114329975608,2.3625757373103475,-1.559126819794778,0.45278421799474483,0.9709345826773212,0.024175083391111914,-0.29152543642191,-1.039990844084198,-0.630873160553989,-1.0998871499246767,-2.7423790218125927,1.1795831892210373,0.7840029035560395,-0.15783071838629745,-0.1666314961717237,1.067973570228077,-0.016502289486318086,1.1437170204259284,-0.31234831912839,1.0929034870533898,0.5003952854642232,0.353599892582726,-1.1165934697600395,0.03614973537405894,-2.0160942572486698,-0.8617859266060439,-0.4532535338659217,-0.9326945448216907,2.101135136909882,1.564675074312308,1.948232385773759,-0.6826602171658918,0.28948855885856806,-1.0792226776580784,-0.8435134049793658,-0.08570838857625465,0.6366401016422915,-1.107236311960925,0.8173181213958541,0.43344415214248766,3.0944245941649267,-0.7972099497014701,1.1237479319420802,1.8044658741721855,-1.1099765402458066,0.8472408062130177,0.39677612727030553,-0.4883251165831963,-0.6893820876676316,-0.8256179646392121,1.8606011359016381,-0.16608385617030538,1.0939073154249173,-0.8194883985443637,-0.8634410287801628,1.077273995882508,-1.141042057482642,-1.1067612781568816,0.3015135026238148,0.09756992796729119,0.355199438193561,-0.07712567334815304,1.12227106031581,0.6319560243412459,-1.0300883687898994,-0.18444241470819944,0.8953458720887085,0.8052669699284349,-0.8259467240816005,-0.657815220480354,-2.522885408994992,0.439288259714922,2.4336103009375716,-1.006981622130052,-1.3736431871514871,1.0594885180200544,-1.3881964698277882,-0.30367341129353703,0.4195817392992581,-0.5606566368241546,0.21597578561131117,0.34603466316741854,0.02553518321824999,0.27020039492647563,0.20167522465959897,-0.2144325932595144,0.2262689194496752,-0.28696650846709454,-0.12290919670544678,0.13395808122494343,-0.32445212019864156,-0.19381560961696703,-0.6321723746922249,-1.0920018440588353,0.377598960213589,-0.223544497818522,1.21024307474058,-0.49592856128282636,-0.36419471777356777,0.7343368169224335,0.7768164321112412,-0.8267843462640144,-0.20254174642298586,0.527082248749769,0.1460819004904341,-2.5731658894614453,0.3157311275614927,2.742860792699418,-0.5363394426712065,-0.3418240388638247,0.5341821547844658,0.5004150252637051,1.2893096955366279,-0.8904612872037434,0.6185969287454115,0.532104980636648,-0.13575379153437747,0.519149724468852,1.297792697901982,0.9041773996668974,-1.2237563210754512,0.5052071068576534,-0.6218180641116412,-0.2155230639845937,-0.3408021927678182,-0.39214675388077896,1.6699272832694112,-0.056940526624332695,-0.9070003295936306,-0.2934709501689691,0.4658416789622979,1.3454834653406897,0.4813253132495747,-0.5651990810908614,2.5530261129485403,0.2756582282777079,1.1655613903314237,-0.11877745284302754,0.2566349223850059,0.602000434022239,1.3436086081663186,1.4437712077465406,1.1822919809111831,-0.49676230224025864,-0.48866895209811356,-0.09240546495317434,0.4607181404086757,0.23147897687043217,1.4055053496376566,1.6475457498561252,-0.9317694956791073,-0.4220808748801721,-0.1335324032166661,0.059169641698001485,-0.7871110617849159,1.7269301907160939,0.5266802327170541,0.5738550154416511,-1.694075214767835,-1.1403839355515868,0.6526906011067828,-2.195899039441593,0.7199115292083527,0.34199193308711234,2.9345160882812897,1.7845047554130524,-0.3349801233814975,0.13135432877510886,0.6648022266741835,1.3461941534768433,-1.8914085486682786,-1.6655695187920467,-0.8771033885867289,0.41082642976200046,-0.5534851485066721,1.0421605066045634,-1.2135900209111057,-2.0619608159754046,0.6604022539757705,-0.9152950883075133,-2.4268400966890464,0.6321019640356537,0.18026830225182672,0.27367568626661076,-1.0110034049046155,-0.0770818986738608,-0.0040277812902673035,-1.3305754917332409,-0.5794778099801112,0.30730263593568186,0.3762776351776292,-0.6144875960660405,-0.3618425189131361,-0.12516250556501365,-1.8832218096695226,0.8927199649579567,1.1384252264949026,-1.7139557513417152,-0.3305254685822593,-0.30901040919600925,0.8288389177010429,-0.8488953548844773,-0.52121737844059,-3.3662071597806245,0.43907932226917923,2.64333496337648,0.35117977080580176,0.014162860238495778,-0.0713295280152677,0.16452655014270406,-0.5431066845543808,0.966275622010248,0.33903713293490684,-0.33105241132123053,-0.9249182733589449,1.4363388586127561,0.5176838011026547,-0.7722288219138908,0.866296474679358,-0.19054142501261884,-0.49780339384566036,-0.5103674038021097,-1.8510988645558695,0.8523161735757446,-0.9293586930887624,-0.6325415696036663,-2.0172421792230635,0.686113656110041,-1.0439481099159629,-0.6988134087171689,0.0627603770967504,-0.8367708266112386,0.42336302588338004,-0.1803723434533282,0.6139775005679858,-1.0560322953955943,0.44849054431703267,0.8449473802006583,0.7122784694284936,-0.3848147685939921,0.3790971286154816,0.002671163004060728,-0.12710670882770223,-0.31142150096983867,-0.42930679517841885,0.6112087071886378,-0.5133534951261696,-0.4878682190083412,-1.1897484807136187,-1.8519858074274593,-0.7038096041312049,0.5251827564063576,-0.5963595473303773,0.7879463008390409,0.20652231280052977,-1.8237633006997434,0.4982032212784904,0.6275880578563663,-0.6549191396602999,1.0495433587486585,-1.1448775558509252,0.4945169948625636,-1.767674301067555,-2.127144173456617,-0.14822222406190702,-0.8606234990247268,-0.5450763506716462,-1.1622180854034838,-0.24053943868274544,-0.13259043030366297,-0.3839352919059695,0.39905653908073024,-0.9269460386076243,1.761947837792381,-0.7262470264447117,0.15862067545741917;0.773464408503845,0.9652509345941239,-0.1681233949820744,-0.3039146787019213,1.6446516730859413,-1.5988099734218264,-1.6256282752636322,0.14419623913104862,1.0091012465198768,-0.1728686912290078,-1.276870814906076,-0.05729068990902343,-0.8481084532485871,-1.205646345569738,1.2048967570291804,-1.3225579718736369;1.7920456694983535,1.062642241679627,1.034586106724577,-0.4378371966258695,-0.5351231816369544,-1.6261366846482843,-0.762205623446385,0.27985060407100565,0.7695325381701434,-1.1453968276052968,-0.10352106050730131,-0.5459497375070301,-1.7963623080309323,-0.6012241150828044,-0.5435302761663852,-0.0734195255775221,0.18237570588787447,-0.9743444267543399,-0.3402385765322466,0.19190865812667146,-0.7606187732259145,-0.3223149557896159,0.6834553667380211,1.5882949658088048,-0.1631303311797362,0.47380447600195696,-1.40076733350784,0.2947244110508994,-1.2865777715721851,-2.047272997537889,-0.5473831187423801,1.1745964794689254,1.116109345561679,0.29113406727998914,-1.6546293886193455,0.1505035658924983,0.7990084488601983,0.17956850844481445,-1.3442279595824493,-0.8415553857389089,0.3549185545229384,0.5525584538867693,-1.519822032223283,-0.07713932352289211,-0.2911803389773859,0.7889108309124254,0.6547626419698226,0.7239745271085687,-1.349062202134976,-2.213920194500651,0.16236289244403948,0.7279309655858173,1.282857531538225,1.1885909957656062,0.4588723354431703,0.6684317050173808,-0.42532136542866544,-0.84871355450308,1.2754691898439132,-1.1377868669959414,0.6912886388620906,-0.17580757271186853,1.516657657407631,-1.216977736625814,0.262175033357395,-0.30580146031570526,-1.546417290163467,0.6459185528291236,1.4889616391074145,-1.2561918943512946,-1.6501649304480337,-0.8349370151808118,-0.32890151596993106,0.6397977719385489,1.176922743956924,0.1195143751269725,2.4474070430003496,0.26525953395654306,-0.7946200008796221,-1.587255087598788,-0.27983888325823203,-0.6831764526276716,0.6150641347994344,0.7305073813070787,-1.1509905769524469,-0.36124249460914826,0.8664345783694746,1.4495984191752749,1.0239611069835988,0.3071966745768201,-0.037334451540908004,0.6933975494966209,1.6881719536556012,-1.0860927727895786,-0.3841282574371749,-1.4568920582436249,0.1062665277448605,1.5415676711599517,-1.4002787163184232,-1.9609508598596355,-0.08678857055265013,1.3051623334382996,0.7037153017320482,0.5078428105117051,0.4945450681706846,-0.8165187845338011,-0.2989960940039952,-1.0486243577158123,3.2093481235279744,0.9816015656978748,-0.6663105987265846,-0.2872462645173428,-0.02431961385773919,0.21328416625421695,1.5090037004407773,0.4503823694999753,-1.0634512033885593,2.2123000412695695,0.3233397647899283,0.5270227253366959,-0.6528831121913531,-0.24100983889032418,-0.17299700151753886,-1.536409342343571,1.5750290147776704,1.298199705286699,-0.6009939763778305,-1.0535786161245413,1.003448800693709,-0.06904392314829204,0.7407016265394655,-0.2944058975317257,1.023111912976008,1.7957444150044621,0.38482930602918286,-1.3267258948162217,1.568597702632302,2.3092183548965046,2.8608012571725414,-0.8404450635224755,0.6391737743976608,-2.48313146843398,0.7121220116283598,-0.4966469408617975,2.207755150283463,-0.3686137569512219,-1.9419449981712016,-0.5727504269918304,-1.902889943918133,0.41603627344222077,-2.5107425264313568,-0.31360482335884093,-1.6394582540509877,-0.35056651234458086,1.766314076793668,0.499726242862871,-0.957649284043172,-0.039205825320934876,-0.445325499692674,-0.212004454212795;-1.5924942790055143,0.4415940804089826,-2.478568926701992,-0.5521840150447042,-0.7232001118193664,-0.006214727198815773,-0.5498863102657578,-1.4844002259048925,-1.1237404239603364,0.30242991436901523"
29,-0.043731545792994486,"0.6594835055113792,-0.7063066580986425,0.5406280636725895,-0.2266118097926062,0.5539333490680167,-0.7928891755003733,-0.6421141898752867,0.9875640766825131,0.9333349985155033,-0.2558161726278524,0.28158150559992773,-1.9562560668502473,0.6709420707144564,1.6334988847251295,-0.5402668160831003,-0.18648170118074237,0.05719763498025762,0.3374693070150161,0.25442468851968536,1.0917092097067396,1.4126061983418425,-1.841665559361794,0.7002422123273918,1.4855130915509434,0.23914383761288996,1.2982452567159284,1.0857203033173524,1.2202531961327754,-0.028995481164969014,1.066604738372836,-0.19412870929066933,-0.8501835979243803,-0.5523944435874572,1.5009157886614206,-0.5691927137444335,1.388435310876772,0.3555300440503039,-1.1167191187658099,0.8236299961852601,-1.9791219670242843,1.0561687137873288,1.1000837427167331,0.09055759568717922,0.36536994544708234,2.67399066929488,-0.14428684534481848,-0.5176422579255687,2.0944517022710354,1.3911535563481792,0.6867744197881257,1.120095559808366,1.8152579167049359,0.10037953055479404,-0.10379301956287394,1.3219253851499488,1.6919852745612873,0.5471807886122061,-0.8264265988499782,2.258931420627079,-0.7349722805147663,0.10981775879930414,0.6089009351444173,1.7197576834489763,1.1114783565317934,0.7529412553193601,0.7498613480294132,0.08902851125955627,1.0121556409994155,-2.1337646334046094,-0.3119861885806283,-0.08421154215076815,-1.9580720024177936,-0.1256100730393226,-0.3450699411250673,1.448750036889889,1.843649564180613,-0.5083376391392633,-0.14675142199829005,-0.33122579592789825,-0.7448938771843635,0.34525700525205366,-0.754770409700516,-1.6176899743765079,0.34232531590474946,0.15299423428868353,-0.09263614434175141,0.345413084483209,-0.49735505335146574,0.3180458727196064,1.062628207811754,0.23143732205662113,0.2872554600004358,0.06265190210899751,-0.3676565720140975,-0.06311553523624966,-1.144455900086578,-0.4877511522766451,-1.0935756987511178,-1.0826423827903393,-0.2927262236717754,-0.1544110797497626,-0.25452745524890097,-0.20163564582859927,1.2373543234574393,1.1029499109364171,-0.05133150918183563,-1.1812040804666588,-0.4730955112007488,0.14055542756942893,-0.918416550395877,-0.9782001062881861,-1.5522398127909605,-0.7317335492370279,0.8863606389527171,0.7326724335922785,-0.8108473324540971,-0.8540701369634364,-0.6801479433560181,-0.015886727166625626,-0.20504481750275128,0.4690537375040075,-1.701765121747304,-0.6286556528036631,-0.3099968124682069,0.7938473949842313,2.8532540849300676,0.5860471200768794,-1.2251181599105254,-0.6360018885857915,-2.0778116974624306,-0.359336575948101,-0.9212529016961069,0.7338036641901107,-0.36391822325387,-0.6864080077002993,-0.9262695660355864,1.573799808473825,-1.0589443230192537,1.97359742244385,0.5624706089355224,0.5531467078523803,0.3216195477803958,-0.26631695699294,-2.0971227483230526,-0.12449795425159008,0.7559886415019974,0.21863025665851046,-0.882510216354795,0.009732966006387352,1.6659472823625965,0.8974896639436326,-0.22960776130647123,1.2645661424420327,-0.1336107683289498,-1.504159871574926,-0.8742475203788581,1.252631209802687,-0.46851786138706264,0.027343505402860388,-0.0054046223585376,2.049544046878422,1.8481746021368277,2.022082559367359,-0.3844673147645119,0.7986774174963176,-1.1989700291672056,0.9863704575379699,-0.8646201671914943,0.48100817563899645,-0.9364511900655147,-0.6489776580549145,-0.9852497778306016,-0.6206939270671222,-0.9807282217088169,-0.5622854951033549,0.6129790308575429,-1.2622255744185868,0.9476348794890941,1.2808634659776184,-0.395434073499187,-0.10364160519004102,-0.04750816463314209,0.7350421139681141,0.11555686045574157,-0.5059596097512771,0.7539650819779146,-0.7406131605424949,0.4810340387243205,0.3896868829171303,0.7863603258452644,-0.4953819200037034,-1.1609064162553535,0.9350802288503578,1.1674359095588367,-0.43949397034413806,0.11275125137987468,-2.3616133177520413,-0.6718771562542726,-0.7545844785080643,-1.3868867834962086,-1.3466632877361968,-0.6533729484924082,0.9221406359041098,-0.9871616141382472,-1.955681111752263,-2.868691806730165,-0.7320370885202194,1.0228561747759135,-2.9636164412406405,-0.39774618599946654,-0.4847215627700088,1.3547583085853607,0.025009887747985154,0.23945046837016745,0.63163146366957,-1.5098305248488195,1.2881135215440138,0.21605244740053267,0.3251157710231135,4.046111913176339,-2.007573556327965,2.066514980063555,-0.003202661581855795,0.4843512577982491,0.017025437116147513,0.03412659607726884,-0.28223862512520326,0.3865785665639061,-1.8638713044889539,0.045795160538474766,-0.0576369937933039,-0.8744539706794929,-0.3845655127186929,1.381839247915716,-0.6506520251948661,0.2698695618756584,-0.14385476705433792,0.5662325996821214,0.6891236220974661,2.28269008362732,-0.532718332335952,0.431906253966222,0.03634686351162841,1.1571563044914392,-0.8574663096796002,0.35631362447062603,0.16390826267276234,0.0018250262064170852,-0.31170734260956495,0.3932727595069936,0.1643106207240562,0.14479141787961022,0.7552572331643849,1.5582212086376133,0.8467829540585815,-0.24296921290472986,-0.9567944059193103,0.5931079871935823,0.11110997393701233,1.1917523912190406,-1.2972080131961428,-0.8652154016575884,-1.556685697264951,-0.49575311377893383,0.9190475612550585,-0.2797399826280973,0.6873786455035563,0.0917049004003823,-0.6321836048759648,-1.2274285408242946,0.2109799789393406,-2.8326869818852036,-0.5065268568553962,-2.19488107497149,0.9501381902913699,0.5160936946550342,0.2988262047094532,1.3705853629279328,-0.7827551899058507,1.9425783968496755,0.3793044745963478,-0.4376825702472158,0.7886104762146886,-1.7278847538218132,-0.8369886027137265,-0.6191823990449762,0.23376503458901138,-0.7863716257748764,0.7341525783600859,-0.7185423769537603,0.11427500966341599,-0.471946106915233,-1.4833033395077795,0.05618636991378681,-2.1055864083531715,-0.13477046042407603,-1.1525105931787374,2.7825585119568843,1.5089961959883418,-0.013579986091113772,1.6951511908152637,-0.2789033602508684,0.8511057304303701,0.48746135061177553,0.7873355857323162,1.208640208685797,0.3541209170139123,-0.4088933164658127,-1.606916229630748,-0.30630097268842754,-0.36894156679575435,-0.04056952422348403,-0.9368712928694909,2.8995198576511316,0.8148567776902014,0.6669866248336791,0.0845952298421821,-0.3840511688731699,-0.4505421160997236,-0.4037679723971062,-0.05309963404913451,-1.150414122353527,0.49097630728537334,-0.055655206962055725,-2.024558132936585,-0.8638623299743582,-0.25925793276527537,2.36561526392921,0.025587999123354806,-1.3801301026874844,0.6317615196674358,-1.4263202351046205,1.4668328796169094,-0.908524288789034,-0.22985770094311006,1.1581639119671483,-0.8579301272683375,-1.7147816646420369,-0.2925610706132018,1.3896908965140549,-1.6765881124516244,-3.01556482662872,-0.6032146762624448,0.31983066580807995,1.3300345657561832,-0.5854943083667316,-1.175153179746198,1.542917893029631,-1.4801900047758583,-0.41101029935468497,-0.547563074433337,1.0724298642506676,-0.5170793787209969,0.21724327110545985,-1.5315046872613631,-0.46612708083695964,0.5786341871733797,-1.127002776764673,0.25859563539799296,0.38717557652839907,-0.31216339845594937,0.7724109451878001,-0.2854215952880782,-0.9095865279001287,0.9156223545383854,0.012675947248525547,-0.7095089151684357,-0.2603485509980623,0.7605013726074186,-2.3204926162972717,0.9269147616840354,-1.165920866014102,0.997333752661593,0.6025012216802245,-1.3713368460675999,-0.6617899683923641,-0.6984886441615095,-0.9677340343369631,2.3414874462214628,-0.5239221529519719,-0.6194669379568534,0.9489793179137054,-0.9677451109503528,-0.8565109597788818,0.5782230801150516,-0.10047442151369165,0.1614096229635458,-0.24533314570149337,-1.3054230149403705,-0.23611041965974777,1.860114353441699,0.22123149007235993,0.1562202224606698,0.5275029621330272,-0.8799377121714393,1.7777798966973033,0.031698571985686416,1.780502316302,-1.3085427272129664,1.9727275200081633,1.016209676959533,-0.030303175517627914,0.03134844779547111,-0.18742192366016353,1.6760074277087915,0.7849711719123681,-1.860934647768733,-0.6473408848785176,0.15918460924593125,0.5551140994711913,-0.16252331658439345,1.1553609015402881,-1.0881376364657056,0.329846200698035,-1.6154533198696173,1.3042752502171355,-0.05563741908119277,0.29704009883009147,-0.8922656181234307,0.8420543931510185,1.2197361697326947,0.8753374328188911,-0.018072151625867006,1.4303673432341277,-0.5857131489602252,1.0103850967432002,1.6309075538349451,1.1714400631367423,-1.1589186291221112,0.054003552011141306,-1.304349034332172,0.2635221279443093,1.3703191714211052,-1.4260820371754819,-0.9576982976400431,-0.4166941214613952,0.2733031265470412,-1.9006093753078495,0.8128445373888139,-0.14104022470324545,0.12705880499336436,-0.7382764802626589,1.2325972004249424,1.463398261568607,-0.3029012497948198,-0.6041838366166294,0.4013235408456814,-0.977236942617984,-0.5208174234031111,0.7655744458010232,-2.3478420535070788,1.3106103610246478,0.4535666531370179,-0.5509963013432144,-0.042801378395801254,-0.28471153937472493,-0.9457182887356119,1.540831508858957,-0.08488340938371312,0.18537761972640784,0.9991127472106707,-1.1539767170500714,-0.09183047049506105,-0.11080505212078401,0.6802354225917321,-2.077846425581816,-0.9049389121687685,-0.6303401573506645,1.0449474477741643,0.4636327071801235,-0.9222358636592423,-0.8581505853834225,-0.5633011608056394,-0.45893147832292785,0.6187232311881621,0.06840530227342334,-2.8494403541318176,-0.9016948809682016,-1.128457485299929,-2.3065773180916165,-0.9664996643139417,-0.5711746938399405,1.3938261424085285,0.1968094742103337,-0.20979941508406275,0.13920958397145017,-0.4576726022783128,-0.3938081553403305,-1.5204721337423264,-1.4423487950089735,-0.8193811811482713,0.13061972318677462,-0.11953322057836721,-1.2346351187769327,-0.7711271442220561,1.2441322062063764,-2.0253047002363584,0.8125895107506962,-1.2804618692698373,-0.6694205743506513,-0.8708532806202945,-1.2491364570733552,1.264265938895286,0.34194697180447703,1.7831010571565478,0.7799468371973828,-0.7151013116583443,-0.3190048336247212,-0.2863626432378639,0.8536425351083681,-0.7653495656116941,1.0579987721299862,0.753885362135577,1.4565514514790336,-0.9515470648184157,0.9705752035504427,2.3231093158881055,-0.6635965160794092,-2.002614433795438,-2.2386418566996977,0.8222594762412387,-2.027936882056386,-0.048714949872721375,0.5051017761631311,0.056432653854197226,0.23712069450729778,-0.2130989458445502,1.359169056865429,-0.8331760224970108,-0.8299743351668097,-1.0934258107322996,1.30843996618158,0.6000141438438907,0.531942016443724,0.9026579910802327,-1.4067197999839234,1.1074786324563675,1.166257103206222,0.8142141582463119,1.6783098402037275,-1.9894886146224309,-0.6066734694759828,-0.3824641735274536,0.8747950288259834,-0.9080887554779581,0.6287723613813803,1.3192825273757185,0.33278577225401784,0.16561150428598398,-0.5754405708866474,-1.316974155167275,1.6507661560041562,0.18672081274663171,0.07686901510956393,-1.1207706092043408,-2.3006412895157813,-1.4183516313171016,1.9346010021072526,-1.1185451674405493,0.534988042915709,1.303853144441925,-1.6743176967607243,-0.06961824447194596,0.9599763065183535,0.0497306566107544,2.6402642092004682,-1.5138210650318469,0.8052589780049417,-0.14876540884259112,0.6914711888178501,0.5010571953969409,-0.3264388586466533,0.16440492862794337,-2.163278429952223,1.1780780590646742,0.5525929183280577,0.34809577711392614,1.0594641002517664,0.1989047317225126,-0.14531182822891603,-0.9006276440435557,-0.7659423425587929,0.9354598118594134,1.2519702933778214,-0.2576641990111471,-0.2676443036082936,-0.56697927855998,1.887573352491,1.083466880861493,2.373147358333204,-0.9059333165468815,-0.34750309238036275,-0.25442830222856205,0.5711487431884764,-0.6662909168153944,-1.1501821426864567,0.11817456777618995,1.1930771428621758,-0.541786777519969,0.986701420748045,1.0960945637962693,0.3836088400367183,-0.14105783776697212,0.6466853880959094,-0.0672879676023484,0.01820587428637993,-1.9385499591562048,0.7122263597288631,-1.5326887835801501,1.2033168453516294,0.08818367209129696,-0.12663832517065804,-0.5502290030462976,-0.46320053191138,0.612895090585716,-2.9029788365898392,1.0457057919300028,-0.27626411686790986,-0.9152249711627621,-1.0511393790745416,1.5255942373678664,-0.6655997553152184,-1.4228905822824134,1.2674233562843513,0.19918932404495393,-0.5309785140874577,0.2848284860383494,-0.9725132617741308,1.4392040217537685,1.3167406404577358,0.7055719463236371,0.5689071448626366,1.7174554675508868,-0.162784564500353,-1.3356333622961227,0.7235866600900013,2.1587674974670783,-1.3730031222172716,-0.8656905163839839,0.7972631611747557,-0.5940002592357952,-1.1534387382396183,1.0288121563044232,2.6297456466514673,0.598837867352898,-1.6673733107787532,-2.1628359398839727,0.496661243530372,0.8843963447742401,0.498920097665345,0.2325716646172555,-0.7996470862858709,-0.9360064955128002,1.314482247677486,0.989767861493189,-1.0399567291637408,1.837760499847809,0.6331067810832217,1.3911131403596833,-1.111061176242722,-2.4902404157678535,0.37342595892860775,-0.2306894276657082,1.9203725422629387,0.6249691521727183,-0.0585897580783806,-1.124705410047718,1.249821373975391,-0.8090220991591671,2.108403498775596,-0.686974381486466,1.7951547393448741,1.1365270631331734,0.18160182095965438,0.13245460379799476,-0.6789595131078938,0.076154350344555,-0.3661582861193624,-0.8684016906311067,0.3140639472762299,0.10612417224166931,-2.1852590213342715,0.4570906267555005,-1.4286121019651554,-1.1394259525318773,-1.617876219851031,-2.036532460913044,-1.5596963055713162,-0.8535948800877011,1.7455225883037015,-0.00625875475894426,0.5238491767931444,0.3647599933814262,0.04173733999762781,-0.5685866178635579,-1.535476847974365,1.0729915765930413,1.93406252208287,-1.6424097686022885,-1.4166023593660595,-0.48473392528822157,-1.4205414664025013,0.0031247345921192188,-0.5434671426045438,1.5068557527333761,0.7885177347040927,0.12144373661917193,0.8732327601361171,1.4164846920617002,-0.8674221228770687,-0.6747343644313059,0.2659617315932279,0.9966651419653477,0.2328255965257009,-1.1004822973903967,-0.8928130552287137,-0.7597152614565845,-0.41698255533751666,1.743973543679202,-1.083973474390053,0.6366407849332187,0.8491464812048617,2.0136229428690346,-0.00978641935674357,1.0960196998888312,0.5806658747796487,0.024895897632622274,-0.9672050919256892,0.16914415095997887,-3.043320591952944,0.2524168961397136,0.13064862851669823,-0.1975499305345383,1.969546190480177,-0.39634087187382283,-0.03200247734754702,2.6227749280924684,-0.3294283950986423,-0.4841351095956028,-0.3824386607020086,0.8484181171424775,-0.27094903211839194,-1.74693385483178,-0.10347086780677,-0.7219041461612099,-0.0035397661857687335,0.616783298019422,0.5088546920520209,-1.8873149051938134,0.8175819101053639,0.17767046220598753,1.2013949851901187,0.11365915885533606,1.8089298309069701,0.9736887611451229,1.6015023227199885,0.3160001492789269,-0.3429415449295592,2.199433634080717,0.9685510885205251,0.7440904589022832,-1.394051372716093,-1.0099717925363232,-0.25956135484755377,-0.2834075320940983,-0.5658231558235103,-0.3469834142386288,1.6360957815338382,1.1143652064126075,-1.6266347052659682,0.07909960473634353,-0.5707190170469423,-0.09688604170653545,0.04278231322689582,0.3051088793290912,-1.491557109740765,0.10053659066977555,-0.9465575454551728,-3.399459921126904,1.852653300095014,0.9112632025790786,0.002283331453467291,0.7052670821956257,-1.3044337529719787,1.909759501752228,2.06465562969805,0.6626556814290674,1.033559154020843,0.2331860528404427,-1.815023415281971,-0.5518777927077636,0.15821345095575493,-0.3610362313486295,-0.03130729021812893,0.07046057885805386,-0.4473214653501177,-0.2108522535164677,-0.7642719174861481,-0.160282806794918,-1.3094831420172668,1.426386462318757,-2.131334174014478,1.3961323850866452,1.212126818093118,-0.20490445385930783,-2.583776944590583,-0.49209214248477917,0.053050789383798744,-0.8610958646433321,0.06861595190117617,1.7132820705996625,1.112659891690818,-0.3480039273497219,-1.7127012882748363,-0.413687031050639,-0.3355560990381833,1.1255988096670935,-0.4787588279093994,0.4494657932528065,2.1798933679276584,0.6008380038063605,-0.36540117132611305,-0.9918079283434953,-0.8476845875550417,1.151101181623773,-1.8372578021577737,-0.817327929351693,0.07804573779723634,-0.6599157304867249,-1.2850302749627673,0.8142257604559743,-0.12345634823962681,0.8784829791871692,-0.361802157688068,1.5500115056426698,-1.1477674879748192,1.4213460855625657,-1.6082730082750278,0.48893532250254945,1.1613286195601493,-0.4468106789221292,0.18629813501724224,0.8388739088986109,-1.2082195812365937,0.2961473626882479,-2.615457971941242,-1.5729620249883858,0.3216855947255182,-0.8262421537755731,-0.7770143598310106,-0.4620944141136481,1.7793312671840058,-2.4133335863241037,-1.194472741136902,1.4625059305347965,2.051138051719741,-0.3945029761394371,-1.0787389257245361,2.3598766154696866,2.064112722678295,0.8464144361574376,-0.9754533849266205,-0.9804076809681473,-0.011392568015322735,-0.03880057225766428,2.0402064156958764,0.7782237799154631,-0.8242111707920191,0.9919173422577526,1.3291103394015111,1.1162272418673003,1.2955206825110093,-0.9250063331999705,-0.5370969809499249,-0.7454269910489878,-1.2185311564503247,0.2566449982331209,2.124837040715584,-1.466719419651621,0.5225833257693552,0.8351622460281914,0.16278015243800223,-0.46973068367649284,-1.0431532890523498,-0.5383077912222851,-1.0272102844120685,-2.7635862379146325,1.1327267121944022,0.8280700941101732,-0.17026705824549407,-0.15681444980517778,1.1487894398094212,-0.09524289151092932,1.0722112400519406,-0.02852466257044431,1.1388137482953549,0.1692588150309876,0.2108714057396997,-1.2171770471124783,-0.17657159381831347,-1.7718045243932532,-0.8463250052249054,-0.422242970780904,-0.8234291571325665,2.0308012623146836,1.5742670779453722,1.9142055863952727,-0.5535741469736656,0.2509383778030272,-1.0123702356654891,-0.8010313422389042,0.006958873867308084,0.7840415723109753,-1.1490818004439465,0.8261238755661315,0.3908179124061886,3.1336374888596468,-0.705578768252812,1.0628757877650996,1.8466313623174024,-1.1303970621180324,0.876540099297241,0.2520166475182259,-0.6430421378724125,-0.6488274078365055,-1.045467469423617,1.9533389887603145,-0.30139895017553264,1.0753816093336062,-0.7218817044240627,-0.9829076163664713,1.0990031215545457,-1.206959405304243,-1.1054530785615286,0.5547192069903847,0.1542472916316165,0.27666046317376713,-0.031830464879502376,1.0710146536018117,0.9209809807159992,-0.71262111425413,-0.24987702439568835,0.8638358768498176,0.7607931248062711,-1.0153499233794296,-0.6165286146912793,-2.1499287287778177,0.26654718134030214,2.457011298733321,-1.0757239500572424,-1.6076915234143645,1.0722336666052235,-1.4260452477185945,-0.45424617454296934,0.7188007059267406,-0.8255541236461503,0.17986429972639215,0.26725108616285453,-0.2519151733866596,0.33382411136148893,0.07579822142487028,-0.1616964788319669,0.19120503309059006,-0.35879106448900416,-0.20554302589583132,0.06772164146094142,-0.6334715175252866,0.0441276526987853,-0.7396740239890909,-1.2715823661078167,0.3562086573723103,-0.10603672029631508,1.2236426012383965,-0.24126934068465428,-0.35959550891796954,0.9183675514202182,0.7279146564758454,-0.5726438568487522,-0.09827109916371973,0.5247389745796123,0.14339755415129124,-2.4141670221119584,0.14061223202576295,2.590793547030542,-0.4523105662985235,-0.14631976309576517,0.7318009773278261,0.6301518712665787,1.2716436570691938,-1.1471437795994956,0.6660457439860895,0.6454698897083755,-0.21693859738862376,0.2509661609716622,1.2076387893530331,0.7046079944962319,-1.0114783984120725,0.5321606875069393,-0.6986935162301754,-0.5133023334867823,-0.4551122410039614,-0.40754381432254216,1.478997800390798,-0.09172537314921615,-0.8831805210265062,-0.3775404050009013,0.4856482756237856,1.2520730655828187,0.669844267179614,-0.8305930799657444,2.5502835155540273,0.10449553800078644,0.8729848923039866,-0.1163490261256528,0.14783094178038395,0.43611198622235303,1.257089812047264,1.3390412047260936,1.1769282700783534,-0.4774163573079977,-0.5351086135460557,0.04284067112463834,0.3896255121720369,0.34382107444905086,1.481135379650489,1.6735176435234487,-0.8832575202844454,-0.45987783004150634,-0.35346298494104494,0.15958960662183813,-0.5187512809277314,1.632866223164438,0.623246700460429,0.5014750781821669,-1.6982332511517573,-1.0784958429213929,0.7292950792591087,-2.0585164826043947,0.6658759291135866,0.29364560322159466,2.910071230822682,1.8957248022952888,-0.23107512166797264,-0.026715122182416978,0.5349476014290777,1.3351500533787413,-1.8391738071495447,-1.880101845919976,-0.788696774101294,0.5627396474131358,-0.16387885960825044,1.1060515235241324,-1.2434615136817562,-2.0009397640569904,0.5763684968483888,-1.0912726409984483,-2.410242225360426,0.7551374745871189,0.10897408053282186,0.25908363987792044,-1.0892530433321967,0.14380563657058598,0.20946927960781495,-1.5540557467546285,-0.6361104451126,0.20883885902463814,0.7678642131953071,-0.3680654752528557,-0.5473067845622517,-0.0016229255577431684,-1.8536021477962439,0.9075157591641566,1.0362052917131448,-1.579126872801014,-0.44256729358513475,-0.26483656280933465,0.8233918662911718,-0.8705020622205923,-0.3474809384640012,-3.1602430171421654,0.017595031887965323,2.5493285084850332,0.08932369554511918,0.050961977456333823,0.15204713895212235,0.13344216066614922,-0.5043105798815114,0.8572728290036056,0.13713828294501218,-0.6155984730264609,-0.9129412754025623,1.509145681559276,0.5549927571510664,-0.6273398022880118,0.9910457894266621,-0.23657312196181618,-0.5092965625965502,-0.6217166632034724,-1.9221052856990313,0.7928737999985636,-0.9771004184556501,-0.8024984920987999,-1.7915997030293511,0.6391168112787561,-0.885401307542703,-0.7974963563707556,0.15745448089084424,-1.0516974995456787,0.375381460357962,-0.28407320623727805,0.532085660212723,-1.4126609932881085,0.16114772843779518,0.8292513986659716,0.6665478832809364,-0.2171934171641947,0.4521723178172044,-0.18832731071251443,-0.14461025337575306,-0.19250858646841654,-0.5808688041133736,0.7212965972458064,-0.5710470880411157,-0.5280495896398395,-1.3264033855202673,-2.0570984692753678,-0.590260597180345,0.4893445561710067,-0.6328025665834124,0.57429116652934,0.04302732038755529,-1.7136004163633145,0.48352357755955916,0.49781615419825614,-0.4657316444183265,1.0295344702065754,-1.190309466607068,0.4700094828460369,-1.6591565577022842,-2.07660286300151,-0.12474526681530079,-0.9897822528190758,-0.4718958002986669,-1.032149903527212,-0.23607158789146251,-0.07050295894517292,-0.1410253649456335,0.4734504759224667,-0.8048197581086688,1.6398471044612233,-0.6799919100846908,0.22840234911380378;0.9746072725598435,0.8633249270546152,-0.14218287992078707,-0.32848876593624343,1.4422020127794815,-1.5509565230724978,-1.6380145621369795,0.374916858352904,0.9916252361450673,0.04400053510165315,-1.214012329711602,0.04367195480571856,-0.6157112045246146,-1.2942211823200034,1.171788613988559,-1.3139521700907653;1.7407694498328725,0.8742783585347503,0.8682628160871023,-0.5724541323387756,-0.47985862156007536,-1.4993686301743527,-0.707835550545685,0.3132530414010794,0.8147597186040288,-1.3973540291436743,-0.3944197443305164,-0.7029037427901895,-1.739007706945941,-0.574345629923096,-0.5355792424740978,-0.10222421922228941,0.3068836912385309,-1.0886461743334763,-0.3026086811571944,0.12590003564645627,-0.49170239160309254,-0.4952518551863534,0.6037566001823453,1.4559131601396038,0.1564851152564521,0.3427305358541051,-1.5281339322183467,0.3078801208517668,-1.3276377998728612,-2.1898046568411553,-0.4524628013514162,1.2661176262025924,1.2429339595868094,0.2296801873329633,-1.5259171731781243,0.13915936634703838,0.8830858123817742,0.4800490558308679,-1.4371516836133178,-0.8452033360950826,0.4081035429170907,0.4943346059622052,-1.5576316719304828,-0.1798521724552104,-0.0503853836237069,0.77391718003911,0.5168680631354086,0.9768149232669653,-1.3332402814719535,-2.2447422015176355,0.1208265552034049,1.067819379192078,1.343031348886957,1.3019392885385408,0.41180417331098607,0.5871597843168055,-0.6610180049569715,-0.8298708356648632,1.0618495357783626,-1.1105762221385438,0.9416637827054295,-0.17861715495947678,1.326921749811631,-1.2637627557805355,0.30410171466623137,-0.2558440028986416,-1.4563257306605357,0.5283008073486889,1.5390453810752927,-1.2829501766452398,-1.7222607496453315,-0.9008820571513129,-0.09241476906064472,0.738215878111296,1.1846877440101238,0.0944635236097319,2.4953269520165526,0.4636778825687522,-0.7638637657275924,-1.6041428308522703,-0.30765369848236723,-0.36392836524649574,0.6820785863359123,0.6413490721487405,-1.2882241304292374,-0.32120692355800007,0.8525574255861481,1.4894253278289404,0.6779551282576782,0.599069378520655,-0.16391842628102243,0.7112724061404359,1.8047522371469538,-0.905103702738582,-0.28411948062465897,-1.3773223506381251,0.3586708555728556,1.6217720931472572,-1.6367103353959223,-1.83231040545623,-0.09571944654750847,1.2220523855985033,0.5500788612058405,0.7382710290399225,0.6611072448347565,-0.6705976240192421,-0.20548427479221704,-1.1291994974316493,3.157468785498319,0.7400859009550508,-0.5138406686352484,-0.2647586310689832,0.0034579142046655548,0.23269548016393904,1.3258629400231792,0.7330885572546162,-1.025648713893621,2.0912432341381724,0.3206185585895095,0.7071724781975003,-0.6269156882139197,-0.21442439699636917,-0.14127659846337082,-1.500046624609018,1.4533599791431058,1.337102883511444,-0.5217089304052311,-0.9264470689935391,0.9124907013926936,-0.0634966190480173,0.7234388792806581,-0.30616292290638153,1.0174108136893683,1.7771337552581363,0.5658089138956457,-1.382303985670664,1.5515196685277224,2.062829555889521,3.1821721363476327,-0.9691163475942566,0.3135305025378393,-2.4939544490168126,0.768480512261209,-0.5409754079096766,1.9861168814232106,-0.4949931849473215,-1.7600825211016198,-0.4344105984818067,-1.8850644429869865,0.6419656249879068,-2.5800161047163708,-0.12385166467592963,-1.5705852365562554,-0.39160501915685597,1.7007892195487593,0.5585923522228439,-1.0764634536999689,-0.16600138123912,-0.6887343470995306,-0.1103268405641813;-1.4900325347271797,0.43521533496783926,-2.631585881010465,-0.4221819161645919,-0.800792651973986,0.3532794018949972,-0.6440778489302351,-1.3423890790778645,-1.1027615866567222,0.17398622291023974"
