Index,Fitness,Structure,Controller_Weights
0,1.9152589168453245,"0.0,0.0,1.0,4.0,4.0|1.0,3.0,1.0,1.0,1.0|1.0,3.0,4.0,0.0,2.0|3.0,0.0,3.0,0.0,0.0|3.0,1.0,4.0,0.0,0.0","[[-0.04863006 -1.31540742  0.62871024 ... -1.79249528 -0.48125176
  -0.27394752]
 [-0.57950647  0.09464691  0.12547997 ... -1.0951489  -0.04468151
   0.54149834]
 [ 0.14325219  0.55062774 -0.55696066 ... -0.14188647  0.45490568
   0.93173902]
 ...
 [-0.43495215 -0.61982063 -0.24924939 ... -0.92277381 -2.4394603
   0.13439662]
 [ 0.25043274 -2.44769873 -0.45099768 ...  0.13628676 -1.43221856
   0.97603629]
 [ 0.2229376  -1.03286594  0.32683686 ... -0.82135848  1.59526614
   0.42886268]];[ 0.80174373  0.70004048  0.95958837  0.8725069   1.41762338  1.31025824
 -0.37415351  0.36110202  0.72432159  0.89674871  0.12422416  0.11294261
 -1.45350039  1.82598533  0.12957379  1.19095451];[[ 1.92250806 -1.67632765 -0.48608775  0.25195915  1.45808335  1.64800567
  -1.03433194  0.74024522 -0.36131846  1.00905103 -0.76940604 -0.82857946
   0.81471887 -0.11566096 -0.640748   -1.4440634 ]
 [ 1.64789583  1.82351057 -0.70426172  0.34095999  0.1976371   1.76757312
  -1.35140386  0.28937731  0.23438616  1.3415485   0.73639221 -1.22045077
   0.66106096 -0.12024461 -0.65992954 -0.41581482]
 [-0.22970626 -1.62267702 -1.15437289  1.20847865 -0.45559328  0.21708739
  -0.55500537 -1.60120788 -0.46497838  1.88458243 -1.15572798  2.0820743
   1.23074354 -1.15387055 -0.4063088  -1.2712453 ]
 [ 0.57363715  0.04693222 -0.74541798 -0.8995121   1.65976608  0.26823152
  -0.88089242 -2.41842923 -0.11440395 -0.60805918 -0.63900013  0.54523116
   0.70019862 -0.73930743 -0.78902788 -0.37325193]
 [ 0.63555078 -0.78359305 -0.03633822  1.07986084  1.91773445  0.18994487
   0.04392287 -0.14452343 -0.48579004 -0.96177745  0.80124944 -0.068863
   0.57721035 -0.33835352 -2.58436    -0.06813576]
 [ 0.09796925  1.30429689  0.36899419  1.07627717 -0.05783852  0.10164924
   0.10228731 -0.57231278  1.14448956  1.03892925  0.4826004  -1.16118988
  -0.00414058  1.58564974 -0.15150165  0.1623933 ]
 [ 0.09585664 -1.00803559  0.44863425  1.71161207 -1.61169193 -0.08330944
  -0.79938059  0.23617837 -0.23019572 -1.56609261  1.14979472 -0.9435038
  -0.63415052 -1.26196674 -0.62963464  0.40265985]
 [ 0.20403342  0.19635247  0.60504359 -0.14174203 -0.95000462  0.88031397
   0.06495091  0.53685735  0.25665354 -1.05618978 -0.78106588  0.40327726
   0.06900438  0.302916   -0.62875259  1.42344245]
 [ 0.26544095 -0.59228842  0.66072288  1.58635933 -1.13000034 -0.39753256
   0.00808218 -0.26512957 -0.1157553  -0.07749432 -0.19445333 -2.38680072
  -0.86863051 -0.93585841 -2.14372376 -0.34390367]];[-0.92726387  1.96681358  0.75687616 -0.83154754  0.62789743  1.04774236
 -0.23685961  0.03476166 -0.40384002]"
1,1.8572059491512523,"0.0,0.0,1.0,4.0,3.0|1.0,3.0,1.0,3.0,1.0|1.0,2.0,4.0,0.0,2.0|2.0,0.0,3.0,0.0,0.0|3.0,1.0,4.0,3.0,0.0","[[ 1.28372298  1.77868069  0.45703629 ...  1.76990829  1.05485204
   0.57852052]
 [-1.35512884 -1.77692017 -1.59689271 ...  0.86245131 -0.72429309
   1.00436921]
 [-1.37616937 -0.50213819 -1.3974896  ... -0.68954746 -0.19670332
   0.85491966]
 ...
 [ 0.01961838 -0.83429724  1.16325715 ... -1.47506103 -1.48777786
  -0.35094537]
 [ 0.01083511  0.81241756  0.75892512 ...  0.13554169  1.2898315
  -0.42124872]
 [-1.06448483  1.43220992  0.88312471 ...  1.34499247  1.72993931
   0.63024405]];[-1.28262581  0.46395501  1.88531147  0.04094573  0.1609494   1.05696577
 -1.06429893 -0.18644458  0.10310845  0.71883789  0.13023189 -0.17170858
  0.24374171 -1.2428853   0.69935479  0.95949724];[[ 0.70774735 -0.89710116  0.11058938 -1.2461394  -0.66337139  0.10729309
   0.24724638  0.47931734  0.38411953  1.48248599 -0.88391539 -0.63621395
  -2.02522756  0.29037075 -1.883162   -1.34661888]
 [-0.14457631 -1.8796155  -1.60917488  0.40689243 -0.94879392  0.77839862
  -0.93859146  0.30654782  1.24108414  1.14297227  0.37883156 -0.1723414
  -0.52874275 -0.99131412 -0.83507814  0.75468535]
 [-0.34033127  0.70519763  1.96693435 -0.51928806  0.38791964 -0.3131338
  -0.88243096  1.3084471   0.11113241 -0.93049637 -1.70332608 -0.69183389
   0.29484037  0.57162831  0.11660998 -1.41908771]
 [ 2.15041056 -0.10674186  0.50418739 -0.60366866  1.20480628  0.339287
   0.8088235  -0.41898455  0.41279158 -0.34027449 -0.45961159  0.36486778
  -1.06991074 -0.08686285 -1.0176995  -0.63146464]
 [-0.49941455 -0.79980904  1.12283345  1.73672756  1.05817938  1.38040118
   0.84310938  0.39480579 -0.8506089  -1.43789379  1.03658937  0.60850084
   0.39918059 -0.04512949 -2.20225977 -1.03836847]
 [ 0.02549905 -1.10450292 -0.57279774  0.44783717  0.95763158 -0.15029543
  -0.74396604 -0.56664999 -1.34503807 -1.02128319 -0.67287271 -0.71705007
   0.51518966  0.5117109  -1.48156012  0.59211748]
 [ 1.23484102 -0.10870258 -0.99744068  1.66703196 -0.18343512  0.84314067
   0.21584421 -0.86690145 -0.15321756 -0.57287285 -0.9179887  -0.37601315
   1.82667768  0.76050942  0.14235493  0.50645448]
 [-0.24341849 -0.47837824 -1.19653137 -0.85170668 -0.85481057  1.991357
  -1.95352808  1.22583401  0.04617705 -1.11284491  0.29734649 -0.26293904
   0.26981607  0.10610333 -0.23234914 -1.09793377]
 [ 0.7626446  -0.79560559 -0.40053639  0.4227846  -1.43898666  0.34434943
   0.7568294  -0.94056373  1.38775449 -1.13139991 -1.47801622 -2.05592002
  -0.97192559 -0.06676979  0.30997211  0.8799541 ]];[-0.35962778  1.61620543 -0.75768628 -0.76884993 -1.07936689 -0.31854366
  1.23953962  0.41343992  0.75293642]"
2,1.847213113652089,"0.0,0.0,0.0,4.0,4.0|3.0,3.0,0.0,1.0,1.0|1.0,1.0,3.0,1.0,2.0|3.0,0.0,4.0,0.0,0.0|4.0,1.0,4.0,0.0,0.0","[[-0.19214665 -1.04383216  1.60510208 ... -0.06023776  0.15872742
  -0.4440754 ]
 [ 1.06075366  0.49196172 -0.82545119 ... -0.18044424 -0.50661028
   1.06106315]
 [-0.92703847 -0.15159555  0.69235232 ...  1.03481152 -0.72360684
  -0.46065234]
 ...
 [-0.04744252  0.3947542  -0.94219004 ... -0.62018212 -0.37960168
   0.41488468]
 [ 0.31161631  1.0362811   0.25685143 ... -2.39144197 -0.44045205
  -0.37411605]
 [ 1.18445333 -0.10680336  0.57641707 ...  0.61036256  0.24094902
  -0.73733675]];[ 1.10299336  0.18749205  0.60805933 -0.79960324  0.20690067 -0.34931095
  1.20377329  0.99666215  0.39313778 -0.32130284  1.55703583 -2.04651216
 -0.35208511 -1.02855966 -0.9472843   0.06198709];[[ 2.63173523e-02 -1.25974595e+00  7.92177275e-01 -6.36483502e-01
   3.04486731e-01  9.88272819e-01  2.86172727e-01 -5.43458432e-01
  -1.22511946e+00 -1.86683479e+00 -7.40598722e-01 -1.73955989e-01
  -1.80241692e-01 -1.92566149e-02 -1.00193473e+00 -8.97700173e-01]
 [ 3.22387916e-02 -6.42561001e-01  8.77502607e-01  7.46304392e-01
  -6.95241896e-01  4.84055503e-01  8.26435006e-01 -4.70416871e-01
  -6.69765982e-01  3.80744178e-01  1.83379374e+00  3.91933348e-01
   5.14384890e-01  3.56332423e-01 -8.06818194e-01  5.84694732e-01]
 [-9.60027498e-01 -1.86312911e+00  1.07002166e+00  4.90346227e-01
   1.14658504e+00 -1.51139213e-01  1.45688217e+00 -2.97014440e-01
   7.49809045e-02 -4.88082682e-01  8.20442081e-01  7.96395410e-01
  -2.42925550e-02  8.91003880e-01 -9.98419306e-01 -5.82070996e-01]
 [ 7.27985031e-01 -6.76731215e-01 -8.26467398e-01 -4.78853804e-01
  -9.73927333e-01 -1.23296058e+00 -8.87349732e-01 -5.83317230e-01
   9.24485374e-02  1.17776720e+00  4.59553683e-01  2.16878164e-01
   1.83456782e-01  1.22407863e+00  1.12801922e+00  1.61438805e-01]
 [ 3.67415164e-01 -1.56540199e+00  1.19976824e+00  5.57643600e-02
  -1.13061993e+00 -1.75497594e-01 -7.56338971e-01 -1.96795804e+00
   1.35104029e+00  1.64073222e+00  3.61076438e-01  3.38447573e-01
   1.57390406e+00 -2.64309928e-01  6.70789084e-01  8.84451844e-01]
 [ 9.62744044e-02 -1.40200564e+00 -4.25251030e-01 -1.71546003e-01
   8.56531639e-01 -4.94481732e-02 -3.65080405e-02  1.69651970e+00
   5.94265051e-01  8.43505250e-01 -8.38374563e-01 -9.67898449e-01
   2.08873049e-01  3.78704338e-01  1.73740490e-01  2.42728082e-01]
 [ 1.68131754e-01 -1.17839167e+00 -1.03544038e+00 -1.19711251e-03
   1.06594077e+00 -5.95320475e-01 -3.07215400e-01 -4.71686468e-01
   1.25099857e-01 -8.68202870e-02 -5.12360859e-01 -6.18314582e-01
   1.42504609e+00  5.04944999e-01 -2.01770482e+00 -7.77720479e-01]
 [-3.17447467e-01 -2.07301997e-01 -1.01934963e+00 -3.09716920e-01
  -7.48647860e-01  7.07685897e-01 -1.80585715e-02  1.08920178e-01
   3.71596944e-01  7.31806491e-01  4.26861979e-01 -2.17700134e+00
   1.20978593e+00  1.28343304e+00  5.99890920e-01  4.04527121e-01]
 [-3.60791136e-01 -4.28567043e-01 -1.59715567e+00  2.39514912e+00
   8.54403415e-01 -2.29515215e+00  3.20181462e-01 -3.50112797e-01
   1.19435288e+00  1.45763870e+00 -1.71744069e+00  1.04901112e+00
  -5.23557751e-01 -3.51906175e-01  9.24679822e-01 -5.39932153e-01]];[-0.08367721 -1.15763273  0.12987108  0.14373477 -0.65646336  0.23965187
  1.34398346 -2.02869077  0.0509346 ]"
3,1.8470338003384859,"0.0,0.0,0.0,4.0,4.0|3.0,3.0,0.0,3.0,1.0|1.0,1.0,4.0,2.0,2.0|3.0,0.0,4.0,0.0,0.0|3.0,1.0,2.0,0.0,0.0","[[ 0.0186799   1.14703361  0.22899112 ...  0.83891548 -1.12137417
  -1.0636238 ]
 [ 2.72835792  1.57163141  0.11046824 ... -0.26782493 -0.07281502
   1.13824349]
 [ 1.56881777  0.73675151  0.83496483 ...  1.12263293 -1.08925663
   0.09802741]
 ...
 [ 0.36884431  1.41250991  1.21445458 ...  0.21695322 -0.96704442
   0.72327293]
 [-0.47091243  1.30586629  1.43266653 ...  0.61647706  0.41650098
   0.29339601]
 [ 1.03653264  1.37009002  0.01346237 ...  0.94158287 -0.26421222
   1.83960045]];[-0.94142265  0.63812846 -1.88805436 -1.56014985  1.83260796 -0.66999696
 -0.96392023  0.82393178 -0.48035074  0.84597707  0.06814032 -1.09170148
 -1.33739382 -0.38062269 -1.09810346 -1.64935751];[[-0.43347183 -1.21607897 -0.1766074  -1.60550077  1.2121033   0.98736693
   0.86335789 -1.39591762  0.09105555 -1.21567856 -1.17638166  0.62146046
   1.63424791 -0.15774896  0.22062701  0.17330043]
 [-0.20924803 -0.05719398 -0.63664514  0.40009117  0.55039895  1.97720434
   1.17231811  1.25624733  0.7756322   0.81222715 -0.17197207  0.98097062
   0.78005014  1.40510324  0.25549173 -0.08327332]
 [-0.6244201  -0.35644543  1.51243681  0.34705716  0.52105689 -1.39744556
   0.95244553  0.55409417 -0.11271044  0.13466377  0.17190652 -1.56083562
  -0.2408103   0.28829004  0.38028146  0.58492377]
 [ 0.79487767 -0.25270015 -0.29767234  0.50166944  0.02079292 -1.56619982
  -0.26885781 -0.14723944 -0.29394948 -0.17225274  1.73083075 -0.68279884
   0.81963533  1.4311953  -0.44129344 -0.8104312 ]
 [-0.30984089  1.50261707 -0.31379791  0.23986041 -0.11883067  1.37862065
   0.67343307  0.03611422  0.48566599 -0.44709016 -0.09284416  0.67073741
   0.16283978 -1.41281475  0.84424583 -1.38142501]
 [-1.76567814 -0.17540984  1.19098884 -1.06172458 -0.09260233  0.0690279
   1.25331068  0.96572349 -0.06799879  0.14005446  0.37272911 -0.13823485
  -1.25307443  0.68886911 -0.18627249 -0.22636391]
 [-0.19390609  2.13831257 -1.03664226 -1.09089    -0.30844895 -0.85394731
   1.98107752 -0.5742568   1.39382842 -2.34490831 -1.35337642 -0.20949131
  -0.63888852 -0.29968733 -0.09536361 -1.45429301]
 [-1.78072203 -0.16969544 -0.53773747  0.25364882 -0.63937823 -0.60254782
  -1.22506097  2.27411294 -0.19294633 -0.39808605 -0.74820406 -0.27658156
   1.05068933  0.92948528  1.29012516  0.27032945]
 [ 0.36721069 -0.38705398  0.49459632  1.89998364  0.05347461  0.52257169
   1.02243353  0.7034441   1.10977938 -1.43082781  0.24343274  1.12929795
  -0.21236492 -0.11861808  0.98916926 -1.34061013]];[-0.64311751 -1.45450241 -1.8598916  -1.54337617  0.00281231  0.78626706
 -0.27899096 -0.17391865  1.49490719]"
4,1.8348416057967583,"0.0,0.0,4.0,4.0,4.0|1.0,3.0,1.0,1.0,1.0|2.0,2.0,4.0,0.0,2.0|3.0,0.0,1.0,0.0,0.0|0.0,1.0,4.0,0.0,0.0","[[-1.00078175 -1.09523383 -1.31844488 ... -0.89034959 -2.6599597
  -1.99650988]
 [ 1.75037057 -0.31183734 -1.69698637 ...  1.32057727  1.35827109
   0.56770291]
 [-0.46424268 -1.94938432 -0.99568073 ...  0.93802607 -0.31342393
   1.34347689]
 ...
 [ 0.34258404  0.60988993  2.20120201 ... -0.05617851  0.57676392
  -1.99852259]
 [ 1.40049507 -0.79772224 -0.33112728 ...  0.88598411 -0.1091864
  -0.48647001]
 [-0.45501984 -2.87092517 -1.20036614 ...  2.08472808 -0.74463022
  -1.29074703]];[ 1.01510647  1.4270471   0.01502822  0.81472392  0.80103427 -0.0592416
 -1.38558106  0.42714246  0.94074605 -0.22668603  0.1140301  -0.27400256
  0.45926199 -1.10174508 -0.28472113 -1.10264441];[[-1.09075085  0.50934013 -0.58403132 -1.41694863  0.09679307 -2.15409761
   0.0765121   0.4570198  -0.62166618  0.85195481  0.04268821  0.85447689
  -1.55171314 -0.19169438 -0.94627462  0.25878246]
 [-0.71388036  0.01162707  0.55749781 -1.07646821  0.97467185  2.03724447
   0.39196038 -0.468665   -0.8300622  -0.46918007  1.69598664 -0.88415644
   0.56574483  0.85306223 -1.23937443  0.05290141]
 [ 1.17820523  0.49965623  0.76553499 -0.60682186  0.34148502  0.38914421
   0.29796761  0.02292504  0.91499943  1.55664102  1.53051917  0.02294504
   0.47576795 -1.26500245 -0.38277262  0.90138897]
 [-0.32255007  1.75254751 -0.15042372 -1.78925116  0.345895    1.43250412
  -0.68944565 -0.1738709   0.33247295 -1.56328239  0.46759199  1.2247169
   0.65073056 -0.2608965  -0.24550466 -0.12614607]
 [ 0.5082389   0.24237464 -0.35400041  0.79998962 -1.10992588  0.30216996
   0.44743295  0.51110642  0.21851549 -0.48235856 -0.41881325  1.19092055
   0.36854166 -0.40397642  0.66637778  0.62700941]
 [-1.59800724 -0.61123365  0.57206983 -0.77414761 -0.42639594 -0.75937453
   0.52639195 -0.53521769 -0.90205972  0.09206035 -1.00741726 -0.77834822
   0.87757394  0.62059621 -1.01979945 -0.02006372]
 [-0.20694861 -1.22462374  1.04981619  3.22053704  1.47403033  0.82873994
   0.5996003   0.39144417 -0.4400655   0.00712105 -1.44835614  0.0357114
   0.77832595  1.93916666  0.46752159 -0.82774987]];[-3.37791934  0.26741468 -0.11548571  1.25598838 -2.30473609  0.0655617
  0.35503825]"
5,1.807562458045735,"3.0,0.0,0.0,4.0,4.0|3.0,3.0,1.0,1.0,1.0|1.0,3.0,3.0,0.0,2.0|3.0,0.0,3.0,0.0,0.0|4.0,1.0,4.0,0.0,0.0","[[ 1.48269672  0.48562905  0.80444593 ... -0.57349304 -0.37755197
  -0.21711834]
 [-1.58840516  0.82771311  0.11669255 ...  0.35541245 -0.02333871
  -0.96930177]
 [ 0.15476365 -0.26078393 -0.0324684  ...  0.33583899 -1.13810361
   0.00449032]
 ...
 [ 1.15614362  0.25099846  0.72234944 ... -0.37584943 -1.54496513
  -1.04068053]
 [ 1.71829122 -0.13240894  0.96413535 ... -0.16976017 -0.05005154
  -1.25197781]
 [ 0.18834081  0.2537281   0.96190686 ... -1.13818661  0.58286202
  -0.63607863]];[ 0.00948504 -1.34722583  0.58939138  0.1024484  -1.7748045  -0.27028533
  2.38720567  0.11871474  0.28629994  1.37418936  0.50256416 -0.05053149
  0.96671167 -1.71590024  0.09995961  0.70856228];[[ 2.37902972e-01 -1.74497995e-02 -2.83032133e-01 -3.83987578e+00
  -1.97598113e+00 -5.27676626e-01 -7.49930803e-01  1.01142213e-01
  -2.92276646e+00 -5.71227310e-02  1.54652810e+00  5.65448664e-01
  -4.59378958e-01 -5.35290227e-01 -2.41528346e-01  1.10304268e+00]
 [-9.54403848e-01  4.95716885e-01  1.11711933e+00 -2.00395040e+00
   2.04762925e-01 -2.09909893e-01  6.21049092e-01 -2.85110933e-01
  -5.27395589e-01 -5.79282819e-01  9.53157925e-01  1.00460808e+00
   1.60818052e+00 -1.06560437e-01 -7.86086363e-01 -6.38770239e-02]
 [ 3.56455719e-01  6.05899326e-01  4.90411212e-01  5.50361604e-02
   2.08880504e+00 -8.23189874e-01 -1.32348406e-02 -7.68556379e-01
  -4.54312303e-01 -6.51595096e-01 -7.62926862e-01  1.12658760e+00
  -9.48621159e-01  1.84318704e+00  1.99888204e+00 -6.25740923e-01]
 [-2.82704201e-01 -3.54271392e-01 -8.06139288e-01  1.74743300e+00
   1.92510464e-01 -3.23572847e-01  5.35175647e-01 -1.98631293e-01
   1.15523589e+00  1.66067122e+00 -9.00301492e-02 -1.10703644e-01
   5.22279488e-01  6.38537576e-01  2.46778319e-02  1.96025426e-03]
 [ 5.47807469e-01  1.02238259e+00  2.18213509e+00 -7.63715310e-01
  -5.30880678e-01 -3.54150014e-01  8.74458939e-01 -1.41454990e+00
   4.03335168e-01  5.69921359e-01  9.60452216e-01  2.19055989e+00
   2.13499530e+00  2.76095437e-01 -1.76153502e-01  6.73846188e-01]
 [ 3.58063488e-01  2.33713843e-01  1.33981643e+00  1.10844548e+00
   1.19166860e+00  9.60929854e-01  1.57317645e-01  1.19680528e+00
  -6.22661508e-02  2.84745399e+00  3.76032577e-02  6.99634348e-01
  -2.03702319e-01 -8.89852280e-01  1.10662613e+00  1.09330691e+00]
 [ 7.36054308e-01 -8.31421802e-01  7.46002025e-01  1.20344223e+00
   4.95951860e-01  5.80148284e-01  1.10438241e+00  3.58831028e-01
  -1.54959108e+00  9.06695041e-01 -1.69200186e+00 -1.61215237e+00
  -5.02436566e-01  3.58988918e-01  1.51707336e-01  8.15447584e-01]
 [ 2.91556420e-01 -2.10240295e-01 -6.71409818e-01  2.81164113e-01
  -7.25950103e-01  3.97640608e-01 -7.63228420e-01  1.40674579e+00
  -8.14898391e-01  1.03896814e+00 -7.32003185e-01  6.48818197e-01
  -2.01418500e-01  2.33329182e-01 -1.00724150e+00 -1.15277352e+00]
 [-8.02433277e-01  2.87705903e+00 -5.56868633e-01  7.34332198e-01
  -2.07017394e+00  9.07536178e-01  1.07058142e+00 -7.94865108e-01
   1.42506684e-01 -4.46116415e-01 -1.11467161e+00 -4.23334043e-01
   1.28697273e+00  1.04627016e-01 -6.36568107e-01  1.05726256e+00]
 [-1.35473171e-01  1.14011495e+00 -1.19476764e+00 -1.04299366e+00
   1.04298756e+00  6.36013702e-01 -1.42353126e+00 -5.28330945e-01
  -8.92219303e-01  1.55319961e-01  6.82549763e-01 -8.15001950e-01
   3.31297299e+00 -1.65593197e-01  5.65142539e-01 -7.70783574e-01]
 [-3.68148477e-01  5.97879789e-01 -1.70698159e-01 -4.22726603e-01
  -6.80006260e-01 -1.37428220e-01  7.62112230e-01  1.93248212e-01
  -1.20373664e+00  3.02584130e-02 -4.81526257e-01 -1.07811539e+00
   1.20181512e+00 -6.63251909e-01  1.18615220e-01 -6.05256091e-01]];[ 1.7076304  -1.78445455  0.82217525 -0.77348665  0.21481092  0.93479161
  0.65336927 -2.27542859 -0.98656998 -0.64799435  1.88076632]"
6,1.7912592872161868,"0.0,4.0,0.0,4.0,4.0|1.0,3.0,0.0,1.0,1.0|4.0,1.0,2.0,1.0,1.0|3.0,0.0,4.0,0.0,0.0|4.0,1.0,4.0,0.0,0.0","[[-0.57818658 -1.24958416 -0.25911494 ... -0.37825064 -0.55083549
  -0.01733405]
 [ 0.78147985  0.41725466 -0.0684797  ... -0.41551161 -0.53021852
   0.0695777 ]
 [ 1.01965996  0.29902689  1.63557057 ... -0.04642742  1.23731135
  -2.33158911]
 ...
 [-0.27097952 -0.81084985  0.01574282 ...  0.02154463  0.1181713
  -1.13856403]
 [ 0.55441323 -0.31708001 -0.18015328 ... -0.87522299  1.35553678
   2.17621592]
 [ 0.14066107 -1.94058153  0.22521568 ... -2.33811288 -0.28707558
  -0.09184897]];[-1.31727954  0.57799636  0.96068805  0.47502919 -1.80271031  1.14433142
  0.9241199  -2.03580765  1.48253756  0.5329414  -1.04085117 -0.7252635
  0.03237476  0.31333566 -0.47340124  1.20886538];[[-0.30641749  0.62366907  0.86103296  1.28219588  0.74771672 -0.29328253
  -0.7351346   0.11869701  0.07600354  0.43581637 -1.97375552 -1.73905452
   0.1101417   0.48058408 -1.06170889  0.71683972]
 [ 0.32014569 -2.49806264 -0.0458314  -1.91077833  0.04787652 -0.28527639
   1.54284537  0.74827772 -0.28655465 -0.94762472  0.04246274 -0.56528023
  -1.26704175 -0.7000494   0.00404367  2.32886109]
 [ 0.6382547   0.06896313  2.1653468   1.09325731  2.035192    1.07833875
   1.05224292  0.7464401  -0.34285511 -0.69969218 -1.49670418 -1.08086978
   0.23897075  0.14259181  0.63979232 -0.19067671]
 [ 0.49875542 -0.69380016 -0.24207325 -2.14398386  0.15719591 -0.04174026
  -0.10477422 -0.60821417 -0.78741315  0.50038852 -2.12445192 -0.96706591
  -0.06395804 -0.05644817 -0.24111363 -0.98854899]
 [ 0.13729046  0.17974278  0.28158077  0.26212505  0.24781756 -2.22864826
   0.24635785  0.82161366  0.60102297  0.80453522 -0.65608638 -0.23468137
  -2.12698504  2.1336731  -1.88798803  0.01010812]
 [-0.54603733  0.53949697 -1.20185123 -0.0362055  -0.1092916   0.82732984
   0.22394816  0.82858259  0.05106115 -0.99780263 -0.01876291  1.24831263
   0.09631555 -0.12166087  1.27857464 -1.98875871]
 [ 1.48326885 -0.26744111 -0.06516044  0.40916381 -0.68610444 -0.61350461
   0.55648368  2.19519346  0.07002901  0.89086392  0.97911254 -0.01903467
  -0.04454867 -0.61499647  0.56126544  0.80950763]
 [ 2.24405252  0.7810425  -1.52009513  0.03293909 -0.36406519  1.18025752
   0.26894284 -0.50437733  0.26404676  0.13385547  1.4197807   1.18128963
  -0.15501605 -0.34976414 -0.70093007  0.87557091]
 [-0.24327786  0.82420411  0.22897383 -0.37315235 -0.6232237  -1.31682146
   1.57410657 -2.46929808 -0.27206715  0.86430119  1.63200302 -0.21969708
   1.26133873 -1.56416214 -1.33546146  0.36847334]];[ 0.3964498  -0.52854355  1.07433391  0.7808489   1.34529996  1.69901232
 -0.18281576 -0.10634591  0.68872586]"
7,1.7499729445337382,"2.0,3.0,4.0,1.0,1.0|0.0,2.0,2.0,0.0,0.0|0.0,4.0,1.0,2.0,2.0|4.0,2.0,3.0,1.0,3.0|1.0,4.0,4.0,0.0,0.0","[[-1.2054627   1.86207325 -0.17221355 ... -1.51563383  0.2104066
  -0.34774977]
 [-0.55860026  0.7080322  -1.60875193 ... -0.4426958   2.50296084
  -2.45868302]
 [ 2.23790133 -1.24289606 -0.76070281 ... -1.46012573  0.28404181
   1.03009183]
 ...
 [-0.15771992  0.86223609 -0.30352918 ... -0.13413486 -0.98071031
  -2.26743422]
 [-0.77698259 -0.86222775  0.05908834 ...  0.70104643  0.88619655
   0.04729405]
 [-1.17698027  0.42785925 -0.75103325 ... -0.11710999  0.60562445
  -0.65482983]];[ 2.04760767 -0.30947576  2.03153468  0.93182378  0.3249469  -1.72743509
  0.11115906 -0.56057644  0.50554591  1.43274138  0.81277273 -0.93393276
 -0.65586014  1.3638388  -0.70522349  0.08511688];[[ 8.35674896e-02  1.38608459e+00 -2.34874815e-01 -8.89158462e-01
   2.17721441e+00 -4.36791856e-02 -1.27614938e+00  8.44585228e-02
   1.86236615e+00 -1.13585684e+00 -4.57154164e-01 -3.70453733e-01
   1.72989987e+00  6.57793938e-01  5.07094994e-01 -3.55179096e-01]
 [ 9.32192699e-02  1.04018293e+00  2.17760968e-01  4.52659052e-01
   3.54579604e-01  4.78796687e-01  2.52278389e-02  2.13237146e-01
   3.97830216e-01 -1.21440092e+00  4.24002372e-01 -2.88751846e-01
   3.39387876e-01 -1.99914008e-01  2.70442055e-01  2.21025175e-01]
 [ 2.79925514e-01 -1.69325192e-01  1.06427709e+00 -2.22992853e+00
   9.73192929e-01  1.30360307e+00 -2.43104816e+00 -1.57748655e+00
   1.47983150e+00  2.23808981e+00 -1.30082610e-01 -1.07061480e+00
  -3.00303771e-01  1.94739689e+00 -4.02764226e-01  4.70323119e-01]
 [ 1.42630931e+00  2.27962164e-01 -9.60900917e-01  5.80156754e-01
   9.69026518e-01 -1.10593810e+00 -2.76120172e+00  1.93353197e+00
   6.06582661e-01  7.49972967e-01 -8.80906515e-01 -1.43912776e-01
   2.18929689e-01  5.95645745e-01 -3.57530994e-01 -4.75655000e-01]
 [-1.37576582e+00 -1.07581551e+00  9.10221167e-01 -2.63193270e-01
  -1.52757820e+00 -2.82978934e-01 -6.29742132e-01  3.18939059e-01
  -6.09304871e-01  3.55122771e-01  1.18366085e+00 -2.94823416e-01
   8.32167219e-01 -1.05396666e-01 -6.04857852e-01  1.15566270e+00]
 [-7.63853358e-01  3.64439698e-01  8.38415785e-02 -5.73334051e-01
  -1.05453783e+00 -1.81562057e+00 -6.46443759e-03 -8.84478148e-01
   2.11725316e+00 -3.03481788e-04  1.41993933e+00 -1.94564431e+00
   1.13578009e+00  9.80183329e-01 -8.66191806e-02  4.75489546e-01]
 [ 3.67001715e+00 -6.69628990e-02  1.12524492e+00 -8.49300969e-01
  -6.28997478e-01 -1.53129960e+00 -3.19541183e-01  5.67010399e-01
  -2.25096580e-01 -4.45289498e-02  5.85275768e-01 -4.94198949e-01
   9.57186003e-01  1.30737279e+00  1.26300637e-01  9.24911921e-01]
 [ 3.39837080e-01  3.45567120e-01  1.17094910e-01 -5.67878142e-01
   3.22649567e-01 -1.04150396e+00  1.89738175e+00 -2.21560270e-01
   1.54711710e+00  7.24170156e-01 -1.10274657e+00  1.79199805e+00
  -1.43847336e+00  3.25880878e-01  8.09055939e-01  6.77929360e-01]];[ 0.24160863  1.13249296  0.68496709 -0.82105522 -3.06264969 -1.87337223
 -0.28731545 -0.72863323]"
8,1.714503811169641,"2.0,3.0,4.0,2.0,1.0|1.0,2.0,2.0,0.0,0.0|0.0,2.0,3.0,2.0,4.0|4.0,2.0,4.0,3.0,3.0|1.0,2.0,4.0,0.0,3.0","[[-0.17047813  1.09654906 -0.2082442  ... -2.14223935  1.53469222
  -0.38692833]
 [-0.37381811  0.44348871 -1.80760113 ...  0.87449517  0.2226154
   0.81333949]
 [ 0.2934453   1.30504377 -1.80706493 ...  1.18150902  1.08687467
   1.21218071]
 ...
 [-0.33646184 -0.47750884 -1.80587561 ... -0.7997189   0.8081247
   2.27893367]
 [ 1.58488938  1.1047105  -0.62737019 ...  0.187111    1.30668649
   2.13071303]
 [ 1.73024969 -0.25833101  0.74375516 ...  1.26236053 -0.97471027
   0.19059158]];[-0.28306294 -0.18142603  0.06464023 -0.87425671  1.25782299  1.01499448
  0.88784789 -0.29466985  0.01214451  1.27324982  1.62628102 -0.83101232
 -0.21941127  2.49071115 -1.23260747 -0.1099739 ];[[-1.4553482   0.03948446  0.53759754 -0.39650016 -2.4730598   0.3550508
  -0.33396577 -0.01356    -0.11545234  0.34508656  0.94143743  1.36273612
  -1.32780553 -0.16498491  0.65012731  0.15076685]
 [ 1.37977686 -0.02877609 -0.62225877  0.90489587 -0.50507924  0.32513897
   0.70508656  0.51391763 -0.16260558 -0.98709482 -0.60139935  1.21560975
  -0.79811841  1.59636582  1.10006512 -1.06183762]
 [-0.65107485 -1.28384359  0.74130185  0.48593278  0.13196004  0.96909919
   2.20271059  0.08250946 -0.14930357 -1.43811308  0.10574349  0.71282626
   0.79526803 -0.28279959 -0.69245171  1.49614597]
 [ 0.98105637  1.99964054  0.24170082 -0.52893822  0.33689704  0.15022338
   1.24701935 -1.06784901  0.80304784  1.2963935  -0.10550157 -0.27618163
  -0.41162121  1.33198547  1.0801439   1.19459067]
 [ 0.5512982   1.8034601   0.5801576  -0.09475618  2.15954179 -1.11420679
  -1.41514597  1.21015708  0.28424887 -0.63562434  0.83968516 -0.13560975
   0.98622776 -1.06171672  0.04123467  1.97329925]
 [-0.15639651 -0.98817627 -0.24748677 -2.07185351  0.10705173 -0.00477838
   1.2642055  -0.70630882  1.02555355 -0.73578071 -0.67347143 -0.5751552
   1.72754802 -0.29176996  0.46895998 -0.08657698]
 [ 0.43735938 -1.12946147 -0.20679358 -0.46705361  0.44230495  0.5536156
  -0.72232866  2.74217237 -1.32580322  0.27484599 -0.75844771  0.12760163
  -0.78965771  1.96356418 -1.13141322  1.96045304]
 [-1.03926732 -0.60530498 -0.3767843   3.09964024  0.94842965  0.76994256
   0.20666227 -0.70876736 -0.19451811  1.55711472 -0.18657877 -0.27173601
   1.56055416  0.13370836  1.23476908  0.24461384]
 [-1.1767159  -0.38736735 -0.58705304 -1.23650768 -0.81261566 -1.02722425
   0.65631893 -1.68248167  0.5901911   0.27119897  0.40110613 -0.50508624
  -0.2931022   1.86507282 -0.71660741  0.63489778]
 [-0.40315065 -1.35330684  0.4247457   2.1856096  -0.06465548 -0.03073438
   0.89584994 -0.65317469 -0.73563485 -0.57557971 -0.2326033  -2.05365728
  -0.14665373 -1.38330889  0.16015714 -1.42409639]];[-1.25758286  0.7287209  -1.39916607  1.42079509 -1.92574589 -0.35587625
 -0.20427482 -0.41996464 -0.03368594 -1.7768258 ]"
9,1.6833230548526303,"0.0,3.0,2.0,1.0,1.0|4.0,2.0,0.0,1.0,1.0|3.0,0.0,4.0,1.0,3.0|2.0,4.0,4.0,1.0,3.0|0.0,1.0,3.0,2.0,4.0","[[-1.07522801  1.24414223 -0.43597152 ... -0.3138567   0.98523702
  -1.00694999]
 [-0.65929657 -0.36804454 -0.29805277 ... -2.54439338 -0.64552622
  -1.60923979]
 [-0.44007485 -0.82525375 -0.33987704 ...  1.21877435 -0.92900187
  -1.03109812]
 ...
 [ 0.88356981  0.25301698  1.89771944 ...  1.00653588 -0.24693433
  -1.4919214 ]
 [ 0.83502013  1.62453901  1.00124787 ... -0.20783715 -0.15195623
  -1.02936821]
 [ 1.547296   -0.19695262  2.16582906 ...  0.67998363  2.40679582
   0.10090934]];[-0.12461552  0.66905482 -0.11013466 -0.1894143   0.11966627 -0.38830015
  0.26616757 -0.69119803 -0.29813272  0.01034262  0.56907345  1.44494986
  0.35582243 -0.6238764  -0.45955439 -1.19915625];[[-0.25492328 -0.27057474 -0.43806019  0.62501413 -2.08291648 -0.06082993
  -0.35139442  0.02030635  0.96498697  1.4362045  -0.06185072 -0.2631141
  -0.5605611  -1.96724052 -1.40648592  0.60043556]
 [-1.31802726 -2.42695901  0.55262276  0.2451925  -0.63406849 -1.61232081
  -3.29045582  0.18533722  0.19753062 -0.36197942  1.88678929  1.19741647
   0.7758368   1.52858752 -1.08071673  1.95467098]
 [-0.42276839 -0.6428227   0.46068899  0.00707466 -1.42778487 -0.34324633
   0.52591537 -0.1808761   1.24141535 -0.73615114 -1.21515156  0.03503473
  -2.23424146  0.98935049 -0.6013486   1.47409847]
 [-2.24030442  0.7097388   0.17132536 -0.07814314  0.92816684  0.05043889
  -0.60292823  0.89244336  1.02225563  0.30966165 -1.05120062  0.29421834
  -0.39302341 -1.57301707  0.11423711  2.76398829]
 [-1.70053488  0.25304701 -0.37750056 -0.32945677  1.21897229 -1.81673679
   0.99409437  1.62278309 -0.28321536  1.61759139 -0.60385314  0.67295132
  -0.10757517 -1.33707351 -1.69615055 -0.46897757]
 [ 0.14243017  0.51497704 -0.48363151  0.69410645 -0.17732828 -0.24097055
  -0.52756963 -0.0238173  -0.32910191  1.78972666  0.30375137  3.42329777
   0.45971002 -1.96262297  0.87486283 -1.05941018]
 [ 1.32335301  0.36239618 -1.31525658 -1.5739578  -0.60058063 -1.23847086
   0.9032296   0.58853937  1.35571252  1.86149749  0.01056793  1.05091131
   0.51465728 -0.78900411  0.04465452  0.7603139 ]
 [ 0.81489788  0.88141306  0.63302791 -0.20477113 -0.44269041  1.4296702
  -0.42629165  0.55720581 -0.22392746  2.01993884 -0.58148276 -0.31228209
   0.15688095 -1.38677773 -1.49436809  0.33857059]
 [-0.52101032 -1.64677603 -1.37159    -0.75940322  0.75194964  0.99170042
   0.25624683  0.36482569  0.27943595 -1.62834786  0.86334731 -0.81538079
   1.21901531 -2.66598793 -1.31749592  0.08754877]
 [ 1.55139189  0.7519615   1.17405895 -0.52101289 -0.20631917  0.49128829
  -1.43880399  1.50721644  1.22414267 -0.39927363 -1.39552999  0.17931791
  -0.77654745 -0.92776408  0.61665702  0.21538356]];[-1.02037932 -1.52855081 -0.7568208  -0.80492344  3.68066553  1.48262402
  0.3019523   1.54779314 -2.07788348  0.90553166]"
10,0.01589803725022859,"0.0,3.0,2.0,1.0,1.0|4.0,2.0,0.0,1.0,1.0|3.0,3.0,4.0,3.0,3.0|2.0,1.0,4.0,1.0,3.0|2.0,1.0,3.0,2.0,3.0","[[ 0.46912471 -0.96442046 -0.03295994 ... -1.26768557 -0.487194
  -1.43775617]
 [ 0.72311733 -0.17050515  1.67755337 ...  0.37932023 -0.36254642
  -1.01706901]
 [-1.89486949  2.31835597 -0.39906372 ... -0.28314692 -0.28273311
  -0.28826389]
 ...
 [ 0.90916855  0.28075541  1.61679344 ... -0.46919352 -0.1529537
   0.47892362]
 [-0.73125454  0.87036876 -0.44991882 ... -0.66755143  0.45479645
  -0.86324476]
 [ 0.40373053 -0.52799297 -1.42781778 ...  0.02166962  0.59603337
   0.90096427]];[-1.72851412 -0.22477372 -1.67310743  0.71977652  0.61401659 -0.17176221
  0.46155807 -0.62319787  0.64750352  0.50261065  1.89830941  0.69117474
  0.2674084   0.94076983 -0.94563705 -0.50999364];[[ 0.65294453 -0.22559066  0.37515089  0.38383187  0.71327164  0.45492398
  -1.07120716 -0.6258306  -0.1033654   0.25156575 -1.29853716  0.1352702
   0.66338431 -0.40057296  0.19997493  0.02067795]
 [-2.43612789 -0.15986737  0.19474006  1.07116551  1.69802336 -0.8470127
  -0.73730127 -1.44137362 -0.33822339 -1.54818889 -2.3211594   0.00751128
  -0.67330706 -0.90543463  0.34310256 -0.04915883]
 [ 0.19155892 -0.21788042 -0.59428158 -1.1777477   1.03960514 -0.6036815
  -1.35800226 -1.35711886 -0.25023705  0.06921678  0.25794222 -0.60598693
  -0.6557742   0.11175519  0.84408138  0.97399212]
 [ 0.82696424 -2.74150989  1.65351099  0.41530455 -1.11027329 -1.59913133
   0.86207529  0.32606807 -0.84073654  1.01054305  1.01621129 -1.16106745
   0.51493397 -0.26088113  1.57874344  0.27025517]
 [-0.0739759  -0.51047702 -0.62229615  0.79086808 -0.77246951  0.27737318
   0.6685259  -0.03464642 -0.84641185  0.92777672  0.66493925 -0.20090584
   0.28156532 -0.84277586  0.24987844  0.25487882]
 [-0.3926638  -0.2858728   1.25599632  0.07031146 -1.50654766  2.04968682
   0.89613677  0.94677473  0.61133228  0.08402072 -0.32876322 -0.16107274
   0.25395493  0.98300577 -1.51029553  3.39735682]
 [ 1.09646538 -2.00124589  1.22404218 -1.20082524 -0.2654729  -0.62530192
   0.39029064 -4.37823893  0.49427026  0.7442719  -0.78830089  0.83542652
   0.87582145 -0.46028529 -0.31506034 -1.54162773]
 [-0.34749643 -0.81425542  0.16839109 -0.44146704  0.14275989  1.73764155
  -1.70240867  0.10725521 -0.76657324 -0.7814395   0.79388565  0.25505653
  -0.4866499  -0.02413637 -0.27983237  0.11678717]
 [ 0.53193415  0.16505275 -0.08309713 -0.59955892 -1.38037147  1.89540837
  -0.06264508  0.37923744 -1.19834094 -0.08358266  1.34039973  1.34652736
  -0.87462965  1.79426511 -0.41358978  1.08625195]
 [-0.87150444 -0.33534596  0.3875859  -1.12739049  0.33117778 -1.00688287
   1.4471131   0.06681608 -1.17155296 -1.63626477  0.60227746  0.80640034
  -0.57073233  2.57524672 -2.68384116  0.5190541 ]
 [-0.72900168  0.94404969  0.51505673  0.3751322  -0.91609896  0.54113412
  -0.63339827  0.60860157 -1.36203549  1.20290715 -0.0791453   0.28583709
  -1.75288872  0.04043439 -0.93895632 -0.33534119]];[-1.46062665 -0.21345015  0.79667162 -0.38014803  0.64946195 -0.92043227
 -0.25619865 -0.63773477  0.45867811  0.03934765 -0.96864275]"
11,0.01078435367156555,"1.0,3.0,2.0,1.0,1.0|4.0,2.0,0.0,1.0,0.0|1.0,2.0,4.0,1.0,3.0|2.0,3.0,4.0,1.0,3.0|0.0,1.0,3.0,2.0,4.0","[[ 1.39763947  1.00471363  0.57718918 ... -0.2462923  -0.27210443
  -0.14558399]
 [ 0.53481134 -0.02522738 -0.86303973 ...  0.91680535 -1.47103403
   0.71272774]
 [-0.05574665  0.03774294  1.35100702 ...  0.4238157   0.17540512
   0.26522429]
 ...
 [ 1.40152723  0.18223681  1.77329291 ...  1.84034786  0.70493482
  -0.45336263]
 [ 0.28834965 -0.52749701 -2.21008435 ...  0.14819174  1.77706484
   0.60845212]
 [-0.76180505 -0.00508573 -0.45338567 ... -0.60716155  0.80924588
   0.99909491]];[ 0.62496924  1.1531143   1.83332525 -0.54784858 -0.75622113 -0.4298856
  0.67895616  1.04376439  0.85182816  0.35088928 -1.33713193  1.20534635
 -0.15721383  0.42642833 -1.30506293 -0.7643274 ];[[-0.48028359 -0.60778254 -1.10339016 -0.17969926 -0.88489604  1.08950314
   0.54315948  0.19697525  0.69439174 -0.79573729  0.23681001 -1.07181231
   0.05188086  0.34773474  0.00311284  0.54469591]
 [-1.65571332  0.39702773  0.40954159 -0.47479099  1.51544281  1.01744284
  -0.07986404  0.23533906  0.88362295  0.14295408 -0.61947651 -0.26947785
  -0.27734065 -1.0244418  -1.23405213  0.54776579]
 [ 1.55711104 -0.45981547 -1.69533665  0.2544686   0.60334132  0.477455
  -0.30198863 -0.50370489  0.1358056  -0.09598182  1.64062786  0.89370506
   1.40833975 -0.41794771  0.27791104 -0.73760306]
 [ 0.67039608  1.19155722 -1.0971052  -1.25749064 -1.28371071  0.08012127
   0.48454597 -0.28637151 -0.39815492 -2.64753145  0.86244504  0.04678274
  -0.66291655  2.10580666 -0.9124153   2.70943225]
 [-1.14238082  1.40466386 -0.44548898  0.69917882  0.31805669  0.04985194
  -2.2398936  -0.58135297  0.82745927  0.78637808 -0.4366525  -0.58646585
  -0.67528667  0.23922625  1.40688491 -1.20551141]
 [-0.0145139  -0.64446054 -0.24308454 -0.32124064 -0.2023878  -0.711334
  -0.65547847  0.1114577  -0.02104448  1.69991506  0.81689899  0.69968697
   0.64122827 -0.48938568 -1.26119949  1.45659842]
 [ 1.36641773 -2.0101334   0.17528435 -2.01454237  0.34515327 -0.35793304
   1.00654949  0.48603983  0.29994827 -0.06418153  0.83236125 -0.91202015
   1.00337832  0.09800841 -0.92531412 -1.1005606 ]
 [-1.44443852  0.40141896  0.48465893  0.23015465 -0.56057338 -0.93472742
  -1.32583933  1.47748944  0.72158998  0.68682827 -1.76760658  0.0416861
  -0.25583878 -0.11503316 -0.44030344 -0.94206982]
 [-1.21420593  0.44102963  0.77587206 -0.50051496 -1.80368975  1.18989157
   0.57523167 -0.23161074 -1.00344899  0.45341416 -2.22111265  1.28410501
   0.50741563  1.31103675 -0.2974233  -0.9434361 ]];[ 1.30035128 -0.93819118  0.53613835 -0.61499177  0.85692229 -2.45123063
 -0.12673136 -0.26847991  0.04194882]"
12,0.2606886060953027,"3.0,0.0,3.0,4.0,4.0|3.0,4.0,1.0,1.0,1.0|3.0,3.0,3.0,0.0,2.0|3.0,0.0,3.0,0.0,0.0|3.0,3.0,4.0,0.0,0.0","[[-1.18742833  1.55849412  0.55301811 ...  0.71543605  1.17757908
   0.12156043]
 [-0.77598976 -1.54933709 -0.72128617 ...  1.22542367 -0.08149518
   0.11146229]
 [ 1.03076137 -0.12464996  0.36931451 ...  2.12016831  0.42619762
  -0.77442911]
 ...
 [ 0.52661451 -0.39550454  0.25444124 ...  0.22608178 -1.74848945
   0.44496498]
 [-0.12108668 -0.37623525  0.95259778 ... -0.07612648  0.23298434
  -1.31133799]
 [ 0.40070265  0.56908849 -0.52352809 ...  0.1437094  -0.38447869
  -0.44529671]];[ 0.39550618  0.24590777 -1.13164883 -0.74212923  0.02013695 -0.57759535
  0.56474499  1.30003905 -0.12239638 -0.56403611 -0.75634283  0.00221255
 -0.17244919  0.75997988 -0.12612685  1.69894729];[[-2.03038298e+00  5.24087158e-01  4.53549250e-01 -9.51498258e-01
   7.33859650e-01  9.18593885e-01  1.85758461e+00  9.57805210e-01
   1.42670586e+00 -1.61835235e-01 -5.30494354e-01 -8.62956270e-01
   5.19516829e-01 -1.07104954e+00 -1.68878951e-01  7.55524731e-01]
 [-1.70453212e-02  7.73916499e-01  1.84278273e-01 -7.68302846e-01
  -1.47916262e-01 -8.55656186e-01  9.40529432e-01 -5.46752914e-01
   7.37097861e-01  9.61497766e-01 -1.72838868e+00 -1.25925475e-03
   1.25343344e+00  5.49374012e-01 -7.61315958e-01  7.74179893e-01]
 [-1.06061752e+00  2.37694730e-01 -1.47519833e+00  2.18309168e+00
   8.08136433e-01  1.37397780e-01 -1.13125069e+00 -1.21149236e+00
  -9.91017746e-01 -1.98916219e+00 -2.61965744e+00  2.11333701e-01
   7.46545987e-01  3.04067399e-01  6.52128291e-01 -8.76719716e-01]
 [-6.07757729e-01  1.13423978e+00  1.05917406e+00 -9.96359917e-01
   4.91471142e-01 -1.28859367e+00  2.95528957e-01 -4.92859549e-01
   1.48479652e+00  1.18455340e+00 -1.79901855e-01  2.83993897e-01
  -7.92274783e-01  1.78134736e-01 -8.63186251e-01  1.75262590e+00]
 [-6.50665159e-01  2.51599746e-01  1.37380283e+00  4.45482690e-01
  -1.29375072e+00  2.03912316e-02  5.40571307e-01  3.32332702e-01
   2.34491492e-02  1.22040669e+00  8.03602000e-01 -1.18084493e+00
   1.05112216e+00  9.19472925e-01  7.64045241e-01 -1.10703324e+00]
 [-6.29579679e-01 -6.67455721e-01  5.28298731e-01  4.73348138e-01
   9.67130581e-01 -5.95425600e-01 -9.00347754e-01 -7.00633025e-01
  -9.20263666e-01  8.74155380e-01 -5.12136843e-01  7.85701331e-01
  -1.30502947e+00  6.91039558e-01  1.45692332e+00  1.33556434e+00]
 [ 1.07313348e+00  5.34805283e-01 -8.72168331e-01  1.26683940e+00
  -1.76687846e-01 -1.44725439e+00  1.31524280e-01  1.46886798e+00
   2.32119196e+00 -2.59335872e-01  1.64874215e-01 -1.29847249e+00
   2.55937078e+00  3.16800480e-01 -1.02801967e-01 -1.20704226e+00]
 [ 4.23193248e-01 -4.07003648e-02  1.59093472e+00  1.39797658e+00
   7.80842957e-01 -3.61489876e-01  1.26201621e+00  6.61201459e-01
  -8.10864536e-01 -1.09826127e+00  5.48580919e-01  7.04763473e-01
   1.97183762e-01 -5.10506763e-01  1.68586976e-02 -4.35560031e-01]
 [ 7.99371652e-01  9.89548305e-01 -1.00598548e-01 -2.80106082e-01
  -1.37848855e-01  1.58424998e-01 -1.05923955e+00  1.44063158e+00
   5.91752600e-01  6.12292663e-01 -1.50679095e+00 -1.90960219e-01
  -3.58435800e-01  1.59341034e+00  1.28738109e-01  1.90687588e+00]
 [-5.20181617e-02  1.03120525e+00  1.24423697e+00 -1.36705762e+00
   1.02092082e+00  1.04931396e+00 -1.69797045e-01  4.83301651e-01
   1.44324545e-01 -9.80351887e-01  7.51138679e-01  7.39054013e-01
  -3.72352835e-01  1.22903572e+00  3.62642254e-02 -1.62341346e+00]
 [-2.46627609e-02 -9.29553346e-01 -2.30991886e-02 -5.18692921e-02
  -5.06064567e-01  5.15384698e-01 -8.38903888e-01 -9.63133198e-01
   1.31293232e+00  1.47345548e-01  1.44238180e+00 -8.60790122e-01
   1.42330355e+00  7.68653098e-01 -1.96127557e+00 -2.10027697e+00]
 [-9.61636540e-01  5.86258977e-01  1.43555074e-01  5.39920591e-01
  -2.52818586e-01  5.48806307e-02 -2.96399067e-01  1.36340005e-01
  -1.39880844e+00  1.57980190e-01  4.06355215e-01 -1.83325988e-01
  -2.76193679e+00  7.59535905e-03  1.99593371e+00 -3.32834273e-01]
 [-9.03531781e-01  1.70547253e+00 -5.49285459e-01 -1.44893406e+00
  -1.31672069e+00  1.14041660e+00  2.55009034e-02  9.29611494e-01
   7.29625903e-01 -8.68981364e-01 -1.11893572e+00  6.06903087e-01
   6.41986338e-01 -1.27709430e+00  8.28032105e-01 -5.34995445e-01]
 [ 4.47674430e-01  4.69197988e-01  8.38478925e-01 -3.05857902e-01
  -9.13735723e-01 -1.34483859e+00  5.55079041e-01 -8.61940294e-01
  -8.81583507e-02  6.03843982e-01  3.50414709e-01 -8.04147987e-01
  -1.79232861e+00 -1.65539388e-01  1.03553898e+00  2.97238091e-01]];[ 1.2680173   1.17653145 -0.05140672 -1.08385863  0.99394363  1.5166477
 -0.52202058 -0.08950356 -0.32863264  0.26836817  0.76724645 -0.42634129
  1.85700875 -0.27296108]"
13,0.7446633387941772,"0.0,1.0,0.0,0.0,4.0|2.0,3.0,0.0,1.0,1.0|3.0,1.0,2.0,1.0,2.0|3.0,0.0,4.0,0.0,0.0|4.0,1.0,4.0,0.0,0.0","[[ 0.81969025  0.13870693  0.86781988 ...  0.77977549  1.29007416
   1.51789607]
 [-0.86426535  0.52336934 -1.00957448 ... -1.2838332  -0.16242573
  -1.05529786]
 [-0.60801885  0.50749141  0.19196606 ...  0.11324473 -0.5394583
   0.05708705]
 ...
 [ 0.61962133 -0.6014051  -0.77379053 ... -0.72397912  0.42589115
   0.87730928]
 [ 1.26474062  0.16739599  0.44368991 ...  0.31466461 -0.23184167
  -0.81615972]
 [ 2.02535282 -1.13279193  0.53949299 ...  0.45373207 -1.81591048
  -0.38639925]];[-7.64729877e-01  1.58344703e+00 -1.33315014e+00 -3.36193524e-01
 -1.58510160e+00 -1.68006647e+00 -9.21004240e-01  4.95087015e-01
 -1.29874363e-01  7.30556891e-01  9.92904861e-04  5.26941599e-01
 -2.25101047e+00 -3.78299541e-01 -2.09778653e-01  1.03714299e+00];[[-1.5262919  -1.2600798   1.38989325  1.50438233 -0.42345348 -0.76931816
  -0.14888797  0.59031546  0.69659966 -2.54670482  0.34737265  0.15472998
   0.53058858 -0.0787189   0.52000791  0.07577204]
 [ 0.03108235  0.24691549 -1.1019362  -0.60114152  0.17723643 -0.02011511
  -1.0384236   1.26914937 -0.47963248  0.96928305 -0.07133798  1.08809726
  -1.55825426  1.31775956 -0.8325916   0.48189769]
 [-0.4394799   0.75360736 -1.59447344 -1.24736262  0.5395873  -0.09650613
  -0.98083028 -1.10372502  0.46829418 -1.00258165  1.19227502  0.86651638
   0.0453     -0.37529543 -1.06058826  0.33274006]
 [-0.76610299 -1.35923792  0.30045807  0.21597281  0.19712966  2.4869123
  -1.05760941 -1.31527249  0.43312386  0.40089838  0.20920714 -0.28703494
   2.54483966  0.39158862  0.9246528  -2.23747328]
 [ 0.05468509 -1.18977279 -0.76113597 -0.34955341  1.37678771 -1.02510005
   1.03201741  0.41735438 -0.38097514 -0.0186975   1.82674391  1.62123713
   0.71399671 -1.58393632  1.17157796  0.8426806 ]
 [-0.78922006  0.62032863  0.37765816 -2.26190241  0.17811411  0.18681301
   0.27338974  0.41456314  1.84002461 -0.55822246  0.15677621  0.95489265
   1.28452419 -0.76243513  0.68666931  1.00806256]
 [ 0.71458665  0.80469375 -1.24132615  0.84090121 -0.60112463  0.08969354
   0.99498234 -1.4941187  -0.19292612 -0.90218798  2.64668048  0.44822266
   0.80340991  1.07467362 -0.93682702 -0.32503879]];[-1.63393463 -0.11957444 -0.54064297 -0.08201028  1.14542943  1.27341408
  1.48978286]"
14,0.43683820148675073,"2.0,3.0,4.0,1.0,1.0|0.0,4.0,1.0,0.0,0.0|0.0,4.0,1.0,2.0,2.0|3.0,2.0,3.0,1.0,2.0|1.0,4.0,4.0,2.0,0.0","[[-1.29287617 -0.03448096  0.15064482 ...  1.41012339 -0.6849016
  -0.18608205]
 [ 1.40193053  0.54386547 -0.29421333 ... -0.56551628 -1.23817149
   1.08914466]
 [-0.14852319 -0.75508127 -2.38996745 ...  0.4147601  -0.47861078
  -1.14517377]
 ...
 [-0.36602814 -0.8779923   0.46309978 ...  0.33172698 -0.89986496
  -0.94474166]
 [ 0.71236557  0.585013   -0.48075525 ... -0.6390884   0.98411315
   0.22665478]
 [ 0.72275208  1.09401223  0.6123165  ...  2.22927622 -1.07573579
   0.39331707]];[-2.02719954 -0.52005873 -0.31394723 -0.02246221 -0.74006783 -1.14031316
  0.03846262 -0.1608772   0.26783597 -0.30185391 -1.72566004  0.83754815
  1.10955604  0.65841385  0.52246109 -0.9093024 ];[[-2.42682106 -0.27311562 -0.48953197 -1.71431015 -1.80034434  0.04655747
   3.04216356 -0.67265094 -1.07172953 -0.49159923 -0.2085731  -0.68065335
  -1.08623944  0.69301752 -0.53967122 -1.00665637]
 [-0.78669028  0.16426816 -0.45563102 -0.58276391  1.11473728 -0.50262381
  -1.15471146 -0.2730694   0.30606273  1.6602286   0.31381526  1.05652191
   1.48376172 -0.39083481  1.6900937   0.82701793]
 [ 1.41972939 -1.07659082  0.82749361 -1.34550815  0.31631363  0.11299313
  -1.35311138 -0.21600811 -0.54264942 -0.02071509 -1.39835101  0.7819147
   2.1381147   0.23142877  1.71416216  1.67556951]
 [ 0.82061277  0.71627962  0.93061184 -1.67819299 -0.64166735 -1.77288212
  -0.58523222  0.95057112  1.33521233 -0.35211489  0.10036651  0.18005856
   0.12548586  0.28288368 -0.50675676 -0.21421277]
 [ 1.28041247 -0.30448071  0.79682206 -1.09886837  0.61892048  0.23295625
  -0.82256745  0.69781136 -1.0914811  -0.57992138  0.366746    1.09059789
  -0.59851343  1.30084107 -0.38440302  0.65082107]
 [ 1.81395819  0.55386402 -0.27074671  0.32468861  0.53115295  1.49670949
  -0.65769284  1.0080753   1.01603634 -0.90027071 -0.45907017  0.36241655
   0.67590019 -0.77355839  2.3876255  -0.08428787]
 [ 1.43972596 -0.23128143  2.08050131  0.10134162  1.7581123  -0.85080057
  -1.13014032  0.23276098  0.30445346  0.27266849  0.18605674 -0.72550494
  -0.38160485 -0.53221627 -1.20689628  0.81101417]
 [ 0.94623252 -1.54956234 -0.65125676  0.80107812 -0.24223986 -0.7705906
   0.33515429 -0.31710228  0.39658924  0.70809177 -0.89701963 -0.51282812
  -1.623109    0.25218454  1.28155209  2.56911203]];[ 0.28711141  0.85763909  1.70863781  0.72553513 -0.0412215   0.07377533
 -0.3364938  -0.14178873]"
15,1.6318531194302455,"3.0,0.0,4.0,2.0,4.0|1.0,3.0,1.0,1.0,1.0|1.0,1.0,4.0,0.0,2.0|3.0,0.0,1.0,0.0,0.0|3.0,1.0,4.0,0.0,0.0","[[ 1.13816654  2.0352237  -2.05304786 ...  0.3680683   0.28669775
   0.0384814 ]
 [ 1.97219171  0.52462896 -0.59900099 ...  1.17859522  0.20939513
  -1.25256457]
 [-1.08004037  0.71048409 -0.90269374 ... -0.42376097  1.84950714
  -0.76887539]
 ...
 [-0.16156689 -0.42471849 -0.94670122 ... -0.78411974  0.59014853
  -0.14473619]
 [ 0.44152022  0.0482746  -0.90841668 ... -0.03660037 -0.20160089
   0.50753082]
 [ 0.82107152  0.64597345  0.41985728 ... -1.92161985  0.7326695
   0.71223709]];[-1.92280905  0.98968     1.37916965  1.12220022  1.11737341 -0.82795383
 -0.19962401 -1.81855749 -0.81216373 -1.21593703 -0.43016986 -1.58545131
  0.66744791  0.17304544 -0.21194698  0.49207899];[[ 0.764839   -0.27255667 -1.56670314  1.65031014  0.96450134 -0.78064117
  -0.67908945  0.22738225 -0.5968037   0.28789244  0.00319645  1.59383664
  -0.78998797  0.42322078  0.78895209  0.16966721]
 [ 0.36615081  0.75147063 -0.19889274  0.22502833  0.59988744  0.22932976
  -0.10956919  0.62549542 -0.79529303 -0.3257411   0.75235137  0.30006971
  -1.65342123  0.29526639  1.23860129  0.74103397]
 [ 1.30819595 -0.77791223  0.388487    0.77664223 -1.58887832 -0.96790802
   0.59463061  0.06450997 -0.85310111  0.86260201  0.30666332 -0.01606581
  -1.08970398 -0.72080972 -0.44079872 -0.7048466 ]
 [ 0.13780644  0.40173559  0.32013482  0.71146749 -1.35973239 -0.16862714
   1.74556817 -1.81837788  0.4161245   3.09789147  1.04857176 -0.15958604
   0.8930277   0.61294226  1.10498897 -0.61033127]
 [ 2.72845109 -0.11673813 -1.02433717 -1.06027074 -0.99761792  0.70401786
   0.1797708  -0.13840369 -1.76127255 -0.40642512  0.59746329 -0.7904823
   0.75173039  0.54970624 -2.47432983  0.86266203]
 [ 0.63647962  0.27663674 -0.86254647  0.68270401 -0.20623666  1.05128608
   0.93154198  1.26491169 -1.17726362 -0.31732435 -1.41027302  0.90308054
  -0.33211035 -0.15457818 -2.35139082  0.14365787]
 [ 0.63362723 -0.83877371 -1.4014865  -0.44676045  0.45056207 -0.69399761
   0.37790593  0.54951815 -0.21620768 -1.87700714  1.2570464   0.86055726
   0.74023503  2.24602592  0.10003226  0.84204384]
 [ 0.31447434  0.16296123 -0.44359567  0.63934338  1.07622796 -0.14961955
   1.25609984 -0.46739765  0.1858175   0.9068925   1.88948403 -1.02192209
  -1.00440948 -2.49581712  0.34998084 -0.63616364]];[-0.32947803  1.35295671  1.0648747   0.03616193 -0.00810533  0.07204243
  0.11658069  0.25081896]"
16,0.6842761032220203,"3.0,0.0,1.0,4.0,4.0|2.0,1.0,2.0,1.0,3.0|1.0,3.0,4.0,0.0,2.0|3.0,0.0,3.0,0.0,0.0|3.0,1.0,4.0,0.0,0.0","[[ 0.92085025 -1.42358479 -1.05724129 ...  0.15418106  2.45920172
   1.68559092]
 [ 0.3999708  -0.74960147 -0.63091273 ...  0.12802318 -1.53261398
   0.89076464]
 [ 0.29853433  2.22026368 -0.52036815 ... -0.53345119  0.0977216
  -0.1120438 ]
 ...
 [-0.22844995 -0.66277329 -0.81896095 ... -1.5136072   0.3253267
   0.54211678]
 [-1.82153588 -1.05608162  0.93493203 ... -0.35930443 -0.60531626
  -0.21382276]
 [ 0.37205923  0.15931075  0.90462697 ...  0.01094108 -0.79300863
   0.78486794]];[-0.31502058  1.19575539 -1.5194873   0.49894167  1.35442067 -0.58141357
  0.70466132 -0.49521674  2.2683211   1.0895329   0.51818968  0.99844971
  1.40988176 -0.04620105  0.11008269 -1.06483515];[[-0.05951771  1.58791378 -3.4476855  -1.15343245  0.63040612  0.35959357
   0.51950556  0.72838693  0.2068782  -1.60812937  0.10523165  0.20429137
   1.00144243  0.45280908 -0.22113195  0.47092693]
 [-0.63684997 -0.98040438  1.29988955 -1.09224186 -2.78212436  0.45166661
   1.09345586  0.54652308 -0.15615878  0.88190997 -0.13039965  1.53571023
  -0.34345782 -0.84971122  2.26673899  1.69097897]
 [ 0.16699552  1.73323742  0.36762758  0.05713467 -0.48490045  0.44807581
  -3.03160118  0.06440502  0.27881891  0.75895043 -1.07789126  0.0108934
  -1.65927917 -0.66239085 -0.70809169  0.14696709]
 [ 0.07170494 -0.01376899  0.31514978 -0.62964611  0.43302497  0.15865905
  -0.05609717 -0.91950661 -0.7171856  -0.18545944  0.49798968  0.47939494
  -0.50907595  1.25526808  0.91015964 -0.97504392]
 [-1.39091217 -2.37771647  0.96014396 -1.49675374 -1.53516167 -0.25733241
   1.30363691  0.16826688 -0.25604956  0.69008263  1.1117055  -0.10639843
  -0.83555842  0.04916672 -0.86499025  0.29963274]
 [-0.98072526 -0.4700519  -0.49214559 -0.86627561  0.32765743 -0.62204099
  -0.99110785 -0.6365048  -0.16254199  0.97180993 -0.72552536  0.67747398
  -1.1743677  -0.55736418  0.54510921  2.0922708 ]
 [ 1.69148967  1.02005359  0.53328523  0.11297937  1.01118528  0.23663557
   0.42719489  1.16787442  0.86103346 -1.6086277   1.15507486  0.53443039
  -1.83288774  1.24925701  1.46256249  0.88069517]
 [-0.52412748  0.66159653  0.36877721 -0.98254835  1.40096773  0.10574336
  -2.98284533 -2.16326592  0.51286576 -0.79527513  0.29157411 -1.30328802
  -1.67907504 -2.79648765  1.17019215 -0.13493278]
 [-0.324329    0.32261727  2.31628618 -0.49080839 -1.44643757  1.39698943
   0.8801043   0.21676371 -0.13820863  2.09974893 -0.22428504 -0.30633498
  -0.77041288  0.0294289  -0.25387278  0.21351803]
 [-1.1190913   0.14837308 -0.28557534  0.38408904  1.27364157  2.15114888
   0.08163021  0.00828578 -0.37805354 -1.65104766 -1.15718503  1.51438307
   0.78099029  1.26498474  2.3708835  -0.80367255]];[ 1.41838935 -0.4303264   0.92339551  1.29050179  0.71300523  1.17931495
  0.999763    0.54804582 -0.02262826 -0.96171168]"
17,0.1043224842805604,"2.0,0.0,0.0,2.0,4.0|4.0,3.0,0.0,0.0,1.0|1.0,1.0,4.0,2.0,2.0|3.0,0.0,4.0,0.0,0.0|3.0,2.0,2.0,0.0,0.0","[[ 0.08717    -1.31627326  0.45388579 ...  0.49542817 -1.75012722
  -2.31814324]
 [-0.61524518 -0.2081637  -0.28941307 ... -0.0558481  -0.17204909
  -0.2498661 ]
 [-0.21933907 -1.63122685 -0.6977844  ... -2.29608888 -0.42117386
   1.54784477]
 ...
 [-1.24380275 -0.29762527 -0.92180722 ... -0.02898123 -0.52898658
  -1.45343434]
 [ 1.96601206  0.86935639  0.57988847 ... -0.96448746  0.27226427
  -0.40748693]
 [ 0.79511612  0.56541535  1.6061332  ...  2.79732095 -0.17199964
  -0.14906583]];[ 0.08521394  1.16934671  0.5406521   0.75764321  0.84452002  0.99152544
  0.77984445 -0.02237952  0.1765671  -0.55017306 -1.30354985 -1.79052527
  0.04050219 -0.1426989   1.1239656  -0.79458078];[[ 0.72241113  0.33131017  1.39911756  0.69175938 -0.72087423  0.39064822
  -0.43075971  0.51568601 -0.39033929 -2.59540848 -1.80454955  0.60300793
  -1.29085628  0.77160041 -0.95986772 -1.26533768]
 [ 0.05171745  1.36746282  0.21300255 -0.19146962  1.24706853 -0.09567271
   0.15851957 -1.45049516 -0.67239961  0.56015518 -0.89790169 -1.47650601
  -1.29754991 -1.08125221  0.11194786 -0.47880265]
 [-1.92510849  3.15565673 -1.18139582 -0.87431902  0.24537041 -0.64347698
   1.23286873  0.43877783  0.3257349  -0.76809899  1.12110531 -1.19824254
  -1.52326448 -0.20896574  0.98466872 -0.16709848]
 [ 0.88507875 -0.2659422   0.25271902 -1.07896123 -0.26441566 -0.32989389
  -0.03885     0.40397678  0.60984083  0.85083026 -0.46066679  0.46262582
   0.65352188 -0.87751065 -0.79820974 -0.97481455]
 [ 1.28663371  1.74450566  0.166877   -1.16835172 -2.07932213  1.74118958
  -1.44393742 -1.07973649  0.88584938  1.45601109  1.49527684  1.05197831
  -1.18109371 -2.38644778  0.46789651  0.77788146]
 [ 1.80463666  0.46850295 -0.93705761 -1.94719236  0.51374563  0.34952793
   0.87902709  1.6956256  -0.21878723  1.41998435  0.16260434 -0.90026442
  -0.1799573  -1.85007257 -0.44308164  0.07448516]
 [-0.41484101 -0.76392624  2.64796583  1.33121967  1.74397547 -2.15346937
   0.0723471   0.79491377  0.53647687  0.53757     0.49248423 -0.45149758
   0.38866565  0.20903569  0.27347387  0.21043625]];[-0.44705932 -1.15833294 -1.19640613  0.13916258 -1.09447133 -0.49272381
 -1.23876189]"
18,0.018490709085339396,"0.0,0.0,1.0,4.0,4.0|1.0,3.0,1.0,1.0,1.0|2.0,2.0,4.0,0.0,2.0|4.0,0.0,1.0,0.0,4.0|0.0,3.0,4.0,1.0,0.0","[[-2.03925737 -0.34726661 -0.28205078 ...  0.04684873 -0.24691065
  -0.50786681]
 [ 1.0271156   1.33217919 -0.95532167 ... -0.5148318  -1.18975232
  -0.80960862]
 [-1.39008206 -0.1223065   0.91354671 ... -0.40060993  0.34164855
   0.03391673]
 ...
 [-1.40966502  0.06367864 -0.97972044 ... -0.58774146 -0.45751178
   0.5703756 ]
 [-0.58128655 -0.19137063 -0.42769735 ...  0.71200987 -0.90001634
   1.54213454]
 [-0.24628472 -0.34968988 -0.77839053 ... -1.19783692 -0.408594
  -0.68901814]];[ 0.7164159   1.2539684   0.39509837  1.57182637  1.14040014  1.20983233
 -0.7354941  -0.13797853  0.51699079  0.34759725 -1.48829349  1.19847861
 -0.47796889  0.38165155 -1.20027233  1.54566936];[[-7.45934508e-02  1.15062932e-01 -4.71898650e-01 -1.15021360e-02
  -5.40715716e-01  1.54088630e-01  3.40651110e-01  6.46695354e-01
  -1.87799833e+00 -5.25260608e-01 -1.54396499e+00  6.08809575e-01
  -3.52527037e-03 -3.38200917e-01  4.32276771e-01  8.30726431e-02]
 [-8.13752903e-02 -3.01436852e-01  9.08884398e-01 -1.69887097e-01
   1.23554795e+00  2.76940283e-01  5.80080466e-01  3.67012320e-01
   4.60718194e-01  1.28874250e+00 -6.06104553e-01  1.23082008e+00
  -1.53725591e-01 -6.21541649e-01 -1.64347646e+00 -9.30171921e-01]
 [-4.88397469e-01  1.44927952e+00 -1.61028438e-01 -4.82928090e-01
  -2.13298535e+00  1.83309719e+00  1.00497973e+00  1.16372399e+00
  -7.05000981e-01  1.93070707e-01 -5.85924592e-01 -3.72823613e-01
  -1.78382901e+00 -1.88559211e+00  6.65480794e-01 -3.34803680e-01]
 [ 1.16525838e-01 -8.93817368e-01  1.46660085e+00  2.91785496e+00
   1.60905530e+00  6.28626665e-01 -4.36815201e-01  2.35745385e+00
  -4.04767981e-01  3.64822847e-01 -1.20424850e+00  5.39081203e-01
   1.38714895e+00  4.48570481e-01  1.84226737e+00  8.00111812e-02]
 [ 5.34442541e-01  3.82105481e-01  5.59021100e-01 -4.98552014e-02
  -9.85753340e-01  1.39045460e-01  1.62468698e-01  1.93611464e-01
   1.66093018e+00 -7.46335656e-01 -1.90358966e+00 -8.32185635e-01
   4.80055176e-01 -5.34284846e-01  3.01924287e-01 -2.73112305e-02]
 [ 6.38345836e-01 -4.43738997e-01 -4.73565546e-01  1.11060541e+00
   1.23311463e+00  6.38196509e-01 -1.50475135e+00 -1.96356081e-01
   4.89427340e-01  1.32412061e+00 -9.38759304e-01 -9.94577931e-01
   1.28222714e+00 -2.07309600e-01 -5.87234827e-01  2.42352543e+00]
 [ 6.47788170e-01 -3.91035762e-01 -8.75394280e-01  1.13366350e+00
   4.28083070e-01 -1.32023313e+00 -4.83748025e-01  1.34162906e+00
   1.36381392e-01  1.64476333e+00  9.28431244e-01 -3.76586868e-02
   4.27272357e-01 -4.90880334e-01 -1.04731319e-01 -1.83342866e-01]
 [ 4.13423511e-01 -2.24731339e-03 -9.85373270e-01  9.06598795e-01
  -7.95592641e-01 -9.25594259e-01 -8.38321901e-01 -2.38752171e+00
   4.99473283e-01  6.07779250e-01  9.14408295e-01 -1.08480280e+00
   1.96615773e-01 -2.81790784e-01 -9.34729747e-01 -2.75230653e-01]];[-0.43552838  0.37662795 -0.26672865  0.7854587  -2.12412069  0.92870478
 -0.48440395  0.51383498]"
19,0.2919950445407289,"2.0,3.0,4.0,2.0,1.0|4.0,2.0,2.0,0.0,0.0|4.0,4.0,3.0,2.0,3.0|4.0,2.0,4.0,3.0,3.0|1.0,2.0,2.0,0.0,3.0","[[ 0.88255098  1.26380803  0.74331973 ...  0.80358225 -1.22881806
  -0.80788523]
 [ 0.24779958  1.16156868  1.74628432 ... -0.02876958  1.53287562
  -0.46923926]
 [-1.18062445 -1.22557614 -1.11965933 ...  1.02721363 -0.86750149
   0.49838346]
 ...
 [-1.51351967 -0.72195666  1.22024649 ...  1.07622487  1.22834827
  -0.85667527]
 [ 1.66410634  1.62485888  1.83971398 ... -0.47198211 -1.39749087
  -0.69326789]
 [ 0.14576962 -0.9345278   1.13134089 ...  1.96919581 -0.69985569
   0.35111538]];[-0.4521038  -0.25181996 -0.255496    1.81160412  1.02997862  0.45302961
 -0.73076231 -0.69199923  3.00795871  1.60444841  0.08603677  0.12909973
 -0.13773087 -0.80356585 -0.74665224  0.2793456 ];[[-0.44967266 -0.41687876 -0.59441029  0.41589749 -1.13522578 -0.99357125
   1.41682579  1.53491278  0.7540091   0.502799   -1.30142001 -0.3178694
   0.82037556 -0.35059365 -0.15232315  2.38023999]
 [ 0.52540131 -0.87758908 -1.48789351 -0.50575995 -1.08760942  0.34236821
  -0.53599273 -0.59666166  0.83381365  0.106305    0.96638015 -0.22460364
   0.49652534 -0.88846057  1.80799661  0.57455183]
 [ 0.49011202 -0.1372509   0.37707045 -0.68203174 -1.32190603 -0.06925171
  -0.57513526  0.07072139 -2.13106776 -1.42303928 -0.24372699  1.79154221
  -0.58386374  2.31721576  1.13511936 -0.35122026]
 [-0.6949902   0.44799107  1.46717953  0.2863716  -1.82357376  2.83129141
   0.25784478  0.69741683 -0.4826226   2.05179224  0.65488749 -1.43034858
  -2.2279693   1.20747731  0.73844797  0.27117064]
 [-0.176428   -0.05626047  1.53583142  1.61967581  0.13758227  0.31996771
  -0.0549302  -0.77547337  0.97052722  0.5479649   1.10580104  1.17066505
  -0.6408781  -1.31484609 -0.1498307  -0.44699628]
 [-0.89544707 -0.65888205  1.151582    0.32040578  1.17982275  1.34423965
  -0.58993017 -0.07453847  0.06770206  0.03386367 -0.78854736 -0.0937072
   0.5527319   0.76670685  0.21098471 -2.93622624]
 [-0.31495962 -0.11543526  0.03902611  1.10797872 -0.88997493  0.57732394
  -0.08629654  0.16851979  1.16119797 -0.93485146  0.46260149  0.94262419
  -0.52190058  0.05829003 -0.82504188  2.72655821]
 [ 1.21124119  0.36103592 -0.79565599 -0.2273496   0.16070015 -0.98908764
  -0.07181612 -0.50488647  0.32471388 -1.23345401  1.28412059 -1.52289786
  -0.75961722 -0.82532915  0.08635602 -0.15339675]
 [ 0.81951792 -3.73721861  1.72191719  2.09799649  0.23304828  1.71296416
  -0.95968174  0.7666342   1.11893219  0.01591723 -0.5085132  -0.55162508
  -0.84996545  1.14071314  0.76250672  0.93245163]
 [-1.16011126  0.33890427  1.10718132  0.37532163  0.46367675 -0.3186283
   0.30288567  0.12027395 -0.0747553   1.7368017   0.51287757 -0.16854852
  -2.69272182  0.31328566 -0.22107038 -0.0585444 ]
 [ 1.061235   -0.25858127  0.14740659 -1.24051094 -0.14053852 -0.36502422
   1.73105451 -0.0833437   0.48692414  1.44256581  0.87997364 -0.04370853
  -1.27750367  0.80519707 -0.97111453 -0.34160135]
 [ 0.19648254  1.58899152  0.68034231  0.17329382 -0.93805776  1.43462207
  -0.03697121 -0.04871131 -0.08558971 -0.44662347  1.50729934  0.81424757
  -0.55546366 -1.58591404  0.67778961 -0.85764788]];[ 0.6914047  -0.17843332  0.53852707 -0.31883935 -0.35623009 -1.66639574
 -0.13294407  0.65954749  2.380633    1.05836056  0.96173569  1.92422591]"
