Individual,Fitness,Controller
0,1.6638911031917007,"-1.9094184198954534,0.4190262538117201,-0.7633769860479381,0.6723966315828752,1.3514547450831975,0.16116862830101264,-0.22699990828281574,3.1474853054278995,0.30315413595210594,0.21868812030481238,-0.9623670885775829,0.6632100071547452,-1.0558943908802079,-0.5775379062467321,-0.57627131796208,-0.6676549248137733,-1.3766393971852777,1.0939037781633696,-1.7770442571907354,-1.382434083914587,0.19560626047624016,0.2130353000004489,-0.5996291928649398,-0.9066310553177842,-2.4455391484309557,-0.19111256708589214,-0.0684791375372708,1.1958537064827335,-1.2546297781471525,1.502050603927568,-1.6470442291037584,-0.8612380628213497,-2.423175677564994,-0.6545561139754776,1.2543687985758005,-0.18142795062489014,-0.4613506325528175,0.237030475207379,1.5573728200443644,0.5018936716906142,-0.051082808323988926,0.49900750768133345,-0.9317239018822133,1.7825508634166016,1.5808057142516854,-0.5390140044625436,0.1017199051819391,-0.021087568840697568,0.5565162158963007,-0.08497760247477634,-1.5870318626404152,1.2002240687561243,-0.1562894900751438,-0.43324090918104197,1.2059710837122932,-1.0506566648110522,0.7235482729766607,1.6811798276497611,-1.2608771758053325,0.6834615409635388,-0.4944496508874495,-0.4834779905466722,0.5090058868330125,1.6154838309078892,0.7897140555395274,-1.5800898878239427,-0.09556749999008625,-0.4603024270889718,0.9030704470782417,-0.7556625224079008,0.9000821732019024,0.7152141369567295,1.9574808869807974,-0.23469156212668033,0.4334032630039367,-0.832232112232316,-0.03279982839611256,1.0118051743734016,0.2411688027962438,-0.6065042213981883,-0.043658819128446845,-1.217509962964257,0.0014886362271789716,-0.4475919326668275,-0.34009497813595346,0.2796655009346445,0.5753493353182693,-0.9596585924020806,0.9214446718628493,0.7355798582480926,1.1926187518375513,0.8120372335326118,0.8371782177627531,-0.07779079594240251,-0.4304534031709401,-0.471872575752342,-0.32109503778317855,0.7046088588064847,-1.0040777546748445,1.214150861631115,1.327829801655438,-0.684991757138694,1.2869276129832212,-0.7727628582698607,-0.020424642992625468,-0.4174794764376866,0.6113703472920434,-0.7183505755780434,1.4040729139418924,1.3425809097673334,1.587874988061188,1.458633406947549,-0.8246920357031893,-1.583890769627715,-0.5227567428537093,0.7198860299837879,-0.35272420733659876,-0.5037346675890746,0.6546362890164859,-0.657888585336532,-0.42662246750141486,0.013371160777156115,0.32314021146710437,1.6139363592029397,0.5761126330369825,0.9074087936265796,0.11306957273140784,-1.2655535538533829,2.0922093853851695,0.005750646867988873,-1.2490528354434902,-0.06084328244300474,1.1720971752993676,-0.4024439971439036,0.27613601039333363,0.3011542298381419,0.8874509741357811,-0.3159853668123161,1.7769384853828705,0.5246996975823635,-1.5598900727170362,0.1364541809566066,-0.4561256272738616,0.19376753894212975,-0.4792501640401424,1.7682182160540576,-1.4866686778626454,-1.7236322763970207,-0.4667581244804553,1.2942139528155716,-1.108867929262846,0.170982449722765,0.41750051065047944,0.14822461664877035,-0.30495010237443315,-1.0362498011478731,0.7965756331607405,-0.8957824003319161,0.5502886832556318,0.1335248222904017,-0.8038991035810575,-0.7036989787386689,-1.3547650592572138,1.5393361117833313,0.5049081690807673,-1.014452277040184,-0.49742824312437706,1.9593083690504538,2.2067781778967075,-0.32404884721151006,2.253958891943763,1.7380162911072552,-1.2662328904778024,0.04476752156133332,0.5176469707589643,1.396890823899618,0.015016784099474557,-0.0008726889388815258,0.932151944120474,1.1247475598477594,-2.792708472786483,-0.04861578501076484,0.3115089113938163,-0.37010320973419353,0.5360552350940818,1.1742275572260594,0.23019925044813175,0.561550194613914,0.014922312222792083,-0.1091271694430436,0.9655898427192053,1.1324241557416457,0.42930268848253483,-0.06209785956952921,-0.09343496294551759,0.256307492514025,1.5850738107043394,0.3604822719342958,0.059677418204534025,1.7010888343915247,-0.6251882028023471,0.17538868634431554,0.36185631776787286,-0.14432389597020442,0.12389574763113784,-1.330579864091833,-0.883221348814967,-1.3702074588285598,1.1168166910501993,1.3843082637811042,0.033015054147309764,0.26424490914765275,-0.48770466467558016,-1.6044274473802929,-0.9632538840569506,0.3825084277394497,-1.0699892636554214,-0.13611217142330925,-0.3486248683388714,0.8428299495005487,-1.4612097573031435,1.932722000416816,-0.537204035296032,-0.03530838373789062,-0.30032800381550917,0.27292257969229217,-2.0486093371785934,1.8120936094774172,0.9208534323087154,-1.158938719103416,-0.6797863062679903,0.13262894924030172,-0.9101556349341966,-0.9338126423994794,-0.08407197500218075,0.6148492889664585,-0.6453409672815634,1.0651872841397616,-0.4612323391678003,0.1369648300194976,-1.1966404146638785,-0.7351355253404185,0.9397433203595678,-1.2098537929193571,-0.7585339729805066,0.750375379966694,0.40059938015643004,0.8502517265223084,-0.8301297728874166,0.16905304766931828,0.8624750034533544,-0.03628822544936097,2.37363832860855,-0.16669078586947592,0.2492404007971133,-1.2919585781494143,0.8883173663582974,0.05349684387061023,-0.9629725248856377,1.1565759747734614,-0.5119081948618859,2.0000140173376195,0.10144752756108177,-0.6796953610860494,0.09594027720216075,0.3217784403365388,0.15629641906614286,-0.6729128349864486,-2.0898550065871593,-0.3694217449466675,0.25607606998150106,0.44612183480641643,-1.2167220393434333,1.520517795511332,-0.6235132354206071,-0.12515764122091114,-0.9877090535565143,0.5249601239627518,-0.11219249016145194,-1.4041220193848254,0.7603678052666846,-0.307161999777707,1.8323107460777355,-0.37789791731823336,0.5701918314347043,1.2795556080453292,0.11228906658495627,-0.4832510330651131,1.6432572145096667,3.09308412090499,0.09906613317734547,-0.15493628806131177,0.9246906550701475,-0.7826998195788455,-0.32792588898121355,2.0162642105281736,0.6881538191567316,-0.36158118653189525,-2.009970403605048,0.21789706795001185,0.7497015655297764,-0.7265009492891463,-1.8724326477967608,0.965197711964762,0.5080344310391511,0.9976514740948232,0.0017042922075452271,-1.5118696812938717,-1.5363386208150753,0.5290030838574249,0.5360488811391171,-0.3491548295562705,0.5643414885870776,-0.1642380654438393,-1.1035832008201862,0.4354951466070739,-0.4606657362007782,-0.6769560101622758,0.7174725201949853,1.1281384219094728,-0.9366340608739465,1.5442449084521195,1.0909748533400179,0.23902115349298905,0.6368748725025959,1.0780961803877256,0.08229808077703027,-1.573661593920746,0.5742994667633691,-1.3731936303688872,0.29729837674339754,0.07164224635586541,1.218179743497815,-0.22687901980577146,-0.670317752983863,0.023240826141215323,1.998465567132675,0.3527945017607606,0.47624667414918104,1.884088066915883,-0.3278195100604089,-0.31466694042615967,-0.6686379713619157,1.9753823089009812,-2.2983163468658816,0.3730711530366263,-0.4030396994564902,0.41940778147514995,0.20488489920520556,-0.043116712797688486,1.2241858817482938,-1.1699921969371232,0.0007382892618546244,0.7204045485803064,-0.3584842607103253,-0.04765576631303658,-1.0999815842631302,0.7354025126742336,0.8690587253829719,2.2490479909252756,-1.8163263346834368,0.4877847977008317,0.9444477182321978,0.08474981701345288,-2.2807904346790395,0.26052175110315157,1.0845027936498157,0.3517092928361424,-0.6423076300887836,-0.1295988702877992,0.13112196418660205,-0.12371778357790346,1.2864273967168893,-0.07108139791746651,-1.079207858935908,-1.144753822128384,-0.4918420027558855,-1.6842540480955908,0.8789509001494699,-0.9699094459031691,0.6788077852755025,1.3443397118380482,-0.3818134474415579,-1.6597654690107906,-0.6654048979278084,0.7883398994749268,-0.01550721103845655,1.7009022947658283,0.006362199960362469,0.5394487960349248,1.3386462019454892,-0.28821644940745716,0.5695969579598142,-0.8311020012459408,-0.9457565368190197,-0.5321100603413559,-0.32032681241631783,0.23348598294947034,0.4443650782537428,-0.8949249095150252,0.7491211215866512,2.117174784155999,-1.543958884921414,0.5013262639705265,0.3099124200540684,0.1347179247923756,0.10259074726661345,0.37054395695052134,-0.07595679027751126,-2.192562974237917,1.7119573770003103,-1.7665237130053306,3.516539102918585,0.3173792141832897,1.5990150235291738,0.1054253426176732,-1.6125871502883284,-0.7897547225748796,-0.5684159612679043,-0.647367978967207,2.537514094544778,-1.15019065907607,0.5848006024041903,-1.552154099584421,-0.4530127760274247,0.2645071840390604,-2.835833300043711,-0.062463700398581484,-0.5835238362985283,-0.9174121272785817,0.8724086394612716,-0.7259822099955482,2.123660067418318,0.6089491279278967,-0.13246695643694,-3.113846271749487,1.5218908198135155,0.7445505049874022,1.9929482452693361,-0.6133827431998841,-0.24233749217103032,-2.499506294960268,-0.9820375362983246,-0.4416443093488761,0.10653351821419842,0.1680559218833763,-0.421946347446442,0.41999696033044764,-1.499872601184183,1.3205635320960836,1.0625422027966471,-1.3685400710862081,-0.23327930046687084,-1.7628121199806086,1.479811799651567,-0.4429954604623621,-0.9350452915379219,-0.16601863608319783,-0.5650962879229584,0.40481501438869333,0.8843723771172128,-1.6950997509570243,0.17539059674747254,0.17211858671584038,-0.9024725158543988,1.289265229368325,-0.5299104476572096,0.3126601712147152,-0.8851017719246297,2.174912651667248,-0.08741739724066247,-0.25694578585089467,-1.4705002311279038,-0.3172957374722593,0.18113236930357304,1.4288465236091628,0.8254620325204475,-0.10377077120352822,-0.7905840891146303,-1.3612823909148934,-2.1970727477492433,0.02637626591924383,1.2894862283480213,-1.002052266044344,0.1346337088842971,-1.8319110513352002,-0.9618659961979658,-0.24841704353331062,-2.3915522675138967,0.26098223513590235,0.4268863155917052,0.5975154098577375,1.002911011300517,-0.8162647294341698,-1.3715864039815178,0.5647631429511086,1.0859006534822397,-1.4559843692525094,0.9785586380634563,-2.4220754002142195,-0.27383040285489685,0.9723628551748744,-0.986920797866352,0.4298041889622283,-2.2192290911180406,1.4040585859880017,-1.2679343918601438,-0.06914510717534122,0.7718960826273034,0.8812626678354603,0.3249960210631787,0.4035865508264935,-0.49732973837955124,-0.6400184185094446,-0.8641189714992958,-0.2068391856455281,-2.103925591235127,-1.2015139675292328,0.2514329864906282,0.8825254790543686,0.6520905712499806,-0.18883390265367284,0.7801120707380284,-0.6189563102615125,0.24439386884509548,-0.5043039982225436,-0.08850672525100778,-0.8718533483119326,-0.11205731552923884,-0.984456318458527,-1.3617947298950444,-0.32997547593718324,-0.03272455321243295,0.5734983531856311,0.45982481439754497,0.6776293341282001,0.580597601400317,-1.0822843584739497,-2.225540746271164,0.39796254780259327,0.14377722808679466,-2.4413167014431814,1.916681428658352,-1.1732971791022948,1.9981849358737962,-0.5527926888628037,1.2120209854024198,0.40976622763772813,-1.712048642261428,-2.9180111652263614,-0.10363921737834636,-1.0215269424297133,-0.06806441447893262,0.6439494482712557,0.9416925313853146,-0.1739359539222079,-1.2463994028650243,1.2025651889831308,-0.029222942683851755,-1.5615054763118605,-1.2063713225115462,-0.5940855105656426,1.909541135859831,-0.6077598267450133,0.267788204100161,-0.2840224714017593,-0.7681930696626977,1.505001954203517,-2.2831473886087577,2.3372155890845674,0.22795544903181686,1.1830234707989926,-1.5066391616082255,0.21056941025650894,-0.03739924797699648,1.8370593074548587,-0.2063723882960967,0.06261092875409899,-0.630887120939464,-0.5572440204761133,-0.26375805775102057,-0.24468251466592272,0.1579333291065262,0.22598463414937286,0.37449937876154143,0.9087480066284876,-0.8631197701733514,-0.19626405491915438,-0.05279232109646359,-2.1247621442109956,-1.4216403304573975,0.30940280161281414,-1.2360618220013906,2.3502898631654547,-0.7116797221697693,0.9719748258921777,0.3699746581802683,1.5494451690595055,-0.3996772718957019,1.1564963804225874,-0.02807688772075667,0.31238565693327947,-0.5148128695985503,0.8349056243159956,1.0432497280601238,-1.181224198336543,-0.0559177546077915,0.9339907651044818,-0.5605661470008001,0.05354321322045029,0.7193972067646242,0.28938297879911584,-0.7298284036801126,1.4098442470264414,2.0350091536092427,-1.8646313989559544,-0.7166087500406957,2.8054850499352004,0.2318621896864935,-0.46794018515263247,-0.22412445074391604,1.1166857195761923,0.03313227390944426,1.2141431234982334,-0.7432013726875427,0.21657746561942526,0.34640882501865633,0.7695271450311704,0.010429042194100843,-0.5238035153248308,-2.0231599745212954,1.365932236189397,0.7186296217274606,0.3797280169157808,-1.3749543799884962,-0.001081325719849091,-0.06169773684097752,-2.1443980917096637,1.3759776225135434,0.1198178611654079,0.4176910917192412,-0.17834485670637001,0.5286997544948372,0.8682284926221692,-0.07057899949750485,0.8307650132129867,-0.961006182589672,-0.5519697894116135,1.50040403638137,0.7931299792366883,-0.7841474674942762,0.5399850525063363,0.13318464904600819,-2.6907459394202404,-0.1358670181620751,0.9009091990803023,-1.9013677782331893,0.36230225571807523,-0.8507380370410828,0.6754940155346663,-0.552607894535201,0.9863954224872704,0.7496290425647356,-0.2742548619257669,-1.5504745261541493,0.3726987422266279,0.26928256420451646,-0.38037891632335036,-1.5485711784021459,-1.7380022090301506,1.1789314550700682,0.4616103294018217,0.6401896387179645,-0.6324070012542455,-0.10982641602025348,-0.01574369565707221,-1.0757623022315284,0.7353858070313823,0.035920562092537744,1.3667750833608674,1.2888152923889664,-0.23706943323371155,1.730626406092633,0.08419280142576374,-1.3774018309316602,1.0799792168224538,2.3899786993159347,-0.07950857257575342,0.05165410158823412,0.848470561577543,-0.8482384199102693,-0.11194397502931529,-0.4712140389738711,-1.3218960657069734,-0.0997553992357976,-0.23117516791176487,2.7472658486240067,0.8647177083104645,-2.6284379003634637,1.655958945855433,-0.12496161689691669,2.298555318291402,-2.514705572664149,0.7340469259060923,0.33065796743267506,-2.435641774278309,1.1162877398885145,-0.9049742194146548,0.4792708941179139,1.266003716510391,-0.9266208189396603,1.7430143692825735,-0.29263071208918795,0.6689055491431036,1.2097432215662656,-0.6848688873473207,0.20420780447226675,-0.4972412817244641,-2.365683386450184,0.3778825073023306,2.217502758571395,-0.007420290865720963,1.6574211313079816,1.325211762977214,-1.2749548071821684,-0.46718008488660423,-0.14831519061210852,-1.1492573937600874,2.3115118883695867,2.7181502927070387,-0.5566486072100417,-0.549762849535956,1.8188977387141776,0.08412771964061136,2.2329725646561065,0.7677989980760159,2.5161675170019677,0.6449241593223742,0.8232565907280692,1.0323029398722499,-1.449612220226637,1.0870914616659515,1.324018619016333,-1.7569825498045877,-0.008724483780459757,0.6607010149750511,-1.4043593285634541,-2.77072760645067,1.5234417072772564,1.4572746259833056,-1.4470014735932937,1.86954660920426,-1.67346520753327,-2.0193767088903685,-0.4161814204501614,1.0050190021036562,0.2298942628805713,1.3639868353432656,0.981528679180721,0.09180638878075836,0.3174467748698789,0.12147554556780503,-0.1827593369248804,0.730340937084286,1.250621636492052,-0.47207863144437373,-1.8018690599075426,-1.540014364160886,2.4916403231653717,-1.247475467241559,-0.636857560607717,-2.5762858574567695,1.0238532285972264,-0.4954664753071593,-0.7628571982829041,-0.19961283487796855,0.4024765677558217,2.0222063637265153,-1.0645906508176162,0.005292740096976251,-0.35470561054749034,-1.4398738139613159,-0.6051064870597336,-0.44300469638491896,0.34182279839047186,1.332065779460477,3.5941489655696506,1.3427603138905535,-1.706178673640009,1.4998333588289994,-0.798511181198893,0.21520576882162204,-1.5841964413963987,0.90120835561539,-0.2042729069810174,1.6834534669684431,-0.45778923957256523,0.16094736411221314,-0.6520668838554633,-0.5592093802348176,0.06349634192754663,1.8397465014980352,-0.8001644242285748,0.663293291202813,-0.3224687515311263,-1.695291705909059,-0.6241803271366703,-0.14250090972442533,-0.905713218151774,0.03363748837356818,1.674474874233253,0.815785766571854,0.6278050261423705,0.99638830242576,1.6557617374782718,-1.3282877974470546,0.9560702957434493,0.3094518812796927,-0.27029184483178303,-0.5656914473945948,-0.3720606896621227,-0.7732109945002972,-0.13793733163750804,1.1663127935319946,-1.0302572644875296,0.3630090678665754,1.5819169570551699,-0.48443800014992483,0.03383460420463179,-1.4533598771080445,0.3701900782593869,-1.356891204473639,-0.8793063296608076,0.4939049988354964,0.6367668394553556,-0.05366678235493348,-0.9845362351218568,0.01965051946666055,-0.7937165233458241,-1.2298921226261101,-0.2261445757097612,-0.0708360363815963,-1.3088093665894418,-2.8938147916476584,0.6721830299294429,-1.0739237151609167,-0.21377759316276196,-1.8890943825528932,-0.0781567659076948,-0.6354256224396756,-0.10853797228072416,-1.8333364320063081,1.5548256661577724,0.818258880628137,-2.441328678487722,0.806381807819096,-0.19136989868923981,0.3567615466604245,0.8540992617958062,-2.0347968798708806,0.42208864480713704,1.908985740238647,-0.04848174145153697,0.8524420407308217,-3.1504804351245683,1.4560102740931062,2.138578724820789,0.022807204716159546,-0.4042449018316754,0.7579872581609295,0.63476834099716,-0.7661525487736163,-0.9753505409763185,-0.20857661870283234,-1.2571353562581213,-2.104596169926517,-1.030476834415229,0.05428881021749993,-1.2362011020607262,0.6888321002770096,0.7014274440627349,0.3246759558909233,-1.4489792504868717,0.5484165992078023,-0.710822352427482,-0.6000275311756199,-0.7580389686098631,-0.6256340103702651,0.7791534912272032,0.8548687923149775,0.4402810014129237,-0.16890865990818255,0.47386802168048137,-1.857883188973433,0.3107884055294209,1.177361084165822,1.4079515947880687,-1.8834436626664703,-0.7432418099341859,0.30134910751844324,1.0479702591788203,2.888293538524801,-0.3285938381749333,1.0560022568079546,1.9851968246257328,-0.018512376218278476,-0.2669126932458217,0.63126561459894,1.894937442301059,-1.5486257200184932,2.1478747738884696,-0.2789092115880814,-1.3796466346836664,-1.0095124520029057,-2.0608438081200586,1.307380054576306,1.3777300165830293,-1.0462837555146955,0.6163730687416384,1.1251412316000855,-1.0269231462622364,-1.9910018162027878,-1.1644932639207606,0.5971793082810877,0.9206326105683517,1.4123089627162766,0.519498111679658,-1.3034384936073244,1.177523323245655,0.7505932008522903,1.552607561019295,0.5284188134550292,0.4378739863318212,-0.7882555049099425,-0.28932687507154364,-0.21534554491379718,-0.7705820013687904,1.719433636576154,-0.8635000241958968,0.4467624560400243,0.3328701395511352,0.46166835352292757,1.4401225901791184,-1.4905459657356959,1.7893831674536016,1.0846755859899722,-1.3819374968880234,-0.11242777128057094,0.10860295231318891,0.9967128127406604,1.6447534887872737,0.010944783788861226,0.5820923437391974,-0.843735413314581,-1.1486178688653266,-0.2260561766278626,-0.5951103387403525,0.888323422518052,0.43929864574723065,0.3279076980194402,0.5350146550662414,-1.5985299488127165,-0.7286789502017785,-0.5894134276217057,0.03477618962296158,0.36273494127018924,-0.15659473219670322,0.12765615053434834,-1.8366208095481766,0.7035889811549393,0.1127436747776835,0.20323085786378886,-0.5932995000683863,0.19791564559955993,2.5874142341475825,0.7541455204777856,1.1698098760351128,-0.047131418145060625,0.2563224192301212,-0.8553823624291234,0.19032235261205327,0.5016739768747056,-1.1006580693677412,-2.479812346975877,-0.5369609633165726,0.2341536203470258,0.138881806470169,-0.744671511018397,1.5425528009649376,0.027174558573209065,-0.7681487114268368,0.09927252063079534,-0.649496828252876,0.3407473072664813,-1.3005353554717227,-0.013747437279460921,0.9335472179538764,-0.1184248937311819,2.1866034054664927,1.0233463428476044,-0.3433886435320663,0.39565544870046904,0.87957032389421,-2.160046761219862,0.877362529850418,-2.1195086139335073,-1.9230027404876735,-0.8599667047023745,-1.956868216175069,0.29430529235315883,0.8551163231452711,1.6696578179254093,-1.1595979543222574,0.9598013489365803,0.7827627530169017,-1.3563574317721663,-3.0159449010831114,0.1797114664072421,-0.377031601638127,-0.17966094346670364,-0.7804733731250622,1.0656154931838393,-0.12957717013346778,2.3036051683825565,-1.031598133199176,-3.192466773965608,0.2935785838992342,1.110808302852885,0.23691675960029335,-0.31887010234521485,0.8951981048997861,-0.6862387323215522,0.11912279273098925,0.17095674530716878,-0.23242999106146178,-1.1138412276236174,-0.9261965235515937,-0.48228508829399097,-1.0882247481279923,-0.1142213573419638,-0.0427651775044989,-1.0107159071817065,1.1117477428493523,0.4695616116041943,0.5325891699125787,1.1152903876722469,-0.02608192738071133,0.45717047010763145,0.4442633281297688,1.013925257855154,0.38560061029162784,0.5822644988679704,-0.32002416538423056,-0.7297865108469944,0.06599906512982698,0.044682637068688,-0.6881414560187109,2.568533929052744,-0.0523647098786571,-0.08163219333716001,-0.7227432079733409,-0.2159509882866909,-0.3533707453998497,0.888082350355023,-0.922424986176871,-1.0842687516791967,-2.8566749926930455,0.08963877945647468,1.010510209539011,0.3501813130879739,-0.9160520987042925,-1.0043791429453586,0.8154763128386084,2.6034672943947657,0.40492990705789406,-0.2468248028059966,1.9636401581791356,0.9487261982646136,0.16973609240717208,0.029424761342541517,0.3531668759056077,0.9113564716904037,-1.8364398389567484,-0.8912651167809877,-0.48922999415328283,-0.9833054347587409,-1.7730920584844514,-2.8785824498063772,-0.14595840344415906,0.3172974598889006,0.8046746481142529,-0.37215408615091583,-0.1379256084539839,1.1104313095851766,0.3992069425492514,-1.5107587357524643,-1.4335097048180956,0.917251289458589,1.4179440261272998,-0.6139796219632343,1.4870576288581345,-0.32752979588704084,-0.11436911438161654,-1.1545235828597034,-0.25297846882582786,0.369614614567949,-3.032728652106135,0.7016301709764949,-0.3297732662435005,0.030530185789678435,1.7460127542770596,-1.788832809647038,-0.6830709339018693,-0.966964814389105,0.7038549410141565,-0.2782124539043243,-0.7242809099375324,0.7090557510025597,-1.389968175202747,-0.23865531364834336,0.8965031378712912,0.2574063910872663,1.1763862868919308,0.8054430187202104,-1.219834060915922,0.24768056793747534,-0.3942185669930242,-1.951814235871459,-0.3642820140560736,-2.437570979032984,-0.6927857577656115,-1.5380758204480782,0.7104792708416624,-1.9263521955092548,1.8458122217243367,-0.49317104407353435,-0.4031219177699,-0.22583505823078454,-0.8628347411254532,-1.099609713877478,0.9082711321223846,-1.0387583051273293,0.7346628772138113,-1.262482541147548,-3.189031392022992,0.6490334542715417,-0.09158732314442451,1.218432902215099,-0.9401239621320385,-0.5920448954152254,1.2145227307727782,0.6080889364258628;-0.2778857657093453,2.3261611336834243,0.672028673377613,-0.1481493616450413,0.45775082677661766,-1.5589933632668977,-0.9372585881021804,-0.20204574158755975,-3.6975439208206295,-1.540942965550705,1.6648137155306397,-0.5955283771745874,1.5560012084431765,2.0373275633320844,-1.5294150603156855,0.32228729692641117;0.4241570096374261,1.4594203785833275,0.29158217863766617,-0.5174103154203337,-1.6064802647253016,0.4560880510305208,0.307628905296918,1.351907452795417,-1.4524175985951695,0.8263054121270574,-0.5497095102594334,-2.225955327180298,-0.8357263646544826,0.8983497309651893,-0.43278556719065286,0.8502856128712359,-0.5390770312397781,0.6683325202530821,-1.2053511497995062,0.6270162706614942,-0.6256730761768258,1.0730443876750846,-1.6241685952494649,-0.3496424597943579,2.399981228130807,-0.24946438815597438,1.570223070395891,-0.5815737923351253,-1.6780178529023175,1.8313188016248914,-1.0554169771608943,-1.486527806230347,-0.24969719051034758,0.7452148427990812,1.6335503124630484,0.9821455302573942,0.9778927578818641,1.4335655283551219,-1.8978266978252152,0.2793762609607791,0.9965527787257009,0.3368352529144676,-0.32813280340220924,1.1328673302289642,-0.4040203302302725,2.3370452655705702,1.1558126963270559,0.7550945772036193,-0.6992917804250676,-0.7079220598253206,-1.2389071911141327,0.2647877062628528,0.5012327164883373,-0.9538189901845048,-0.0774606764983044,1.4341259026707904,-0.5974778111979432,0.26931067309005147,1.335129108692433,-1.2927726401043738,0.016085592797644627,1.4846264210628985,0.6166248854995792,-0.8464798297441493,1.8608496919684552,1.284022733737939,0.37020038052653415,-1.9667964355230052,0.14114659010053032,-0.4613865643075894,0.03045518956070005,1.837330916744607,-0.3503819045560209,0.6921622317239621,-1.8131229071176225,-0.34314914754974446,0.37617988445235095,0.07726099202950168,-0.24041730600172867,0.3239124732928491,2.1284572303046363,-1.0955313606036627,-1.5242858126219911,-0.9534543705091041,-1.0645215343503485,0.36983561573956314,-0.2260949834411568,-0.18807902386956432,-0.14503024898305436,0.6831172790893321,-0.45746630196951127,1.557620921937164,0.13750880635103319,-0.415008612367939,-0.20885998419837465,-0.33009606934429375,-0.42397384300346447,1.575449100971206,-0.5082540323952023,-0.9615742832247467,0.8852116091190146,0.2753987536843526,-0.9154938413933149,-2.4715726469489008,0.6400400818162206,-0.4043918822619381,-2.4043528253702213,0.12274970818583517,0.2517754236713951,0.8575230070809688,2.1038540928832954,-1.8869761311746278,-0.5010316355310351,-0.43229998484844273,-1.1790317220006854,-0.08782659280337819,-1.741955978332443,2.0956146902770776,0.2892553881924482,-1.6207411007883092,-0.29021384564212416,-1.175167784359242,2.377597032600666,-0.8549184488009341,-1.634087325664189,-0.9003156478215013,0.11033172693071332,-0.12078190094547801,-0.14278221926833323,-1.4787768746586876,0.5478760147356329,-1.0819390207465398,-0.8338798141862642,-0.7256921878640742,-0.7225788188213433,-0.9744683714574957,0.3963775070402471,1.7090322739918278,0.9106280814938658,-0.04865289386731667,-0.1448713415581527,1.2601051507894863,2.733364557008192,1.638272477598264,0.9980489709082994,-0.5394755202286294,0.44638369783574594,0.29189059008612805,-0.24816931489322597,-0.11560796236314536,1.0780363447657018,-0.026981161532492574,-0.26162171855387295,-0.2783628670856879,-0.2192294957815332,1.0691715501049244,0.5274034420918468,-0.7648846284266472,-1.4923047074249618,-0.8723471654666524;0.5103689585863955,1.1153816543626625,0.17585492359880792,0.20168302155544549,-0.16370079756007822,0.7254743237856952,-1.7511488767260348,1.457309200132744,0.8310607592419184,1.9477048292565373"
1,1.59699443149776,"-1.8163744125653731,0.34726583710184183,-0.8002898194252479,0.9256603230860586,1.059825626555284,-0.09397494025711808,-0.3295521160018073,3.1367210322692323,0.2167696843866181,-0.05634570965011498,-0.9648341808653922,0.7803277000057478,-0.9744794753008205,-0.44275187425240375,-0.61075521009142,-0.6478241449473636,-1.2394911585480912,1.1115198357818017,-1.8340488416941028,-1.3110713489503156,-0.13852202809157116,0.033536568867820866,-0.791123805777013,-1.0824362089412218,-2.3279891861923225,-0.2579300647164077,-0.10429296310662137,0.8462940780771013,-1.3228494260035408,1.4419781533480898,-1.4539384841718073,-0.81662218438429,-2.317173006004095,-0.5551116378465369,1.4876502289955782,-0.26560683551081066,-0.7470187568402812,-0.16329044606745743,1.5968574805508606,0.07343761368988602,-0.009602798315285405,0.5767009328575893,-0.9093649368649789,1.9364038700620092,1.7124356013942532,-0.5739236684788166,0.1267475181323115,-0.3883330299316583,0.4741548916275571,-0.022015442639498145,-1.41299745102319,1.327713451585903,0.09360391841180749,-0.4846983743502542,1.2957794122765738,-1.0869046832258946,0.7821692377529456,1.8534812305490658,-1.0909947741130561,0.3358933094080758,-0.413659933250822,-0.3749043340971389,0.3983848822221585,1.5814959596302562,0.7335618331865703,-1.5792452370348584,-0.18503820692123832,-0.34243276423237057,1.2426255025704407,-0.6588760224819091,0.8155328427788117,0.9162863317830608,2.0289690505852684,-0.2649912625070533,0.530401609759388,-0.8946498552834258,0.24655450889015912,1.0443425815675738,0.2214666909399435,-0.5882180950867955,-0.38033324296781146,-1.170946681093855,0.16260556200121978,-0.7769001704720326,-0.5783405712555604,0.13030752588058203,0.5316974868812087,-0.832377670286602,0.7659339484168497,0.5528468160437009,1.4699458943330144,0.5473933797906214,0.8530110025315801,-0.2599019496890524,-0.41258181570259816,-0.36916068853225986,-0.33227854359782805,0.6804052230533015,-0.6705603633451956,1.4192120108549826,0.9291312914411799,-0.5113239505191539,1.4123197944954917,-0.44339058154341,-0.03744209846745084,-0.284744228904573,0.509083505890041,-0.865088245006028,1.473371659572874,1.0394797810005092,1.5839295985860145,1.3023977004924756,-0.5404075100699743,-1.2069894173491715,-0.47885772066021104,0.7209574356147646,-0.32933187307592005,-0.37667545641729966,0.5146669681003916,-0.384714927848837,-0.2799482604960365,0.19620609987176754,0.4822520471241797,1.6261740693274511,0.7270375035063117,0.9261540699787998,0.08687361594270998,-1.4907820128210107,2.2396118745505635,0.1471819437238166,-1.684079884342619,-0.26805850092364264,1.185900745385939,-0.28996108422336747,0.4371049108019364,0.24602474333861224,1.0216635496860462,-0.2249997887648607,1.9775160082191088,0.32536776462184236,-1.1629302258812393,0.04615939302741523,-0.042381968347631596,0.055672386751521113,-0.590203334411461,1.9849504575555081,-1.6140387154713085,-1.622211891258389,-0.5810334114339404,1.66359626783674,-1.200201276149781,0.23720478007980172,0.627147825196334,-0.024195890884069666,-0.20283670834918402,-1.0851201167494782,0.8785695571901869,-0.7103188021525568,0.7191609164425189,-0.046686993783712855,-0.8045116437810794,-0.48100267122058893,-1.3869718193584388,1.6545855182697724,0.6571236468016965,-1.1421418948097755,-0.6879303989946548,2.0977614078292635,2.3287588907814722,-0.22134051738347355,2.3060396990977092,1.8639677093979803,-1.485443559249978,0.26582554218543414,0.9210420276868742,1.266485734034716,0.0024914191873892724,-0.18057728246880395,1.1885486951586324,0.8822126747010681,-3.1046512252601453,-0.08563610775636317,0.5189229652599257,-0.3820281132526599,0.5455276719761813,1.1740043569303389,0.3585294971952875,0.7006870554445649,0.6548131253348586,-0.22048516806701882,1.0476175770519007,0.9490150306085696,0.47234582424754795,0.05390396619548844,-0.0007356724429953554,0.23634901028038885,1.6985743768906247,0.13289650506525205,-0.2271193653264896,1.8958273813487128,-0.964440613025758,-0.025542316444615576,0.28089636120425027,-0.1430475583970072,0.6961901432755252,-1.2706956098018456,-0.8720904437234719,-1.2043126012991516,1.0017581456607412,1.4892297345398673,0.2418760118838224,0.32869049220690716,-0.260777835617139,-1.6846517096353897,-1.0326243077824817,0.23709135624495398,-1.29184177331282,-0.01608601408320763,-0.195067114471104,0.706088624332944,-1.3691219286813219,1.6950360980671022,-0.2948451987857275,0.03974084013417281,-0.16708857641912933,0.28332596513276626,-1.9342394315997322,1.506859276712567,1.1223572719987662,-1.1005501820673804,-0.7222767797423163,0.19758112971579936,-1.0861513001280438,-1.1557157263795907,0.031135969230152546,0.8701331870239215,-0.18034436702267495,1.285930125096818,-0.4128504092394032,0.3649093959226788,-1.3054464473876533,-0.9869381561960606,1.2677752526583796,-1.2789209042558984,-0.6204815666121098,0.7088067689838947,0.48065014823729757,1.0202854828675745,-0.710149939820326,0.02482177994909672,1.1350411126833089,-0.04987304643813517,2.469723146495873,-0.14546452982599983,0.39804450697143345,-1.3824178865082632,1.048424877307121,0.12989834139715847,-1.0803543591081568,1.0385395136191256,-0.2924428655677507,2.045307254045569,0.060787150215283775,-0.8222480889806001,0.014830384203436815,0.38633574040596746,0.17314809884431084,-0.7313258039505246,-1.9732410302840335,-0.14997581870960544,0.15715162395264415,0.47235766453812733,-1.1139988963939143,1.5704450752761943,-0.8237476008371524,-0.35773187784919547,-1.344510174623308,0.6921953333382382,-0.14979232097897738,-1.6067322842677498,1.1099983091091412,-0.2219331290452867,1.6639928312314685,-0.4896644962187111,0.6825423167408182,1.0380049871618724,0.04774401556349616,-0.7385666142835077,1.8995603625177548,3.2781781359202236,-0.016393255210230794,-0.09371543534436214,0.9788883802613118,-0.9705666650571017,-0.30224036407297544,1.9638326400991961,0.7193268890337087,-0.13308823353985158,-1.8522893170672217,-0.09539490604656556,0.8757609570087389,-0.5673764695920194,-1.937043152704925,0.8607436048207555,0.2739560122908786,1.0127235847262581,0.12676917343425165,-1.386065127917362,-1.4653881184008726,0.7637597345917776,0.7622603803420465,-0.5195457713802387,0.700966331277257,-0.14126859592257948,-1.4150286917567976,0.6616483041051506,-0.46010148949120105,-0.5824155746155393,0.41466285093852057,1.5703362523766724,-0.8329583838829365,1.3580555029581907,1.1421893920291493,0.12429044683389005,0.8268398743631512,1.0134985913536376,-0.06356121475634088,-1.6515272866017567,0.3880361364174839,-1.3871691623889775,0.30811789700369285,0.0484322295108086,1.1293428906869973,-0.2913043329718998,-0.8713954386186611,-0.18367473021163655,2.1468329778841593,0.16730960933860214,0.29656015773560584,1.8113392905702772,-0.14470522779602613,-0.2434058248615784,-0.30927722172197947,2.1475238573470232,-2.3291460412486167,0.4988423835529382,-0.2982624944557487,0.29742158080838965,-0.18273355025044166,-0.12426269501800344,0.9317614361613078,-1.5768108672309031,-0.14908064100501003,0.8630818725535409,-0.7152230032387351,0.17447416956035428,-1.0581666786678596,0.8261735084877562,1.058880005221776,2.208439949719794,-1.6597094060317472,0.2162268689408563,0.8630308793709727,-0.08594949895077972,-2.2223220778396406,0.3264435261679177,1.043935937818201,0.2900939644466995,-0.5228415559017376,0.1657368942413005,0.0992078478773708,-0.36342385348647077,1.2439514742412943,0.10148998808408091,-1.0480208781790807,-1.2384842290680123,-0.5254226871320549,-1.717268617905723,1.024264073583407,-0.6634195542575414,0.4461446227580207,1.255600892251344,-0.2965633026842309,-1.8892703379840377,-0.646889262377151,0.9019470593410903,0.05467074789905779,1.465439735752555,0.01212975674633171,0.8234210303294508,1.031908182462787,-0.2980468805662816,0.23879286877009512,-1.1677248500942663,-1.0423158530466248,-0.5668779299318034,-0.5453649840422108,0.3837710069011954,0.6248077060699653,-0.8662187729604824,0.5889056134884123,2.254635763819373,-1.7280011573072334,0.42893832598446435,0.11442666671203777,0.22930794516792102,0.19339386267837827,0.14850541659732835,-0.16635659128258196,-2.099156896259641,1.7404845934547526,-1.9575909119234245,3.4399500846363362,0.3247836095612422,1.4208758175284677,0.11702963933607591,-1.430407097329813,-0.9428719110778655,-0.634122285414504,-0.5586165195428402,2.2668640061855623,-1.5740071126042487,0.4779003968700057,-1.7730630347326815,-0.7923768022229599,0.29897627069813165,-2.9346016382354576,-0.1899788490588723,-0.5055968128842061,-0.5690323082703861,0.8086131520922861,-0.6448199578698164,1.9982573012302995,0.7815428189302025,-0.2914759496852458,-3.018448767460067,1.4429599274650715,0.6666091902589093,2.1413292843791583,-0.6343630467239462,-0.6631016022249412,-2.3704917890102712,-0.9533204347110228,-0.40026229544834513,-0.03047267395767131,0.399784087000768,-0.4159999574663558,0.48183105375376034,-1.4233862008577958,1.1540843757665231,0.9727359648418821,-1.0460184422623349,-0.077901463796962,-1.7607050608801076,1.1611156001402974,-0.31290450073401144,-1.1082425530765159,-0.47267503546505085,-0.07180569346350063,0.12754774480938105,0.7214274363314539,-1.831698784770425,0.2215900714208706,0.06939192139563875,-0.914291930047386,1.0428533926784531,-0.3165956604149137,0.3298843493007423,-0.8425288493030243,2.321680329682867,-0.3185038506250503,-0.1916534532781162,-1.367703836657554,-0.5514270788616961,-0.13789670308516344,1.5992349288804617,0.9568592261697773,0.08868108640108222,-0.686775460131769,-1.3238832925891657,-2.0274023215797294,-0.06263714283658285,1.478498541671106,-0.8508725879045481,0.0487796324162688,-1.6063477055336284,-0.9664902491680954,-0.23319528314586724,-2.2787162630119546,0.6967499865121815,0.19488345454800798,0.38522013595172405,1.074425974302659,-0.5401309850795633,-1.5367271093554704,0.8657825151707844,0.9617184708011408,-1.465912277357243,1.3631261667834091,-2.403318746145566,-0.36093237995235533,1.2128002798654154,-1.2683626387157314,0.2511337544410844,-2.135549019348328,1.5064529752931615,-1.528783299384368,-0.10943425636822968,0.825594757397769,1.2417887040470057,0.18161518085602252,0.5554530739977719,-0.5255744025411124,-0.6738846070900951,-0.957135983209778,-0.09319044396537889,-2.128970080409075,-1.2801799821301192,0.18323660771540554,0.7222676954370567,0.6680529692679327,-0.17031677642168253,0.9783738510652189,-0.5705474333763848,0.35313200651002485,-0.509923004951368,0.09111293243362506,-1.1960132344063148,-0.11479684990656594,-0.7559016513784359,-1.4064598696523283,-0.4973145432507757,-0.05447814035175037,0.5875802799624958,0.38276457484194754,0.574496963749466,0.4830601164792393,-1.1694140974686205,-2.2394243207813145,0.30385455797973104,0.39850521283565243,-2.377530791041593,1.7550625782850569,-1.4077618560511709,2.102234741469122,-0.5262629777146236,0.9907706286146493,0.6312177112767628,-1.6401421089799533,-2.722387748529408,0.10113422655732839,-0.9489630677118261,0.0915184625076817,0.971244756527242,0.6642357345176387,-0.13644847150239184,-1.030001343320653,1.4863520440242053,-0.26812443898424776,-1.3496112999937802,-1.1889390009992933,-0.31094840694463327,1.8719025365144075,-0.5878507608284804,0.3277120640201451,-0.24731480336645337,-0.6586525558284486,1.453461485936986,-2.2588432955204465,2.3710614592084647,0.47280531931009395,1.192550610723331,-1.447640955641089,0.21537990645215835,0.08149024129376839,1.7934660739048247,-0.3988620020801129,0.032995819682344496,-0.8396135089286092,-0.7693437451738635,-0.46285844215316707,-0.2625222567876949,0.2011408811897429,0.19223115837832605,0.03224900581790602,0.8421745625880406,-0.5780589922206761,-0.3027128670262902,-0.3064918815851796,-2.125018291362065,-1.4449373560393788,0.525513432047039,-1.112845489513517,2.5951130591205858,-0.7284371589672544,1.079465205285571,0.5446566134669143,1.464846645664379,-0.5598317535510621,1.1811503078186503,-0.13606540256696115,0.738833483916124,-0.7007095360293479,1.1329529959391587,1.1681813940107895,-1.3079429609151971,-0.02679132733247709,0.9559357907359181,-0.5379000856286237,0.022281145304728057,0.44924682922897197,0.20227293693470477,-0.6143917156198737,1.5024777923392918,2.0041928891306564,-2.0576547141658765,-0.8310447392835413,2.733229146622831,0.11493916721239014,-0.42153385958775236,-0.19059568935337726,0.7612490126957088,-0.13074789244631504,1.5311290951021703,-0.9210710196684777,0.33262307150751447,0.20032752380586188,0.6350718961121199,-0.07564364871259083,-0.5921045162767961,-1.9210822603149837,1.4508747413231444,0.3274282145614892,0.33752130746042486,-1.3732199082730374,-0.2540538557482704,0.01060732444372591,-2.1068580653684568,1.3354633785653698,0.01484034608073953,0.3190419006707169,-0.35839411958633177,0.756617330504664,0.9138853872882122,-0.06048136977354561,0.8039947693869921,-0.953657547867475,-0.41815042479729236,1.9580768631855674,0.713491172186302,-0.8824791519056945,0.6034615151240784,0.34330916693734265,-2.7492175731861095,0.345035668683488,0.9329346140755979,-1.9433262274248575,0.38075202634881516,-1.0768811912256355,0.49710914991639427,-0.43278855203632793,0.7934317901796817,0.6167774217132721,-0.37660996798542207,-1.4306651368598302,0.23725245845864534,0.20903566405364352,-0.3684136766382759,-1.4868237142856986,-1.6567837910094005,1.260604875457407,0.7263209563543689,0.5883695284852416,-0.3450059807571066,0.08177679888925161,-0.05210767337616093,-1.0816793039882993,0.8234250158252684,-0.041926695086301716,1.179961643343916,1.3017840818026807,-0.16481980321888828,1.5032652301283784,0.25981036693284537,-1.5527444709574114,1.0009682151582868,2.6703690107014615,0.025762967971097325,-0.0483090908222447,0.9545775937607577,-1.0002966197081566,-0.14325881830728243,-0.5905176590536713,-1.2049278620820307,-0.07506840033971308,-0.3876863793436244,2.8368644774671776,1.0391335167596598,-2.421166501720049,2.0037527772741637,-0.09877534250085446,2.183562671311666,-2.5612364565171126,0.5509255317899525,0.30242100815269135,-2.3507899641174137,1.2948622018308231,-0.9251792468403963,0.43950978704512256,1.2543184359558073,-0.5964932550664269,1.8026933559679454,-0.3924878654310369,0.5728552516152373,1.123287531504365,-0.5270897389048858,0.3977550652982903,-0.6305593608927713,-2.0192647087487123,0.40543313943075576,2.045495014750714,0.0673551349542544,1.9374573653952893,1.3869212563909816,-1.1876110913239146,-0.4067321147028618,-0.30928125761728753,-1.3119279597503346,2.1155495047224484,2.4817265906192385,-0.5371743375656511,-0.38701939873091057,1.7988610124216289,-0.01609060581261404,2.122712916305396,0.5156414188635263,2.461268122200873,0.3889360398108688,0.659163760344055,0.7952903265207996,-1.2947493912410986,0.7527092943649342,1.6040357216830339,-1.8547479950362584,-0.0999646250436162,0.3972773213494765,-1.1614733258913847,-2.6085417564907005,1.4517728750149324,1.2961263182994833,-1.432814871848054,1.5880019425652887,-1.5198998903251455,-1.8677662263475354,-0.5256958212701806,0.9162752576701892,0.3868636058336343,1.4204200673287115,1.3953889516496034,0.11207185945635999,0.29177048625102425,-0.07397166266214894,0.02119900160289702,0.8136615947911211,1.359409264095882,-0.05404745232307123,-2.070040787112525,-1.444086357098579,2.6714594034851276,-1.473532086729208,-0.809642205369408,-2.686543166526482,1.0592726869012137,-0.5099950382576413,-0.4866136999850926,-0.22575489800547194,0.34659444190325195,2.0896160561980066,-1.0078892589822341,0.17602201030801243,-0.32407494120590674,-1.4653495492223947,-0.48287679293857455,-0.3709076634884517,0.4604211631036157,1.3447289610307662,3.5020307718559645,1.2892900809070735,-1.595583802995247,1.5444255827255216,-0.7954146781568444,0.14152407346855214,-1.7780174418387904,0.9041847547115316,0.004020871811827021,1.7598013254126208,-0.38709082645700515,0.4135663127463045,-0.6674045334016576,-0.5684627582229796,-0.21489937201188697,1.9936779341113429,-0.6539183790720068,0.686659652601869,-0.32367770889952063,-1.7674913628154516,-0.9164359657602615,-0.38793928135167693,-0.9205302280008241,-0.451498480112785,1.3492152531660206,0.7857255996415367,0.2967123641356637,1.1884798650748258,1.74167959340107,-1.7147112096856605,0.9108744111946373,0.03800924218730699,-0.5390268522919087,-0.6111812519838722,-0.3150624449037406,-0.8413618650257355,-0.08515598888998613,0.934959970877358,-0.8239059703159981,0.30667485178802434,1.6491402655914245,-0.7892827301401943,-0.10555325178762184,-1.5778186866553767,0.48119723492307365,-1.1673013479847065,-1.0408044780689008,0.5361672736831874,0.6378479432380734,0.34767022383259305,-0.9979598529388276,-0.052473383813068014,-0.7645350883770191,-0.8484918310963847,-0.18090322225103528,-0.16961233544354926,-1.1251930269053918,-3.012549854849135,0.712293176301946,-1.15125095021627,-0.2986660422155508,-1.7499386063977513,-0.15903337919392524,-0.6193002812621563,-0.289791364992224,-1.6567133798411202,1.3286333381038322,0.6606138464148306,-2.205368096946424,0.4979050092610468,-0.30259943967773045,0.43789480947682313,0.8081669113273022,-2.083577398088243,0.19513161922943156,2.178855516533188,-0.22966016027679031,0.5396514498291889,-3.224698394577014,1.3395479530479266,2.0340653104101705,-0.04345313428175811,-0.6511100925581248,0.9000347176757992,0.547938895417967,-0.8799695518353083,-1.3015705446885688,-0.3654921575786242,-1.08340070427606,-2.1204489040502636,-0.7526415065702295,0.32262637416786494,-1.262458109456439,0.9979925945869665,0.5200175290897994,0.06426706323144846,-1.6266863981013255,0.7625745028390745,-0.724960698089623,-0.6430433600036956,-0.7550182075028112,-0.7849902829289589,0.7581111581245541,0.8161893634491578,0.436565995009015,0.3097237062717533,0.7608073826600776,-1.3718220591588828,0.1999898014396801,1.1061151341006472,1.236018181638774,-1.9312740557189176,-0.5596871916974286,0.4603358716703377,1.1255781060299468,2.92475525496665,-0.310286063342666,0.9061933995375564,1.7227580251628942,-0.1400841567550664,-0.14539632634622007,0.5105890600941152,1.9057232213020021,-1.321190218324158,2.246503691325501,0.0011803412544795916,-1.2846514444016754,-1.2097871535663574,-1.857786976636609,1.267453249841462,1.0475185383771595,-0.7662216044698991,0.4835469819833319,0.9051594733700282,-0.9206933128770959,-1.9626214812372047,-1.1546606844290461,0.5367273583015114,0.697508552234006,1.3296826777786068,0.6959498255869792,-1.3269346030647975,0.9118621121634005,0.9857895776390474,1.8184749406545901,0.1730022952771062,0.1372382692786518,-0.6475490759746895,0.14496293109786293,-0.3965871020500791,-0.7552415464899191,1.5719202406781796,-0.6422266857396474,0.19658544471854122,0.5326676307129118,0.28383082105797763,1.3181925988697756,-1.6479799946855405,1.899231209874413,1.1965964014094668,-1.4896218086013706,-0.25146204580139425,0.3691407391342359,0.9350685315321617,1.7271718144387385,-0.14325863309151385,0.7273064587651701,-0.9325913553000766,-0.8972524620075449,-0.31579397933019066,-0.8341080670556165,0.7410474157027911,0.4916661021015962,0.33872459653363646,0.12929001599408663,-1.7314462147317349,-0.820932410891737,-0.5462202363786848,0.08629228452750262,0.35382790927938107,0.061391806998481284,0.2501472229940683,-1.572335492582489,0.8153811612692671,0.1895089727148267,0.011023154439440217,-0.5260664634808304,0.0838150783007145,2.551678457266176,0.7301987700647019,0.8401128384723148,-0.03483060084823295,0.041430971157222274,-0.925647647006061,0.13058748143096396,0.32428767649547346,-0.8491667335667502,-2.505843834963295,-0.49987863296576057,0.01830150638130934,0.07535752070263527,-0.9402092069136297,1.456326485915139,0.05637035248687135,-0.8365960253972268,0.12312760562082325,-0.8131604936123887,0.2673959980784812,-1.1905630666332379,0.05346176603468657,1.1664629678983833,-0.4004329300698437,1.806750626145048,1.2010891033237467,0.003798020575783309,0.3202853411554774,0.7984342332282945,-1.7757429241077778,0.880328377127454,-1.96529862154056,-1.9036104300456662,-0.9325205246302225,-1.8048779480745456,0.2653632353928339,0.9066313536659816,1.4919116018138336,-1.110878509031892,0.9175732092234009,0.6138074671703174,-1.6022720344657726,-3.267198434812027,-0.0016869906475756626,-0.13316063147234566,0.009897099638609408,-0.6314091263442516,1.115764676824838,0.004004767519506777,2.0443642520471283,-1.206025087964204,-3.364704553884794,0.27508754642319394,1.1260111972776403,0.053875682073834384,-0.5053151191596287,0.7169522541516073,-0.6302543607157869,0.300842258799652,0.4127716658745365,-0.1874917633515385,-1.326051662837242,-0.8294740101012174,-0.4593045735330811,-0.8748112549122207,0.21737538710137416,-0.13321955429641455,-1.569823024694506,1.287449396230725,0.5080743833548089,0.39685928544995613,1.2108033973274837,-0.26609187035584264,0.8083356720789974,0.3690561248442406,0.8847332635230933,0.3366559228323307,0.47750014448816325,-0.5150526884694039,-0.5874564983596462,0.3295290777056986,-0.0048818864485505875,-0.7376909508925048,2.506799914259087,-0.04541450815797532,-0.29211315761010437,-0.7462252283334883,-0.03283114489016949,-0.3863776172141091,1.0614192787730108,-0.7847775078532793,-1.249488677665857,-2.8982119352400484,-0.058694253291426246,1.200916287014202,0.5404658365156352,-0.8095115900413107,-1.2034763997769633,0.5560396961724087,2.496079622302268,0.29007826240682755,-0.23708710902235178,1.916506347675359,0.9136198295081361,0.0926902950615244,-0.14165227497233895,0.26552290396550465,0.6506316856418872,-1.996500982380558,-0.6602242919832854,-0.564837165431825,-0.7931976535794275,-1.8529306204213212,-2.8196880685131993,-0.13528841326091903,0.5292528103903521,0.8704557968693343,-0.4204057905744287,-0.24006752012779378,1.1592343360077635,0.48496603368989677,-1.2146759716392959,-1.3699080132797739,0.9520527770909625,1.653848299184468,-0.8246094484276181,1.2320798730514813,-0.2238244697862437,0.27396878589508944,-1.3224529360185078,-0.6450970022764276,0.47197324066214597,-3.109108442051737,0.3469193303389817,-0.30374355254162977,-0.133640507872094,1.4071856143877972,-1.7111310623988312,-0.9044780552082439,-1.1358482379622505,0.5112906037447374,-0.2519888641567499,-0.6745806510047608,0.556578504379334,-1.1499864956246775,-0.6000731618398368,0.9527663337136667,0.814288638395519,1.325338369389374,0.7023592991150468,-1.1094829447689918,0.395654781084387,-0.4271596199239442,-2.0685001613012157,-0.07521518635726308,-2.055938933122488,-0.5779497751935703,-1.5253193251158474,0.7420535143164178,-2.016113847002637,1.7543565011435756,-0.5813638037010337,-0.5117791614013577,-0.00881178448705415,-0.674044483843122,-1.0267467719083432,0.8795631171539899,-0.6937508173453512,0.8160771368072025,-1.5105801778254953,-3.195475183833841,0.7881960068133131,-0.10413916987219438,1.2896958343149416,-1.0013164307542572,-0.7180462310307199,1.3882773736105953,0.42572835478270005;-0.4084720367583541,2.6033305410327596,0.9251243328309747,-0.28573510917885325,0.5054171076749627,-1.8552824244559039,-0.8150907105189876,-0.2539356167630024,-3.8498349481932754,-1.511211270584411,1.8871815782146397,-0.5362227669654027,1.7101519665861986,1.735379876086577,-1.3886073267332426,0.3112017862495164;0.7754210434334291,1.7113788719939875,0.16470042361437695,-0.29126452612238113,-1.6568525673706758,0.39509909728787806,0.2567887343070851,1.1923666344450468,-1.3609278474685798,0.4705589928847825,-0.6913497991052675,-2.4890651802093973,-0.5453111453254799,0.6880375288676169,-0.38434908191117845,0.8746805269614542,-0.7430067353947977,0.8041216766756648,-1.0056919122860386,0.6517618675742424,-0.5653444967933023,0.8845221730438045,-1.389475463561422,-0.19367382373569325,2.388779966045564,-0.4353960458969452,1.5564676919252736,-0.6310739407143124,-1.6771973230310289,1.7604035313606567,-0.7551942603124413,-1.417824244251646,-0.02231543258820788,0.7358495186856667,1.7724902180873856,1.214607416831438,0.7991868545551942,1.6286569030043632,-1.7467700082954194,0.42592974717296606,1.2933710125138833,0.25862915638601763,-0.32984552885093804,1.2509457999416191,-0.38995910859520555,2.1928844174377757,1.2150168168883768,0.40373544217583834,-0.5759008214643172,-0.57473089207712,-1.083874577934686,-0.08280204587257481,0.6566322299803617,-0.9547061446317338,-0.25769346717920183,1.654632972690022,-0.7835352049871642,0.11503169349509071,1.3219696195627884,-1.2724301297363438,0.029988475226025078,1.6435404162151759,0.5874226507045739,-1.0666071948108802,1.8048174588999026,1.0967537083485672,0.6347641210611854,-2.0473386631232904,0.3395828147589201,-0.30389511449213114,0.1584910790535527,1.9785526701912433,-0.23742018440250312,0.6425586368903143,-1.7366088659965404,-0.28813863197789624,0.3953541963449695,0.03635047218512428,-0.40642800224371234,0.23631296480965064,2.270772875338186,-1.2459968769554228,-1.50628708489046,-1.1048234943660795,-1.0059168931110503,0.7912839152287776,-0.04613478682518349,-0.3130814702073674,-0.10292700787351497,0.98198609843558,-0.6265842764814847,1.7082672960170486,-0.13899118884290124,-0.3414477567943487,-0.1138025384846677,-0.13387498593195454,-0.6222049725008862,1.546768846549531,-0.28608177659297407,-0.984495205881524,0.7611842960164967,0.048379005905921466,-0.7567258886011121,-2.6049296307202807,0.5912387178416882,-0.18682108716152462,-2.2193667758834352,0.38148681473936286,0.39052773361930765,0.8820138224578508,2.2028287989033672,-1.6336369097257268,-0.319833116768691,-0.32291389091577705,-1.4070162850466894,-0.11320666430603016,-2.0417790242872518,1.8636151839461177,0.11003551069565992,-1.1225592540339078,-0.23545138528440662,-1.2337418322420313,2.2245225412905816,-1.150231012043519,-1.49243517637056,-1.1603318988461555,0.16713666062910848,-0.13170875354638859,-0.12531411016573288,-1.5754192401356735,0.7704838137265907,-1.1188072972511454,-0.6697480275303378,-0.4383738569459655,-1.099273005496679,-0.7915705813464662,0.4092020577642972,1.8808068047173352,1.0780855257623707,0.19307970701963334,0.052738872133473,1.370263340293388,2.846947024005468,1.734219584300039,0.8171188890963134,-0.55682272290325,0.48002162829822825,0.44620605942876485,-0.061559205135158473,-0.3212391190274071,0.9670287105134908,-0.11134002129016493,-0.4151589596199544,-0.5291389565866285,-0.18129995115305178,0.9358846696542126,0.5383218857306,-0.8360127053373234,-1.2896217883596166,-0.8726170927456488;0.36655762720504015,0.982893979930472,-0.12352755781002156,0.29677965976227655,-0.19622682599529562,0.7902999148301842,-1.8445404334652407,1.434383649403949,0.6902922826142182,2.133448926295732"
2,1.5779065121667604,"-1.7332867336214903,0.13319961117556417,-0.5507792437436057,0.8429802701221656,1.3132613973469152,0.03627955976910209,-0.27478630192329156,2.985917575363483,0.18935125211365383,0.17503512594597653,-1.1635298420957123,0.6021701197317797,-1.2241091841941507,-0.47404492420231936,-0.23513003977483465,-0.8091673121261695,-0.9729112885087675,0.9230437353653909,-1.7964767377955715,-1.3407241642472427,-0.19081772490748664,0.1060506071213087,-0.4794256859921842,-1.0335191489976243,-2.503213836923005,-0.1284027150519786,-0.3004274128558485,0.8688723180750959,-1.3831638533776787,1.4642800381164032,-1.2569594577911947,-0.6490417248473782,-2.0882378217392374,-0.4948771500652116,1.4057093570575832,-0.21650529967691454,-0.46268924589686244,-0.07078027620530974,1.8542546798889175,0.011691087255944373,-0.20972401217944858,0.5930388331913438,-0.7940603867811066,1.9210375922299427,1.5515918120769678,-0.45507465308699097,0.22119390984071013,-0.16459121828831802,0.48860981926837305,-0.16204153783477826,-1.3769736158628025,1.0571145830891953,-0.4839846083282876,-0.42835432080751007,1.0187178161569852,-1.0962557388131275,0.678336995021601,1.7601020511700296,-1.2659494911409261,0.3679564405861595,-0.5030678587617134,-0.6647078253610669,0.26905555984096224,1.8652187954943371,0.7787423036425946,-1.4597307975072227,0.027881812589965672,-0.1803452158637991,1.2887326058226631,-0.955354177437476,0.8102004065036308,0.9989580642115877,2.095364405313182,-0.2419369300903289,0.39031300960266824,-0.9655876554978099,0.39721102586998214,1.0772839970576278,0.4420886215352303,-0.6767902804970964,-0.08889444458464332,-1.2422754906867413,0.20347519668339184,-0.6234867575208912,-0.4819219315429103,0.44947277130260543,0.6694808029076242,-0.6582977048870243,0.8927158924747921,0.5400722346655911,1.7017741484931972,0.7424898073092462,0.7775224068326902,-0.28148680161715595,-0.437484743910802,-0.3852142872789046,-0.2658230506566206,0.6123830779353873,-0.637999261642988,1.2481406437075406,1.0085147271640829,-0.5666788728990965,1.0859129134369283,-0.5704742580148581,-0.046166330930346514,-0.47175797927386165,0.4976898959720344,-0.7925907552090534,1.358693869631941,1.1641362647176818,1.6408271195101347,1.5843589797064401,-0.4426044484496562,-1.6059679611315734,-0.2717065137274114,0.5388532946997603,-0.26200044154008406,-0.43685134252506663,0.6348012129414068,-0.4065317538264232,-0.4016684627387488,-0.035128282352952615,0.19811973598161914,1.648850166152484,0.9469864423586988,1.0624523020686896,0.28820330166454755,-1.2194160843268835,1.9867626030228478,0.1039004187286432,-1.749940721446499,-0.4105300619301638,1.349176524758597,-0.5268458401560062,0.4065366085730998,0.47979450236038135,0.8411880826626135,-0.22329856797680922,2.098453646411152,0.17065345276888325,-1.1821314295178917,0.07038094873367612,-0.021896518219009613,0.1035636331195608,-0.5087920881229943,1.754760598007529,-1.2328657969581789,-1.5319228257475663,-0.6962647800994204,1.6675917440463153,-1.0055240190840349,0.2530355867550793,0.40474120188668516,0.07577773776618842,-0.15100571645278,-0.9952606328141315,0.544375688343949,-0.8138617188426915,0.5884337363151362,-0.17253778627049435,-0.6416196915521012,-0.5005901776993414,-0.9427845050328176,1.9118788412093843,0.40042100662417196,-1.0466765025251694,-0.7247148355111311,2.2682372164076954,2.11182834254528,-0.26852968288046053,2.4111114900761477,1.7181517951063643,-1.563877735423615,0.19760965774058295,1.0078628394377138,1.3427703872946821,-0.044756899185062676,0.08260660503353807,1.1890800158631054,0.857338996040957,-2.9930435503881148,-0.24527182180719245,0.45536884206196143,-0.34331342601293163,0.6457703745279887,1.3447936889578347,0.26275978982107023,0.8969115061340293,0.2313603014196227,0.28010078873689365,0.8963241785187782,0.8411319033650841,0.3468764719195596,0.0491187450114767,-0.1454715854214674,0.5805744231853319,1.7715747342488593,0.228233467009909,-0.3250291930402449,1.6492112747365402,-0.9013239665065554,-0.36654403216311254,0.32705095602790524,-0.2995678213245694,0.36011453608295607,-1.4138440662358438,-0.7660716880605097,-1.3790345992311837,1.136978384389561,1.5500128788034289,0.22935449869214974,0.2769431156257105,-0.2512015522914982,-1.423471630906646,-0.8489245822515485,0.4098004825083747,-1.107113832403079,-0.04585651798425057,-0.26473907874846214,0.6735864064908395,-1.1857534879107918,1.5246644073580458,-0.11794363264223426,-0.08572122771434329,-0.08794602052692063,0.41699061730671055,-2.0497328686672973,1.3919119634526025,1.0843972025867528,-0.9741764879501327,-0.8462066971221504,0.07435228792162202,-0.96076006297181,-0.9383305497481558,-0.04337753403420254,0.9979256675774902,-0.4602831008236148,1.116441644074117,-0.4576201217171216,0.5658396875357833,-1.3000985089959127,-0.8208778180241109,1.3383410997856222,-1.1067184617926429,-0.7668829349516096,0.6090640898106009,0.5014634431414393,0.8018363096985328,-0.6164954388728111,0.01723120731621081,1.1929470227010863,0.11881359733514087,2.4613699601704258,-0.03283260026918311,0.2971366688332288,-1.2139800158252152,1.0067373832543514,0.399853248015601,-0.973203634055459,1.1480474149350453,-0.26442080672868407,2.1247131433329356,-0.049041136170242874,-0.5668452932892081,0.17913337008577154,0.17471773896053777,0.12127033614098842,-0.6244617330819568,-1.9735567110931354,-0.18094952290607136,0.18605688467327572,0.5509875288149033,-1.0745116915301884,1.576420045862122,-0.827058163467022,0.19717638251898992,-1.231202171853524,0.4473660563750391,-0.3246675069655,-1.4865035816245538,1.0890669597969,-0.21613807766901716,1.651327667842351,-0.7003298017012896,0.6458436487335545,1.0327411995926763,0.02864652747034195,-0.38661913284869986,1.6401769620846278,3.170152433068729,-0.14685332623204458,-0.16325845122470212,1.23141159035277,-0.9113059845260587,-0.29480403411178707,2.0579643605332825,0.6655403861422267,-0.3906015026824793,-1.7533879984983607,-0.17184415494617428,0.9362147226837628,-0.6848667957484116,-1.8347223452591337,0.847508801064941,0.34732084629494486,0.8977383748459593,-0.08463325563729307,-1.316490081878301,-1.3940984899255462,0.7146943943206654,0.7189820287719504,-0.32317152410417277,0.5366996102369492,-0.16881954118833445,-1.143454219793642,0.736843218582665,-0.4729157654096912,-0.6730571868522293,0.5168019893402285,1.6420108310598556,-0.6822395344103774,1.3444328776596994,1.296405932171568,-0.14483962564539068,0.6685070339338385,1.1014353050894474,0.17993803999601707,-1.5059034926488841,0.4912917385394654,-1.374965780479077,0.11322364875059218,0.24599555315437596,1.054903103850505,-0.22684891350663702,-0.7768318191402366,-0.22718237625870957,2.2139843178179888,-0.15824238070669833,0.10575241116328615,1.717879766142752,0.08798488750401548,-0.5444630142181627,-0.5789863826355693,2.177767972709834,-2.3593547726290773,0.2963243948408709,-0.4207418537315236,0.5760583353171652,-0.09635884174542213,-0.22736947860015566,1.428610196188107,-1.5108366526889134,0.005430982827256275,0.9308926457459564,-0.29804144801963706,0.05163895732754674,-0.8916718507909948,0.8308529171728545,1.1046769474753417,2.259010959537607,-1.8488171700189395,0.1751774201705892,1.036557470827404,-0.18514930697293638,-2.0352321594789564,0.2799476514400752,1.1895694506442607,0.51698297294381,-0.7250625347675264,0.18825725626336437,0.18006485829990634,-0.3451926264059246,1.4472091692519102,0.004197808707212819,-0.8785149526276861,-1.2013242519697847,-0.5342749904506217,-1.618949592443487,0.6811253484156775,-0.740381246033758,0.6533811069111582,1.3888271848054377,-0.43033369903705343,-1.4898372951253005,-0.7455414237719774,0.6728597365289009,0.20465006188584267,1.3430249922916697,-0.017774290001524057,0.8553575311415141,0.8592578100686482,-0.4357610010485247,0.20562421274048182,-0.9840092432791117,-0.9739806951457546,-0.9793665016336037,-0.548385093019869,0.3651185912317384,0.5721269796004786,-0.8920764315951536,0.4113674036182797,2.301213480757069,-1.4153441278544117,0.43677524719010685,0.34496006683046354,0.07229992179243519,0.302534385919013,0.34695449540141077,-0.2995991333136294,-1.9503156506164132,1.8804174163214824,-1.92684394979614,3.2503399710097507,0.13223996975003194,1.4559828233877277,-0.052818299034049526,-1.3265324875441002,-0.42834743483335813,-0.7559059930745067,-0.3794348550246388,2.4175916761651832,-1.2077049391220995,0.2975306710714323,-1.7918076793778002,-0.9711153896783421,0.33649745702746575,-2.925736792306354,-0.44058063171098183,-0.43027383450574064,-0.7125955215482948,0.9629635159902726,-1.0709101429798737,1.920454304358702,0.5273269948155327,-0.12228029995987283,-2.918074078483099,1.4283891467112166,0.48292808992803926,2.0574372206124534,-0.4610671294585475,-0.5135022558596027,-2.2587340138278016,-0.9532295977808513,-0.1500581653118554,0.06391214663416728,0.23839895326829197,-0.14613213026281108,0.40785609845526705,-1.4553449239026426,0.890089210025438,0.8113060182003377,-1.2415314604151653,-0.19711056378477276,-2.0126556718198954,0.8842033439995433,-0.5895087343407304,-0.8153978013609465,-0.3586449366044042,-0.14171642775168672,0.25081133278690493,0.8227055845069012,-1.5606653896426042,0.43527418774023985,0.3722895526372656,-1.2106658747918895,1.0826393927626188,-0.4933173501970315,0.38938236060368736,-0.7526651637525524,2.245372012035454,-0.3887433083750488,-0.22282456862654182,-1.309643811055776,-0.43592218127995624,-0.023967022238803024,1.6881177054884928,0.8301389101699583,-0.22667673122369683,-0.6750482414653801,-1.777996084815873,-2.2948803574217767,-0.2012574979136312,1.445752961022157,-0.7149858920370591,-0.0893181098799993,-1.874635331864833,-1.1472776674375145,0.05465820362019259,-2.0955855506526726,0.8197323202426464,0.17429197267252422,0.40916204208823154,0.8104457329997443,-0.5962079686685309,-1.4238358518933318,0.5663581093522474,1.1076224987599255,-1.4063569397422293,1.266344356188149,-2.39647934263172,-0.23075809803456102,1.1642905065710878,-1.3228434283945385,0.2862915367380349,-2.2192147613538205,1.235276549139787,-1.3109651008422334,-0.15022493870244202,0.8259369153706991,1.287692921464795,0.4314057613123259,0.5285435733958208,-0.46694872213371325,-0.5040759865996299,-1.0169342204402076,-0.17940711932423312,-2.0902693170760163,-0.9542954772910781,0.28021257028914537,0.7979207500523237,0.5180851669956351,-0.284230001200105,0.8818663844727263,-0.4974022634585937,0.4006262637701431,-0.9716912687822049,0.029616987810705014,-1.4041995056792407,-0.19269389055050973,-0.6931422305321501,-1.2070450966023838,-0.5394659307872081,0.13426028946530386,0.6616039428611552,0.4717428395107437,0.40003857347003385,0.6981523143183378,-1.0407742903009065,-2.35756761408627,0.2086933331281317,0.1546844899361206,-2.3350525767748804,1.790167746055866,-1.173665770941302,2.218058207478638,-0.3676971564634922,0.9256720795655865,0.5030240975417729,-1.3914685368528645,-2.6937076243951124,0.07496841926624712,-0.8967954971857309,0.3365738221907413,0.7616249408280543,0.7922622633548859,-0.1449585352325744,-1.5142767948579106,1.2542675651697197,-0.11085692042688118,-1.407882552971774,-1.1698942787543596,-0.3978734290030994,1.886033181065143,-0.3201098447968608,0.2568202297021066,-0.03460978657408944,-0.5709631016902895,1.3866998513825264,-2.1816308920598777,2.432620239979231,0.28454768784205897,1.4233193979753995,-1.5107293630419671,0.05814956269814915,0.01810905126344135,1.901359568610125,-0.26814307700092765,-0.1778566390130446,-0.8954009493009698,-0.3451843726687718,-0.20940321615217072,-0.124311352642237,-0.028365307737886446,0.10537193123932884,0.20056469288715026,0.9761280120451438,-0.5655403464819606,0.025398821756848336,-0.12639780608650286,-2.197710227151292,-1.8713154906867226,0.5780988853217431,-1.063401601814287,2.4964471206756027,-0.774205656778561,1.0423274747252615,0.3692253669353495,1.665136634225026,-0.550724686061573,1.1645298064460177,-0.1638466889923444,0.3431013783962278,-0.41964757860819873,1.0067631524732064,1.0672657281231968,-1.3675394452046028,-0.18620982241600334,0.9351272040576388,-0.4218494018568988,-0.02876210109923269,0.8395565866432294,0.13747496239424664,-0.5874081566443085,1.4639892073399292,1.9371593286757065,-1.7816855076273617,-0.8010492019387214,2.7726022070018552,0.5048773481763118,-0.26529122877913036,-0.09545652720850627,1.0546861541195736,0.10533840373291917,1.4231016507073175,-0.8195931901228933,0.28972149812097425,0.13099600329986913,0.7704272909965156,-0.19598234650329321,-0.6915479038654153,-1.6454290635843376,1.344191973002123,0.45092425321521645,0.21075153154388082,-1.3125863302156684,-0.31215734085862734,-0.03300534344682848,-2.1827241896740057,1.3024701693716243,0.02709687146090306,0.11670596943602549,-0.14592947368300413,0.798300257038728,0.8580920030093893,0.01866534078966351,0.9776655011884842,-1.0425727857186555,-0.6335966222350522,1.902017255889063,0.5388317466496477,-0.8718362075197253,0.5371877826250796,0.10143404322160847,-2.8419870862086745,0.37183588536004425,1.0962339201132767,-1.7751934524903492,0.4800499555876372,-1.021038305140232,0.498533900793692,-0.7568029982795493,1.1934565697745776,0.6959553402420544,-0.1684472399270137,-1.7902829163174183,0.08347184396326658,0.25805482466364693,-0.34639148789913377,-1.7398044277395452,-1.826672229227826,1.320630443452372,0.35460400503696227,0.856041024315726,-0.5857832603806412,0.20358499559418528,0.14109323934619541,-1.3297162343288484,0.6912951976950958,0.08322250422609159,1.1970885975851993,1.0382008420622286,0.18792116224916466,1.618875477995275,0.47754344095082685,-1.7757154302919662,1.0958468162663895,2.613350584952013,-0.10851792996475251,-0.4719135630658879,0.8186392348876561,-1.025603294099672,-0.2511653531925994,-0.7348304778413718,-1.5548102830697068,0.028553439506094014,-0.7377240133025372,2.967776454525054,0.9531615601503034,-2.4417486238072987,1.9399801253803168,-0.6208985266734921,2.239594280153445,-2.4898131095452505,0.4368443050308656,0.5501702090126167,-2.46896044582193,1.2760104313340632,-1.1496482697349422,0.13557127531369878,1.3885825585825884,-0.7195117883747004,1.7784723432266238,-0.8383908670184658,0.910207820997158,1.11347644214937,-0.4772896597331052,0.2645206512682617,-0.5222489868795036,-1.8989658198856385,0.3080119201237227,2.223269972776186,-0.21823822015212183,1.8373346530453796,1.6643122980715535,-1.1294481282574436,-0.5993919514725097,-0.07786469527433751,-1.3421858915462161,2.3125642591888242,2.7168597807688846,-0.3962881986242221,-0.3224062234921992,1.832651948833224,0.26765750787732295,1.9107888590432223,0.6091511268412716,2.2446102431569366,0.52985806890259,0.673623384628849,0.842521268817392,-1.1859261786153328,0.8280110771346653,1.2154435745953136,-1.7665663363180157,-0.12577301074794828,0.411245652849833,-1.3869284449814476,-2.624375308977904,1.5621124447952097,1.2053079813066228,-1.512943130514648,1.7173911489093643,-1.6479432930494589,-1.7768242509010022,-0.5686538460709678,1.2000743016747264,0.3350897583858227,1.3703411061671074,1.1993402370668944,0.1484362130193022,0.3730057076766715,-0.03755927077923238,0.1272987550327995,0.7091821165274945,1.1083315266292169,-0.34682253425881016,-1.787402270580225,-1.4594040725363735,2.7462370930777036,-1.3765482471783295,-0.3981579939334057,-2.3942701784976257,1.0595334457975838,-0.6739562636196454,-1.0344029387172822,-0.35738415535218504,0.5669066159452548,2.0929783290371238,-1.231443191285878,0.0018887043729768072,-0.39551162230244225,-1.6131456444907255,-0.44277590338485134,-0.2572019871360578,0.4082045610382109,1.1167492289246999,3.4798242987246764,1.273342419122445,-1.8141722691749274,1.644554604366011,-0.45532931369773544,0.0858721322431384,-1.648615516692029,0.7571925136462236,-0.04580527591953293,1.7624270834123907,-0.29451687499012913,0.2143856342245234,-0.577222651233603,-0.36798359650263784,-0.2291057824558272,2.0643751619443007,-0.9985664130388884,0.6566722735333693,-0.28975681244709944,-1.430550539710299,-0.9871498407323805,-0.33656415794648115,-0.611936782272992,-0.1964828527907062,1.3707002298922832,0.8749216806405619,0.4030497269296817,1.11541097729798,1.6114156983797179,-1.6198967668996471,0.8874663477930229,0.1362857125901333,-0.3886754023760863,-0.49465938801480214,-0.08537785580637886,-0.8267429178312508,-0.03231249655873883,1.0236419239443282,-0.9825652950542264,0.4819913243409944,1.3236256957358496,-0.7678922449439194,-0.27031694246557314,-1.547453252147683,0.4027246408199834,-1.1789665527230064,-0.9792626360104143,0.7681676501974188,0.5259311968456392,0.267531097570891,-0.8175505695411356,-0.09333416930495524,-0.7984614213792395,-0.8268422479137629,-0.1314646218620666,0.1801853537710661,-1.2277484720940546,-2.908589785198079,1.0487653163460515,-1.1632249805061035,-0.1306912194166737,-1.7108072296676202,-0.17063765494780686,-0.4279496694953385,-0.009572052042323073,-1.7076414536923754,1.6557878893303746,0.6584026042729367,-2.421876554008721,0.8634840531949363,-0.2383627145676563,0.5210699969220873,1.0509588475637641,-2.05676847875812,0.10739268204084206,2.10024652814165,0.05524536437296759,0.825602089846515,-2.8587706076892294,1.2758771751244193,1.753815779101576,-0.15579019632781,-0.6631669429292794,0.4399884734774514,0.5215369324665374,-0.5786592741260773,-1.1063550666693225,-0.41852296988054305,-1.2835294094760084,-2.471503983492014,-0.8802471748619969,0.47745436595923374,-1.1457608599733646,0.7904303358024485,0.2435042804145317,0.08624266105662312,-1.5343829088764895,0.9747694634818624,-0.9078509937799131,-0.7769694995502421,-0.44893515742476753,-0.8631914476476209,0.7800064884259322,1.1847002163192335,0.33296237185224603,0.36380815334946315,0.6443324514564902,-1.4149734737002273,0.6621526601906452,0.8420689147052971,1.4921495285201956,-1.9258340568775763,-0.7360829043755425,0.5459545868094575,1.0384711697400884,2.8970613719281557,-0.28371569885820425,0.9838992969633257,1.922935956401175,-0.07727045438610497,-0.442695460256643,0.5200397313680152,1.8656747003005607,-1.585248453226544,2.32617553710177,-0.4677292511495143,-1.0454989037731999,-1.0606549249697412,-1.9788906099946013,1.2563171646342755,1.0047008454798318,-0.7231796828397383,0.3593142668309677,0.8964670722125542,-0.668711346652769,-1.9875932992368195,-1.2378647504110432,0.42590276766589147,0.8930703719054353,1.3365919486948008,0.794528940324265,-1.3728906727936563,0.6010218336499138,0.8941457172376959,1.6743398838815349,0.25504064493247774,0.25462537686945863,-0.4237045356717959,0.008395846907111796,0.060723678811814105,-0.720624685737602,1.531256126340878,-0.6815695453429282,0.08257447186339445,0.6769633117890697,0.16358661023915155,1.3806138094707054,-1.218641005621589,1.7078609825407962,1.0784796935075378,-1.648192226020832,-0.1370357127061002,0.36277207769644143,0.9396623353254786,1.8033330573510464,-0.15944975480052878,0.5964131708916222,-0.9369048868224896,-1.1141612106586234,-0.1192767034366222,-0.8646113216989605,0.8623337099870483,0.4603523584388053,0.38464434907560346,0.49720179977146683,-1.6078409356454264,-0.939556878576465,-0.7398457000336907,0.16103929680211726,0.3623864047488011,0.0811603480885935,0.3899066998438803,-1.7786114523746446,0.6201861793520517,0.1050675440823863,-0.19269200094587693,-0.661810954570478,-0.10247423126922733,2.6520253392653026,0.9265730806528424,0.7315753009679791,0.026867467006863585,0.0733158963852917,-0.7192478061006778,0.24266596822119135,-0.07513040318879058,-0.8313467583698267,-2.5239870727424765,-0.5753898854918225,-0.008216619427305422,0.3160401724974992,-1.133337684663781,1.3442397807454283,-0.05088428080891962,-0.6202630758135075,0.11709187658140938,-0.7695608384832759,0.5320166737531862,-1.1732617161738033,-0.17927176427299227,1.1878857257481212,-0.43533787514363476,1.881816952732035,1.0764898495046205,-0.11506793549628802,0.35596453328834243,0.7028871887116999,-1.8780065911935084,0.7490359788716463,-1.9036130912114853,-1.7167692830458579,-1.0437343145330586,-1.9602049223526767,0.43049462747589484,0.748305514935691,1.7894363770639488,-0.9520554353931192,0.9713196994522315,0.7052751583372617,-1.4800708437090264,-3.2693704608634397,0.07316411431646976,-0.5074420305358331,-0.2295442392748875,-0.6199663981121988,1.3822462234338515,-0.07839775301483934,2.2294879505274343,-1.2778131499514878,-3.1241683874608497,0.3342552992007348,0.8590533368840887,0.24003320010800733,-0.4772658656143423,0.6996572563503207,-0.5644690805057246,0.20952408117138294,0.48705763805143576,-0.5514430092834784,-1.2716023057246406,-0.7260022667358292,-0.49092450413352107,-0.9049766963076435,-0.3832835758071061,-0.16072381749823378,-1.260344766743823,1.1342768270450492,0.4634369242548817,0.37175085973068417,1.1559663563530216,0.03796661676524768,0.9692702752693457,0.07457021113729506,0.7065513895263288,0.39557457970336013,0.760355442413583,-0.5898598937230236,-1.0903072909446163,0.30007378543703667,0.08754571356921075,-0.49891363163478925,2.9154370362612028,-0.09654407420863835,-0.2927299061720435,-0.5525226909710911,0.05673327286726314,-0.13830657061787108,1.2172277280670827,-0.8018492496023291,-0.9872478853531318,-2.9655313444544564,-0.10384041048229611,1.1404839091525354,0.35750998541444107,-0.8722745237716626,-0.9063952061502338,0.740399357100567,2.7110247279781126,0.0856779415997071,-0.5069738236722168,1.923447547971291,1.0445069452420523,0.2984519351834914,-0.1998328704774218,0.042520304702427694,1.0839435137141396,-1.854065570963471,-0.6802768750164487,-0.5050522285551022,-0.6938941661301804,-1.8665781719089114,-2.723122632434054,-0.31473894806386526,0.47017829403866496,1.063041477206246,-0.38405378789024475,-0.4968465926527267,1.0719190509844057,0.609019510359704,-1.3416186879886236,-1.4960524266543245,1.0039704196703887,1.9686396737347536,-0.45126969150246177,1.1656025985383107,-0.10692334253807553,0.16439509554010728,-1.2651922935552458,-0.7757003599944012,0.7028247331894709,-3.094044841883181,0.16890366766468923,-0.172961073732185,-0.0007269081541085715,1.471517602462448,-1.5869885851682948,-0.8203049830749249,-0.9121497553530813,0.3431395503049896,-0.4907088449303384,-0.7905898103289712,0.6314412093743947,-1.1533574234003363,-0.6097133057510037,1.000840274187113,0.8373079825035197,1.4368104740026753,0.7531519975656998,-1.218897563921917,0.3592011692586091,-0.6785726457856456,-2.1548559557518563,-0.15068444327589095,-2.1822783201663314,-0.6475655778777627,-1.3503382214327395,0.7156634204512895,-1.8866431103363255,1.9227777715928762,-0.6818101540565147,-0.3678129254234884,0.07347076473933614,-0.6005011989805984,-0.9289460136797214,0.7594341008211788,-0.6503428795931556,0.9114531994212873,-1.5426931257412115,-3.180938410128567,0.733183779284112,-0.10730421136591764,0.8656019992854025,-1.0075951331661468,-0.9329510946971415,1.3176608256763964,0.721614132390701;-0.4105719434211894,2.687897615263565,0.44732854085550144,-0.10917652998306634,0.6355637402647545,-1.5455034818182753,-0.7942313850215448,-0.15593428645158924,-3.8155751175787,-1.723868345636235,2.1078662409036566,-0.4566910942067454,1.724202275672757,1.9226748381316365,-1.318814534665492,0.2962863875677881;0.7197419899713979,1.892116747104859,0.19005282589018685,-0.40807307747700466,-1.526808129422313,0.44215708476395793,0.16248442116185502,1.2327232422694039,-1.3746992863657144,0.4816719295421324,-0.760478794325207,-2.653436249392885,-0.22410593687054198,0.770689006407421,-0.18098836714611533,0.8895689574878936,-0.5773328047131983,0.8534346270741722,-1.213223554410425,0.7085179968741507,-0.3615995807262382,0.7774421614387321,-1.5661048281897811,-0.25142278763918924,2.4848065693398698,-0.5349365522108082,1.5687095629852408,-0.5474901257233761,-1.6160031869662304,1.7302146202821518,-0.7236648671975566,-1.5962498545970472,0.04594611762040345,0.7049358319351418,1.767002534972524,1.1127109137833244,0.9729225742039179,1.7370532817343554,-1.6728476415839448,0.09357426664359987,1.2677912723514817,0.1152193523890891,-0.34101378904939167,1.0933065062072833,-0.31808761494341403,2.005642910958547,1.1549252502278056,0.6755927642093484,-0.2666203089251462,-0.5896007119184603,-1.0726619931982886,-0.027261090899406204,0.3887766374955367,-1.1468458285465113,-0.27958874142255036,1.4229883189612342,-0.6735674738617219,0.1763792903684329,1.4537126425065312,-1.3031058512834854,0.11359449649715257,1.701487915096267,0.4459105861413013,-1.032048252444679,1.7474232213656287,1.159029619880619,0.7573975037631151,-1.863766290083821,0.43124925792399155,-0.512343343585193,0.36483021313778136,2.1939165646744785,-0.5247206495598074,0.6376397952618629,-1.6659252402745728,-0.20129777629931445,0.13545226652841877,0.42072925830373786,-0.10042194307631305,0.36326951300817373,2.2500691133879718,-0.973709803734983,-1.381691637643205,-1.3426776844758104,-1.1167347754869588,0.5444632268512902,-0.22988835967284516,-0.5822100227219916,0.02631610381343556,0.8800620333209401,-0.749272745875183,1.6039838850086963,-0.29761472127030225,-0.5433033494267461,-0.15842341094678236,-0.13106754831348505,-0.7088691588301353,1.3907918418972276,-0.2780936308076008,-1.1291553521769733,0.6114690049336522,0.026116788829550097,-0.8239552869910773,-2.530750799839787,0.5475476204058491,-0.2350273776619794,-2.31478165166294,0.24096949461877773,0.48565168788344215,0.9473835836384054,2.192569714747194,-1.3213630056256718,-0.6341588156336423,-0.1516589742279922,-1.747671789397443,0.2635588381813696,-1.6601559761763724,2.149970135013356,0.04258559684486497,-1.102320124525217,-0.2209123074596935,-0.8822023053675154,2.0475602914794515,-1.2429296119692186,-1.646786478326258,-1.174429314468886,0.2597460535734434,-0.2035496785630672,-0.4437500600260307,-1.5781486852407491,0.5363938527331987,-0.9166862591419485,-0.975201569922307,-0.47503442297484777,-0.9587266302980828,-0.6480318134681048,0.4545681132620885,1.6004593485576155,0.9429415085852979,0.2593330014498312,-0.06277602672429007,1.1922478803825993,2.82834923934689,1.4893632846280829,0.9428620556125891,-0.6103414577184536,0.2571639130129824,0.47822076257897933,-0.2599598480688371,-0.26839597644383206,0.9304742087528132,0.011204660883053247,-0.4259586381302911,-0.5846970070274221,-0.284054078031182,0.8406701609232343,0.44525642378123315,-0.8456534264859474,-1.3717060603814144,-0.7419827741448355;0.4203948312245088,1.0633008738599712,0.06702472331500875,0.3283191543606892,-0.0638360262784792,1.0459799346136898,-1.8002639958145403,1.470242457267761,0.7958218329788869,1.9219808254780693"
3,1.5749428503358185,"-1.7689869360274966,0.6411658173171332,-0.6512120179975259,0.7709080732459636,1.1605266850533533,-0.1396435643245493,-0.3805895945011106,3.2675475078460097,0.17940217308550868,-0.1539261054550859,-1.0606598113326209,1.0094807874213887,-1.3662509636289966,-0.5945114296620749,-0.36772016842591215,-0.9281773625953393,-1.57205609646926,1.0885997155715468,-1.762284645493416,-1.4126452014439643,-0.11680194778334486,0.09614720763356804,-0.6909679923443967,-1.145509182171459,-2.365447596918481,-0.4271373165855792,-0.10837694202022259,0.9339923302905088,-1.3250119291392843,1.4964458396368265,-1.463525286643165,-0.6886340397461594,-2.536617239856796,-0.37284464689604746,1.225425673263958,-0.313943447170389,-0.658841770150266,-0.058189766166396144,1.5391950725836345,0.3085250419532049,-0.15517193936992627,0.755867274138439,-0.804100453251605,1.6474220803635486,1.6580046517572649,-0.5517976164658523,0.03784631731364037,-0.44377219302668025,0.40414706290958435,-0.04616383780044425,-1.2954088029842585,1.1785481387189787,-0.2127895284439972,-0.4154245787526995,1.2071469045000778,-1.0893250825190084,0.6192002357444957,1.8599315753698114,-1.0070288163393533,0.34138510271823574,-0.20075243475867088,-0.2669586755169272,0.30994524423805214,1.5041577571315874,0.4132628010156666,-1.2523833150322572,-0.20497931922598245,-0.5303448026785856,1.109835861677373,-0.7399989571684157,0.8957029720511593,1.010873151089021,1.858671610326628,-0.22617429942835854,0.18771330293980668,-1.0458663722496973,0.15160272123381402,1.049389593955539,0.2535637259442814,-0.5291494341355647,-0.24351186438096656,-1.085385768804593,-0.05838037919665828,-0.7939509915111878,-0.6631264582861611,0.29832799879675687,0.4862071466293503,-1.0126976422125182,1.1253270170945806,0.4124204418295268,1.7409518161291233,0.5272430541105719,0.6717482168933464,-0.15699090816718264,-0.3693647144232195,-0.5194086620831826,-0.08311640633440631,0.7010359653500375,-0.7482272372894081,1.4058712771920052,1.183633772557953,-0.6562011134594039,0.9703092061515639,-0.5720724797822906,-0.01194125719402311,-0.14316291647495832,0.5262395201194741,-0.9167382371449548,1.7236368600338006,0.7926035781077363,1.3085841918896355,1.2729137574381284,-0.7092702160895084,-1.6626835147205432,-0.30023371552668254,0.7341607472631044,-0.3573227406144644,-0.4505721448450977,0.4137829243292035,-0.2984335732510756,-0.5670386908692173,0.038360887407382444,0.29101204770651934,1.7208456946630568,1.0698661123008695,1.3054451830924574,-0.17775852811249135,-1.2780365944534922,1.8368816210382268,0.28111459101894654,-1.7627816619300865,-0.5621320449614139,1.4563043326570975,-0.6388953970814982,0.2229007577141537,0.19512920072659637,1.2074481545614824,-0.3185736692903982,1.712625256941646,0.5360414388824262,-1.4308515213052853,0.46493102476420056,-0.23019654188659044,0.14430439446029547,-0.37054680081091096,2.0800555367163023,-1.552604004470713,-1.4344033200297157,-0.7446301456498713,1.6866091571582387,-1.0541437428412377,-0.06964926719839912,0.267895897756832,-0.12455889986131138,-0.18214508203413865,-0.8656098138121588,0.8138199196481795,-0.5854729000320834,0.523507827708785,0.08285714818320365,-0.6728306184764143,-0.49782254114647045,-1.1396689623198117,1.4751305994803279,0.603549359125396,-1.0950175823123889,-0.5922528414038328,2.0425592601389946,2.5050119293232447,-0.20260646673132895,2.4258998645884247,1.669172202511742,-1.4801821825014074,0.5984176055574866,0.907311089020101,1.2945292419935706,-0.15216098430702996,0.007438894398426514,1.308518757973469,0.9066688658167832,-2.7505401665103237,-0.1860792205718799,0.3351689858907726,-0.4816477211936469,0.6161946029662557,1.0174278062548276,0.18723150238162747,0.6596413203099218,0.15548402751992893,-0.1952736067749085,1.1133304323271302,1.0321369526737534,0.38358602034894645,0.08787472461351287,-0.016833058319868935,0.3132250091698767,1.7448754083886584,0.38152333649389963,-0.3182017245972209,1.554902913226282,-0.9723431329151913,-0.011982279243688294,0.26497232069655957,-0.3892762115981537,0.3833764049894206,-1.6057764784093627,-0.7932701135839657,-0.9178804460328517,0.9546300829192356,1.5160491146760584,0.38526055298201467,0.15792036497832657,-0.6541048072685266,-1.3823406948973318,-0.9957284208664058,0.4523989983896034,-1.4237071711772677,-0.07707822222029105,-0.24421119798727656,0.4997940273610697,-1.4109206517107766,1.995443571626446,-0.2553249050751929,0.27289995627936814,-0.14271367751149117,0.2859248441524625,-1.8800869054601888,1.1512709842869486,1.0184773811151073,-1.1879088040939745,-0.6328042478262647,0.07836602432520356,-1.0646387416773355,-0.973824653314421,0.10930714404994304,1.0279646433380867,-0.10405051776006274,1.1336946752011694,-0.3918846894957752,0.32280959933145026,-1.3188346658594379,-1.1129756215945488,1.3718372940908445,-1.3369588489511868,-0.6026738465034346,0.7279343391583808,0.4400266554929263,0.49713893197912146,-0.4973408965249145,0.08780994812400682,1.1647898393928218,0.17627663685256606,2.4566891534315154,-0.2524062229931148,0.3775127663206851,-1.258676989547572,1.1542578199650577,-0.01512813940368489,-1.0231342942981811,1.1084743245439375,-0.5131160124628136,2.1455790709807534,0.0534273754292789,-0.6982576469254681,0.1422764806508934,0.46503854316069637,0.21451864469360882,-0.5232857582067926,-1.8903605717694463,-0.30901604480095757,0.3223347410568027,0.44760642426597586,-1.0084639690953638,1.7361744356659983,-0.55332422016725,-0.13275067877832789,-1.2160608997717584,0.6969227970201195,-0.1378856011561151,-1.3529748998523017,1.0122924556014101,0.033304930377687114,1.7405238572178559,-0.4117109976307098,0.8423388641606909,1.2746571006471878,0.09172779096606595,-0.4820903674732794,1.7255032380097557,3.0866748111237485,0.020548205330610567,-0.22267584170413665,0.7380884661311127,-0.5565748145863378,-0.18744951775818441,2.179428054919575,0.714011099359114,-0.42402368560047743,-2.0001210121274124,-0.18398717207624907,0.6316331397549412,-0.4759500793096551,-1.7613204809130787,0.7493437599847725,0.3242355071977504,1.0856995872873096,0.3191623966616421,-1.109337580235136,-1.4278157933241955,0.6305136496935245,0.648340266391811,-0.565580723209905,0.7043135446123578,-0.1414099045109442,-1.4277019438893885,0.22578659051454958,-0.4920823505679751,-0.45333935126413605,0.3649593863004017,1.432325172967324,-0.7064646771595109,1.375108412626051,1.0007460638478913,0.03474615524271032,0.5215092409103506,1.1811042643473588,0.2866565094888025,-1.9920522430312628,0.36630581410077384,-1.521503535951493,0.47907610466366335,0.14925370148631015,1.2479040588450416,0.005866935895202523,-0.7650655533556366,-0.1855644988372699,2.147706846488894,0.18890422163329912,0.2654725746193128,1.5486818623636234,-0.38926878165911566,-0.46466716524621265,-0.4575313648417526,2.30238410647397,-2.4606521903995313,0.44376852427121893,-0.2197031886876081,0.46134268431932673,-0.07431208192288997,0.17012401810410815,1.3930743973187762,-1.4260176669469506,-0.18266373228697122,0.7758708619710606,-0.6245110056467437,0.10737789929735704,-0.7306131961495389,0.5032518206676451,1.1347353736754242,2.2006663957519437,-1.8383470277912104,0.4735956644132934,1.129890664684032,-0.07020308046627438,-2.234946642311177,0.631346930748388,1.1192251023579094,0.3655648286681876,-0.6421332027997917,0.04940913955978243,0.10368460280170438,0.002726216705019352,1.1532726160917708,-0.20330075874487422,-0.9427532361469368,-1.0588117264154235,-0.5438049697979459,-1.5885270472301916,1.0751840015694298,-1.064972473434829,0.5097553767349884,1.3343755929354808,0.04239461537554606,-1.8976838964799012,-0.6255041382000152,0.8457960366309096,0.05465500890758586,1.525691785241197,0.08784954578403067,0.7657654005198296,1.0353226672665856,-0.2317236253226485,0.11020083869852994,-1.0093599195653278,-1.1886662526935778,-0.6948024497920987,-0.4653392066638119,0.24947186137533434,0.6052451127816499,-1.1289175591051348,0.5187050461947776,2.1857886703212346,-1.6894536661101227,0.6191702161435542,0.20445563289149946,0.22282866811692636,0.30675245589578953,-0.06373300709468745,0.006353907319995855,-1.9961060698689725,1.6217931776804853,-1.843900669935311,3.6958669165973803,0.4111974993297736,1.4329103117164788,0.07760865256612426,-1.5577783976086366,-0.7610214488660038,-0.5198361920660315,-0.6804023634225993,2.187787087274899,-1.1948512897563128,0.46206737107975826,-1.6994002192812485,-0.9559441130824923,0.43793320116824863,-2.8649800828676355,-0.2840470427737035,-0.6777072616133413,-0.9323136428668349,0.6387587734347434,-0.516083456506996,2.0043173406664994,0.66074306615549,-0.19079799589330873,-3.0164147843796476,1.6844377990076258,0.6029310710030318,1.9830633998626144,-0.5005006491426189,-0.4217527790403598,-2.3856943578976337,-1.0757633258502848,-0.43401805198019755,0.07244907603773723,0.45308418547236684,-0.5105014640279879,0.5859780351144088,-1.2902937736427498,1.372780120816382,1.056788193835727,-1.187804027388361,-0.11106271118782862,-1.9130337073466352,1.2745316377484215,-0.36280808709785406,-1.027078117055717,-0.3017583670619579,-0.26184999259871466,0.24665927559509318,1.1076972454946268,-1.7390492678163392,0.4094173380039044,0.0965032354532169,-0.9186856625892752,1.1284818718121157,-0.5910524100890733,0.22256579339819815,-0.7318569992119773,2.33372413328723,-0.2388488438010886,-0.3636514285349121,-1.4283232248093292,-0.08915170954978116,-0.062391723899304675,1.37578356953844,0.898096350612672,0.09149976505729539,-0.49436378085062954,-1.5377289783313302,-2.083560333969732,-0.0027312097638575797,1.2466652680878103,-0.8520286480182541,-0.049848072421932496,-1.9753974107495247,-0.936067466290206,0.13863301326985866,-2.3058417873585366,0.6946550220216838,0.11985099384004003,0.5210254510509615,0.9274587076524706,-0.66367215616716,-1.664256011352945,0.5572319634730846,0.8953509925124064,-1.4569437929717397,1.3564799781489438,-2.2184647401264215,-0.2885317980768408,1.1212364188754655,-1.1822476959933197,0.2356714199109445,-2.081682635878994,1.4572006531753936,-1.3524730926318635,0.22998233763084658,0.8784930870711092,1.2997438751330632,0.10679078007869805,0.3470144759285916,-0.31129022072475515,-0.31277520206396714,-0.7483214769275383,-0.043920724678984495,-2.034629774142514,-1.2244573318001153,0.31093230258324883,0.9373595495870712,0.8269791965152463,-0.16650783603803423,0.952838177659,-0.8785408660357172,0.40234948911106483,-0.788354292313113,0.027125988394028612,-1.1753360284374545,-0.10617872785475352,-0.6191986199160329,-1.049149875648641,-0.6470798221545031,-0.19587972774755266,0.5894906381465734,0.6057657811820213,0.3961053146555558,0.5092255629744004,-1.0539061216897097,-1.9920647362660815,0.3423562234472707,0.2619820814626449,-2.4467809621077534,1.7463750341161677,-0.9439630503836625,1.9251927880010231,-0.45737288489512895,0.9226817649019042,0.6705947939163177,-1.6839183827266466,-2.6833948391705116,0.3029151542689216,-0.894001635398905,0.29599884567291207,0.9069847775830098,0.7085799566223264,-0.13901229717270713,-1.2052097115370333,1.3447513516478986,-0.08789170142140423,-1.467356280425792,-1.3833424312071863,-0.19158145617817302,2.0067714049196184,-0.7945813759612985,0.2823137660006003,-0.17720810321232722,-0.8891179798891646,1.6275020705726884,-2.1510625576725184,2.3078115340531227,0.24403025369435843,1.4300904480372165,-1.6190195035934658,0.19961094204651625,0.20530460828631714,1.6773489679414169,-0.10912375618253327,0.08106263103383841,-0.8040913558257701,-0.47096766472477547,-0.12886854781725718,-0.3024521389280149,-0.039152202768615293,0.10556620545988343,0.22310253169279184,0.839345914745119,-0.9275960657842527,-0.23530745448809115,-0.235232752991137,-2.281354855944545,-1.5361961992072573,0.5726125212167927,-1.1820710048323737,2.611283675427974,-0.9288499151823865,0.9508628669197001,0.6004598716200833,1.545804998892033,-0.5769697330839316,1.251121650984588,-0.1334757865814873,0.6337968558535114,-0.5130051102095066,1.0548756278680411,1.2633420285602368,-1.082878086598999,0.17666883466570613,0.9571455496681981,-0.3602870890187916,-0.08682642848777906,0.9014168052089497,0.3983372456098964,-0.8941006455858691,1.3425233275945991,2.0361887320286014,-1.9342116683194144,-0.6926689576341176,2.9124756355137054,0.46244272928722924,-0.4572442944141203,-0.25421888385621827,1.0263098702722242,0.0034954381581160515,1.3327617961506215,-0.7697456556426504,0.2006960095039908,0.2001472390140313,0.40454215185317743,-0.07865944590635543,-0.6335150766786449,-1.8408438398834799,1.4659657995919055,0.5020319006838883,0.2970675071925912,-1.3285745239494664,-0.3079076035411401,0.14591751589886698,-2.0137016124347604,1.1961090733807098,-0.21618298610659625,0.28188420391452546,-0.20674738248554286,0.7553946111349807,1.0145505594089588,-0.018494820109056155,1.1299938551285582,-1.1053713389900657,-0.47406251784436915,1.70621026819649,0.6563717382904154,-0.6956281049218812,0.6892279631948309,0.2723953320283668,-2.722997912302229,0.4345219480700367,0.9949426900339877,-1.8375935269829398,0.4432689912387049,-0.8699189201760772,0.6833043339994873,-0.5988942715456725,0.9378075824188653,0.7118395859105412,-0.2652004217875799,-1.6093428084520658,0.018511428529543877,0.23487400523023294,-0.2493502057620237,-1.3116218670973865,-1.7462455696490324,1.1811164222226274,0.6455922625456714,0.7556497429796107,-0.46493980176512045,0.007121816838640119,-0.06135555820534916,-1.257499872644203,0.9635368513185463,0.14964674194585106,1.080272147553906,1.3059967357029743,0.03211984406018231,1.5159227638794355,0.3450751696402279,-1.5921348454507247,0.8357901020626257,2.6111345191205433,0.004436422443376942,-0.012414812152706442,0.8952414826503615,-1.1718137796006218,-0.32730303169205754,-0.7401591367691629,-1.5821664605097672,0.16409453452904194,-0.5282601371439132,2.737667839955036,1.2128415156133334,-2.4885844670156083,2.144470396163043,-0.3150061992476019,2.284099447724141,-2.5421397849216896,0.6378736768687753,0.34756542951538694,-2.605689203185676,1.363456448738266,-1.2865661005496483,0.14493226528408207,1.3419546098444237,-0.6723512670524722,1.6861368298289106,-0.5591000189817975,0.730231501584003,1.1069837782984289,-0.49923116561269765,0.21486998840185764,-0.5933868115338721,-2.2089285368365776,0.23038278565163978,2.2275373505190346,-0.03705708925279339,1.4732390998077747,1.5481971011294293,-1.1152285609989843,-0.2445781695651298,-0.6272488405039611,-1.429714583057605,2.217622565784494,2.7004543404861865,-0.3038745707806876,-0.47765294501424527,1.9821525985837811,-0.012832235876553647,2.1782146174326513,0.7713720189123995,2.4212421853564825,0.41573370742600974,0.867251273379749,0.9301675053701008,-1.077480229510702,0.850106392486568,1.1176044394771956,-1.9389003706523975,-0.0037127265880669506,0.3543098927917557,-1.202945829979709,-2.424326490852669,1.5388453404139786,1.4771698948318084,-1.1244555807997716,1.5233274646626707,-1.3144304606240382,-1.6838028597092491,-0.5929143580409101,1.027067271963194,0.42371900183292943,1.3594713420906113,1.2838437334961745,-0.01802434624544734,0.1224258438629504,0.08858329535011948,0.0534398988229734,0.8961607934087126,1.1947108404397924,-0.04995573847903059,-1.9567320755343363,-1.6251087556288717,2.473268783790522,-1.424740411900099,-0.7295631754846745,-2.69521783082475,0.934013338386414,-0.6542421840985249,-0.6244210549405571,-0.3513584178700105,0.2892286170407917,2.1439741367494314,-1.0043017697203156,-0.07944073496046589,-0.5431418771772194,-1.5164519256264837,-0.5866171446898051,-0.4079340970173563,0.11315156245934022,1.2558030435187006,3.751279146507238,1.3067072997012592,-1.5997938769984448,1.4785485273181507,-0.6363637793029162,0.35201691161254145,-1.8155702375321836,0.8062001088707474,-0.11069181323355538,1.5857157581448444,-0.20917566301689952,0.3267906124274184,-0.8023454693676979,-0.4613446551889557,0.013627893559395296,1.6857166254261051,-0.6986298239641278,0.8315526721313561,-0.483846335766818,-1.7726681502914765,-1.0099449246494296,-0.40710519515433513,-1.0257355369725112,0.0384147858881136,1.4761713931479796,0.7974627296599566,0.5682357642520601,1.1729367997411542,1.84818490569518,-1.5045245690569842,0.6790651367205109,-0.09570111288734279,-0.44189245477285954,-0.6933820221174187,-0.1380809784674889,-0.5598168668891675,-0.26180384049656275,0.9611229181034723,-0.8741015804315198,0.7483276355792162,1.5624083865320668,-1.2324702845712436,0.09420965973019096,-1.6443884114243952,0.40684758369332635,-1.3525817894401109,-1.0168154533143392,0.4609293609966066,0.7003300258144317,0.28162421918036873,-1.050665176360912,0.3800364327972249,-0.6110107054893569,-0.8301886910460854,0.13972233107764326,-0.0023784232734905646,-1.079674920593742,-3.0924485287137915,0.644139580683127,-1.253609350643276,-0.7602294685443679,-1.7084977965313126,-0.08238361654831128,-0.8920811760370447,-0.1302222652343238,-1.9986807630077632,1.559312504121507,0.7796036027938802,-2.2723797008115874,1.0302298069182438,-0.014197236973901274,0.6785041625502696,0.6187980798045243,-2.2144327589290214,0.2514084171039632,2.0435110060306396,-0.18150250652037958,0.57646369931325,-2.8375231690999425,1.5956470202331148,1.9276786749166421,0.04048624090013168,-0.6082459513471439,0.7873202163468279,0.5900322230878008,-0.9797803594112724,-0.7747128835381987,-0.31638001001191346,-1.181974960561746,-2.1405070618744526,-1.0568207002388488,0.399286458961984,-1.0995406989944483,0.9476252565712291,0.4528182130973012,0.0971567078238047,-1.8945615480311013,0.8016094312282237,-0.7600494748185797,-0.5883230234097167,-0.664747737094505,-0.654055488305116,0.6797093313140191,0.7777968972274177,0.3736566871189605,0.10449585219654238,0.7561400612105135,-1.3347140720458186,0.28168725224342217,1.3750367400813368,0.9449592560092577,-1.8627484195294661,-0.6494750798431621,0.4960356584313703,0.835622795365983,2.8039392821756564,-0.33057458497683945,1.2794016563195576,1.9769011322680812,-0.25667421042692024,-0.23782360498484367,0.4048304466551878,1.8660328769751595,-1.4368422867984798,2.2005056773270835,-0.15351017910848716,-0.9515517923268582,-1.1203936339095946,-2.14089841180998,1.537751015520726,1.0167729244070947,-1.0169736851466378,0.5729495298695791,0.7532365040931539,-1.0572193106804202,-1.6819888367238338,-1.2163472575108474,0.28582469426327184,1.0821632979745988,1.3748234357666158,0.6686679869331175,-1.3670596046280235,0.7323326210654283,0.6533281175337522,1.5770144229065306,0.1731188849222403,0.4027227863581861,-0.4753547361843934,0.03948965106332185,-0.2482612077272646,-0.5984424787463675,1.4380305760324699,-0.5736939580621964,0.44940860794282905,0.2832577083524436,0.24255656941185802,1.6421620750289432,-1.7607347797206172,1.5642783156694953,1.2191625280757397,-1.4220207318765832,-0.16799038312842224,0.12557319210279183,1.0092084952488884,1.664066353026865,-0.20885084502623208,0.7031601499812765,-0.6560092093413789,-1.2377414384813383,-0.4821639102522227,-0.7582659352604193,0.7426621771038961,0.5465653765968257,0.49471133699997927,0.501401030363493,-1.5182480410797619,-0.8784309927654896,-0.9235266640190476,0.0355453163977913,0.32163652710092067,-0.1956930260828134,0.028266389228676858,-1.7262989406176943,0.7788757242514255,0.33597274763376506,0.042982310638506535,-0.3155519849691092,0.03551251797959184,2.863252551227628,0.6215310840521122,0.753681729936494,-0.15123699120949788,-0.009076010343576829,-0.8509109607757244,0.21412259075389148,0.3651679790380805,-0.9950755412187646,-2.577130262812999,-0.5538504701568845,0.440926055401673,0.08917586717803647,-0.6896908786335268,1.4130162079482866,-0.030390431314049927,-0.9134543447107245,-0.04752045639362782,-0.8771406134862051,0.2807278406519609,-1.3142082120149619,-0.11059876813014013,1.1893838100524545,-0.41942659218619993,1.9615837928512172,1.1771241449075471,0.05565670597880147,0.5194650819948089,0.9387546353975654,-1.9732438991278598,1.020354660702214,-1.7669933754220564,-1.9554836048453876,-0.8034631144558009,-1.9112816889893174,0.30107158006657375,0.6637504072525175,1.6316661754781323,-0.9674549684729665,0.9717428457082369,0.7183773647170368,-1.6535801886112524,-3.380317813444424,-0.17265638789258503,-0.419223374508412,-0.10171821456363851,-0.5482306971430662,1.0713714404505397,0.027392386780157665,2.3583213110863883,-1.2550515032133394,-3.252034342400263,0.5778341105363112,1.122659628600597,0.12291318440100697,-0.38110248112113865,0.7817917012314676,-0.5776134568265581,0.06148951197073835,0.3719815618749014,-0.2622896529047489,-1.263519054741464,-0.7593694973334172,-0.17373326023948882,-0.917336957777668,0.08497634997590302,-0.09953133054761477,-1.1849898888166988,1.172530095704179,0.6136074059895649,0.20628625956401858,1.298063380816637,0.01375774559823656,0.6554632953458099,0.10104459553313208,0.769206116331884,0.3596842811889697,0.5412670557505176,-0.4783305332042894,-0.7454966926739721,0.543107164075008,0.11527018079427849,-0.7561240635060641,2.785809290576946,0.16842313896222674,-0.11059380017362835,-0.778006442094983,-0.18301879855142775,-0.2058954978146238,1.026917944977783,-0.7365271013682594,-1.1971364086225529,-2.7486948199190735,0.18842714796637594,0.9245046017590286,0.34793958034954486,-0.8975280244834068,-0.9383838991754971,0.6791891767595266,2.659504041691996,0.02070270713290595,-0.11908962955400568,2.1250914595813817,0.8886449193463295,0.4823080625917617,0.01650145033416245,0.16354016854270792,1.0809742945001553,-1.8148325686955211,-0.6179209848492897,-0.33297077610116843,-0.9612805493929332,-1.8936035251050756,-2.8465933705622417,0.01629785496388239,0.4937975807937698,1.087990656353663,-0.4073297106671735,-0.3433584349642332,1.3407955246663834,0.3420876275315899,-1.177809222518117,-1.2826548257750632,1.1237560700807172,1.6487850377920839,-0.7591171217161311,1.4655946056589162,-0.42420119729094874,0.10780625444948638,-1.2219222004634176,-0.32911903355205896,0.47082281484265415,-3.196989122808626,0.3592592477593915,-0.3336913221197895,-0.053909782161072894,1.6080597562161107,-1.4559185788348146,-0.8170552389291962,-1.0404391747706239,0.4622927604776591,0.07972054568461205,-0.9846772756792191,0.8763031864301608,-0.9780644885564694,-0.2784631523577705,1.060602084912807,0.7744045410906845,1.3000829647369756,0.8238307509972631,-1.1578771740071048,0.23804414564029952,-0.4086976535268505,-2.0957728293151585,-0.08526829723032835,-2.303680359401575,-0.5691802092839988,-1.6282012748655958,0.8625421322834077,-1.8707662772727611,1.793962445988103,-0.7048065956355204,-0.3722650147026172,-0.007756972624380659,-0.5899592287624897,-0.7300992974685985,0.9428039115600307,-0.866706060230663,1.0157850259415133,-1.5395629519273202,-3.1588853143882085,0.8974794431875636,0.2008859332812786,1.2263183775133595,-0.8209607536909085,-0.6574149705754134,1.2551442152272851,0.7482044368575509;-0.41223831914152453,2.580638391242472,0.7563189385058998,-0.29749544565743824,0.41071451384099106,-1.6608923828592115,-1.0161273586957948,-0.30408289469683225,-3.876918650743719,-1.5957392267073167,2.135436163620398,-0.4265450274778588,1.555786537107315,1.8576703780805586,-1.3107270704062512,0.28568764824605025;0.5826353777905512,1.7661172379343322,0.32484215691672014,-0.40852427522081136,-1.6250937512824117,0.3804393368883708,0.013930490242114749,1.3990461397308716,-1.2554193856638447,0.679843551842419,-0.6714555543908074,-2.359501882374487,-0.5896998587228682,0.9522944005618221,-0.12272982102030389,0.7239237914801474,-0.43072913781271316,0.8596029573216434,-1.116413222135242,0.5173673314265087,-0.675973608662511,0.9201669553918634,-1.4495090962143637,0.02631893741334093,2.3774477877100098,-0.4675311078519713,1.6846037970148096,-0.5957447636426577,-1.5522133541551661,1.7568618378920071,-0.6879467398339242,-1.2877537243698485,0.3823547531223689,0.7392342888760952,1.8134824308454898,1.1592192395238554,0.7528202313643312,1.8043149380707233,-1.9352884738406588,0.276196628253719,0.8851682023218835,0.20652025406775965,-0.42707433681270546,1.1977087839262421,-0.5047487301338706,2.0772203283750357,1.0965522012141764,0.5696667825587655,-0.5095936415134807,-0.7764332422620269,-1.0694397769179282,0.10483244451866319,0.5003247187690884,-0.659858024603305,0.00966882277704749,1.5401621081205932,-0.881657202804414,0.20312029666703746,1.566999697424565,-1.2093097581984456,0.04565015816086839,1.4523922174205488,0.595298115413978,-1.1757818996407192,1.7354227729733074,1.0131071026767555,0.5771022274838153,-1.9363172952236303,0.3191581774468938,-0.3478330149368709,0.09695803623274757,2.0048592579816704,-0.46054653857648653,0.5478934674723217,-1.6692295151271155,-0.2673869474241599,0.42258698829347896,0.2355058616945817,-0.16412378585685972,0.3151591016473372,2.2591730506680543,-0.9810835976088248,-1.1232187668497202,-1.1169616344433697,-0.7047009531853758,0.5307161401593935,-0.254187929354467,-0.10935130699216677,-0.03763100185208105,1.0300864103571061,-0.5375665184744877,1.7073446912714296,-0.1878337500361241,-0.46264607624687193,-0.16982814748068412,-0.16664861288131458,-0.4512518153585294,1.5423308979254706,-0.5200638807828081,-1.0104298834302632,0.5525613620818516,0.018207937600181162,-0.8561575588068261,-2.847865130029253,0.9124244572788811,-0.01313602828727839,-2.2575241485986832,0.14790823323488045,0.37190484839981075,1.073782465341874,2.2948572972469004,-1.5757940427072,-0.40943805757751806,-0.07306896697634499,-1.4869501113735029,-0.0664776565320516,-1.8327973178969637,1.8680090893119703,0.2337381350339292,-1.0244391255919647,-0.034608716688928454,-1.1152942036500353,2.0898748972842904,-0.925254703603799,-1.3271899804344396,-0.9568564124172458,-0.029094746759344446,-0.11407396137800906,-0.12304561105019399,-1.749006011579362,0.8069019536970343,-1.1564269657335584,-0.7668883363176671,-0.5565790983060016,-0.7085022304722908,-0.7271507381046529,0.557218305399298,1.8389789913196488,0.6895513797031043,0.13809610857988422,-0.2095232645984955,1.09847543604001,2.858817287729673,1.4543921718090125,0.6742962250210262,-0.5491777818135974,0.30954490344561003,0.3065410807360707,-0.20853031043695103,-0.10644980094379815,1.1247978930041753,0.14130771061983766,-0.4375918357550651,-0.5524572909530565,-0.1983839085227698,1.054665137571506,0.2861498387600675,-0.7811135689194085,-1.446220212634663,-0.9129049274691624;0.265720826107258,0.9894352945318026,-0.23452797768880207,0.2222389161122629,-0.3001952483423775,0.8478426837690287,-1.4446719980420484,1.6458134434940492,0.7007785685954203,1.7987337780850936"
4,1.5516400947898978,"-1.7390467748966412,0.531974483107462,-0.8158427546570964,0.7387061771913318,1.4033925613592313,-0.17685888493927618,-0.4233871333455854,3.108549075466373,0.2141676721945053,0.1422441467752748,-0.8261139681315769,0.5251850274444906,-1.2061608494815805,-0.44325764860252215,-0.39997786763079,-0.8866587425417155,-1.3842604756451955,0.9915248223440276,-1.9320726853951238,-1.146836251991775,-0.15944018302521862,0.22952038080113807,-0.5956854256533818,-0.8892728044864381,-2.193517060561169,-0.3963701554621546,-0.1616202288869931,0.7191046910331664,-1.0476515401499555,1.2361970035260013,-1.8508731999068315,-1.1894161494288997,-2.468026869222435,-0.5855250939607525,1.173024584676765,-0.22433511511451568,-0.7400220861295981,0.0636425967273733,1.5293393502631825,0.39593352811544524,-0.16965061488206207,0.6995530809715267,-0.8109701223601558,1.6832099685839568,1.3573939873356031,-0.853882341049339,0.17003764698273804,-0.5801298282669356,0.25871071058690837,-0.0756679830347144,-1.4547117164558239,1.2932037935172453,-0.07908159910785868,-0.2918480081588371,1.172307819294078,-1.1592537788678172,0.6958217117497761,1.5317494568260053,-1.165877567806372,0.6358625544552101,-0.309012782125143,-0.6925964504086537,0.333462845052454,1.72939432891593,0.8319601105766719,-1.3580142537036282,0.07580509371075923,-0.6311341526226474,1.1818405470570745,-0.6247907354118839,0.7561860477661096,1.0006014031236683,2.019277085131579,-0.07832560593339208,0.5878733082968505,-0.7085644755643582,0.2916840815774806,0.747895338350561,0.3261266290227342,-0.4256306531730305,-0.1360598558281792,-1.3737532616519763,-0.06789731696989063,-0.5463012154392033,-0.2789905433822175,0.4076431171357271,0.44700843784655936,-1.1091569502474825,1.1228770701604247,0.7150637256200185,1.6194861526346525,0.7128152901763087,0.5497708771705591,-0.25132994248267704,-0.6101597527036758,-0.49012257771655987,-0.3712722849424318,0.7415169895661577,-0.791285346344396,1.0293628508626032,1.1956253789444538,-0.409083518894298,1.6593387219138809,-0.5784282190740043,-0.18667789116396227,-0.2909301070359183,0.49008395376382974,-0.7495296497083936,1.2415752546135719,1.0042827006038142,1.7403872927779052,1.1609897622724332,-1.045734664624229,-1.6210340697854533,-0.3159893007863728,0.7648831821475747,-0.21724342197111696,-0.46216351026481994,0.2665120696990426,-0.18772501956629825,-0.450183947242758,-0.1171451600375299,0.3064491134584487,1.4502405805725522,0.716628816298712,0.7655601134660411,-0.006696489345114017,-1.4141203736116976,2.2983904556040144,0.19337218116340807,-1.2660386403118968,-0.1301147347686401,1.2027991152834074,-0.4674649346817451,0.17827598107983209,0.5211238119847661,1.1216822139018319,-0.49755562799230635,1.7206810650758166,0.41718249930635337,-1.5876456213777717,0.040830729438696686,-0.2637556667490718,0.34124270826078973,-0.34045435380348865,1.9405370559995003,-1.8622914332230496,-1.56810239835335,-0.21495429363832852,1.4878521696726277,-1.1702537953182741,0.015498497081033395,0.3357839565921486,0.05603225001247008,-0.05934757117423283,-0.9749660753819378,1.0029442327927331,-0.7910333744377749,0.39338079140487753,-0.011574775422602275,-0.9637013651959891,-0.6230534586959227,-1.2270228656014572,1.3151513243179116,0.645891843088694,-0.8348831464605146,-0.5696014674452374,2.0208677477704,2.306766734309087,-0.1482106599931538,2.1038337511324348,1.7329175736340567,-1.6502998566044593,0.16579014943642334,0.6876471985129271,1.5531077962209483,0.027680057609642122,-0.2755111888205388,0.9231018428026811,1.0405595337349127,-3.002168685112119,-0.012303480166939204,0.4064689362650014,-0.3424967155775591,0.7175878776342776,1.1876895685451923,0.34351284267656695,0.7077601305588478,0.21206730214618816,-0.20283944562101147,0.7617696510666326,1.1247140496617916,0.46569951058053194,-0.2342439034302637,-0.07780654209107701,0.20715732775897178,1.5457936642401924,0.3217678737328549,-0.10056455029188119,1.8145273244187474,-0.8351950675288586,0.1618760302293056,0.3619886555195747,-0.3472291212165163,-0.03750400340476813,-1.4471106213151175,-0.9649007260116598,-1.1463902768743066,0.9885793853014176,1.2174632810077082,0.3644957206118463,0.39086638923074524,-0.675367109934139,-1.491097172529271,-1.0568570794093446,0.6105317210947272,-1.2203555432410556,-0.22688040263837653,-0.09608439700330931,0.8818022370690157,-1.3416364032595514,1.782786929081664,-0.48134204487599797,-0.061135992460669544,-0.11212762773805277,0.2928967591952693,-2.3962338148591478,1.3476173884893143,1.0052319667206415,-0.742503008698196,-0.7909041055268917,0.0662037113640732,-0.9226161584857726,-0.8067856402625657,0.24330927699540056,0.8543415488143773,-0.3538302347356237,1.155619530822055,-0.34468054421288175,0.10993158135889176,-1.1117111755266234,-0.7462911911245426,1.1759606410030152,-1.3180314838444138,-0.9580521745435415,0.5480196149673324,0.7010068939662799,1.1788180781884605,-1.1313812513752575,-0.008932075407073473,0.9866349786168366,0.26519546994677123,2.5797139981391473,-0.7603077488192463,0.23379949944040979,-1.1875649249314304,1.1088475058541607,-0.054932302474819054,-0.9749885894990976,1.2455990701015316,-0.0508220251493377,2.258180959396742,0.16864978622225388,-0.7055853305254015,0.16195416155721154,0.4538394260906651,0.33664675327316607,-0.7240137721213386,-2.0046910448557003,-0.700978537276699,0.4729887924121564,0.36179753369932555,-1.1436424835610373,1.748382369829872,-0.8571078486943273,-0.30308108179461823,-0.8172585265285213,0.41706124637096315,-0.3802535471650467,-1.7480656056224586,0.8967991565182946,-0.32617530943980705,1.5615223417153246,-0.3351005556797372,0.6744956726845335,1.3470626633883995,-0.1217310090159189,-0.49643587244368065,2.016073348995423,2.898582646606567,0.054111185160868436,-0.2799541099040952,0.968598060437548,-0.9446840728389929,-0.6832454400577157,1.838177199839094,0.26443473087581154,-0.41447885106611504,-1.8623795721124383,0.3760359446233985,0.8920506835818155,-0.7995839896100561,-1.8551383467754514,1.0924601233658522,0.42735456838138036,0.9063826546831067,-0.2662222437510936,-1.4113314834135506,-1.2458837240283216,0.7603889887451069,0.5777280396617964,-0.17416087223282345,0.461371965341887,0.1565996586177754,-0.9729055893493377,0.19620965071326624,-0.8332389480558325,-0.8560326044437171,0.38040013521823474,1.2020393185412523,-1.1453355618548127,1.2800196597674596,0.8196873084308264,0.23309103230251843,0.8283996979151793,0.997020594413972,0.25889068999097625,-1.597699802704996,1.0202757880739597,-1.1529321780021875,0.2378375166850348,-0.023555267270614022,0.9674655942636506,-0.5031820005265277,-0.5075548194567018,0.025470109645816627,2.3457894151502,0.6269440143073679,0.5686559050831708,2.0223414249829226,-0.056775821960358776,-0.22654076783534807,-0.5995175887442443,2.196498107013049,-2.1913975737284943,0.5956020845443672,-0.5170259039881784,0.4680565554603811,0.022586906670982898,-0.00044470978557939467,1.2236084860775978,-1.4796732787278024,-0.27898314467716295,0.8224647991960006,-0.5498652193098746,-0.1447174058844362,-1.0170453104637445,0.4539578913617024,1.0518584642001396,2.154478856540436,-1.69465803356825,0.5745497715839964,0.8757107526003277,0.2077425964818192,-2.4140090502651255,0.22564509843652703,0.8781028737052058,0.2783161695896865,-0.5349193600142282,-0.15736577917112865,0.06346634240414575,-0.3365557742210636,1.1845294856528803,-0.07996341612178115,-1.325762743008785,-1.050928900805232,-0.5334180834610316,-1.642201064489312,0.932836742804324,-1.0606750689143423,0.6453880422909263,1.462831801828177,-0.5362568447878832,-1.3778431567226617,-0.4304628128266139,0.9922271502279061,0.25630562812500834,1.4395811210067089,0.3649515431603409,0.684284455795226,1.3174841546582832,-0.29031015090333595,0.6251078010807793,-1.0508019817502077,-0.8984734610588228,-0.6284652943721332,-0.3236241917667924,0.20918829814113676,0.6272650981880284,-0.952164491520681,0.6206378523244127,2.312489784665693,-1.3534741871124782,0.2866608772061907,0.18671672147356713,0.04414983413403677,0.24717293032582976,0.263027301072915,0.21801534868719413,-1.9646597630951395,1.990322758727472,-1.8192777805516451,3.450610768561009,0.10793101333397825,1.563886470147096,-0.06900223009154711,-1.6820124203247746,-0.6388772522047224,-0.7006081071688544,-0.4181073069516617,2.126425604446723,-1.0430525613454926,0.8998008301349569,-1.72009743472964,-0.5428809383544666,0.4726084127427379,-2.5295637036702328,0.2766828509855348,-0.4115512482081179,-0.8965122421253537,0.8751277776815071,-0.512818425668421,2.119435849806576,0.6508858176299435,-0.16187717439966146,-3.255265718049518,1.3422958463691177,0.5637809262937182,1.9816188640356558,-0.5239392672095429,-0.32283237034927065,-2.2420822738390864,-0.9774933489165887,-0.9620423021861401,0.055592589460163794,0.3524608478213871,-0.4635735254959751,0.08942196135942579,-1.3848517744667297,1.0127637091034434,1.0771564457137424,-1.3405109465503466,-0.1719540453620843,-1.6537852907268287,1.5023769937709042,-0.5442898576929263,-0.9562746213548318,-0.26579130275716095,-0.5634153133099392,0.5843481642378494,1.0787046208528723,-1.4237410024918924,-0.10156969571696103,0.0717592856271042,-1.2043357388334117,1.4159496879911948,-0.15701473512841976,0.13463171760165205,-0.7981922825670964,2.339060070056957,-0.12195755810878803,-0.41972488234984684,-1.452495165497371,-0.415592547470115,0.13253107987016824,1.3319678914734736,1.005179895357709,-0.2926798314239723,-0.93992138891548,-1.1584649746212268,-1.9746309816540042,0.38599131845028695,1.2630282368429024,-0.837668954162614,-0.4115359852349807,-1.499511508634881,-1.369536832973758,-0.25768606539759364,-2.1569463765695773,0.475525960858592,0.1993279923939663,0.6746849085780093,1.0007043178130934,-0.8251735809893571,-1.1570270974619807,0.5685356458798672,1.1156098062458422,-1.2921272311789376,1.3490551522604801,-2.240376286657354,0.010485652362552889,0.9900999785094572,-1.2313157490850053,0.8331067073095836,-2.360524418424289,1.0458337259768014,-1.038199560037968,-0.0743369697086573,1.0148357779103052,1.272048590924821,0.1770319249039622,0.3459191533349486,-0.8242538623902822,-0.3904139035940034,-0.7364381060941646,-0.22999625673323623,-1.8813171956342924,-1.3167384429863196,0.2998615656540159,0.8215105311343209,0.4182798748896738,-0.18196528642178586,0.5794101757933819,-0.6872110864722167,0.3894214662028542,-0.7151104836591045,0.11339730488411376,-0.6984313728054065,0.0909576617656859,-0.9184201117071433,-1.3362408400327654,-0.38872732805906846,-0.3895376592326759,0.7094948198470344,0.5326880737063685,0.6650233051159172,0.5924314624953901,-1.1071368735511542,-2.1981311590204884,0.35813320621245925,0.1549936870879974,-2.325429380667802,2.0685248561257303,-1.156254161854985,1.9565136849267628,-0.3300254643950789,1.1634661888871776,0.2714825417976554,-1.256591706331612,-2.7810658925858642,-0.17063378594846473,-1.1916726246409695,0.10002796114531791,0.7678631937058351,0.7869252555193955,-0.022583585680000323,-1.6575635431381726,1.1907164602454505,-0.18228460407217978,-1.6268142236659353,-1.259484527073395,-0.3255606423052855,1.741313140818374,-0.7209848480214174,0.2720465174197501,-0.19184389257031612,-0.4898731478655635,1.5990220227343002,-2.169490024238926,2.2762256709644895,0.6912925111894517,0.9956622970559098,-1.3284294014867373,0.29246529031399426,0.143582534729008,1.8859019865762006,-0.48715394803568207,-0.18502451346193582,-0.8525835489051536,-0.5111309517906765,-0.4858613436268795,-0.16491799748056687,-0.02394025431251663,0.18261671161531545,0.20854785739418247,0.5775979816073711,-0.6891753362532673,-0.2239497630112096,-0.13139734820300597,-2.176380353490066,-1.6399254382710602,0.3571304654826455,-0.9487587501777323,2.458998384489813,-1.0099876353158317,1.0336540128055376,0.5717505955942817,1.4937468002609997,-0.5354605124374369,1.160998349213526,-0.32098196072799506,0.2530664230442243,-1.1401898999296738,0.8929450519472724,1.412954395703807,-1.0107302939279574,-0.21344089510908226,0.8274444737393656,-0.5540727966546602,-0.19871891202046862,0.45771772151742296,-0.015220616980813714,-0.7778047844049496,1.5509283086968442,1.819614154439748,-1.8224711591689808,-0.7864127296156653,2.635610866508109,0.1488555056619642,-0.3172094936902293,-0.32107726327797803,1.2193620351950318,0.024916154823701825,0.9285532574682143,-0.6603508116704099,0.3039550861260284,0.5043649686302891,0.6790993324231838,-0.04796367521650179,-0.8893868400490188,-1.725543345505793,1.678071883623464,0.3979108769832698,0.23688721159274198,-1.4320522782488325,-0.23649729982663847,-0.014477450805334004,-2.3886003208044495,1.3914403238944517,-0.13316183984264177,0.17870305216477544,-0.27181946313154226,0.4757960644963046,0.7967415834006724,0.15853441713064012,0.9948611095423499,-0.8918899533752456,-0.48243785743165546,1.7338977825791075,0.6751059540849704,-1.119688883992529,0.43808924074920075,0.10265227313455563,-2.819277435707877,-0.047411298036526286,0.9652131256346818,-2.291826250269788,0.19991410042184246,-0.6548267312014986,0.6879786171161199,-0.4505737298636172,0.7412941812195023,1.144407263683596,-0.12602680659433796,-1.3512494813679905,0.23331439620584532,-0.03909794949067965,-0.2896319345993053,-1.4431267202880682,-2.0090728821517105,1.2233982599905366,0.2749551157014137,0.4833635988105197,-0.8092024570033726,-0.011951884124905741,-0.08683678978823502,-1.0708836392024887,0.7958857088878287,0.31946035344756746,1.2032889805982203,1.435191281335699,-0.08921503669828207,1.45257122645952,0.39761939018495096,-1.2367610661980182,0.860811784069567,2.020316854433496,0.015334880728592931,0.13482734537368907,0.8764922009814078,-0.8824498638302152,-0.15917559932950653,-0.598973683823346,-1.261574306840931,-0.303824751911409,-0.45353486844061536,3.0027540479436357,0.7902532496232839,-2.6533334939600577,1.7283094973168354,-0.0825382834545154,2.3403955025061864,-2.644410308947743,0.7641202714592604,0.6640392361913254,-2.198903626581541,1.244695509058876,-1.128901662890158,0.7702323723727438,1.2343979707735664,-0.7032059065178943,1.4074591054465677,-0.3607243008281501,0.6918602896200494,0.9446649839193774,-0.6383649808347049,0.6186818153056917,-0.4770190825838058,-2.1715071528505616,0.4193853921118933,2.4410344005737272,-0.059843794719128,1.970885351133242,1.6033273682734415,-0.7822590504340561,-0.6603629288557826,0.1598739640879131,-1.2146775072605964,2.5258547668653666,2.276829249873091,-0.6742123050384994,-0.23876207720808906,1.968478130365182,-0.018727869456064618,2.235012872855165,0.8532874976392103,2.5764701664948904,0.8934086050324979,0.8531233837489188,0.5875541364544213,-1.3706850855979633,1.1436938763385975,1.4847569809425951,-1.8740018718007625,-0.21203833667232289,0.496537665200526,-1.2373486474360496,-2.5397874996219754,1.5879738815841002,1.7082262516798015,-1.8165575187496832,1.9371226503452317,-1.791065434708615,-2.351614836630852,-0.576604918160959,0.6857464411484429,0.17362433705295952,1.4135426999563445,0.9169744853081023,0.2473103761415386,0.10484328269706816,0.1749431923877732,-0.10948944164027638,0.7080972906579607,1.4913464329854738,-0.47934126092956875,-1.8365028387343223,-1.4911219282167414,2.5974192836782293,-1.0512902144022647,-0.6847176950444654,-2.803359891983029,0.982481172739848,-0.6301437276984646,-0.671634624417586,-0.4806020463980804,0.6330259733330296,2.3314527820246504,-0.8568822087431468,0.25771165995688694,-0.091925917653429,-1.5190878267009662,-0.41039231190055603,-0.31978162062706506,0.19792115550642672,1.3286413446636154,3.393779755258382,1.176321018963365,-1.7674245021233699,1.194812867710715,-0.33648999914573485,-0.1837430214606027,-1.8266554648677822,0.9891224515798597,-0.11641753866491791,1.6156226022263591,-0.8160079830337491,0.10999523079992642,-0.6324691093591102,-0.6059728826961522,-0.39080882415052065,1.728216515746349,-0.8567378945854174,0.5346156834636038,-0.2839991198261558,-1.920614792774617,-0.9036364016872102,-0.12839007779141634,-0.7764185798533272,-0.01298786791519645,1.6958769645020864,0.7572147612491478,0.6639304393152056,0.7540943597698019,1.209986757750681,-1.5621955586168284,0.5856252846365156,0.11261563168370403,-0.08466278386877538,-0.8651742128185615,-0.38087914310354526,-0.7799176075967067,-0.14413149964502414,1.0170917993055582,-1.3424711452165272,0.2869441621651921,1.5874268323730791,-0.8181047985099417,0.23559824572001753,-1.554486563880526,0.6039784017996058,-1.344503978085796,-1.0653524942257067,0.5935909274121257,0.6505947503285902,0.24211521026854635,-1.2208677453180803,0.18707408606676063,-0.9864525195380982,-1.0567323001260145,0.1412618107749738,0.055726568321948416,-1.201106154743641,-3.019355028065963,0.6005691636197061,-1.0412697417702586,-0.22043836609548728,-1.544500589197984,-0.41670091008178406,-0.5402558496697364,-0.293392056743416,-1.5855597487550672,1.8254469042990602,0.774569637446365,-2.300415239019428,0.5806871683622535,-0.037515650831125014,0.4982028509743497,0.8362076251414173,-1.86622950291491,0.23643543176414597,1.9629443619147269,0.05916235756881049,0.8402334035782806,-2.799013046162674,1.0652618266276492,2.098858694427776,-0.18346867905748226,-0.6697245225091215,0.7259729499687695,0.7730874721158258,-0.5025676645051111,-0.8764906488991423,-0.2464848520497743,-1.0400713020607901,-2.097767811982179,-0.7351606347457825,0.13478754849515623,-1.4391999508621116,0.6554389538945631,0.6356227737999128,0.39281304461589445,-1.8542012523848657,0.6594390621235725,-0.6576939055945518,-0.9281901499653709,-0.9769504945704159,-0.9162044945210084,0.7952552990903743,1.0043194610264654,0.4129286710548544,-0.07728779201675705,0.3560600379384059,-1.714081471901451,0.3938524847881884,0.6942406225155945,1.529103178695225,-2.051105231439707,-0.5582920432498175,0.5436618423599839,0.9272702605438211,3.1880229482393005,0.0032559503910984493,0.9876431375900839,1.755399299823476,0.01886430260425398,-0.6426298391855366,0.3748069138874934,2.0176257203619037,-1.4916941320353232,2.057528560809167,-0.016364705899365103,-1.5674000565550372,-0.7398310787342463,-2.091087533486762,1.725053158685537,0.7932667207503721,-0.7927261325493326,0.7200452629683544,0.9714807351818717,-0.9136364672779118,-1.8489478171612663,-1.350669925530429,0.5803574080307584,0.9325475050493744,1.496733854346041,1.0055722363667536,-1.104901782331815,1.2317567087304868,1.053052881276247,1.6793796309962867,0.24396895082814804,0.3658689143020162,-0.6483369798807689,0.1296911797152603,-0.17650173884441764,-0.49512432962356306,1.3751665701381763,-0.9500711798614174,0.19332534387619021,0.40859530241136627,-0.024051231141245143,1.4380877727399572,-1.6002387287953204,1.9359211901481677,1.2157921317380422,-1.5675550796207711,0.08764888655489096,0.16891099707333646,1.0551677836037479,1.4626084671210433,-0.02324840363650732,0.632252601982931,-0.782353291347186,-1.06402448696946,-0.36357252604866286,-0.8098574840834998,0.812582481141801,0.3246552384503197,0.10387839277543984,0.4729027196550475,-1.5071659779227418,-0.8516689436331288,-0.7341929775204981,-0.1537975555958453,0.12400146000045455,-0.12008818510491183,0.16732903458823917,-1.6485286973751283,0.8267014777010431,0.14031847020490595,0.22825893578922832,-0.6177449817248641,0.12305255397691309,2.876567345164957,0.36225394410009704,0.9444149564239983,0.3523311616888392,0.06770704949774775,-0.7759030449360539,0.31955216672372944,0.2607023512765268,-0.9271723376477524,-2.204429748231883,-0.8261640975233142,0.3339200732808233,-0.016606992813760876,-0.6720052150286775,1.4582827026100946,-0.323088120188135,-0.9138216659899159,0.17153958955112247,-0.714211583134769,0.2900784089531382,-1.1219620482929376,-0.14273602233546936,0.8791686087225719,-0.10437451744592154,1.9416611072091876,1.2171961606036088,-0.18721246764582705,0.630837014155658,0.9243058499986831,-2.45217403809629,0.64485844455139,-1.480400063265059,-1.8632627535893458,-0.8069468826844208,-1.827678070715533,0.3437481684174714,0.8999517749171317,1.602849375359216,-0.8106750795000508,0.9164513662947872,0.7754146195993307,-1.4326523527998931,-2.816613486684463,-0.05312939533631415,-0.16403554142749047,0.0036729050561237764,-0.9447606916708097,1.179923423546364,-0.11694094133721758,2.398049103582875,-1.0941395798071047,-2.9274399440088428,0.35025682989525697,1.0760010588960132,-0.043818766967067393,-0.4940752922033626,0.615286832862171,-0.5637684664737486,0.578863190481659,0.32765329038402446,-0.26759605039406115,-1.079028306682382,-1.1416497046286966,-0.5999398584516434,-1.0854883066215457,0.07601419520189849,-0.009607393000336993,-1.3339898489490158,0.9641924992592554,0.5510442526561282,0.39064558552654205,0.9853601561201502,-0.029294838576906776,0.4606257068501476,0.26027453971379066,0.9489246986869557,0.5777966982097125,0.9010961290586924,-0.06464237487747701,-0.8124899673178624,0.47857887957239137,-0.02611097062729839,-0.7278736075201283,2.8157637209591675,0.13190243043254646,0.12400260652959536,-0.7176238559464927,-0.31833176884934095,-0.34024166159126545,1.0143932898930266,-0.949308141530772,-1.004392883803648,-2.7682680791617096,0.04102971374914021,0.8212808737873484,0.18583833283115522,-0.7125726726241889,-0.7445000872076454,0.687529816292043,2.5305544939643405,0.43722507440368236,-0.5630116572479433,1.9853443468913878,0.9937374589710379,0.49150832883933304,-0.3326829804031394,0.1927933913510258,1.033734306768977,-1.872525988028086,-1.1802268487517933,-0.5959920445573786,-0.481082407745681,-1.6922713785683088,-2.8535482443152604,-0.14163829233024788,0.551363598878869,1.1228626436059184,-0.46659556361695975,-0.17995241456612543,1.2607917673544868,0.39123444349755426,-1.6263080421178133,-1.3933717713406968,0.795229631272859,1.3506051078664285,-0.864561812788524,1.1345785076208925,-0.1759475707610752,0.1787409089378768,-1.552120809736145,-0.2558087672508619,0.5015769828056929,-2.9348839471268127,0.38866086257521093,-0.41064672970527805,0.10613290013303407,1.8209039099002726,-1.6741623721235555,-0.7061997390311585,-0.9998026293970309,0.38281773190791757,-0.2987880027733673,-0.8361090978008863,0.8584908717240161,-1.5687426806001443,-0.7558707224389354,0.6918277846104994,0.4302453327738377,1.316025320670501,0.8219228394380038,-1.3875860253040442,0.45354984156528927,-0.529444218768179,-1.9350417028061428,-0.35258188381455663,-2.2103015239935315,-0.32956714849128377,-1.619215548741119,0.6262691816793556,-1.680681054729563,2.182214849713904,-0.4573701713485026,-0.6228080366781763,-0.23925160100451365,-0.8876654180873306,-0.9081503721131703,0.7432673824670096,-1.0225978200918788,0.849675844396354,-1.3646088002367167,-3.3396139022117306,0.4667002892497485,-0.39800914270603194,1.1264673323106775,-1.1711433906499602,-0.4094533009940015,1.119042043790667,0.6125548720892706;-0.2829805361726858,2.9166694922325607,0.3926098955994287,-0.028466673472307552,0.5351233984270063,-1.9984855234183039,-0.9290270004740672,-0.12535765042252073,-3.7710858618024954,-1.4950525774565193,1.8551955943785177,-0.6387344858734947,1.628073387791463,2.086056145880142,-1.4922213871790388,0.23060244699540017;0.3557838505596056,1.7468269145267363,0.16549340128371304,-0.4054104618533637,-1.550996497218888,0.5865752840826879,0.1596951238215582,1.1114235865665125,-1.3973568845635393,0.6995994867621698,-0.5959254153940619,-2.0257236596065233,-0.6163672623958452,0.4528861489830401,-0.2583197477509296,1.1127287981431686,-0.46847966358399123,1.021577991846373,-0.9167195279384238,0.7039504369666731,-0.29921995982182115,0.94073740830221,-1.4762310050081913,-0.544598302163113,2.1356075428957126,-0.5103534099830231,1.4819046174674944,-0.3295645739504337,-1.8722759088881338,2.067652500997879,-0.9512283755996034,-1.4681033607714165,-0.24788046651481102,0.8005760220186495,1.5955960609146518,1.0146827258110567,0.9876590852527549,1.6129187944736927,-1.5964725457979896,0.37816926395290507,0.9250759469103126,0.3455549351154297,-0.4393757505567028,1.3885089389318255,-0.20354940579512212,2.3616894625899114,1.0508621453476568,0.8318704377841065,-0.29917992696722323,-0.7023718026680272,-1.0452067765162105,-0.2664269979369048,0.7809853866859602,-1.1388538709104825,-0.11780788831797692,1.5095551192490506,-0.5374663142637935,0.20941207494697067,1.218177142571803,-0.9924958442812193,-0.2648358452574019,1.4759603170616948,0.46383101982308084,-1.0534098524013569,1.5673617431233717,1.2299801342086112,0.8258103613896421,-1.952315639340084,0.37856180084358876,-0.36532781391429603,0.1610421736690501,1.8853612993266629,0.11409065609161223,0.557737819302261,-1.871778132149169,-0.3552245030185734,0.32656993879813256,0.24746853049691755,0.08081258724235318,0.5279098559851327,2.24057427709266,-1.1119963470266776,-1.54331261636439,-0.5900182672938699,-0.8321257818408997,0.560009405392184,-0.038205634105419245,-0.3959505540476817,-0.39939512899356183,0.7353271844792494,-0.542926843070453,1.8626575026950856,-0.389886524465172,-0.48018112677124514,-0.4373295875309438,-0.4604853347399417,-0.03980416208135559,1.1819100482902198,-0.5544898663418342,-0.7630927602968394,0.816878382552479,-0.09239776913915047,-1.0090518701670252,-2.2414996895675827,0.38166328614963,-0.24484828003970227,-2.4951747057748266,0.35542886159620873,0.44116559559275703,0.9796962125900043,2.193307492280246,-1.460688570125777,-0.6893924724921057,-0.19037964546066286,-1.1352009358000836,0.02436563187178467,-1.7650962673281463,1.969254000669946,0.3211870720945372,-1.414263098821418,-0.02892405137207285,-1.0468076025244506,2.211753037013634,-0.8668736793204033,-1.327047714336279,-1.0130909337377205,0.4039993911106999,-0.1819396977769027,-0.32879591336326386,-1.8170141546494285,0.5798817009252177,-1.2706233101316309,-0.7318567066007251,-0.46016937022128607,-0.725179804960853,-0.6093843393283815,0.20329887475286607,1.685630258955334,0.9922561255711643,0.048328639807142956,-0.09680291321231106,1.180485781614481,2.8635026677643047,1.890766783857964,1.2602304679185328,-0.8367099724712432,0.7131637569547971,0.6703057615560613,-0.10325111062620579,-0.326397529249199,1.0314919506250517,-0.0027484984512941638,-0.2534999026380562,-0.44323093817257864,-0.2583211260086673,0.9523112095139199,0.5989784395236738,-0.9419904345986574,-1.529623880895119,-0.9693129111276432;0.4545717863825468,1.4967030172064615,-0.07732835331556628,0.4134160706437636,-0.08028247602017768,0.749298738991737,-1.5795025128744016,1.6215997226930268,0.8494563798645757,1.904389323101213"
5,1.5478877363077301,"-1.7134602587207082,0.3706427926366516,-0.6059207992644224,0.7335379324463155,1.2835485271352913,-0.0037809053338806672,-0.2870243917095383,3.1388296684738437,0.3431353131095981,0.0632972311740913,-1.1111424353741652,0.7073380051214697,-0.9676380700710686,-0.4431666730221964,-0.44448678903587097,-0.725149264738516,-1.310248012072569,1.0781969445025539,-1.8687596496517132,-1.2720389810007833,-0.0065775062833517,-0.014465165287348355,-0.7267924976680508,-1.1207238180374026,-2.4141774764875383,-0.223419449009085,-0.14646288774593752,0.9765283171067481,-1.2895878574076443,1.4578438691207418,-1.407442726600324,-0.8103482256773329,-2.264661769467003,-0.599953218717597,1.3224949356160143,-0.31465916452135984,-0.6328364932718427,-0.14707979865382173,1.6140571858602173,0.24672507480488304,-0.024027743260713712,0.5676359063076158,-0.8824726855403148,1.7790204060243544,1.6050767921289057,-0.5397475101863211,0.16548507492721903,-0.3247765208274509,0.4398534074601517,-0.05789909803565897,-1.3477983521961838,1.2899027110678196,-0.16069938965628905,-0.33657001420855115,1.227327493841241,-1.1021629121833627,0.653155784224083,1.7645742885133828,-1.1006437133589748,0.4110873052114781,-0.4206867270523879,-0.3820350902225299,0.34443382536176836,1.6324700839589288,0.687985146835494,-1.4746372374133563,-0.1232987599098011,-0.3736989410972303,1.2445226338707196,-0.747664778095407,0.7907642087218995,0.9116863383754688,2.0648301591449094,-0.23678739450563493,0.34149290070463845,-0.9571464621809783,0.16014222152156438,1.0307349817680345,0.2119717003246479,-0.5560415244054556,-0.23951423817171727,-1.1566444655811785,0.04713750583755012,-0.6427359848415104,-0.4466249738992398,0.343146184674346,0.58410871415511,-0.8477387930008397,0.9421552373664058,0.5546324027968936,1.529495676335997,0.5177363765120337,0.8515977303057545,-0.25197316308427337,-0.35707924242342004,-0.49510858423126314,-0.30661437229392025,0.646068101929745,-0.7726062054224433,1.3070213885886486,1.0550531347719174,-0.4884760099588817,1.150921829789217,-0.5686840482321086,0.007339345258924803,-0.3379233884887401,0.5491166732067967,-0.859614300916043,1.5511735318692932,0.9926863900406981,1.6225044829954887,1.3420887011850275,-0.7628232313858221,-1.5058360978452472,-0.43751597551041976,0.7553977735289003,-0.2886662241339121,-0.4219117726289166,0.4677316298755975,-0.3836544927569402,-0.5088280618397568,0.04872536146288834,0.35369720926246195,1.6327543432495868,0.8576919462963316,1.0972347228023274,-0.003909397410910953,-1.4213145562297116,2.0858499970762336,0.1259786074473711,-1.6088739402090708,-0.2795351939087249,1.1637846430762644,-0.3739808978090182,0.33300562224177865,0.3248939278666144,0.9241844865234068,-0.19596849616840717,1.9797823005926982,0.38599396125197244,-1.2957165187902553,0.1698128630993888,-0.12381046147815883,0.13051841259655378,-0.49545978909294863,1.8928238540462856,-1.5836803474854524,-1.6635806715130377,-0.5593813091545103,1.7477641643707398,-1.1550508681893639,0.1996599463315418,0.4463716383253214,-0.023105196065647954,-0.24396865153873384,-0.9420755662814375,0.7140251025996972,-0.7793103551286659,0.6958415593546152,0.03325227842442427,-0.8359811529972144,-0.6418663789668486,-1.1670489258203949,1.5905133605012927,0.4712851702061731,-1.107669341150373,-0.6397831091643557,1.9603948693140778,2.3393512347424754,-0.25719463316807456,2.3395879071519325,1.6920027121118302,-1.3463509908763298,0.22298557971310107,0.7658398993883891,1.279573723204122,-0.0512312381995028,0.07712697102060735,1.1823461745578818,0.985742952919535,-3.011254348822551,-0.13642259415689664,0.4679459324953932,-0.3995312284368932,0.5673804399222998,1.141083336497403,0.3776549976198613,0.6792543912812765,0.27959880308888496,0.07470213554767793,0.9544052184296489,0.9865617712346364,0.4845436056794918,0.07355631527724477,-0.030902425323089122,0.31607265141546836,1.6819729591740806,0.2657287620386694,-0.20901394255396005,1.5771051901774795,-0.8578200821100378,-0.0973102973732477,0.24432895307535618,-0.19796852495554285,0.4963011104171332,-1.416151572747679,-0.8460445424435215,-1.2094922793803522,1.0022045046042407,1.525308678653798,0.2707240838627338,0.2590469818511732,-0.4897285957998874,-1.5523187753114234,-0.9676981642395315,0.3913046623529833,-1.2950726699741788,-0.11620546355288414,-0.19919859662920647,0.6084695909380301,-1.4017479399378407,1.7640639713959398,-0.3957713638267532,0.03755597843555404,-0.19615586843218583,0.2683659141491802,-1.9760467120481588,1.417472229350698,1.0702422300406564,-1.090960325379275,-0.7301365594196632,0.05439190206809493,-0.983263216969718,-0.9958166773711491,0.00941534651098714,0.9788443486854018,-0.31383269306765826,1.274171242516219,-0.3151221222631425,0.31452122278126426,-1.2973896477942155,-0.9713293279903258,1.1943146470530592,-1.2615909627305963,-0.6906708149447309,0.7975408754719017,0.4068502359520738,0.936893602556111,-0.7779088970494239,0.06703862411489622,1.1655063424163241,0.1133760216244713,2.4873890834791546,-0.23455302471880288,0.3603209046587209,-1.3876155584219398,1.0842017553739953,0.13587000526466975,-1.005104919395677,1.2056460638066886,-0.40460014446350906,2.1159128170934935,0.05063486555517985,-0.7801001018033223,0.03745201796300053,0.3718188106179923,0.1725904188990911,-0.7859240016688434,-2.0300909221777337,-0.15058084282912698,0.1650001705170407,0.5155444966066935,-1.1138273658503723,1.5343107067575885,-0.7029186041460499,-0.07316315959413403,-1.2083577972194715,0.6876819787776423,-0.1319171976133367,-1.3862744519259333,0.8941862911780135,-0.19141998048576814,1.6523723570988649,-0.451921969245069,0.6582924124609734,1.210031308152032,0.07637448045016507,-0.6134759992014938,1.8071368835509005,3.0352776086243147,-0.03120130038322734,-0.07922116197830358,0.9276909464936682,-0.8883408753750364,-0.2886245925741747,1.9308388917856534,0.6717382483984345,-0.3237136436119713,-1.833927706006274,-0.01914923084283901,0.9567987098982108,-0.6525671139527557,-1.8610039240897804,0.8242934472464992,0.31257448146036854,1.0545618773807308,0.11485570567683732,-1.3088365504926855,-1.4449035234383065,0.6845587713395473,0.726531615232324,-0.4209788596235799,0.7229513746154596,-0.07935406982023402,-1.3409908892144913,0.5216445598460573,-0.4890022763720863,-0.6195725081595685,0.4631221007772415,1.5278101920009308,-0.8381612193767847,1.3284970655249342,1.1051040143866717,0.03951381804120219,0.703545718878711,1.0648921561650124,0.13256838786193978,-1.6993358364620017,0.3682766327150989,-1.3643999848089658,0.3224830376562822,0.11967855028768598,1.12108836010672,-0.1949584669558656,-0.6930374820896736,-0.18408442251073792,2.1989137957093243,0.0872194920510038,0.32861747869669794,1.7404130151316468,-0.1385343473891252,-0.3360598104401445,-0.5001387411582181,2.192710865640757,-2.222164476348968,0.41735586945496883,-0.2500824798577329,0.3738586095199383,-0.032280794488629,-0.041704425832552385,1.168632579633936,-1.5812111695436672,-0.13565700718343868,0.8461915060366803,-0.6497957365586329,0.08262724953019762,-0.9095387663884709,0.6576031454042455,1.0598223649096965,2.3442525708730884,-1.8582219908542914,0.38314774299437404,0.8962400657397523,-0.054921834970065864,-2.1844549160719393,0.4659551725038604,1.0894474482493954,0.354314561415121,-0.48817370563040396,0.12408251709223378,0.25567724425033883,-0.17155170658668048,1.2691636990389565,-0.0879105764826254,-1.0646063874619,-1.2609324870183172,-0.6121133982901485,-1.6239535172014294,0.779986697320152,-0.8269611335099426,0.5805623037097813,1.3452030511825062,-0.19153732432995263,-1.8257828018858304,-0.7061279672776023,0.8750424522197375,0.132612924304378,1.4091002470974232,0.1460514881204559,0.778573113097073,1.0630660615354592,-0.3772143619715093,0.38717560424053,-0.9900627658962875,-1.0011092230737018,-0.6409795161275704,-0.40295218519827225,0.20113521474661006,0.6174569992242139,-0.903223672249194,0.6845843696605661,2.1577750740623394,-1.5499209357814758,0.5955102792756292,0.18807933495011975,0.09708187398419661,0.30236566085517363,0.1574040228879795,0.030716355113050306,-2.0263363505972105,1.7326187527280126,-1.8677064363461702,3.5180966438231738,0.17464795547350886,1.5015781598960798,0.06444484032465148,-1.3443120494905327,-0.7172904024047323,-0.675145987659844,-0.514300728138316,2.3778808097781665,-1.327652909751591,0.48739914306544646,-1.6954866596597917,-0.663897099851571,0.29009146438394323,-2.8418209317724243,-0.23666959878591134,-0.5921518663950391,-0.7408265507972166,0.8585857693506428,-0.7147768242200868,1.9804258104919703,0.5826533100473179,-0.04847645407114809,-3.0568235112346605,1.401599621862613,0.6472538562067343,2.1116483089760107,-0.5683184637435282,-0.5211268560544324,-2.414823394801017,-1.0141832100556953,-0.2521290975174678,0.17826788049684045,0.4093510540603629,-0.3167338808127218,0.43182915983318715,-1.4437836420020773,1.1994563905877595,0.9425464684586486,-1.128684015167231,-0.22670589459033902,-1.9597433847486134,1.238796994678141,-0.4628021388746418,-0.9701550047219313,-0.3715487349267085,-0.2737455654068104,0.15422497248248798,0.8595123489891425,-1.7401764587026411,0.336203318381475,0.12154754725184229,-0.938995535378766,1.0935791869923837,-0.4673805889585498,0.2994914595106625,-0.860708761933547,2.2024878483056973,-0.196540651280329,-0.33052334370500963,-1.2811301814525984,-0.5127391181477465,-0.08556125995345515,1.5392698816359647,0.9596818296691512,-0.033254538402120046,-0.6288291242091478,-1.4907143757117323,-2.1811637861456323,-0.11755563403927365,1.3926299310918693,-0.8648920030963051,-0.013446862669497142,-1.7794735900475322,-1.0813436315567717,-0.07055581395664473,-2.322387885863671,0.5480360330542303,0.18855036983319756,0.542282144644455,0.9757150794956848,-0.7311220074777631,-1.5012522470923186,0.6709617701470065,1.0935222112181209,-1.3973575518013663,1.2097823501196612,-2.398000717068962,-0.2619468044682777,1.1412109318384682,-1.1648996903214466,0.31515799239497044,-2.1635888096666096,1.3859735774062472,-1.3957042520494465,-0.005289248754294942,0.8566541278551245,1.165036449600087,0.2500642822164805,0.3824110826249108,-0.5929499285170344,-0.5237988142902307,-0.9398619460776398,-0.05838982870977647,-2.081858494890528,-1.2300119483447092,0.23472775552123454,0.8525504434729109,0.7507690623285761,-0.21626046630853596,0.9535538161639862,-0.5164324982340096,0.3645236707318064,-0.6538704759460762,0.04649001880068292,-1.1289610572542577,-0.023516024601060927,-0.7629548695702353,-1.3489522258693032,-0.5413282806775639,-0.04874776466229841,0.6173213574467726,0.4085963107295305,0.5355872185463074,0.5351421975149799,-1.1773209675369203,-2.235467212312487,0.24753382895776416,0.27015150480391753,-2.3556014088570496,1.7617195680167221,-1.106292942544337,2.0365307576276117,-0.46225628876687425,1.0216529830179006,0.6088059149027242,-1.5058713494742302,-2.748486326172833,0.10254122122205109,-0.9551207174817238,0.25871521735875275,0.778391242881687,0.7003382247788837,-0.1203575589659625,-1.2429282077648411,1.473306862845006,-0.18906135429028603,-1.381643424168094,-1.3137100693692816,-0.3122355608410232,1.9069066537839359,-0.5438987584222725,0.3929866815067935,-0.12734899465400504,-0.6570910725880753,1.3710752135047681,-2.192897300034851,2.375408399583689,0.2612835726774188,1.3238356179734687,-1.6524561495895722,0.21789981176421688,0.1649832969615175,1.8070201580177432,-0.39866280318167413,0.05310430316407666,-0.7489684938808212,-0.5934487836061796,-0.25380284448301116,-0.3840064101936456,-0.007692196886298665,0.18297603665506113,0.23946854419776517,0.8558505573895199,-0.6037699086919666,-0.10246697553779507,-0.271233416373493,-2.209232063194983,-1.5438289009598005,0.46062931085204684,-1.1072371620675494,2.5598721327081386,-0.8463823856711968,1.1236322156691199,0.4274146401995199,1.613003642718548,-0.5701237394598129,1.183729694429014,-0.09639259505352249,0.5520479788527788,-0.6489406069959197,0.9358356083513221,1.1959903875323803,-1.2174140827402118,0.06852138179915757,1.0082126952522867,-0.42944816544744335,0.0372960030951273,0.7544352044196521,0.3338350417555386,-0.6902015772896477,1.4296822338602262,1.9966083484832975,-1.9563944315874209,-0.7755082339627372,2.744128396754869,0.21991787382008485,-0.230465834922601,-0.12382555980987262,1.0372910528721393,-0.0920683923724013,1.4371043065670406,-0.8310957036386002,0.33616340936890715,0.21677114559171645,0.6217846005282629,-0.14606571002732352,-0.5701223013238812,-1.882868360454312,1.3445129332539738,0.5521862672950867,0.2826177220475674,-1.3506810185410956,-0.2502198603284955,0.02064239378756272,-2.043298029803704,1.300313965095223,-0.09751160383510575,0.25998205213358405,-0.2999258835113252,0.7409699143018895,1.0173782572004961,-0.08984058566763883,0.8321405097026833,-1.0421855962264244,-0.5654036190283712,1.8765499286895553,0.5892120881223112,-0.8286754556054003,0.6424609425018757,0.16635751529301784,-2.6915342091423495,0.2883614631168394,0.9257521817727185,-1.8684007607772055,0.4104563075911113,-1.0064147467805316,0.533000537845328,-0.5749670097146338,0.9047880409677204,0.7275078481339005,-0.220843342283109,-1.4607225278311062,0.0659335562983783,0.14270539110116415,-0.34073359803827774,-1.4564284945207797,-1.772030696884595,1.1744197159158725,0.5541586829296858,0.6481430304606505,-0.5243134011791787,0.03295040572349257,-0.08163304109620324,-1.1745413339275173,0.8730858846665901,-0.019643897766445387,1.1728108210028616,1.2834760554150497,-0.004582649660138188,1.6235735097967623,0.324568177744071,-1.4784840353394786,0.9794123398971257,2.506625642346282,-0.07638186839716476,-0.09154967367509788,0.7443542909370816,-1.0165106861193507,-0.2274459603455349,-0.6470581522012823,-1.2350439692792767,-0.012473811485059355,-0.45866184329125725,2.8468600845172927,1.0378921017605425,-2.4725862015597073,1.9638839743386032,-0.26623585048683635,2.1254527474097022,-2.5227343671665463,0.5995514517719627,0.42764783941615536,-2.4788489735282164,1.3116611138175367,-0.9953324668313948,0.31063594239408887,1.2138211100092713,-0.6810237042808506,1.7972171898992988,-0.484345114973588,0.7015858045309303,1.0730606087687422,-0.5032687832743455,0.31910316778710873,-0.5584486571124773,-2.0352802294258483,0.26484262181170803,2.292632081750282,0.026041389372425755,1.875756420544183,1.3569218124660758,-1.224841235811509,-0.34815944231278795,-0.31524654453302514,-1.3730452555794301,2.343525025550361,2.5361208207970773,-0.4567205869228752,-0.5089927901358265,1.8233537060597875,0.10084331366277781,2.2040532106086865,0.6376679904425477,2.463710413319683,0.4698371630148958,0.7784962161129432,0.8066264268525162,-1.207433696918438,0.8328325025264115,1.3447394299447262,-1.8549514722376235,-0.004703611238968189,0.42958497045435284,-1.3248540881558504,-2.560188850186859,1.5415186673724048,1.3281207511597664,-1.4935366453242251,1.769530035764595,-1.4583845672875226,-1.8493735383678938,-0.560017068464512,0.9799928619604815,0.3675857612390683,1.4756513751696514,1.178108430120636,0.13537635022899686,0.33394174823909417,0.02065135042425076,0.10582523281939582,0.6757076421546362,1.2662893815074385,-0.2216655632297206,-1.8581497961707123,-1.4984533433032816,2.5907334448360944,-1.4007100097765963,-0.6915617738197093,-2.623894328209891,0.9799348379555528,-0.625359992542954,-0.7442535049911287,-0.2985911164018987,0.3872902832662445,2.05249733808538,-1.0154650119491833,0.1129361846958361,-0.34760665573591665,-1.503907057490615,-0.4390022220374612,-0.31010607171652066,0.29762170264351306,1.1679621796217408,3.6329531949105847,1.3015963176575711,-1.6998933006217616,1.4862232689776889,-0.5493472578489567,0.18726017889030613,-1.7739421264721509,0.9418488541270257,-0.023135520679599758,1.692031248842941,-0.48968450139995046,0.27981883003490104,-0.6767612788725148,-0.5537300724449536,-0.1866594674312064,1.8633994772681446,-0.7591495526045564,0.5621834405315422,-0.18704629178794535,-1.7365738866552285,-0.8985120538626353,-0.32521867441786473,-0.820647752888079,-0.1356454119111517,1.425839617693589,0.7570046670966895,0.5446850734892088,1.1031610577991355,1.7702712977597697,-1.5734008841173714,0.8670608617706674,0.11302642433664445,-0.3893142860265211,-0.6776971171610171,-0.24021169082818067,-0.8116901954827774,-0.293726481204371,0.9355806593095661,-0.9191620933931838,0.4262473138458232,1.5654132919627401,-0.7805938559101144,-0.1112063984223351,-1.5203444407616016,0.3764643088500083,-1.2330141511805508,-1.060490459004701,0.5085015749397521,0.6379106809520954,0.24211680025644955,-0.9618436681103328,-0.021580438112076807,-0.6773314603796258,-0.9110772009979679,-0.10935526917196742,0.002628040488494191,-1.1609928988707476,-2.9697663958986564,0.6805741403386475,-1.1456577993470358,-0.269210925348903,-1.7948407265585848,-0.08294525596528783,-0.6217366509216614,-0.1151484013559841,-1.775354991751249,1.5607530005154893,0.7853662142780446,-2.261267175540979,0.6893509827484506,-0.17833430147354834,0.5541726720485365,0.9192970516757427,-2.0635442142720577,0.23097745033854855,2.0467410395886385,-0.012491354620563555,0.749696859829177,-3.068628444304925,1.3478954816568163,2.007078010906332,0.04313159451342573,-0.5507986726750997,0.8498061866147514,0.5216701930072409,-0.8738988605767456,-1.1125270948298658,-0.42092396429908496,-1.1435084170721443,-2.196529499761664,-0.9096698062537684,0.36566125465461674,-1.1808219539657627,0.8747908185383613,0.5600057084578283,0.20544677389625116,-1.6889292933616213,0.7124736450779415,-0.7094616925499428,-0.7196749007822614,-0.6752801308666833,-0.7430855779746088,0.7317727917460797,0.8794578825855991,0.43571261856770666,0.10934307266444976,0.754875906202932,-1.429971814130364,0.4327036317472644,1.0376643960205005,1.1749560581429743,-1.9519640692052707,-0.6260897814231557,0.5728564705126601,1.1431802587829683,2.897901124743535,-0.23399608410641234,0.984777295795868,1.7849805006750887,-0.07575504231101413,-0.284539216302725,0.6181573672770874,2.1221219953205597,-1.4314813779779951,2.222999770027948,-0.11758069759085286,-1.1759759160081487,-1.0507724255306536,-2.0022977247321663,1.3534491046450619,1.2059059050600927,-0.8494074409721383,0.4584041649215587,0.8682122934352156,-1.0011236623149145,-1.991569769326805,-1.20023001463343,0.43144408753598373,0.8250566775960303,1.3377476405044737,0.7175363106924014,-1.2703215554741563,0.8405300862476213,0.8371731518133916,1.7827620034768625,0.2606412441608581,0.20507407613232043,-0.5596143797990998,0.02761595326973093,-0.19612400353642184,-0.6891990534624988,1.6455210176735655,-0.6939517809259279,0.38571569479976686,0.5604615945107101,0.19866801471455975,1.3806803596858186,-1.4370726098333888,1.771144356527484,1.1613650414587477,-1.4178554657610187,-0.17228262315391213,0.3355038512130979,1.049335255667525,1.6870343556154592,-0.20509399541477552,0.6836788649009403,-0.7892632657342917,-1.017473770930035,-0.17167931311702478,-0.8139753676999049,0.9523194545771795,0.42218660840990774,0.3268008446680703,0.4523161929759456,-1.6857420790778885,-0.8119753399386618,-0.7634158567431328,0.0162719580518264,0.4110404085990798,-0.0470370288522713,0.25191728600669006,-1.7954298383610905,0.6423937427950144,0.10335826535641175,-0.002040584719027738,-0.558712018091789,0.026608077110502785,2.6157919581141473,0.7001535529985361,0.9745384972675943,-0.0777988364198025,0.061859873862965084,-0.810662817260242,0.15826288200232394,0.28853868513380065,-0.9740265619220552,-2.4527572683630283,-0.5159323975934174,0.1876694951188241,0.1356466641302611,-0.7431480528730252,1.5255469312407277,0.03806844104496317,-0.8151382555980901,-0.028476525205628683,-0.784418125840135,0.27962230697620477,-1.3113759268345728,-0.03325352500387484,1.2400113685571568,-0.37188511698568943,1.9192275051323147,1.0348021568482633,-0.003774530318211622,0.39374819653953735,0.7687508139336314,-1.9999634696250643,0.8112912862781405,-2.0642545856500716,-1.8792935980464442,-0.9009875295265396,-1.9687689494933538,0.20382265053203258,0.8157279490566527,1.60542858833101,-1.0874314351967576,0.9574841089601607,0.7332170462519404,-1.589496104613572,-3.151605479716785,-0.011276729280841252,-0.30395099374817075,-0.06468850957687476,-0.581222183171302,1.2248269177937954,-0.02823644450058249,2.188522508238058,-1.2775733984798205,-3.220559921047151,0.3623323920965241,1.1126584622576203,0.0871812242460298,-0.4833781694820895,0.8391188673710891,-0.6021816950417374,0.2388926484208244,0.2873241584593859,-0.3187179775875142,-1.312509744470327,-0.8102202765916975,-0.32104600543178363,-0.8948321422636809,0.05454017543398882,-0.18288184867123694,-1.313831971219748,1.2069224399186735,0.45193416352533333,0.389107435058673,1.3344135212358792,0.008608730045783733,0.6954575936093468,0.25630765074388034,0.9387234074423556,0.3410445825152252,0.56957969730527,-0.5255594275188552,-0.7412353893330041,0.3462214116337783,0.06594569630980816,-0.7267651206022913,2.5941951305138296,-0.06860433990881679,-0.31335240204467724,-0.7335118080323391,-0.055383336429840335,-0.23696601538593276,1.1204526894673963,-0.6939074033338016,-1.0548622217726205,-2.8001439417982428,0.14530123965894684,1.1846022325695498,0.4283845772049639,-0.8412118953588323,-1.067181945414179,0.7017036347782,2.6039069195430646,0.25642451649915693,-0.27420772039073243,1.9350087752183367,0.8916837540196095,0.3389472254318027,-0.17444101885239463,-0.008365125790104011,0.6812340946824762,-1.9020300698183599,-0.6789089040837986,-0.48705886970676415,-0.8254535958472826,-1.8957411603033005,-2.836219517888236,-0.15682573056050264,0.5116566653908131,0.9207857454057373,-0.41192129035675096,-0.35341396256700625,1.17248579252415,0.46641359686705647,-1.315840505792085,-1.4087257427724444,1.0220825043742972,1.6497453674330447,-0.6824553761880764,1.372952195241632,-0.261432894342281,0.28653854235576515,-1.2803141490998453,-0.4820090385186282,0.4883386831313772,-3.041979896087348,0.3788831415473499,-0.29811339538478815,-0.07801894881879412,1.5256304609000084,-1.656521000035383,-0.7482624779040021,-1.0813306695633018,0.4724706456093969,-0.18230337235721678,-0.8189425985245804,0.612126883873914,-1.1753087786709546,-0.5232198436076059,0.9975012348282539,0.7624607298615844,1.309758570202674,0.7870518974006125,-1.0938046185322792,0.3146258475625909,-0.4495508566219764,-2.0893331274064186,-0.18744085931774973,-2.144672041451207,-0.6571482676291622,-1.520365124377265,0.7850784347615212,-1.9809656868825343,1.877448320800888,-0.6267778599883623,-0.4262100597987383,-0.06980734671243151,-0.7068058989474526,-1.0825620831621714,0.7372993188320613,-0.7033960176216641,0.9111566945579336,-1.4305875052413657,-3.1642326306300017,0.8099340042529182,-0.04904333014384646,1.240750087790527,-0.9315594962242508,-0.6130388989909445,1.22505313806455,0.635744088759341;-0.3974618571736342,2.533458273955416,0.7804537888265978,-0.267884612874289,0.47384194594133483,-1.7094927958664201,-0.9968922252628312,-0.13868078553984248,-3.829417522602884,-1.5921405053684279,1.8668778538749402,-0.551914410601085,1.7862251223549228,1.8817163027383372,-1.3644477368195704,0.3128410352912382;0.6070120928858129,1.787088944957205,0.24303065175551036,-0.4171367613522735,-1.598796116473358,0.42464508358309994,0.26453453829383233,1.350650523631449,-1.3858736881416163,0.5558398666491725,-0.6071374065760327,-2.4422250023117114,-0.5485378424788423,0.7563044547873747,-0.2988273445237472,0.8443739242361005,-0.564602978051121,0.819448213187233,-1.138471616602672,0.6728770754598092,-0.4805268113049044,0.8832576463808669,-1.3812847746909256,-0.37012411245087073,2.355194568281818,-0.4434336176755981,1.5890443230585733,-0.5582845583580393,-1.6661189794651112,1.876489269834797,-0.7511734281706448,-1.405198697994804,0.09357181791863309,0.5434059725931802,1.8218070479979465,1.1422101557888882,0.8873912843227395,1.5985375157041244,-1.8213983029966057,0.2553451311624623,1.2250139916574219,0.20050873744707287,-0.37727097976460505,1.3423684507394469,-0.31798106461092907,2.122027449119004,1.1380114928074303,0.5285178461609582,-0.47992093806164593,-0.7152694860335672,-1.0738554910150448,0.07910211536086895,0.50993501083573,-0.9954606826773872,-0.08157778602951923,1.6173066871510673,-0.6595948155817422,0.26304498275975774,1.4268967417574203,-1.2255769664290774,0.05381628509651683,1.5146245204647804,0.508683979000483,-0.9928140602266663,1.6715617545135062,1.130779624987033,0.6350669680673753,-1.9492895822036842,0.23184976011012642,-0.2676408037325144,0.1585684260726108,1.9188771815688799,-0.4421013898464897,0.63834477863621,-1.6046152723135916,-0.30566815091190014,0.4082176735798367,0.06613861852900903,-0.23611556650394067,0.2679059578356363,2.406632447640039,-1.2063881513593382,-1.351158040258218,-1.0696458551353967,-0.9242756315949324,0.6184287133278279,-0.17771659622277838,-0.42056740840149076,-0.08386889720353619,0.9371547070722057,-0.5955915938761044,1.6625225550931733,-0.23051709274357388,-0.36634432899423164,-0.2873500835096451,-0.2272306245373173,-0.5353195066231524,1.4837477696111427,-0.41128310513050853,-1.134612671362139,0.816323563171886,0.11221011526858735,-0.8360897654215439,-2.568685720882211,0.6064106490542701,-0.32115481440932925,-2.3301521885080247,0.2716166434222795,0.27533931029765796,0.9019851828919273,2.1392737872202634,-1.6527981223061725,-0.521817725843806,-0.21940441609696426,-1.3480086701363347,-0.04767929960896694,-1.884978426287717,1.9044981424770075,0.21386422091094764,-1.3376754300369633,-0.11394866589937286,-1.1002032988702044,2.2189844493786657,-1.1465927591409908,-1.4466327669686794,-1.109831235770525,0.0944525533394742,-0.19628238621536334,-0.18240315717238031,-1.7515242958040238,0.5651996403735638,-1.0927085458006813,-0.7514751895150092,-0.52242573807771,-0.6492938545938401,-0.8341989999496058,0.38212803245226146,1.7213859744596356,0.8916620032412181,0.08412635522443737,-0.11534268936976474,1.1238926868756711,2.881541829700663,1.546677917961989,0.9250946276209346,-0.6781129076458862,0.39114490877240254,0.3918229783452913,-0.1169857126759507,-0.2711295538260591,1.0361533020572353,0.004313690182342199,-0.39908629698710874,-0.6290997639493497,-0.1590894349735369,0.8670962871407975,0.358751064712977,-0.7501703720988181,-1.363834779042814,-0.8254571532097463;0.416654036138722,1.0181956713401947,-0.054845397795057364,0.27595165192678067,-0.22402737127571137,0.8387846847929182,-1.775423672884499,1.4944956220383634,0.6919799440841579,2.0543147085001614"
6,1.5441402377538997,"-1.633195236652933,0.4701284278397291,-0.8203218632822521,0.6349272601516506,1.3105287392004465,-0.07291032740831113,-0.3805559871507118,3.13239565913422,0.23193058811266473,0.15389686852369322,-0.9983538604252785,0.5422846323607892,-1.154435679442868,-0.5708501668335896,-0.47965060095048545,-0.8003389299116184,-1.3649711142489016,0.8847788429079619,-1.7770452049058427,-1.2446450546143997,0.046946552083688795,0.14060831318300743,-0.5546219278164407,-1.03897229519354,-2.2789356302766492,-0.2693225885135846,-0.09702989369397023,0.9194942681521527,-1.08566280054614,1.4171042314752227,-1.5444943756702534,-1.0010278121734342,-2.5599155161970217,-0.6165492059725992,1.1907866016913191,-0.24514315649185497,-0.5142915714961082,-0.02450159741634894,1.485539294554191,0.506482072543391,-0.08624842745594916,0.4520231316297613,-1.0210121520159154,1.7828975098893407,1.4700175984752932,-0.540742119555539,0.00426259601447436,-0.48341366522850565,0.24651895454210157,-0.035042696817974214,-1.4589505775549494,1.440644957361976,-0.04019654227432602,-0.27372190825472764,1.287119606288753,-1.1938308658060706,0.7639806244678304,1.4697734908023357,-1.1693531611890304,0.6136677468043641,-0.30897309667645134,-0.4980448663559787,0.4847183911007452,1.708335416661167,0.8142135259440962,-1.445097362065543,-0.06727104935884394,-0.589991350039356,1.1537865669757985,-0.681757074248096,0.7545902445738235,0.9584363620412312,1.8084095594964678,-0.2111488646351294,0.4658813802741289,-0.6504167423307269,0.15878313649925893,0.6764028754978835,0.24994923309576297,-0.605045417140079,-0.09982073062337019,-1.2576896181000616,-0.18832066050837298,-0.5530446265928561,-0.50750949139459,0.32338919782728986,0.4586912834424015,-1.1108074874063014,1.171788261502698,0.5939459237063254,1.5613413580020663,0.8354553497326455,0.724138613673066,-0.22011929058797014,-0.5368589950969368,-0.5717206400272545,-0.18151384070033239,0.8027931046204416,-0.7590878626282832,1.142621880737694,0.9884467310439664,-0.539146271464194,1.350973784756497,-0.6135678755381629,-0.1252837727328297,-0.4536241364135581,0.49724164347340016,-0.7478271560366817,1.3494962977136304,1.342065127042193,1.665301968228176,1.2991928315378212,-0.8745586226953619,-1.51296440768615,-0.3705555842166619,0.648825583420415,-0.18741982233555687,-0.2562336729196424,0.5447070538025373,-0.36888680316764977,-0.4487427771674976,-0.008579021908851216,0.25621086561288775,1.4998276226177922,0.6411833430354151,1.0325828235363324,0.025545328080216298,-1.548174469481629,2.3781411855887225,0.23007775031993755,-1.412791875129206,-0.1353622883998199,1.1366050271565,-0.6166319560767592,0.1849365131406734,0.23410418318589882,1.1509824850382362,-0.46016382265860056,1.9012558311387002,0.4586793285948391,-1.4226404476258532,0.21904055801510058,-0.31543238215231956,0.2281494216655507,-0.509800778058845,1.8839671203342303,-1.7998317519554228,-1.6737212181191297,-0.2665658570114186,1.562276431765452,-1.0344228409475633,0.07112570173962528,0.598078457376377,0.09044141980018804,-0.21231955916734063,-0.9589935005882105,0.8953459641710533,-0.7679791056329409,0.6327168524984847,-0.02718805588898663,-0.8417495895931877,-0.6586426058936121,-1.2875484154586643,1.520583824955863,0.6094092821074845,-0.9985928728274024,-0.5933001863921504,1.8783226460999471,2.37271166725529,-0.26306993017029046,2.1978082419795424,1.8281824573881849,-1.358294215273251,0.10021610740182624,0.591468421570011,1.5764746371878404,0.012594618901267902,-0.07192271302850083,1.0809155232661352,1.0374929362261331,-2.916855266084137,-0.10127865586946376,0.38422741106654923,-0.3025077335134977,0.6387866013207631,1.1337935503574703,0.3115983063425149,0.4853797027294891,0.1730542186690434,-0.09377751250308167,0.9233418652286862,1.030394752814823,0.7441409170845659,-0.21209155920112197,-0.12880713623565282,0.3004069590345618,1.7210098085088783,0.36868772788402193,-0.05459896980899169,1.7602615774721648,-0.7298171759942509,0.2634391439365191,0.40182205082932504,-0.3136954380627983,0.13727682530417262,-1.501399955307555,-1.006161481427056,-1.3932847610404673,1.0186033551136409,1.2688994783845464,0.32177771176661757,0.3949115678864737,-0.483240213986202,-1.5988036495250397,-0.9647267632917053,0.26397374559497905,-1.2020915369822291,-0.13532753610739043,-0.2701971031383867,0.8002182660225655,-1.3713476525982269,1.8695553519520982,-0.6136583971867902,-0.027498249686195547,0.004228432158277257,0.2700356483805443,-2.066721259696682,1.3936323022533579,1.0094183434576411,-0.9183446382675491,-0.5530663081857224,0.028345222049890473,-0.7738244458460224,-0.8793866401356065,0.21178784978480614,0.8849273332639016,-0.5941616474433052,1.1115273020965597,-0.36799542459074974,0.09238747271601525,-1.1317311605904106,-0.8060895953947688,1.127938390928994,-1.3224914294588879,-0.8400248321023199,0.6056451086454898,0.5331826514102245,1.054683599604961,-0.9830986768552008,0.09018804379343412,0.9567450006156137,0.172895000851955,2.3519117639154685,-0.29632183295496095,0.4101393539018454,-1.333866352152334,1.1084070403036834,0.005653567828326496,-0.9991021033533126,1.2887867569476479,-0.37316499769333317,2.2526239428506196,0.22469336797770867,-0.5631810300454868,-0.06128274822669662,0.30932296405979076,0.20026465685707354,-0.7524278440060822,-1.8801144356986765,-0.33769465099153473,0.4030018167032934,0.4862824184487748,-1.1028063746926733,1.6988218969006026,-0.6817567541170763,-0.23428726491512733,-1.002872037080428,0.47093920131925526,-0.3189808567151723,-1.3975721688166935,0.9842552850956058,-0.2977377127858517,1.6453460598506682,-0.19323768424255666,0.6432377291107316,1.3958167987273968,-0.01726839565651736,-0.4425494077011107,1.8652583955065754,2.917985408837076,0.022560529612176167,-0.13512658938301145,0.806672694435859,-0.9684615820472723,-0.38758298183198386,1.9368635445899072,0.5039281712009404,-0.41548337134421737,-1.793449297461427,0.1500728970074116,0.9129578716175331,-0.7957955999199898,-1.7595010771361002,0.8611083363267207,0.3792119611099606,0.9436601880626834,0.08718219707033872,-1.4103217136446171,-1.387046080760006,0.5429042115311966,0.600108128616769,-0.38400783534748417,0.5340658416655732,-0.12408132523566473,-1.001842802453731,0.24930464853280904,-0.5140710595801671,-0.7277672181544123,0.46408928618823464,1.1141226313364383,-0.9299596876882564,1.4563669165193747,0.9480634326473227,0.08803315348775752,0.8843466215537572,0.9618255820069089,0.2580092169020545,-1.6666606640763497,0.9404350972134323,-1.4445368092123774,0.23615521363534805,0.14226011697314428,0.979958023711384,-0.3361630944292037,-0.7247477835199315,-0.04769655987421949,2.23777921034908,0.23946801037404966,0.35485748518039206,1.9692803284506983,0.08118938051057151,-0.2618115765220287,-0.6747135901483998,2.064792436608738,-2.056636033035992,0.3705419905203556,-0.5473031149292344,0.39377514119517393,0.2048133236306135,-0.14813891765984988,1.241104659480691,-1.5344079437019853,-0.2639797020511825,0.8648135516656794,-0.4689995977484444,-0.0840917487660559,-1.0939010020020794,0.7913693560520415,1.1442128926742,2.2776219563618567,-1.8355378373143414,0.4406032942837146,1.1143349835095944,0.15312649570865813,-2.2868557819534554,0.4341985365026656,1.0240748212732813,0.3068926985040227,-0.5698686975693726,0.10651808794549394,0.09514293708857424,-0.1761980946356209,1.1378329801308815,-0.020186246982112965,-1.3029248240005025,-0.9521791761398749,-0.3975001812770006,-1.7277313414940512,0.8830950575030259,-1.1635211680098627,0.696925669245194,1.4527393284289345,-0.45693937117359584,-1.5642835962317756,-0.5990374549276664,0.8846090353353684,0.21946063776530378,1.63152501511067,0.2846326347213992,0.8684042881737855,1.2517747650261617,-0.3346708757546146,0.63315053505527,-1.1636960276288046,-0.8164098379196653,-0.7428241533844342,-0.3312014295396062,0.31186216641217923,0.5243553254766565,-0.8417677568305486,0.7196569113181052,2.1100162789906665,-1.454054526509126,0.48801525697842524,0.13446043320650566,0.03741751150186885,0.04887001382178896,0.33813904232077807,0.12914438605066428,-2.1063781654045934,1.8548063767430047,-1.8627311527325303,3.4800910808575254,0.26790096231990124,1.3633532168955416,-0.1802655041958594,-1.5078416724313595,-0.5785483718482851,-0.8585265729793904,-0.493978455951527,2.1730936582990035,-1.279598356763007,0.6858298403397408,-1.5647309168907328,-0.5140353917723316,0.39772837812768536,-2.6813596914394315,-0.044724308276311964,-0.46066950104531457,-0.7987655173973428,0.8750075016503277,-0.565020346561414,2.122654500573546,0.6438612793240112,-0.25865432225105817,-3.282998763453608,1.3817046071719286,0.6480653118081675,2.166558119791352,-0.6023204944370423,-0.3729995741839983,-2.2222261239138907,-0.7559846223330181,-0.6533161001338403,-0.048634745341850166,0.3578000516260973,-0.4700333227347227,0.4036056550526804,-1.5641590372904093,1.1920743032272758,0.8161942458012239,-1.2669883260964243,-0.16280861250889447,-1.7660421560780444,1.3929631494200472,-0.41620288065368394,-1.0181736616528432,-0.18934509482361478,-0.5538787053797156,0.4385453442500742,1.0250607774775446,-1.6117857601953045,0.10797009232731006,0.14086302596411548,-1.0984058239636822,1.4050583418104992,-0.1666295885842222,0.19899545216022885,-0.6987759478630519,2.2648501275067776,-0.04988345153736533,-0.38878291022253153,-1.3664902627112205,-0.3312426221566493,0.03882952444767373,1.4748130704576063,0.657970499406481,-0.031340967463103137,-0.9114869746782834,-1.2621864805922638,-2.0567528800227057,0.21723989649355208,1.2294861302220945,-0.8713824229002116,-0.2028044007139629,-1.7879218102946268,-1.08335747288513,-0.13617458631000293,-2.2495738860033057,0.39365605377120316,0.2407939775995854,0.5769629562875851,1.1044504601806024,-0.8108083225346197,-1.4790561824777044,0.49334790033177933,1.142925561089502,-1.3490317958987363,1.3989202619208594,-2.2546606210817615,-0.07475913481441585,1.0349610150529929,-1.0881368147621866,0.585293676244158,-2.220641522409173,1.2271909224156061,-1.1866937652910987,0.1079276306110505,0.9501617097146603,1.1952323276994528,0.3526026710520965,0.4644934332711531,-0.5842073867092725,-0.35596611048894694,-0.908882040957033,-0.22939115347248368,-2.090376332074593,-1.3122167581111581,0.3187184605379642,0.7144931874867946,0.624424650768579,-0.35318788266839785,0.7807956421307596,-0.6272198221057209,0.31840822714510786,-0.5606269967698687,-0.0592056343055251,-0.8314265398312631,0.065267832229984,-0.9172715628877621,-1.3821558819564814,-0.28358419961889514,-0.046855515707399015,0.5733733572894042,0.561946403705547,0.47129770648596914,0.5330347250404008,-0.9996447745620891,-2.2787762831134515,0.2654988290510129,0.08973530761513393,-2.206788704074803,1.8422076251940356,-1.0872399534102712,2.044925327481257,-0.41400683390882703,1.1365865461431908,0.33889790547891185,-1.429079359960615,-2.797070308992615,-0.06276044398283355,-1.041621168116556,0.0954510628054415,0.6451915878592325,0.8503802380193405,-0.03717989574898428,-1.4302892006174324,1.2778688693373261,-0.05642141100922335,-1.5588613717148863,-1.2076015158442543,-0.3546714865319762,1.912362783629459,-0.48047114567132243,0.3819127032375621,-0.11689571325867967,-0.6420079820039504,1.550819192437276,-2.055406442115961,2.2465276586004017,0.39739545988374064,0.9851437138807165,-1.4385871553299396,0.2412775214950882,0.03352591075551006,1.9110906101683847,-0.314130237489566,0.1295302032811459,-0.7500023489814336,-0.5446732366039925,-0.32644944754106175,-0.3671968301487507,0.11088659655517773,0.037784018756041565,0.24596981780821825,0.6637593330591185,-0.6002214680354878,-0.00738352419509411,-0.10584351546631598,-2.171497453789926,-1.5055168949815623,0.31563689526958993,-1.0266904416407923,2.344486544252713,-1.0045108596133192,0.9907897643783209,0.47854964991682664,1.5373017905812258,-0.41342288969072377,1.283339972975652,-0.12711578980137175,0.3295322382684296,-0.7830531195013628,0.9558660917055389,1.3277335104355434,-0.9689587045117694,-0.15295803741322211,0.8553392716376728,-0.49633516394758737,0.002985937810958312,0.7060660171459128,0.14996576710181125,-0.6592202967426379,1.5088398608010734,1.8789211803091368,-1.85418899428636,-0.8114834909416135,2.6768972169012435,0.12539448120750693,-0.4651315691933171,-0.3355512770445719,1.2012355996917934,0.13010069722051712,1.0660973921867465,-0.5984520871919243,0.3582388110348088,0.5055451661807134,0.7119662532161607,0.009702299747199454,-0.47015992895493114,-1.7773336689979686,1.672154103592732,0.5115934762481952,0.1898899335264025,-1.3839089948869985,-0.09232568237009676,0.02059126173483731,-2.3393991782395656,1.331879679428358,-0.0237733764340661,0.443855126714296,-0.2653305230114689,0.5366811089675669,0.7914783729245904,-0.06257410839984714,0.8760150565165402,-0.9770931793404882,-0.6050883066885476,1.6819380643970259,0.6975462158997474,-0.8228571444753036,0.61974932959023,0.12734496693302844,-2.6624248418698815,-0.04454829307810777,1.0188062396439963,-2.1500828311335702,0.13996715248408045,-0.8143378187037491,0.4456619258520752,-0.6332227939078554,0.87413652762564,0.9325416878371537,-0.24953000964191988,-1.2617866717874704,0.24239100378211229,0.09555766969936194,-0.2617354010602063,-1.4845546309024666,-1.8492438850294444,1.329437029950129,0.5362568149717433,0.4953941385349272,-0.9360224851561898,-0.13153023305405806,-0.0015175843355547704,-1.123483489327989,0.6747853532324958,0.07886890345218027,1.2893152121904157,1.3822027729768513,-0.1366464060499355,1.6749899553109908,0.21348431792903488,-1.3298703588433383,0.8115703725305349,2.202849547072767,-0.04773444118656215,-0.07179131817449984,0.7545220719474067,-0.7151369198111762,-0.12036336951275763,-0.5980661311052949,-1.2924591308358468,-0.10589410249607684,-0.4363640724185008,3.0142889776066504,0.9005581335244799,-2.7645529796551402,1.7378448306415768,-0.19271853795991103,2.257710285364065,-2.469435904145627,0.6440233150822008,0.4766044227578799,-2.3653426730377802,1.405327920605911,-1.0400262095339532,0.24267179693349447,1.1780782551850897,-0.7731630624656775,1.445580976636245,-0.37783303367501225,0.6909062432571369,1.1271032297424757,-0.591071022422517,0.540962834196389,-0.4882933388381166,-2.1660613277580096,0.4750383688190096,2.2621028213201306,-0.010281149798668718,1.6434125769678698,1.4122966058654975,-0.9153345848160106,-0.5386225774585417,-0.16435089480058584,-1.2513671282372962,2.452320164963736,2.577140971694743,-0.5634708196591112,-0.3171193600544144,1.8436531392892535,0.029710101396398143,2.253365386604332,0.8475866087301874,2.606430829831994,0.8482171019072634,0.8332813585322143,0.6830435062839406,-1.1761252286570265,1.051549902515148,1.4105581587171292,-1.8572085281193096,-0.1079706631333919,0.3988739126397352,-1.2880312869851716,-2.569265707905114,1.3684859260268865,1.3534998285225601,-1.4635271651130237,1.9113273215200695,-1.684304093897775,-2.032167883296345,-0.6480816945748343,0.7074097775644055,0.29973165323209655,1.58494696713443,0.9588217066116624,0.5029355568023411,0.33656099101351744,0.17346107450590337,-0.06668399342570422,0.6176064347182894,1.4254683927277139,-0.5033003518517947,-1.8103209598817267,-1.495161701726002,2.5797327034459,-1.2807226537712697,-0.6441866244033071,-2.575554786822415,0.9452662338664863,-0.540578646124614,-0.7521832277691037,-0.28889795268301477,0.48481380085966813,2.282517434339779,-1.024831501865101,0.24168510900556447,-0.3714382453589381,-1.5728416932337383,-0.2908838737619087,-0.3831153671985896,0.2847367633002304,1.223082377144707,3.3691183778368736,1.1741696008636564,-1.7166807746797195,1.4644051646116565,-0.6068690159638418,-0.015506527121440912,-1.7433124385877699,0.8352202864712408,-0.2729525506955551,1.736543263758416,-0.6067976030837982,0.1490598628924811,-0.6766178874546875,-0.459629284335019,-0.21646110740882557,1.6178725721848326,-0.8937252495472079,0.7274041162829725,-0.17705936954306695,-1.8363264127525762,-0.7278690031746814,-0.19137810146906903,-0.6949089548193703,0.001702873525746669,1.6695732228813003,0.8092787003035888,0.6426914446104278,0.9363376203976083,1.4013839302978854,-1.369807352858545,0.7844813621449571,0.1109426785418564,-0.11244965179165754,-0.8825351425001988,-0.22474014583514657,-0.8140249553101155,-0.013077375677381292,1.091372353529571,-1.0754572945514491,0.2927283878834063,1.680318869547043,-0.7533295964744251,0.08342399436848565,-1.572502921412597,0.506809172363303,-1.3721138317020358,-0.9689954919089403,0.5311986210485563,0.6778687811350642,0.09707653549677825,-1.158805111317591,0.04210148780356595,-0.9379687375463505,-1.148910755635103,0.036951762731654375,0.13557392538568455,-1.1532885771901589,-2.946827785859649,0.7228401237920149,-1.11802582675741,-0.24965601825569275,-1.6677655753768124,-0.20296192143295666,-0.522715899491718,-0.12930085590728574,-1.630669698586447,1.734235680666886,0.8422439714646369,-2.4111830810659565,0.5088013373728667,-0.1769390377214485,0.5519660776529065,0.8120919505356748,-1.963332443416558,0.2176089689058134,1.98930388432262,0.06664347437294883,0.7799119908997183,-2.977743425109131,1.3611761514571317,2.0420754253632354,-0.2692557330152207,-0.6777275714224588,0.5854832002529937,0.6112058934945113,-0.6576322721540786,-1.0539809224668149,-0.2435204005214298,-1.0365723419748076,-2.1056895135390152,-0.8990625709367724,0.13371359566703966,-1.2944562762273655,0.7415024222378076,0.6513252933929142,0.2628797659256545,-1.7096198741048452,0.6270828846729186,-0.735360243982089,-0.8746476681223674,-0.7367305435508251,-0.810790394614652,0.8822295261531773,1.029585557608013,0.40489767854943326,-0.2436841350602848,0.6105955614373774,-1.5317118152715818,0.3961019580094115,0.9869272116196233,1.5013868942684157,-2.0139299538484856,-0.6818041963656131,0.47854047599423566,0.9769476142580096,3.2236361856735503,-0.08152942556204998,1.0131991104190097,1.6692642159831679,0.10787183813857282,-0.4314038234043006,0.5284589647309381,1.954689309227642,-1.4609028915550595,2.0544265524721057,-0.18922857179672767,-1.3016064663390041,-0.8190832720389474,-2.1282244593183948,1.538271272131789,1.1934509617865758,-0.9335450880506404,0.5951691728459638,1.0522454486307304,-1.0376961746109374,-1.8236285233378757,-1.245097411682139,0.4448017719602126,0.9578192736460772,1.3887587067904539,0.6694350910980902,-1.0719388678464068,1.02565937426213,0.9172781638369433,1.6250537537470797,0.26311013529128474,0.4216646639056522,-0.6560259188655666,0.03143704851337517,-0.0667574349213845,-0.6255056780893962,1.417212937764846,-0.7945744812294673,0.3633005126878985,0.5458151181915779,0.12228314921853738,1.3989003498878703,-1.5696862261329676,1.8702033650246148,1.2897622897506211,-1.4013941449369496,-0.005794392626811931,0.2037201669738713,1.106173341800152,1.498769264122684,-0.19007802061837945,0.7454814614565489,-0.8843873718832715,-1.1165729563089364,-0.1610491472652233,-0.818494222323216,0.901154574213817,0.5165714168267337,0.10529801650380108,0.48130227421360705,-1.7093254653211254,-0.6477114649144676,-0.6511147210347568,-0.11855261711278564,0.3162098396453782,-0.11619439456615781,0.08167046589493185,-1.6883748025280325,0.7007855899513277,0.09132720716679191,0.23817275934383295,-0.8316872696315625,0.14166648061420473,2.628550766086979,0.4059069184869355,0.986633563750225,0.15105270989632835,0.08738471917729954,-0.7922116975311414,0.1803063311606179,0.4052772413503124,-1.0839017618763975,-2.3427043259834184,-0.6161954181612644,0.12975687662363578,0.02942054149927653,-0.6798840108194505,1.3654169551757567,-0.17586633731166024,-0.8694921599625318,0.2088539224757494,-0.5225797140610633,0.36184161792379155,-1.2541571251245671,-0.18233732729978683,1.0182046546801835,-0.19024437006691422,1.9584437782883504,1.2100588027778045,-0.21531966186867296,0.5758166381297843,0.9917820049024306,-2.23769917018449,0.6812033787049168,-1.6388029397007475,-1.8844447405645532,-0.9073140223311387,-1.9415965305676086,0.360190127471725,0.9354892605030078,1.6155097519874433,-0.9883298131847604,0.9547560684701618,0.6693158423026341,-1.562036185744797,-2.9508491675541224,-0.08502143466857423,-0.2480498198057089,-0.011741409471547073,-0.8173217869899178,1.2208783388215754,-0.12924500596519978,2.2261445066228926,-1.0402799700260592,-3.0999219205010693,0.44476544738935264,0.9021397600858672,0.1412193284352301,-0.4743780843495188,0.6767403954574849,-0.5825479718233324,0.4149738035742973,0.30550935552540937,-0.14282731752525626,-1.130421681640827,-0.9033250843903112,-0.4630983457766482,-1.0336693841950961,0.13298044676503104,-0.040369526867876496,-1.2435860862245127,1.125822891436698,0.47966542370288867,0.1736051893266624,1.2248064108822379,-0.028152993314753717,0.6514989928027757,0.3967424170087855,0.9416913241372658,0.33590065818291776,0.7950971626752237,-0.4307274208264478,-0.7539070008204993,0.2698039698839279,0.12619383441207477,-0.6605960233669568,2.6031877516929582,0.114080382649322,0.01002549358367294,-0.8305018402157066,-0.30709652079638516,-0.27974297731601316,1.0201240949625086,-0.9146937349990297,-1.1391106995178195,-2.8869513936656617,0.21947507044551945,0.9847425391961041,0.29715111618549633,-0.7636085350976952,-0.8808602661570624,0.9740399909611483,2.7197062547776074,0.3406222974514255,-0.34052454740625243,1.8885569051409345,0.902295840558361,0.322991860850573,-0.2393991123888768,0.1825794680995931,0.8444916108388932,-1.92748979908793,-0.8554021599710413,-0.5335574095292461,-0.6380517476604396,-1.8821487905140757,-2.9131454835823645,-0.040692518051984775,0.33511453446666467,0.9879812160995782,-0.48066325213829336,-0.33807456307798667,1.056225110582896,0.43072826969636363,-1.5391793434069454,-1.3095809705264025,0.8970347500685703,1.393361950433959,-0.8015732336725535,1.232098034681942,-0.27510659030874457,0.02129462556944335,-1.3363845192830668,-0.44341857181719296,0.34713586952113656,-3.0606942365615013,0.5435044476949954,-0.1927668474084048,-0.11957229578288332,1.738736957602551,-1.587552698813112,-0.7010057884168671,-1.011228367610818,0.7552565898840906,-0.2902500739351249,-0.9271897858250983,0.7646032330164836,-1.3425370200484876,-0.5356364731081747,0.8034385433376805,0.3696342347174918,1.3066432934678895,0.8004102505187675,-1.2576490192091645,0.5521669334708939,-0.501163806594826,-1.959241259152075,-0.40194632762591676,-2.1913372039609476,-0.4124032007203131,-1.6782360150729407,0.7739700542089939,-1.817912411341346,2.001379098555658,-0.46899328344667507,-0.45428083554668025,-0.23669221889172004,-0.816403080827924,-1.0801103395150888,0.7970316913690966,-0.7951676133413738,0.8793124452197735,-1.1775838426240113,-3.2271489562829476,0.5918207851908703,-0.43702702798152804,1.200002003986711,-0.8840021715884877,-0.4726675973415951,1.3152100624976408,0.8374942215778383;-0.23527337666648931,2.5616293696697934,0.43968089295117213,0.008335664639383566,0.5269273395823738,-1.6756552456045108,-1.0629275933116842,-0.19477432547378132,-3.7406457790635073,-1.6157667276414702,1.7661738164135186,-0.8193574260106034,1.6726062677172442,1.9863901819949805,-1.4538791713221764,0.23629421552247032;0.5160373612319468,1.826858011456082,0.344289774677919,-0.48628350783795754,-1.5337919363860644,0.3723357368249215,0.29833474608986577,1.4220067650867179,-1.2856741064464348,0.695711986599428,-0.5996583632627772,-2.2303833261213892,-0.6376254922271091,0.4535639878673278,-0.4217185245311633,1.133766096664345,-0.49453922701388603,0.8830043655756502,-0.9956366184266631,0.6842093166970655,-0.6427821843987054,1.0118781427388128,-1.5663553974487872,-0.534256849227558,2.1812840041552923,-0.4766036111122871,1.5590916593906303,-0.644304807320904,-1.7280332990875018,1.8283763536322488,-0.9155094900044367,-1.5008818368524637,-0.17226021622038384,0.767623975970741,1.654076594857544,1.036809144227862,1.0152243969224777,1.4863165495494621,-1.6507131173872351,0.3301674297085003,0.9930062931133461,0.3480956354721333,-0.47452804316096725,1.4457044410773092,-0.27340219276550043,2.3687448917688547,1.0582630197473777,0.6233538556934987,-0.34815274900872806,-0.696010202589619,-1.1962412111290999,-0.00392189152852665,0.5803806387156636,-1.1301292879918043,-0.13699363055050223,1.5333521826825376,-0.5456769499039773,0.3518573338697772,1.226969115619373,-1.1880883305647576,-0.03346045522864402,1.4821465791196107,0.47278941389925866,-1.0318113595351146,1.6073601550990775,1.2534989622582433,0.6306016814927131,-1.887400105575321,0.17221651315089537,-0.19516061242754124,-0.03425520315413083,1.7459785929024458,-0.2735883516868916,0.6255896278619988,-1.8245388497345973,-0.4748378597620926,0.408159489879231,0.12737536305779912,-0.1997281375003197,0.627111007805839,2.1543701176893832,-1.1315958547125682,-1.5067051995407428,-0.8013969602361941,-0.7647462907892784,0.5012025612242359,-0.15283084160345659,-0.24114924589553863,-0.2514683361666671,0.7944324769530269,-0.5147629709750543,1.87901449297599,-0.08453923644411801,-0.3754057645208786,-0.31997902137516604,-0.34530592208923805,-0.34798503078021337,1.3848250669549231,-0.35422486939085274,-0.8908186223043099,0.9546583689824174,0.09101209161620037,-0.8551736832175293,-2.3661852926070432,0.6059060177489983,-0.5114560461052016,-2.387101841951776,0.3904599498701638,0.5573044165069312,0.903732642831471,1.905734420217328,-1.4030289611903237,-0.6693395364887517,-0.1921046140616495,-1.238430906158177,0.19839004696167273,-1.76411310219248,1.8688854692850392,0.46922306679251435,-1.4358163404490056,-0.22089580418634983,-1.190397385998013,2.3439094810620134,-0.9665982056490793,-1.3761827699293432,-1.1379171607260543,0.20603268861372454,-0.24316910871642564,-0.3191655629014858,-1.7059615623751094,0.5830728875043151,-1.0726701834684587,-0.8164466496856071,-0.6893766755767468,-0.5466602836932934,-0.7273811638026968,0.19005487327210968,1.5679664629642105,0.910557567598424,0.06219007838393743,-0.10269106464869479,1.1980321456557579,2.667933924342188,1.6812149816497608,0.9619913611148683,-0.7619633382845963,0.51596008678756,0.49821601409660293,-0.2247567767832984,-0.3211369241926226,0.8543461396683643,-0.12005213138695467,-0.18137241336173118,-0.46497216476390607,-0.28413635980101415,1.0685639717794,0.3875896338416023,-0.8116230240239689,-1.5605274951313288,-0.9229219479883662;0.5364234822780669,1.1466842275972513,0.0433804845830635,0.35487644236136107,-0.2536034647923431,0.7421072195411371,-1.5319431842610083,1.616614145367718,0.6915735942002411,2.030598278021297"
7,1.5277377151153528,"-2.068366492040313,0.5135184967929423,-0.666218672961893,0.40573062975544705,1.2311680983226532,0.19846076201150342,-0.025998550868426715,3.023885378990052,-0.1142500240271066,0.17497939247251237,-1.3611025183185188,0.7051283709907581,-1.2125677028948978,-0.6274390610667909,-0.5536389037962558,-0.7308745239812734,-1.1348180958556493,0.7928527540775617,-1.492790868479939,-1.3998165896670445,0.08456886961456693,-0.02004152502639759,-0.43252321067925703,-0.9215871994989813,-2.5838432631100825,-0.3820188765790073,0.024112190995838015,1.026758360744784,-1.011181308708853,1.4994363546750762,-1.507989544450633,-1.1018425804087344,-2.4772674545853812,-0.5287849567691314,1.0602409447356924,-0.37013368090390303,-0.2643603963568074,0.1532849473289773,1.2930890699924256,0.5889465901800307,0.14008055354066629,0.4514458227292852,-1.0116340688165821,1.6289501432432127,1.4633133550263249,-0.46647141447642926,0.15512609702873598,-0.3912934006747888,0.5534591549454063,-0.0810571942037394,-1.3781080963841104,1.244917280586627,-0.08226924827771104,-0.18373490900692657,1.2520508428077632,-1.1271613649394336,0.7589602880751386,1.9766157376765363,-0.9275334675867818,0.3491610075459868,-0.22024460237719165,-0.3095186804511387,0.11285659800207826,1.3985989281359477,0.48635507123423405,-1.3526876314023526,-0.01537698162258308,-0.46881679606151005,1.188529443386236,-0.7891997453981795,1.2088489414424002,0.8871007745287635,1.6989085191383784,-0.10120085349820288,0.523675950728045,-0.9628677351802243,-0.007640451967746854,0.5414980136715392,0.3552599613615015,-0.5572269896451907,0.25991432558547367,-1.2296917328206178,-0.32317657289951207,-0.4890358187079037,-0.5381992567394969,0.12231230410561739,0.7974736607002856,-1.2322676576896745,1.0581025358023108,0.9786531880436442,1.4391331261839686,0.503953236473222,1.0474232092313231,-0.40431648103014056,-0.5341732473918448,-0.5889999716695082,-0.3374096658241612,0.7932528016055213,-0.7786610161316322,0.9943656097571222,0.846441490146763,-0.7019244364493742,1.2059597136556803,-0.6503987545404895,0.12612328252084062,-0.4371565350672529,0.5140997649469663,-0.6165254223510515,1.689382963994685,1.005434268467022,1.909315936317444,1.409785130958044,-0.9472973888240087,-1.3108624955560595,-0.31892852829693175,0.6331483935991772,-0.5517066580670422,-0.5518303191047446,0.5728144745553538,-0.3535087604919479,-0.3667973209880425,0.10244941542133612,0.2908593578385141,1.4689263514871793,0.8230510687232238,1.0032684174997817,0.17957950494782185,-1.260878228695452,2.021761199490034,0.014270314140274881,-1.5288551788651938,-0.25150187100870064,1.320731787562121,-0.42328711716164913,0.14054506477168804,0.3919932370081517,1.0959353982770492,-0.19326188613297246,1.7948009570738714,0.5487523902812456,-1.5183132115575282,0.14200004344613182,-0.2798933416615243,0.30368041828419756,-0.4736491342399475,1.7625300857099466,-1.7047028916664764,-1.582161330982961,-0.5543905191219303,1.3570077152500228,-1.0468667018033793,0.06498127623167815,0.8951252578889547,0.1361927846338539,-0.07804796430582038,-0.9784981202651234,0.8495713416864614,-0.734215983257782,0.43243573937809826,-0.05314620074806237,-0.8361548575630423,-0.47572860862867195,-1.218521206943693,1.4301108513798586,0.6110976390727849,-1.1400252191883729,-0.34275994596374476,2.0287339770949298,2.423570758013406,-0.4374987988876054,2.7391030121226323,1.8593200543828958,-1.1187278908960032,0.2991142283369491,0.704671215451314,0.9834479740264586,0.18420409932189216,0.131666024184815,1.159983020058349,0.9733879286025235,-2.664315673254292,0.2087138532213249,0.32954283248117433,-0.3115959493270442,0.3591362437986175,1.1098220891920796,0.2550818607133561,0.5489868733575013,0.34739375812207746,0.07412999231110737,0.7032998588495702,0.7613366058510785,0.36277502198567624,-0.12322652640600605,0.2004197070013227,0.22292684400396387,1.603727239163007,0.39850154227561596,-0.08398278783684887,1.841433369421092,-0.507647734573311,0.08289135945487547,0.2997693741978503,-0.2569889116906541,0.17294271603743677,-1.7279442318599565,-0.7682911084375117,-1.483582481074422,1.0506108223144563,1.468073697092082,0.33906336418462796,0.24554346883114694,-0.7417141450587347,-1.6745065566789572,-1.0415293777886123,0.4488743349286374,-1.1706226582899593,-0.14883118440522264,-0.07288806801713774,0.6274836469892845,-1.4059528045650984,1.8543763796579573,-0.46284938085075433,-0.021244987461232802,-0.19600713582071042,0.17869369173383243,-2.0388021005655026,1.4467655861558657,1.0218768611723916,-1.1788634266859246,-0.7826750144552298,-0.017391564956131512,-0.5255068725576986,-0.7369080414149975,0.1034727875094325,0.7565303873559934,-0.6350134420566277,1.0411707561157324,-0.324417960244093,0.1244082829785847,-1.0837523426121547,-0.8447917253506082,1.0003505913530684,-1.0125888483557837,-1.0650428737978794,0.5801419646064516,0.4878424059775261,0.8726917033610129,-0.9794536520631284,0.10156272805378369,0.4511662895338299,0.022013334832145626,2.4427648629089793,-0.0923738410427736,0.6369160577789151,-1.2442146708642932,0.8528033680413604,-0.12035602603678977,-1.131923984232884,1.2589114941478083,-0.5483138848333192,2.3362478117233554,0.35998445982603877,-0.698653559708732,-0.010218332984546934,0.12083079487001643,-0.008220198770226936,-0.47894817846379273,-2.0170932875298395,-0.22522841798891036,-0.1177874507906434,0.18847092012676392,-1.0092490977331188,1.640919867003951,-0.6502241349893064,0.06379556996334565,-0.9385752956725154,0.6272759148971444,-0.1909698285201555,-1.3608931085727876,0.739321274015468,-0.20852989418800633,1.8231835268398318,-0.3775380264027929,0.5037423530254365,1.6207925667585774,0.26092993046376795,-0.46917907044835205,2.032797783951596,3.0722402742457375,0.26387754467569446,-0.2220304954839354,0.9887030410658418,-0.8130033467828005,-0.3772867235038495,1.9992961328684897,0.3907219995699664,-0.19508910591032835,-1.762883734130907,0.10004983676273324,0.7290089791064196,-0.6719171757295307,-2.0158956656618523,0.9946508887735687,0.3079850362432496,0.8314328571914024,0.08218780269305556,-1.7813195121897607,-1.4756295779355149,0.5874283634152551,0.9266855917958174,-0.5797208973630616,0.5306654430518399,-0.18191235219888502,-1.13471116969712,0.1767136967892951,-0.29268471663544127,-0.5218090084937688,0.7611651254188116,1.2987324970879492,-0.6503578998633875,1.3105495148789188,1.0576908539640395,0.24727468156363103,0.8216056593483667,1.1296989377162054,0.1925800915396909,-1.8169928795846602,0.5303989948768133,-1.0389244041534988,0.7419368089662528,0.1509025552413019,1.1827809328732122,-0.1894141731095343,-1.0984561880886285,-0.2593110224276534,2.4017618789459223,0.32728980448066897,0.40344118309263777,2.135291829039493,-0.11145576020575715,-0.32515048580074507,-0.6914032037025261,2.0580728273517233,-2.3188887015440427,0.36290347467553424,-0.35908568221331016,0.5815412866481778,0.3237333650841503,-0.20582331368260243,1.284696072931416,-1.398873381176237,-0.22317210535587229,0.4623630289802173,-0.5453253477340162,-0.04070536112637067,-0.9422691706396287,0.5996799769192104,1.0294518474774212,2.447191128449551,-1.84395745280882,0.04876196419143641,0.9430635677550097,0.04464175791448852,-2.441227078845394,0.13846049658170412,0.8504191055942876,0.5322625315279499,-0.5494676240856098,-0.016477479391407396,0.18505552348408044,-0.07163135737225945,1.2418408570183939,-0.2733697675561537,-1.3885571119757634,-1.0945420070955885,-0.5219235965266461,-1.5848497512389352,0.6430074613539406,-1.3763779640427987,0.7361609545284331,1.330186296605508,-0.2083296373552203,-1.7289083699173644,-0.46938243523002243,0.8267968462745282,0.00523365426320567,1.7206415425755153,0.312191214226218,0.7245876952570018,1.150624139460725,-0.42472780240575286,0.50399818113563,-0.9743095379012311,-1.1370381551414475,-0.6194134493011461,-0.48568507920874127,0.43886176573936175,0.6558889747943584,-0.5602931523560879,0.56545280538228,1.7478702611722459,-1.5044387543143836,0.570585035366424,0.2968730703550623,0.036123506735617476,0.3143976245561589,0.2966467529499866,0.16287173719804443,-1.998767281473413,1.6704599083004246,-1.6901760915264277,3.648209301716121,0.5113080624279898,1.4010564467190774,-0.11302992397710232,-1.429444575778966,-0.7226064278477072,-0.6434141534938238,-0.7478236709504057,2.2937180603485663,-1.3129381737828085,0.5391752021798579,-1.6116322904746376,-0.6011639265726637,0.286793549233203,-2.759674526569468,-0.4805809294887729,-0.7645510835640352,-0.8869771807843202,0.6374764868357797,-0.5118987900285203,2.5008202264982726,0.8567810032169602,-0.41078212063914876,-3.1963346321520345,1.4144454024373723,0.8293507325936067,1.992518948826734,-0.6702811982719254,-0.3292158778748912,-2.240987098317046,-0.7399056570999949,-0.23526252191824448,0.10249705901281675,0.23453409889150978,-0.46828975459349254,0.38433204804207366,-1.6399043398017716,1.2661670148344617,0.8859866860258127,-1.2567884876889457,-0.39059875346122147,-1.6920494127243555,1.410477729367912,-0.5595533065221646,-0.8703746232917569,-0.19884380271057336,-0.6334511750515522,0.1652650697836408,0.8577491363036772,-1.6719011559627883,-0.05107214239905643,-0.10066063105562528,-1.0723892600765426,1.3536139059932757,-0.30673853686400543,0.3963954000696614,-1.133063979232324,2.4001074322792113,-0.20518356043254501,0.038857823133900904,-1.3753171454509416,-0.5026562250439713,0.08832009306527425,1.4273491975493346,0.9863956810268917,-0.0005951202965746721,-0.783642926242726,-1.1459272699051335,-2.0594068016239095,0.18896423279564561,1.420495293073982,-0.7663136935679015,-0.28092523386172064,-1.8414171578387137,-1.1307179987109388,-0.2872268973718166,-2.1509151257470718,0.630887548836732,0.06875609384829022,0.37933894230577525,1.140593619003878,-0.7547751654250265,-1.3813156460959681,0.42152179306644577,1.2753580365735977,-1.5483029068965224,1.434469989105282,-2.689550998731563,-0.3949291920588849,0.8464881462468073,-1.0699344966691697,0.37629550892737834,-2.3658974274270275,1.3394844047381989,-1.2018762601263788,0.14961835060408094,0.7678395514932497,0.8937208005777885,0.3348368816611742,0.32729502875255057,-0.7307506248701567,-0.5780521859151304,-1.1093122393126622,-0.2269348981887767,-2.3517122721847024,-1.1349362984520264,0.06786372663455204,0.7783429357765275,0.6251928815321601,-0.30330137300958987,0.8521393752244076,-0.35321059804737165,0.30115211517076085,-0.6277547580057778,-0.19597621680869406,-1.1839104567941674,-0.2110323910693407,-0.9307784645572159,-1.5319579142097215,-0.38040055645572324,-0.11694052773296759,0.42501085450765436,0.4457042784528066,0.49128105648821324,0.8425765857799041,-1.0956664082115168,-2.3764051580421026,0.34245601521738034,0.25903452830963564,-2.459869716462513,1.8776414069994258,-0.9929319967085227,1.847526924615393,-0.7421984636920679,1.2967665031150932,0.4308300941238216,-1.5408417010444855,-2.712647930731256,-0.0917467972058521,-0.8580822444175265,0.20431783864267672,0.850193123871072,0.9676166551205859,-0.30048350295377324,-1.5841653548913364,1.2560943250394476,-0.36726984732739154,-1.484558151382216,-1.2636242986369666,-0.2307133688356795,2.156360212969082,-0.3800277013157664,0.35335392075692434,0.048450428985560526,-0.6853499749578286,1.41953254253049,-1.98947197843003,2.457458381985733,0.2953319242861433,1.1807242866575303,-1.6910814320469503,0.2969783677433717,0.3139086826436406,1.6149269897177452,-0.2816154531204361,0.05980715967943184,-0.9715382412650537,-0.7226054214754708,-0.14394053118107636,-0.47802634688311046,-0.057020012685585895,0.12494002231752414,0.18007573082396483,0.6295499794105603,-0.6001782043096257,-0.24506289041887439,-0.1003013031408533,-2.215037557028531,-1.4567082094936408,0.39113457307142463,-1.0093416617384157,2.6605711826863425,-0.7603668608454469,1.0381411347799399,0.24606706549200297,1.3903135422201944,-0.45794218927498354,1.1121562550003135,-0.11895562712150129,0.1560946156360452,-0.5147454532239345,0.8473270988774628,1.4970620828871906,-1.0846662167618768,0.1364191734866168,1.1257329320646028,-0.26408985907793325,-0.043633904947310606,0.6653056429749511,0.39923699711052496,-0.6814762572056271,1.6544568305505678,2.079721590301871,-1.9716102982028836,-0.5878648200188852,2.7310963199662988,-0.027295742949665268,-0.22129901575978053,-0.10322315540859686,0.989976490865856,-0.1827177925301263,1.229005727934362,-0.7364602794074998,0.24660271813228823,0.240801234287077,0.5527496282799594,-0.07553039783570223,-0.551907678169395,-1.8050526807637368,1.1778380666145019,0.6062993910517073,0.1892197456485473,-1.278279381811851,-0.3203050034540126,-0.04668163328589231,-2.100824955784918,1.338458290846967,-0.0484421370708564,0.2381063416685057,-0.14644991345501343,0.6527787342751593,0.8274968518609533,-0.1806520658285648,0.914583049876936,-1.0659256470781586,-0.7572344495864508,1.537637497029895,0.5423341707723386,-0.6499229398943591,0.8643318137973625,-0.194957280361605,-2.693604245782209,-0.06953792745681439,0.8769400890829905,-1.874907951273339,0.5434200813923128,-1.0414043924937455,0.6256925583963094,-0.6886815274112644,0.7698396765700812,0.741886310240931,-0.0672313526679601,-1.2014440601600431,0.22272613211427475,0.23366515062997129,-0.2871628050900704,-1.505391146353971,-2.0599374192108924,1.006183166864551,0.7444798924390339,0.33235448466964757,-0.41803442581784533,0.035878660260093884,0.07131414855666754,-1.103001500798314,0.690861171789657,-0.015004402450136968,1.2822569557880759,1.530471171832894,-0.19106849905247075,1.6154855285882603,0.26608205116820033,-1.3978928760218572,1.0584256970429924,2.1237775906111778,-0.007830128327035779,-0.12219311340213738,0.7832761524036425,-0.6858694113077275,-0.09722988997282211,-0.6197659329782611,-1.2916602005920492,-0.20345538737888377,-0.3664584215606061,2.769501780653223,0.782798072136939,-2.6808704718354157,1.648115993461058,-0.13645947013318432,2.3375559077144716,-2.6160774466464427,0.580039179324455,0.30336433413285635,-2.5419694929103867,1.4302537579329375,-1.059365287118438,0.4058938629498548,1.1115252361388517,-0.8113635470514555,1.7276405217484019,-0.2896664879191062,0.7464317284418233,0.7559261018916626,-0.42994029230823694,0.2906038333220182,-0.6169742966551784,-2.2404876075299507,0.17126122219597234,2.3714837846749015,0.00016110491698465707,1.8809181677787576,1.3211164167662683,-1.0406624828657245,-0.7435901355534111,-0.217532056480937,-1.0647430206850799,2.4799262551189085,2.881487351511863,-0.5263690606874205,-0.6736083352249607,1.8234262531811531,0.22014845710688075,2.201632822901815,0.6936027185662754,2.49711785785421,0.5212164463795449,0.839943799609161,0.7912505655600464,-1.293145661225133,0.897189622256474,1.3435740332597084,-1.8480022009682133,0.057917417230245405,0.44733395648395735,-1.3263950539648648,-2.70382442192343,1.4686426339724596,1.2351971306481642,-1.516289356558641,2.007508113791574,-1.3471829128876904,-1.6142547025272105,-0.49651483973736005,0.9704219000399618,0.2270154710672792,1.5224253522567914,0.7120308478554288,0.2318844415981919,0.4606793829354862,0.06001877511794629,-0.04788366898795571,0.7596578705834804,1.1306333168731821,-0.6392044700530395,-2.0121263038063986,-1.7866664371952852,2.768677880919593,-1.3286069419963928,-1.0302236250848007,-2.5583475653585652,0.9000286546640683,-0.4279205931069108,-0.719681097771075,-0.35405851170790414,0.47632383306839005,2.2282033013400895,-1.128806540660991,0.3573744843460706,-0.1258615411879439,-1.5629700089191199,-0.4175799281507585,-0.1323249948617258,0.5116466586036682,1.2647273287042,3.6923015763076457,1.3325671914757773,-1.5152878437080148,1.4799421771035912,-0.7732885033789331,0.07974145531205473,-1.974864977065955,0.9617271669606279,-0.35540474603674743,1.6660573775375591,-0.3952340156060723,0.19132939925583514,-0.6344422051409376,-0.6066816832468354,-0.27912508732169206,2.113815321261104,-0.787929883492677,0.622881850380193,-0.2910189183678825,-1.7080932461204237,-0.6479499788138215,0.11052102293068461,-0.7353948034757651,0.07161937459922921,1.617211858290216,0.5656707159637538,0.46169941518918034,0.9394543058474624,1.5761888228222087,-1.4553872181360217,0.49730262037764233,0.13423386509160498,-0.1114002051290071,-0.6089213902470991,-0.3453447256645806,-0.7676230653087158,-0.04928281442217844,0.8931844405246459,-1.1246623379170642,0.44663183574694976,1.67079626190723,-0.6934146621902673,0.17718430200649582,-1.6592769494983046,0.5098018380324387,-1.2271422212953915,-1.2497600533461597,0.3733518227090961,0.5417890596609976,-0.0045331153428452425,-1.2502946860140354,0.1620073140248432,-0.7340409438368343,-1.177827862986615,-0.05116255193956226,0.12138892078352125,-0.812492431081475,-3.034689492740538,0.7669819646178835,-1.112599564492978,-0.3056006030085692,-1.849546049891801,-0.018293491015723445,-0.6036665200593363,-0.16811251581950853,-1.8459172728298237,1.4515627963530195,0.954432131777902,-2.49751895850937,0.7206827399748725,-0.2809511410918187,0.34628089357475983,0.9897957994750805,-1.9062882910106487,0.11657439189233296,1.9859160296333411,-0.06339755202922406,0.8121883392311253,-3.1185562294402778,1.3744755314062713,2.1080036180827166,-0.10349186539216385,-0.6901608283688005,0.7382540159280382,0.7383748724631766,-0.9013095393211582,-1.030098915356597,-0.3802236641364456,-1.2507973254858378,-2.1849252974626507,-0.9934633649796221,0.17823157545351623,-1.3459447501182933,0.6482983467597399,0.6758712043060544,0.1898811229775878,-1.663038266501164,0.7796963949393974,-0.6345353085293787,-0.7284261278765176,-0.5707336063878334,-0.6921053804635053,0.804836710051233,0.8367719522442226,0.2513889308015133,0.029284251383484672,0.6968526017505612,-1.6633639485545502,0.38063819485245254,1.3078609085526918,1.5993584365292075,-2.0309168849948747,-0.8262353387516852,0.41813841175537775,0.9802468274212328,3.0317498036475685,-0.2593663085782906,0.9861282954900991,1.9391241123594412,-0.20986641864488556,-0.024236968420418475,0.6359024831982653,2.0727550008798246,-1.4567053142783324,1.9756943342932076,-0.05679788732933948,-1.2244966580039807,-0.8859277163653971,-2.246622034213198,1.3152658764227976,1.0854667684099268,-1.1359656415986015,0.4890965343155755,1.1530672306032907,-0.9469668485132094,-1.7290920879872638,-1.282081000207995,0.3471793054538125,0.8517116182170171,1.4128263595906696,0.5660804740991207,-1.187874686979654,0.9840028684663416,0.7993334452329905,1.6463338593727581,0.39074076649508593,0.4634364383156736,-0.6860319447215012,-0.21373188993666914,-0.30212076263976195,-0.7295597326794314,1.4796620321357152,-0.7279138809491009,0.49508486754926473,0.32119621408050947,0.3129565169296069,1.4267796538605384,-1.5265664309602363,2.018754003847345,0.9479867205619813,-1.1994642584058108,0.0562503510615932,0.15556094788663208,1.0513909646894288,1.8970493816001557,0.07471464152453937,0.5964130837098153,-0.847594702883769,-1.1240483026885952,0.00512952944663253,-0.7529660188294601,0.7281745338796828,0.43655041761939933,0.148951503867827,0.6078332828552021,-1.7221686803388152,-0.6894548250423095,-0.34394214527306116,0.017957030227890733,0.5884915079541448,-0.10061008471830928,0.16569419031061666,-1.854122636141881,0.7068734723802708,0.18540359749515006,0.18658719993557166,-0.4773678241133201,0.07617677243378204,2.800969950856266,0.669853088018586,0.9461251153641492,0.11720766713900159,0.1444926607344232,-1.0525122471423793,0.32962789462387576,0.09663876992072622,-1.1752329383781321,-2.371717186016824,-0.7983804038430322,0.450730914569075,0.20648557336350873,-0.547975779431142,1.5103314871423434,-0.1406285986034424,-0.9994484842094598,0.07137111183461543,-0.7570236740774005,0.36207332812625737,-1.2889823368287616,-0.03062147386363971,0.8976512613554167,0.08786330465373068,1.9809333544777974,1.1221724766883232,-0.08559173436660372,0.4174994320523619,0.9400369840828573,-2.2132054155351795,1.0570621662953785,-1.8321961021118258,-1.8866624306415167,-1.091677792071367,-1.9615262161454028,0.2957998065085695,0.7833443033309784,1.9018640117413863,-1.1872843524560004,1.0400482095787322,1.0693140284583007,-1.283257923892318,-2.892563035779908,-0.05653738331924879,-0.2955868812176875,-0.08251774608246301,-0.5450871466455627,1.142753755988151,-0.047250714877969335,2.1570799208079925,-1.4732612290344351,-3.1045907168890783,0.6266362677585969,1.1150157341018212,0.2210682254435599,-0.5151049427320731,0.6559949081002316,-0.6238507207087371,0.04917885926459901,0.11680159606271948,-0.27476749286882396,-0.9169351562115255,-0.8828214228181395,-0.5312109538043714,-0.7706655345263778,0.18610027612532076,-0.014243469524662072,-1.2071429271552419,1.254481178478552,0.570836470989671,0.22477961521024215,1.595254294696176,-0.019998316788790743,0.3781315904292866,0.5887972292154968,0.9303713217792171,0.32042736940008604,0.5228954580798799,-0.47657772706104945,-0.7205604500335377,0.34681084083934727,-0.10703497154325783,-0.7466380457497412,2.5534809305436243,-0.2712258196735682,-0.28163899703709705,-0.7543751466082753,-0.04203585996593244,-0.2621949449163891,0.889888152687405,-1.1593653011987752,-1.1063991805088158,-2.905477002216293,-0.15983363611507992,0.6551740536436461,0.3327052698509797,-0.6997306009299626,-0.8603605161607644,0.7801225647139499,2.384917539501711,0.3597745909632465,-0.20961141624343835,1.8591805639890826,0.9833035102558555,0.4816343153702508,-0.3716214588855928,0.0729896614027226,0.9239637867781414,-2.0332045021319836,-0.8788971260277775,-0.441376787572754,-0.8407594590282406,-1.8277265623600878,-2.7489947356169955,0.08706392485982292,0.47730471298209093,0.9072195412938913,-0.4401647166835731,-0.4808291613762779,1.1001954983648825,0.08287327463932238,-1.489484314969083,-1.7371326039944777,1.0673784478522508,1.045541190323254,-0.8969623982964442,1.2657250993009612,-0.41603279055845543,-0.21694254590013978,-0.9946674408070182,-0.3229550312091596,0.3752825706783569,-2.86306468789018,0.4236197995640277,-0.4616069315089751,-0.13729733282128645,1.522429603678038,-1.5596199732751304,-0.8807358299985029,-0.9789922885880833,0.8934358172853714,-0.2159030891891747,-1.0508134315575608,0.6898545415490972,-1.4856132306536305,-0.35576813509029626,0.9123916713172958,0.49108652813844417,1.277061413126101,0.9259102300778544,-1.2436025757924398,0.36533816196738883,-0.21370518831715576,-2.1390831118095277,-0.39732637861090814,-2.086410349507302,-0.5882835680812792,-1.506875834962051,0.6885807615418462,-1.931357660708369,2.0044852407856113,-0.47681449071035725,-0.3782007809806311,-0.05897101977098976,-0.8527538229958217,-0.9835746326951291,0.9336012046765577,-0.7744008090580541,0.9701060627444202,-1.3005945315527574,-3.1258097994473966,0.7010378196451573,-0.2886656390275501,1.3088154855812761,-0.8521610341511969,-0.3937806954387007,1.426187923812289,0.7635613859535549;-0.14210338637008002,2.280367084438207,0.741752624361268,-0.21884362540151953,0.4332295805901514,-1.686451227210201,-1.1622485983716135,-0.38767403046495796,-3.8151521739215095,-1.5309310373925786,1.811362539819268,-0.6706115461816381,1.6633537145546962,1.9538494055060505,-1.6188901157614919,0.25544409086439024;0.40977054221397546,1.500095760502944,0.1915614801434421,-0.6867122679487438,-1.6667624171802242,0.305272699925384,0.6100400214091709,1.4500057753307165,-1.3743743857169601,0.4192257426047068,-0.6041968712866699,-2.3024761532187297,-0.7660546261708363,1.0828352403808965,-0.19479126634513355,0.7232501950377316,-0.641511235577056,0.7986942298338936,-0.9996234837727301,0.5067434537396596,-0.6036905035052054,1.0264492040385804,-1.4681767981895406,-0.44152888263948203,2.383132912596031,-0.2970090373862406,1.5933582689808277,-0.5591580257614794,-1.6633246177841892,1.7838115121917928,-0.9548568903106268,-1.4585813400308278,0.027495379614972934,0.4145568998835193,1.726229200968158,1.0427287815099677,0.9870365379743469,1.294690145787907,-1.8807987129312755,0.6690377161228677,1.1222248891682935,0.10848892576913638,-0.31173681765316663,1.3249976002409987,-0.4332435236719635,2.120259529502584,1.1022429156643088,0.4196554425757854,-0.7992085555941193,-0.6080067657853764,-0.9617595952501051,0.3677244621914168,0.25914381269490244,-1.0382004260512485,-0.27417714647947244,1.6604056912573466,-0.49664449568608005,0.21659594909695776,1.5639088952530638,-1.0218721158796324,0.02987487168183384,1.3614578045690995,0.3993999239930834,-1.051043315595836,1.945975208497241,1.2198646541511042,0.46645498719343137,-2.031949288482607,0.20586832100365723,-0.2589046766885414,0.12805334793912604,2.079321839349691,-0.5406117302150921,0.7382802780287303,-1.814126255775516,-0.3001812794316686,0.5177716579136354,0.10891738557841345,0.10657093305196348,0.41209860013075456,2.252779640518859,-0.874631002690461,-1.6535507448184497,-0.8576741010214818,-1.0367396631587682,0.5668506857443566,-0.33539798164282264,-0.30902135818192333,-0.17983996796075474,0.969256167326473,-0.3503750124913594,1.5470993345605553,0.01333060905011145,-0.5586209303616826,-0.10187850193865293,-0.3578027087804469,-0.23354504299150433,1.6528203027286792,-0.5305441562254617,-0.791700815443751,0.6321248064384761,0.20889592553051778,-0.9946298283161653,-2.4858049823170574,0.6923600697863237,-0.3168274522985086,-2.49319783301585,0.3268143847381967,0.3370819074611062,0.9578156632908934,2.1072702954141,-1.6605633050841664,-0.5375321783399533,-0.1344582733993656,-1.4092112504789023,-0.08276271922911071,-1.6769467326647378,1.7079982492634649,0.25478727910377197,-1.639183802548373,-0.15807196843589266,-1.1236811557485868,2.374193753731653,-1.1459050627877088,-1.2725514638135025,-0.7908217644894501,0.08952049319475375,-0.24839308586147088,-0.3126304181745374,-1.609659265219806,0.48791157913473976,-1.02943796331293,-0.9819796948719148,-0.6184261318169361,-0.7754307742734999,-1.2684152844738938,0.4415983458835371,1.5434667945503768,0.8394897848758904,0.1739810244237331,-0.14532235308049465,1.097028521796399,2.7215414158456803,1.6045764320890332,1.4007971633275507,-0.6413889368614555,0.5016642493565636,0.39931563766692507,-0.2101910726684435,-0.49711940227875007,0.8605149809648159,0.0892189714224943,-0.28942381032053405,-0.3151515490621768,-0.24519599678937537,1.1392715713608608,0.3860844270079117,-0.8565736665668313,-1.5198040224736176,-0.9583150872355475;0.49125258596565263,1.1268585333114787,-0.025846925710660468,0.243175578195383,-0.31555219511671784,0.7115836632737631,-1.6681300321912613,1.4347348113454237,0.5448377795971647,1.6618897099669427"
8,1.5252020311513856,"-1.5841553406726627,0.42420142658887666,-0.8552742713635454,0.593466167181205,1.1984499741565726,-0.11722572498188623,-0.25368175681692806,3.3257775141071857,0.26302349282944015,0.17303634867816917,-1.0946750382237251,0.5925165726514334,-1.0717164986386685,-0.609680017250061,-0.4740155288739401,-0.7161900704727234,-1.3049207328748191,0.679135329875479,-1.8825359172483986,-1.2358587169054949,-0.06127367960191869,0.12744405114015964,-0.5964873834967308,-1.003202215984717,-2.208787817723667,-0.2040004981165121,-0.03415509051682099,0.7476863139279072,-1.1118035378555093,1.4126063164658758,-1.4968052110881744,-0.9112743221518846,-2.4480054956864157,-0.6875377174298657,1.046949435071103,-0.1481037162707579,-0.7248002272922183,-0.11548482007044443,1.5374286947211184,0.49688716899371876,0.035886754546228083,0.2751250501623365,-1.007824459546334,2.012924291288854,1.4159489488870005,-0.5350007653215083,0.0794485257087743,-0.6299509916569551,0.20310143250973,-0.08525647809100415,-1.7190511798088874,1.3990079296653282,-0.04693971019735852,-0.28032525434433136,1.3207748976180944,-1.394805664419877,0.6131284689846355,1.3975704706023637,-1.2786768105802584,0.5517851656693128,-0.30046584947761557,-0.5353512285528892,0.6001322938820981,1.4836618186670165,0.9180907076327698,-1.6352816173340217,-0.24844019424767572,-0.6058361360175906,1.2720745009479275,-0.699559742812617,0.6445894134088125,0.8195012168683778,1.749766800775067,-0.3188373209000864,0.43067378085666586,-0.6409047068489876,0.1802612157459867,0.799600751321426,0.2829425797519543,-0.7469996026374948,-0.027867905897851694,-1.1900840745187684,-0.3019064637080051,-0.4928340122040936,-0.6470512857663542,0.33172931751036216,0.35216094190207636,-0.9288679671141394,1.0099211722856685,0.4706272051449048,1.6763265272175611,0.637552632285356,0.8236432284731564,-0.4274614356454766,-0.5971207431910255,-0.44535791860672413,-0.032870344559004505,0.8227503630205006,-0.874608651330393,0.946747054605399,1.072181941747554,-0.5065680453011374,1.41579900953113,-0.5551499398943314,-0.03154275608721746,-0.46413335377300324,0.5386654425950962,-0.506149003147588,1.198375953998502,1.2593873582167485,1.6072313113342411,1.1047039530863119,-0.8674753673565598,-1.5368442435975784,-0.34796649149730957,0.7339769172039636,-0.278235456729159,-0.22206691006294477,0.6239117196704348,-0.4045376365632472,-0.4278658991984205,-0.11370075362705992,0.2969763316979326,1.6140752429137457,0.585685987448629,1.0614275449831816,0.04677861296730553,-1.653178351459047,2.4875084204491484,0.2720978226258778,-1.4943839472096387,-0.16165225795775898,0.8177137113285458,-0.6661493575088218,0.09539295408268914,0.18181480912384784,0.954420271511769,-0.5173286277841108,1.9271936225144752,0.4790775838711623,-1.4825393434664382,0.11188046727457945,-0.4836430407986635,0.39619820436502906,-0.40105775963559737,1.9975141850117475,-1.841555793471286,-1.6267979134465116,-0.18963870079071932,1.6026503494115645,-0.9838919282610221,-0.0006172021265788419,0.7005889062642016,-0.014459952838627707,-0.3443493315818311,-0.8401565661581021,0.9270227258483262,-0.684101261536827,0.8052351588313522,0.06581589958107828,-0.8145045202505972,-0.6207839580246463,-1.360902293233977,1.5809918127237252,0.3805015188051753,-0.9232935916686429,-0.47404569482680803,1.8772771654550426,2.3337831654257455,-0.15680039920845143,2.186628239222149,1.9938278546662376,-1.3219953252673236,0.19475910556552303,0.5010655490326,1.5008254333762499,0.028285394296443594,-0.12717738949502005,1.0081238451822205,1.1508266378266365,-2.944063658152908,-0.14011128443723647,0.3385637615867221,-0.31482346366354486,0.5773296546954647,1.1359738372897605,0.26053065956748866,0.4623375713504008,0.12964748510974947,-0.2821121387031763,1.0697409533241171,1.099861092278471,0.7132114293129047,-0.20780223776421267,-0.10130799877635706,0.41405416712015863,1.5818950279397714,0.23562971828068124,0.04004550589020939,1.7783258706168839,-0.6316763841447288,0.19824546575108834,0.3882566971375932,-0.2159457533126053,-0.13781927839310965,-1.389582473210897,-0.8952859102087122,-1.4194066311183573,1.0860819055553446,1.523273091048087,0.3212306419539513,0.299471991076203,-0.4250107069123526,-1.5080245370563312,-1.0272577422038855,0.26676403627812345,-1.1338331553918306,-0.30294309418096144,-0.28756890735437923,0.6857377548806495,-1.2674170265495603,2.158889719948136,-0.6726422339296595,0.04732868006953528,-0.06689724506291063,0.25961143348232857,-2.16805681529577,1.310521708804153,1.2240840429592827,-0.9513333852117077,-0.5028285799514941,0.1631901153680633,-0.6367595667567811,-0.8663585014465061,0.25488233373074565,0.7334275409753457,-0.5490036111568042,1.1624650497065085,-0.34253812875839645,0.2431791291589189,-1.3327625698102956,-0.6962661414720468,1.2763392746049689,-1.3488699070939207,-0.8983562286444358,0.5724337765556505,0.5756078599151067,1.0637343448581458,-0.7779549461196276,0.2666879639469759,0.9319866017263387,0.311065001106237,2.3468881864174493,-0.4555622797732737,0.3117423900863813,-1.4872223078203577,1.2458100230196303,0.014628008094809379,-1.1243724353961915,1.2492694867666985,-0.33117135253253666,2.2693365071951543,0.2950111884600002,-0.4732584604006538,0.11813950259061161,0.2843870138539112,0.19197331781807433,-0.7046532157152368,-1.9404807357255238,-0.30854237579952287,0.20870183139907916,0.3759554391891847,-1.0412693746879365,1.6875102387136989,-0.5347114012033636,-0.12819959579267073,-1.0628108001122,0.3656391454679821,-0.1517260193696371,-1.2836015407600112,1.0440421492029826,-0.1493696002309525,1.5408622940866212,-0.25799560816226175,0.6096558800076574,1.5249319002038286,0.1415531167137286,-0.47798846326447103,1.7317045737410657,2.8823719918156536,-0.18507490213503047,-0.17041754647494511,0.6132269822597812,-0.9696336799856891,-0.23412066199009576,2.0222565052643655,0.38665036578854706,-0.4485523574920098,-1.7324067789958366,0.09364181015950812,1.1236528379822275,-0.878822553341998,-1.7483637357361332,0.8440573924724665,0.30450301812609587,0.9066989116916497,-0.15584774738687074,-1.4952565992677072,-1.4024547834608654,0.5898622613322247,0.5587100480821124,-0.39347290719118416,0.4877141526684137,-0.17132133353422607,-1.1784871077068622,0.04199174171298417,-0.4810411590539749,-0.6963524554192408,0.3411437719526299,1.0913545984773063,-1.002591192190898,1.5808279198594677,1.0462813741359662,0.04795821089944233,0.9220621142588274,0.9520535277800712,0.11036605495913604,-1.6326421784527148,1.1046989611416955,-1.4531985746314313,0.24203292990624178,0.07250901493130046,0.9390612533958203,-0.42724209651986395,-0.7496438792177315,-0.1266998002340529,2.188904002273053,0.2637789456275128,0.5498825142459861,2.1683245995324043,-0.028633649962214888,-0.34332219422989796,-0.717858157950794,2.0430780289320136,-2.086732438051173,0.47848203400537714,-0.5677366645403851,0.5256947659126294,0.20916064590707797,-0.044699011196407665,1.3916124668428629,-1.4807309698057691,-0.33196064423093163,0.8990962177175713,-0.39308145541715533,-0.11099570470800393,-0.9005309176553176,0.7831357849456437,1.196018197454112,2.216519682347641,-1.7889872653943908,0.3405544571660127,1.1292842126676337,0.2727894483523557,-2.303097228621241,0.5931860595437279,1.0524712997410965,0.38766727084520797,-0.48997168229235494,0.09084287791768789,-0.019127071162590742,-0.2785392936827957,1.004614012441987,0.07204784448581703,-1.4385532649104649,-0.9563383043613639,-0.5122714720226692,-1.8146220749022086,0.6424499778322833,-1.3508508398590409,0.8555860458248915,1.468284650361309,-0.41494024237744714,-1.5931772699865965,-0.6026773235984546,0.8791032426859604,0.21639550572248858,1.5634856720164758,0.4592687090110954,0.7883381580975682,1.2110342291489904,-0.3317833528014696,0.6188208750980091,-1.2056248215439633,-0.65719680373494,-0.7951945959658715,-0.4063499791073632,0.4538694256588275,0.6317552676973995,-0.8644987682651879,0.7696728755592919,2.1260411280992226,-1.3778104699847964,0.45040874198720127,0.11206033965052106,-0.05562971371405463,0.042944811251654544,0.5814373907813949,-0.0305583467382185,-2.2022824716538243,1.6936845939838765,-1.7346856646053517,3.547055804921089,0.14232278891774505,1.2587286561381301,-0.35653693632408356,-1.4504600482087386,-0.4004462389768505,-0.7791735660588812,-0.5687992000130215,2.1317286096908243,-1.1961770368214681,0.6797771553407586,-1.6226638939496898,-0.339750160740351,0.37402789954869403,-2.706205095536283,-0.08375275652243941,-0.2438658506000693,-0.8648891549563851,0.9280440517322711,-0.7878076417941159,2.110950438612335,0.6812219380874576,-0.1879273920477777,-3.213902883674888,1.2861984280611882,0.5856535721401601,2.164308123123828,-0.9499124392744803,-0.2609662472145354,-2.0823211524645786,-0.7400290537061088,-0.6341146633980943,-0.07603324607610533,0.37207848840932917,-0.6059056568958607,0.5085865209420287,-1.5336942126945123,1.0493275970185962,0.7100766943996171,-1.3585388527720108,-0.17342091450183741,-1.8436511690355932,1.4218825734719112,-0.46959333770607925,-0.8806808420040766,-0.28680903250105527,-0.44235223918885985,0.593090513734078,1.0938284304092545,-1.4965577504157754,0.03487238438321304,0.19681646033824762,-1.16350120623999,1.5028745154882988,-0.117434236029682,0.17330704818049864,-0.8975186932582205,2.3376991262479327,-0.021984434249230807,-0.24611200048050655,-1.3174957654575397,-0.3571246227518056,0.21198917561037584,1.3931436778562996,0.6456800729765185,-0.0406690497326177,-0.8533270407751351,-1.1022214147091438,-2.217979542008332,0.13830306041448565,1.2428184896612686,-0.8800849196150362,-0.25336554681703705,-1.710554843795022,-1.0289152876411476,-0.05673079956682389,-2.13375492022514,0.47310375146889766,0.20784074040992057,0.42435416608069587,1.0756032413905074,-0.7955964574543337,-1.498010468333113,0.5047870314648041,1.192851423150671,-1.3534605412860448,1.3618171829060919,-2.364781492351424,0.012571186505887913,1.113737606928172,-1.1139773024592863,0.5276158930311335,-2.247389450253135,1.2947438965766538,-1.2638369582307107,0.19255252763741337,1.0835717513408187,1.1928701630398397,0.4236086161634228,0.4149565401755677,-0.6700175131578949,-0.40519568413749374,-0.7827627647072065,-0.2642934192919981,-2.0754032255680603,-1.2879278699492775,0.13643153022534066,0.8580915037814091,0.5873624068074392,-0.19175433627252075,0.7798417839965761,-0.5026034757498379,0.3520522400955388,-0.5104241788581774,-0.1836866482945328,-1.1062597182421163,0.10585814492481078,-0.9427276114971677,-1.3627541942840076,-0.3296717030500974,0.08315764650856966,0.4877149753959018,0.43469551568320186,0.5145538384744833,0.4709336480784761,-0.8979949144388224,-2.311406639937546,0.07181371921285823,0.1156917640225175,-2.1087779261754367,1.7977121047169922,-1.0436371472828103,2.1951686818391236,-0.3668360104512258,1.2891624489246225,0.4785692884073439,-1.4515848345370679,-2.744129227542188,-0.07548569153227903,-0.9958952964563696,0.18045627138787748,0.5851740311752661,0.8329660349656024,0.02694780429400513,-1.4358297246788652,1.393584210239013,-0.21410358047778272,-1.7439362257986026,-0.9841110656597415,-0.34117086963001725,1.9884363720135807,-0.3990208161116067,0.3863897879030279,-0.16021360546267438,-0.6625470306188709,1.436969357844657,-1.9702710266068553,2.0377092012898426,0.29995784798318714,0.8963801847771775,-1.4620144352387339,0.12471440680417482,-0.06823515232054285,1.9712230159959403,-0.3945993783226332,0.04153269332206855,-0.7421713930177208,-0.42471265906941813,-0.16482008794252684,-0.3877908325696149,-0.010343003384075788,0.011322399382641745,0.19302309518276103,0.6816638330649425,-0.6191782336160524,-0.018677887629926636,-0.12919759157031216,-2.2694148993419394,-1.5957187909087318,0.24955681632093585,-1.0925668270636117,2.332396825098151,-0.957755650718297,0.9868054355517392,0.4641513536113042,1.5582266881790927,-0.44189106718401483,0.9950960840412046,-0.05182241867428891,0.4243948395645812,-0.9418630355249759,0.9152079506603266,1.269782310297779,-1.1664514898330451,-0.3314765832807457,0.643591040751007,-0.5656036298333487,0.18290588771830488,0.5170701378693616,0.07457295255868115,-0.7779429135718638,1.4564734743100125,1.7088927360031687,-1.9327897052940433,-0.8411131680059505,2.690140228744517,0.10229177575957363,-0.26425930622148697,-0.44669015264470835,1.188014404040227,0.3486776952340658,1.1617764982676246,-0.5521856944468241,0.371454634246091,0.5221918611407986,0.7561707650147546,-0.006192415724791364,-0.3959703406085428,-1.786818048294982,1.646458694578174,0.5132636099059934,0.015787338514756943,-1.3849375601295677,0.016063119657214686,0.15510302145156904,-2.393827536567324,1.465096458362043,0.09258176201371297,0.31334614933008964,-0.12413766548008126,0.6234816417564835,0.9791410434097942,-0.21123919304885153,0.8115727284158194,-1.0193259969004909,-0.6144482933480307,1.6779423545831047,0.7607526912292409,-0.733464348201015,0.5468761917350056,0.26063358409695514,-2.700598684109226,-0.19751814794206884,1.0109279056001297,-2.2273215725437403,0.07033318616269615,-0.8534180679449688,0.19894145624561546,-0.5299339962682159,0.7034693418409995,1.0487338426022186,-0.4317929058819774,-1.4427606455457287,0.3264172040712219,0.22473941849182427,-0.40036378955270463,-1.5935895344699138,-1.8239539377128011,1.30625704630222,0.5556012096631934,0.3483010242727078,-0.8798235821895929,-0.192097598015757,0.1580326427543474,-1.059007586820116,0.6564061790390086,0.04240834858172798,1.3951261360672997,1.4802243454564086,-0.16621370849936878,1.5809126790106787,0.10111832103136797,-1.4882400252734609,0.7315030839729786,1.9760726294304636,-0.10132188307407536,0.028190117528067063,0.7182498480730141,-0.845692068700604,-0.005414665245454767,-0.4993049919767042,-1.0914636003277856,-0.19580805913472105,-0.5387163375789775,2.937337013837275,1.1195065670028541,-2.8447297310555952,1.8680112408066178,-0.22184873393141527,2.1401746622530142,-2.588849943740024,0.7226204989320767,0.4337127912473868,-2.3489901995395193,1.370789400763744,-0.9035396465062614,0.24055867099222633,1.1791705801582077,-0.7914297437330579,1.5292611517296184,-0.4345164633826876,0.7264167528763158,1.1624279579918804,-0.44040319544401046,0.3292691599862515,-0.49919579883830634,-2.047861183038177,0.47930699482589934,2.224762018035176,-0.005485189897752712,1.4831358241970323,1.3465699321046085,-0.8454424281630262,-0.6084913825380327,-0.011262427270554903,-1.285209896803671,2.4533998463852886,2.4854800414075036,-0.5383432318525563,-0.2351620153393263,1.7377487252843133,0.005259246244964225,2.1391836707333893,1.0054518571490896,2.512191027419509,0.9520950314679685,0.7200851409708825,0.754184456431167,-1.3292356917876083,0.8711940730529174,1.3990987336794316,-1.8451301384812375,-0.02543915130306537,0.40985416120594065,-1.1277946908387755,-2.6481136906166625,1.496107383366349,1.3468812763600708,-1.3658171461158044,1.8913023251737595,-1.7311546573360377,-2.0522021064576075,-0.7563045655659226,0.5517566413099506,0.40037228498613453,1.5527749536340774,1.0490339133917144,0.4626142857970819,0.38368064751355935,0.16757504953873326,-0.08932647709130076,0.5975718582299935,1.534277961805232,-0.6285459264889696,-1.8004065410639039,-1.5680947565242447,2.576995116142138,-1.391866688441162,-0.7112014714051015,-2.5177620917642227,0.8969682116246548,-0.7427610291879672,-0.7214232805530361,-0.3178618045664137,0.5916705823482222,2.293757871460219,-1.0020761082282228,0.13965272311143292,-0.40660472059047387,-1.4744677205817494,-0.09099334062016323,-0.31519273464087855,0.35885530799994203,1.1495908729186086,3.3930771246738707,1.168777591055301,-1.680124673005625,1.5099097139036575,-0.6229848569153217,0.03346565794667185,-1.7040749253939633,0.9078592689661409,-0.21378459339359296,1.6984286419009553,-0.4735873867068433,0.24776323972709147,-0.6286020371828217,-0.4378652456049065,-0.30902471602764836,1.7308933460736586,-0.849999247688055,0.6104654382207018,-0.09357360226560786,-1.9332447290963546,-0.7173200097809797,-0.24009427815036272,-0.7375211363539216,0.044769147433031044,1.6339602264733322,0.7865176458836481,0.6028718337460182,0.8256895632874067,1.3311748674891772,-1.3231173718499518,0.7755360790560211,0.14965855204127343,-0.026361092576995412,-0.9900983216203783,-0.11459678409126307,-0.7715868561551542,-0.029598996952665907,0.9029157146195965,-1.0393674287916534,0.36954429245078985,1.629277817069383,-0.644276115346483,0.11016394997509006,-1.4909496348202227,0.46794879525865574,-1.2477662389705024,-1.0837832141012942,0.6517910473949314,0.5889611330857698,0.03839711679855465,-1.0078788907506901,-0.09424155238147852,-0.9977523871689186,-1.046150987724527,0.08112840287581208,0.1096179036426842,-1.1405979757907503,-2.9764396450510846,0.778221239271522,-1.0517570251348005,-0.2079818272206445,-1.7344768720758903,-0.3292751174880496,-0.3921903755484334,-0.00406742005275787,-1.5700437063571007,1.7730450837214924,0.9770528325566645,-2.4394438754418193,0.41782306775772304,-0.13030259311071923,0.46306284988827917,0.9470552498563625,-1.8901821797267577,0.20346640379881611,1.9815355562342976,0.017118697478132786,0.6455524837784306,-2.9835885940903757,1.3287062516621178,2.0459397344144317,-0.20374379864361963,-0.6187265498243533,0.44198251128398025,0.7361258302509213,-0.7055261072605156,-0.8855887687992059,-0.43058903531536374,-1.196987606405404,-2.1485035920828883,-1.0188787790419602,0.060398962301012785,-1.1419977746907013,0.7265270355588334,0.5775729323582083,0.30041943953993805,-1.6681767511073897,0.6948226266043851,-0.47086331836697926,-0.8832004454869978,-0.8374680877369118,-0.7149271553446338,1.0073885467417854,1.0422025798206154,0.5277246500792876,-0.19515467316757934,0.4576924730059289,-1.4686667789624746,0.38252676127648283,0.8376171458175246,1.6500577005227868,-2.1095526548002663,-0.7338157797641114,0.49824739576592686,1.1406275992743349,3.2347402184489895,-0.07248092747660514,0.9879738532614766,1.8607025794558234,0.03552885042711318,-0.48728711310458633,0.5023064379983514,2.0055114238792586,-1.5175413680257588,1.9729830655441631,-0.06210446403820727,-1.3423200658127723,-0.9559415459189162,-2.1914921704808132,1.6376896744752891,1.272877406939017,-1.0114386342327513,0.6792491779014872,0.9533545967406123,-1.1231528215175761,-1.852088415471344,-1.239646024935653,0.5832952823428499,1.1620930649143617,1.3953753352436198,0.6402106969944623,-0.9844537173544033,1.0106474381626813,1.0669745867713092,1.4715677026251228,0.2648451844783321,0.48555935334394434,-0.607306734585338,0.026169996178320203,-0.11099190237658729,-0.7874873098796472,1.4826039101364532,-0.7810249667465954,0.6941470393040483,0.6304355858170396,0.11209210900948972,1.3948933974481141,-1.7292718821377662,1.6167765852657128,1.1045529632235995,-1.5453344982363237,0.029605456546635107,0.12682407164140824,0.9686967252620309,1.331596427570981,-0.26499122458457225,0.862527731336604,-0.9757427010607421,-0.9485190016147906,-0.19503716456304393,-0.8230902253684399,0.9565921825446205,0.43043659753682323,0.1470235187134737,0.4543409755541558,-1.797656969853147,-0.6848262452457755,-0.7949277524407705,-0.12431849038386242,0.12397917539855816,0.07442102463277893,0.024126432237931032,-1.5452231329284514,0.6183263360494524,0.15736395485102278,0.18516559816831688,-0.7920241793514029,0.06607260077258888,2.4863181768420954,0.30186374342388894,1.0426542242093475,0.12349069887630862,0.16696959457008886,-0.7774425389818266,0.22266865487089502,0.5122350263781514,-0.996940244510976,-2.488244417609909,-0.637997872370594,0.30710043472227655,-0.028978252782180913,-0.7033096988925932,1.051854515749088,-0.18203424230157705,-0.8507650450552008,0.26698670988345885,-0.5053007562566928,0.5048237119216388,-1.1933724775544043,-0.13160772857674824,1.061790313687671,-0.17772223046087537,1.9109116548932796,0.9315376182973901,-0.33875298710140467,0.5462290543846313,1.0431516526769034,-2.37448647435352,0.5888942584827817,-1.717807811623142,-1.9076118929294437,-0.9837120441982663,-1.8263252507602856,0.5314726052067605,0.9398535245658194,1.569526275610776,-0.8848605386725327,1.0798965973578059,0.5895317834824607,-1.7538906304753792,-2.922995134005599,-0.08457258436053047,-0.11899738633781035,-0.027012444660729495,-0.674282545674868,1.1598121303914988,-0.27062774414225177,2.3332381027792866,-1.1113958188113031,-3.124933507183617,0.5030915625372776,0.8289238081742178,0.03326953178271347,-0.5108549214532494,0.5574390432752644,-0.7219348034170472,0.3861205815559327,0.4364900734765982,-0.1773269524282987,-1.215511796179417,-0.9198821608449735,-0.6524928002652272,-0.9317136320803516,-0.07618655200142488,0.04032577526825552,-1.2819386089961975,1.1271303324639925,0.3135798599551516,-0.04026592953399569,1.1491341469670278,-0.05674094684522776,0.5861835335003892,0.5106137747979889,0.8166736714456816,0.13178985556403175,0.7691368772096864,-0.4885237167040384,-0.8769918519313905,0.31665558329331106,0.1390641995021969,-0.5758373883160633,2.671820306045282,0.22564157311247018,0.0053084290168131905,-0.8630151066099202,-0.11330286697912559,-0.2602804070697642,1.0515105780167717,-0.7273886919293406,-1.0468037138671114,-2.9412687000508337,0.36846559387625666,0.9130123332866303,0.25180231521195146,-0.7808197264296175,-0.9650449652910408,0.930346882495992,2.7194497564666933,0.40677519293635556,-0.3298578620794634,1.9583802023999843,1.0382012768277054,0.33966287969675985,-0.16852349387532367,0.2921010017212307,0.9627176654380764,-2.034571917533396,-1.1483673735173543,-0.5871562387371847,-0.6646333079508278,-1.9011938698976112,-2.837867532034237,-0.0508531772802566,0.1906769934462358,1.029079402984812,-0.1967937829104467,-0.32783445434840436,1.1308385116061845,0.395059536487807,-1.3950450709277575,-1.465122182225054,0.9240809253475795,1.3235433401641181,-0.9928377411999575,1.142010033955617,-0.0996756348995732,0.0006408780513891682,-1.405231065800594,-0.3427851114205952,0.34429383935869134,-2.858850916797253,0.5844599622725439,-0.24412512645486723,-0.1381145913397856,1.916038503696591,-1.489506107313358,-0.8553719958866745,-1.0553208684351447,0.7184427474176422,-0.24904118534253084,-0.9936701479590656,0.5733877444256936,-1.3588852473801758,-0.28676967071083187,0.707363151007219,0.17010952093013093,1.3651989498478685,0.5798614973069085,-1.3843359569090836,0.6307292096819891,-0.709397271211909,-1.8996530443866635,-0.3848100426381782,-2.048003719026876,-0.528835626754504,-1.7000469911920744,0.7321210316977647,-1.67074685678109,2.098412979669425,-0.41805730020115,-0.2598173884166315,-0.3724743866607005,-0.644062897835598,-1.0063182639422938,0.862708296711883,-0.8147670265777371,0.6849636955559514,-1.2474865983700694,-3.267000211664365,0.5238339916226362,-0.5627785573212286,1.139568910152516,-0.7687604169734586,-0.415826085915216,1.3985573883624194,0.7305833100405447;-0.3817519613322995,2.51709828792491,0.44993065917512515,0.09596293712925902,0.39834172370589493,-1.5266165240367446,-1.1626257569231455,-0.35342812459159256,-3.78534255963002,-1.8385850352343966,1.682123369669047,-0.7576613773084483,1.6382810202597426,1.8774027142624687,-1.4537821057929443,0.27216551287575674;0.5143629560757368,1.8285562155287483,0.2263250653258792,-0.5208848181669623,-1.6069002250097095,0.2502037187737264,0.22753066946349432,1.4577719727896934,-1.2163124543331636,0.661770652190749,-0.5004734495961928,-2.185216698387146,-0.7876000702171262,0.3662662495191632,-0.7805017963570554,1.1416462218261192,-0.40497167480185625,0.9972809562969066,-1.0263322024567116,0.680873405991763,-0.7211366165804743,0.9578052375833062,-1.5973077511041818,-0.4200747642099536,2.14228075196347,-0.5878773649580261,1.6135913408784497,-0.8254396200704255,-1.694311020577836,1.7109737784795185,-0.7803990846894631,-1.5321457831228584,-0.06665596487074316,0.7526449925869225,1.688661478518574,1.0150153815330318,1.093383131102451,1.6293272678212394,-1.5751434489257798,0.3302650103776153,1.0816781905765551,0.37011749346107364,-0.4271064191512556,1.4257965230126057,-0.18048784320002328,2.3150491080546347,1.2426379252900737,0.5714322061250169,-0.2565830575797739,-0.5619147362141952,-1.133250612027096,-0.06286920618038111,0.7034545145376658,-1.096356676088633,-0.007202907271529807,1.413864204223316,-0.35732083909653967,0.4387371072981399,1.1828024683226195,-0.9313772737737497,-0.010058202172195725,1.369660455101207,0.5175466016948118,-1.0090787087271103,1.6749678061229984,1.342624089843656,0.6189001358581789,-2.045967462408786,0.25737762601268394,-0.3017475275050532,-0.1179559936901596,1.6301867074247791,-0.28274644845715813,0.7699271564858724,-1.8741537059313675,-0.5283645234828601,0.3521860984143099,0.20942485060784324,-0.04563572418604478,0.6867613164155629,2.2325207210564018,-1.1724047484127749,-1.5726273620429159,-0.7782865899262807,-0.6735383665238028,0.40183185121336307,-0.009688281312839053,-0.1710689826453724,-0.18075654355090737,0.9347340447323089,-0.3584592699671843,1.8721045097447606,-0.0793277738806868,-0.3923202413153992,-0.300913227556074,-0.4347257094102662,-0.32086769794604153,1.3886089473977465,-0.46236650413393493,-0.849802980593634,1.0978910925389265,0.2892723365173447,-0.8809081519627204,-2.3962443000956157,0.6416868922487361,-0.8309568040628381,-2.524826946033683,0.49162720899472223,0.6961144355263543,0.9887659376244667,1.8658754946452945,-1.3526711329959604,-0.7142366426678461,-0.045044231345700514,-1.5233999747807478,0.2762565775120739,-1.7950264166199834,1.9952042089176492,0.4754412383959416,-1.3431284555103113,-0.20055547671452784,-1.3141994212171637,2.36030980733218,-0.7675774524280562,-1.4374233778119074,-1.1760694459919574,0.3791965816735629,-0.2870313499982359,-0.2178293206698615,-1.549929445186012,0.615019120993394,-1.050976562385251,-0.8416360591125142,-0.6670698687153823,-0.6798180563279291,-0.6907176920573406,0.17368604235051147,1.634603126166943,0.8657189594462069,0.14244300070404847,-0.05276879765632062,1.1285160645996664,2.8715979989570384,1.6451544979625068,0.8819944052195107,-0.687233732451177,0.48727259296886155,0.4751332631658783,-0.17235168273512444,-0.4620916597025583,0.847937235171607,-0.14447947863459598,-0.07458814796906735,-0.6457252830577853,-0.3479591474368742,0.9713001573491655,0.3412677275734172,-0.8255471527977023,-1.6209926244438628,-0.8891471177795158;0.562959732242049,1.0334923598185488,0.11349618401959109,0.38338612446286974,-0.3005159977576825,0.7839604042107605,-1.5609828482855865,1.5424067550147036,0.4660715990816194,1.7632750881618278"
9,1.5219623632448303,"-1.6607302109723885,0.40033300657131154,-0.9548274206333281,0.6324162228363255,1.4817978801823106,-0.05573126932471113,-0.44296407178852415,3.090302007320593,0.2234227848710968,0.213112987660256,-0.9008052077040954,0.6636867715408201,-1.1753201374846567,-0.5049713939700204,-0.39787795997808767,-0.8443567728713587,-1.2750226373903386,1.1195128659231846,-1.916245909864875,-1.187562578423482,-0.13873665146352876,0.19176021268255394,-0.5100141354715205,-1.0561566350179878,-2.349825008122548,-0.2851303688895599,-0.13168465865210371,0.7023031981422952,-0.882789011953146,1.438710862861257,-1.752266891080097,-1.0878850012379906,-2.555763536818558,-0.6475631150800673,1.0935372440130133,-0.21807413688203844,-0.6440566777758078,-0.0018441127443408444,1.4000309423974566,0.47126208585013785,-0.19354663132895092,0.5611638429984364,-0.9869283552735527,1.7904595162525467,1.549136818208885,-0.772135403857009,0.12839371644194392,-0.5609150775429761,0.3137859727057548,0.044324073947236906,-1.4784459394637581,1.3211912962011993,-0.07004611190696662,-0.24689035050002922,1.3151033468533493,-1.1753844246410643,0.7598544604244845,1.537908076232707,-1.312950132536697,0.586521047956719,-0.3555127845113867,-0.5266451840770814,0.26400114181736734,1.6498336125148811,0.8429983394190873,-1.400358667616971,-0.010395294229311458,-0.6637794601658569,1.1828486198726498,-0.6053671526487863,0.7618321962586587,1.0270182261149543,1.907331858018359,-0.128298373782013,0.654695546909863,-0.5868406095349589,0.20983048053268036,0.7736114270558467,0.1597552442003433,-0.5581316955721047,-0.12002232548509109,-1.4423558713709337,-0.09574122626258023,-0.5126423824224003,-0.3988654580508678,0.3505113579228308,0.2848990612424633,-1.0716843764646096,1.1611509565143268,0.6744638449226953,1.4431204060359812,0.8324939391886812,0.6044397676528749,-0.2779152223997857,-0.5771023410898901,-0.5444464067355579,-0.2780149439262493,0.6295966201915861,-0.6531318894989947,1.0751324951699264,1.171655206395894,-0.44485233226609133,1.6011420597819501,-0.6048790794326583,-0.11402064832547548,-0.24627213171124626,0.5092621969629668,-0.7496750449268906,1.2448760306824376,1.3569038418810184,1.7460583716489595,1.1823732480836047,-0.9388309553421146,-1.5005799358058003,-0.3443511299865313,0.751478275847199,-0.2613209836129629,-0.3864453575127593,0.1963744242486894,-0.3533015167395802,-0.51534122973353,0.03175643190709918,0.3073174486914784,1.4470049866206742,0.5544146669464817,0.8977614260782241,0.030040825780469353,-1.4020611721413445,2.44253143750386,0.1338414854103064,-1.3607997969852919,-0.10699398657871735,1.1086459807922975,-0.5774272269607157,0.1692459608703548,0.39141279809881796,1.198174108882251,-0.5697298220451904,1.8599929427546482,0.4508741507313664,-1.420301927752935,0.14522449132290124,-0.16020072164567556,0.3069115101957258,-0.352406283477084,1.9207439948491742,-1.808623723402983,-1.4845645682476325,-0.17036937388450202,1.4804178925779954,-1.0904701263616094,-0.020038552775795748,0.3834476346720853,0.11585691149949609,-0.10942673497615943,-0.9835593737169762,1.0420855394765383,-0.8329909459646178,0.495164234664753,-0.04952923741822786,-0.8048874015642765,-0.7540368369446321,-1.3122593344038902,1.3992296991624786,0.5382865853421711,-0.927482148007878,-0.48687759871248404,1.872811245698592,2.429110609513014,-0.13604290648443554,2.092228837328633,1.8018268580827905,-1.4828402351831873,0.12351604647087688,0.604790847627477,1.681925527900236,0.0017786590491963208,-0.16581637417370967,0.9990526103108274,1.0750661273894393,-2.9499351807947094,0.06560163036907098,0.26141572982266914,-0.1486432167706785,0.7185541366837628,1.1243900847159582,0.25751419302676726,0.6119696977644682,0.10126900779942821,-0.20048271870481726,0.8714023821391462,1.0364720507187337,0.6138268814314738,-0.19677516546873897,-0.09567124282310936,0.2506241678336076,1.5547085333513395,0.30523423731927224,-0.23170009215167775,1.71545570203005,-0.823226110332712,0.1872786501683012,0.3600972823072618,-0.3383675826155682,0.09291817723794123,-1.57997748113104,-1.0574248563435487,-1.2263940851673703,1.0110388751161938,1.178742843822247,0.4208590962938382,0.3366283298991204,-0.6061709012403877,-1.5849621244569783,-1.133089049807522,0.397739860077695,-1.2241161569597434,-0.1718699068626129,-0.08307632814487034,0.889583085860786,-1.23046330602704,1.703423588653701,-0.4944664024287647,0.03814070923273488,-0.07515315266634388,0.182837171546471,-2.172596625784001,1.3353922587808547,0.9251745025603763,-0.8968506911143926,-0.7073911185218347,0.07315558109601125,-0.8648891408774205,-0.837911301135207,0.15554807726507625,0.8888641143486485,-0.449586603841153,1.1132188802728071,-0.4120046461905659,0.11788561439206244,-1.1422719636010112,-0.7790052452897,1.1356726640478443,-1.307264701402239,-0.8602942178590128,0.5706753221084527,0.5376602508520367,1.0583502612800357,-0.9637525958229465,0.013246167171533041,1.0561030514641325,0.3115612580049106,2.488407793806661,-0.4706992000389664,0.33363478381062944,-1.2779315052427132,1.207921520725662,0.051379444389245084,-0.9911083362576947,1.2534349022964681,-0.10573518924444791,2.210346598234748,0.07920245073254872,-0.5687984881114917,0.04661695445347527,0.3264339067396387,0.23830720557428345,-0.6743285759187907,-2.0066139239847294,-0.3841569367099174,0.4898646990161497,0.4134291259434074,-1.1016369429088637,1.5663345027313205,-0.7670557533827566,-0.21917765937262723,-1.043901661507253,0.5018325539229281,-0.44438683487075425,-1.609774197428628,0.902957461334955,-0.3228241824847813,1.6053079035727462,-0.17935204633656077,0.7502377412106003,1.409490131579915,-0.025418948578838765,-0.6045411454053059,1.9775562979186483,2.8963820582338116,0.07935441597287167,-0.23353996798295867,0.9683595745647351,-0.9867243938989585,-0.4758749006480251,1.7952989834793687,0.28004247330806886,-0.44140805593140897,-1.8823135522988141,0.3404717165240842,0.806384248194397,-0.6996991303208522,-1.872068858235145,0.9626246308061739,0.33686518639585367,0.908239766824854,-0.13413681521724868,-1.4245774324730454,-1.5361624765809858,0.7023924638570638,0.6047559568711306,-0.3031869112978484,0.40843178162111377,0.023134326539826555,-0.9895197707297774,0.21670261974413862,-0.6449980077451568,-0.7118128894778207,0.43343754047430605,1.1244042662845328,-1.0647267176197548,1.3234314959499398,0.8483368797690349,0.26899169539322865,0.7117661280737028,1.1452104287390228,0.2728510094836982,-1.680471205267212,0.9437605393043302,-1.328698056456261,0.2616911463114442,0.10008566156869637,0.9870693784018084,-0.3581691284901585,-0.7090165257834182,0.052652760640229695,2.4971625546660925,0.43483702389589846,0.4144425194336772,1.9748266654385642,-0.0480036287202365,-0.21115135046810116,-0.6389847096572833,2.1283685669360746,-2.1466537351631314,0.572570808580141,-0.5796244955576402,0.4014239905002874,0.24796441969965682,-0.10433031455944833,1.1646045910738847,-1.5945956118178393,-0.4358135033384182,0.911278750539616,-0.5574523195071606,-0.12887117439695506,-1.0281439891644166,0.7095843213842745,1.1112990628533936,2.324287283086946,-1.8839398481777208,0.5151379330580412,0.9255900943009927,0.19700993938443814,-2.4689561179745367,0.3816456655919356,0.9182626814611685,0.30599865550594785,-0.5209288683648042,-0.1562289295330127,0.02306135413231493,-0.2719729361432638,1.2294978941391501,-0.1329298643628299,-1.315750014519719,-0.9344794431259869,-0.46403716433148084,-1.6790155376985736,0.8934124014351874,-1.2207933374935673,0.6020579302880951,1.3901443413357577,-0.44148715553723505,-1.6056098021423981,-0.4609199889114799,0.9679615341686494,0.15717583265136928,1.678331489102745,0.24320551043341962,0.8343519566149709,1.2211535820736434,-0.3670010543842699,0.5128250969779451,-1.1419862760804016,-0.8080463843547664,-0.6293358604284575,-0.3528624218241761,0.24132476948524306,0.4936720585138643,-0.9989134212678488,0.5989240822305886,2.1926815161091624,-1.5587651196831278,0.39523190946341885,0.32543353511527073,-0.12270771017748709,-0.019495058514549024,0.2332276606472878,0.20439612930137901,-1.9991303096161948,2.0010183317929995,-1.8459431334429715,3.3799547925067404,0.19390110096770674,1.512020119526676,-0.06622649745501472,-1.558099073527924,-0.645148945696291,-0.6985025187876748,-0.4547714730470671,2.162441551271682,-1.198731774190721,0.8701473267800695,-1.730045860074379,-0.6263525013755054,0.34316674328504576,-2.503133915926164,0.18624002220738653,-0.3985042900665242,-0.8255942741865139,0.7818521396255742,-0.3186496531154722,2.1389074061411146,0.5502294882870031,-0.31813895588263646,-3.201698016312173,1.3732008292172289,0.7108933376331049,2.086333800962812,-0.422916681178099,-0.2548163270357222,-2.102804365447052,-1.0149795593791997,-0.8548705078441612,-0.05831114752382853,0.3235391821644417,-0.4077905493008569,0.30457751027268903,-1.374242968162279,1.07996580200115,0.8531396245548706,-1.2381643636518742,-0.26924305660680214,-1.7339662397210636,1.520199033921602,-0.49283796614694786,-1.0031341107108722,-0.2699712154196697,-0.5141469255822677,0.4706670064548314,0.88302790930505,-1.5452204790389192,0.017636458660130208,0.09561666658745968,-1.1900198596333413,1.4739311004278917,-0.16534680620167494,0.18421813800089792,-0.7716790767955947,2.3108657465613467,-0.12143626539171465,-0.5464923593058355,-1.4623176695499402,-0.4247276743005497,0.24874498485933363,1.5251754673089142,0.8754033575691524,-0.1634692410857862,-0.9912848556045143,-1.1270934718070935,-2.012766923427926,0.36404916932132014,1.2011266043448716,-0.9262044254613205,-0.2682077918462147,-1.6123065965012193,-1.2878394918248353,-0.06811930733564486,-2.1575862763591687,0.40613312953747255,0.17353727004706604,0.7597022910275066,0.9775225166077611,-0.7549200886008056,-1.4187139585302482,0.5884655464079996,1.1073938123081903,-1.4189358686288236,1.3942007239346612,-2.2791535956230002,-0.12383278141721432,0.9850163354217201,-1.1756862860991926,0.6953304090248362,-2.1935695407069944,1.167001089070727,-1.0182907401080514,0.01660217979859177,0.9460447026764195,1.1244767831938602,0.19838290625926985,0.37587975638738425,-0.6518782658848546,-0.24058759217122333,-0.8294768105657851,-0.1886297372004236,-2.099342374052861,-1.4413432951639478,0.4582537711977237,0.6841577680679523,0.6506537209542309,-0.4159942190264043,0.6902752549608053,-0.6485850426202707,0.43067475706266695,-0.7090783691726869,0.09144094293621434,-0.8720898114000305,0.031232894832549776,-1.0007836424536887,-1.4069156471123399,-0.34851052861224124,-0.22890225049219123,0.7830889390680416,0.5850363718750348,0.6803622900438515,0.5761986657252629,-0.9930123326377971,-2.2422810764970715,0.13636391154939456,0.09070480175058142,-2.247216678486577,1.9017572937869331,-1.144567067091361,2.0181683625427476,-0.35072991796483305,1.1342511699518776,0.3257266622864562,-1.3295370482753517,-2.671289469383473,-0.10592794707625477,-1.0720133487741539,0.07426480078908805,0.7653565210004192,0.8926445063108921,-0.17626405999018735,-1.563630042994664,1.3019092367492808,-0.035755467988608375,-1.5983739426056793,-1.2175077371612533,-0.35440460098985876,1.8589983676096773,-0.580873347171882,0.2905962108038279,-0.130424290769382,-0.6303366854345752,1.658034230223384,-2.1056700858689616,2.3194270898375953,0.6210637997939183,0.9450306055537679,-1.3589040539538162,0.3671266768676356,-0.00012847314970236556,1.9293726851580804,-0.2717907637954226,0.10983473499424339,-0.7622627762881828,-0.5658719215379259,-0.3167481807209129,-0.2971495514263794,0.019534548144818323,0.2502717689336945,0.2755690091949613,0.4741585700868701,-0.6948617150092617,-0.15033306007071828,-0.21220100525856195,-2.130450512426017,-1.6415413885862504,0.2434573697702992,-0.9455713444092848,2.42657432424863,-1.08461096854095,1.0398464327359962,0.43059896388895746,1.5566343134779463,-0.47434676253334923,1.1766029406733935,-0.13800017154454938,0.29195533561950193,-0.9442666349373252,0.8019835078444778,1.4985458611433153,-0.9793216968752929,-0.12607300333244503,0.7157130554790243,-0.5444005786087752,0.03237543855104006,0.6583624755933764,0.056194051263870545,-0.6454770748071221,1.4695343456417633,1.8470475401269084,-1.9476387142006277,-0.7093469278387161,2.617783042078595,0.1351631732111589,-0.37854293922795396,-0.18533401210275924,1.1465114339903222,0.1648005116586345,1.0574486275900716,-0.6841274605476694,0.44551139844651466,0.49220152427667685,0.7807971022886457,0.045899593461969375,-0.5778314892052744,-1.7059445935098256,1.6791051345837062,0.4215253119314669,0.22644867118333006,-1.3964262090152868,-0.09138018370293383,0.04966968438332637,-2.4288919424989825,1.2994109424105351,-0.12416401692519109,0.38145011049002797,-0.21576861023510913,0.4958273049527599,0.8196448731526638,-0.08302417583704189,0.928908009936917,-0.9520978718925737,-0.518546271627119,1.5944037755205238,0.679367741922303,-0.8542415639818466,0.567522631664756,0.1113837530453277,-2.7499163850662893,0.01896782065715477,0.9763774210527226,-2.235523198444997,0.15392622244200213,-0.7312079707853362,0.47849884353298133,-0.5156624088130655,0.8362621480690859,1.0872399919205806,-0.13986598243752463,-1.3043699663409964,0.24756334256963705,-0.04513750878991152,-0.18289103891026337,-1.4897074575008395,-1.783636978571138,1.254976912319485,0.2754566041041941,0.5493422596810124,-0.8202944199793446,-0.06944154196671176,-0.0779955640085987,-1.1185066160796469,0.7724950170928221,0.20723520716511729,1.2646744513183281,1.4481606265176497,-0.07162122212059709,1.5607274538878382,0.2871623852156597,-1.3458065564802197,0.7415860706785964,2.1765299442194292,-0.054693713522559584,-0.14639953100769454,0.7853019909657636,-0.9019573225379637,-0.060178995685707136,-0.6667777218655485,-1.2625729860585788,-0.3747051863489318,-0.42318397110373746,3.0350353601562663,0.9055514027847177,-2.6558778578574573,1.6229310354822617,-0.08971865906221121,2.3179902893456803,-2.5542540894256422,0.6885248974713054,0.6978540386482731,-2.1031403502800186,1.246334407309832,-1.035752893523994,0.572951521887537,1.2060842346178093,-0.7853024835222715,1.5115214471500615,-0.29956550562551787,0.6406644057775784,0.8720644017651171,-0.6217331601549196,0.49767138463629307,-0.4557600189540913,-2.2257023776419276,0.35935546365947896,2.2559476712430224,-0.011398493518595624,1.794885218972289,1.4444375175621795,-0.8685135917900362,-0.6155252907495032,-0.0437211409462495,-1.1557306534268252,2.5058780905170157,2.5191112775832485,-0.7269467495956144,-0.2745994533639771,1.9637046202033435,0.06043117965029488,2.254318451562224,0.7955385995238805,2.661545568564099,0.9497331890894499,0.9454320543915085,0.5490746327519892,-1.1476807971837033,1.0763713849823568,1.458832148144844,-1.9366604883381429,-0.2370554640669156,0.44165303901556424,-1.231111412933627,-2.540817291427795,1.3193079678320208,1.515744623554799,-1.6548228661828457,1.945046091244759,-1.744909673233059,-2.1559416632574173,-0.70151276513713,0.697328613396407,0.24998932773964083,1.5079238443579772,0.9911393879965896,0.4364545568780096,0.18484307866087157,0.12729363771659144,-0.10320291810767454,0.49985281245887775,1.421335046340669,-0.4958812394475465,-1.866202937458467,-1.6125065934613798,2.474306528924367,-1.1098403029499784,-0.5548039964658925,-2.6566787062611663,1.0419363702233448,-0.5539201442758898,-0.6798438100537478,-0.3997365221042331,0.6343229254442977,2.3209366995701073,-0.9721785672625987,0.30229111062600994,-0.2891417398873621,-1.5170284782380108,-0.26165482682496416,-0.35587822109798,0.21849274419713893,1.2242268953596585,3.3998055519462316,1.2200576698171062,-1.7419031051608953,1.2854364796674125,-0.487401741577883,-0.08415542286061009,-1.7431392077950079,0.8935128175020189,-0.14886062738326084,1.6962427320517959,-0.7373700214822716,0.1582179335423458,-0.7078357589166141,-0.5685168489423531,-0.25599278311301815,1.69560312143085,-0.7922799913121424,0.5396454982098067,-0.19867527190827577,-1.9513254412862377,-0.806149225315702,-0.11638779450301853,-0.7051699064962694,0.005279433910423684,1.6851558641043736,0.8941028173671876,0.6799549444726588,0.8847519786632039,1.367848342731937,-1.5231629598568999,0.7143707510210204,0.1478058738416289,-0.1364520088394907,-0.8846726084978394,-0.4703793641715084,-0.8379878957752658,0.015550096268462012,1.0230964411156522,-1.2674124193587646,0.3474360533835078,1.5480116281708804,-0.7705034300689493,0.15987884089011284,-1.505549116736635,0.5989427155646505,-1.363324888838081,-1.0031010265216536,0.6496663907028203,0.6581743703398347,0.14422212037265272,-1.114972123578097,0.03725137785550011,-0.9133738809083363,-1.1310289809371643,0.14189469078471786,0.21691373413061157,-1.025728534281549,-3.01324480299099,0.6990682680921023,-1.0611328545714995,-0.2852392349612314,-1.6569535367803325,-0.2612605730125229,-0.5334298575020728,-0.2004451032969114,-1.679768593604582,1.810544062139726,0.7313777338375209,-2.2432356149556165,0.525473390156006,-0.007729824187423767,0.3784768290550006,0.8912118020247676,-1.7875658735142117,0.2643061542307511,1.8171465703139178,0.02361432598837706,0.8455841398228549,-2.825058253781411,1.2552716210893926,2.0651805171182196,-0.27326545538760544,-0.6301374325388148,0.6739286778231117,0.6837835589896317,-0.5844418469167251,-0.8990375795607566,-0.274925603567089,-1.023698604852203,-2.0759811483797526,-0.7699236987577114,0.16679893623513584,-1.3922724197619485,0.6461738745671874,0.5809066598018826,0.32522157963809284,-1.873205673867262,0.6759066773675274,-0.6152248579943529,-0.8244492461224245,-0.8508542760388369,-0.8904564809632826,0.8694248092448603,1.053200219021604,0.5380295811255057,-0.13532405493665345,0.5679736545387964,-1.701217918505391,0.46027019280923553,0.7748491231627369,1.5169967855885624,-1.9312872235661465,-0.6914889240462848,0.4761337358443707,0.8878170394257175,3.161732204320614,-0.0036832885727263454,0.9364387958078875,1.6778246766482008,0.15481509186225037,-0.49954240130889804,0.5116931679230303,1.9932198045785419,-1.4374813755680695,2.07579740056754,-0.08106245300641099,-1.2701289583834923,-0.918753640036359,-2.065052437243386,1.6107096147527,0.9642106523179461,-0.7667991878696317,0.6922939516861184,0.9769283980416414,-1.04689330063818,-1.877801943487346,-1.2750644841346144,0.49636417729097787,0.965370469339635,1.3895160738592158,0.8512631459461552,-1.097998075004238,1.1587148814805897,0.9721455617621978,1.5852623949122626,0.12928090828874766,0.4409505129256686,-0.6483489486983893,-0.04958648683325348,-0.09953172815780661,-0.5309187656231529,1.426599256773114,-0.861953805072319,0.3973936375783337,0.46406448234105413,0.005065395454252539,1.5032015886467618,-1.4188328622477475,1.8494880536167133,1.311953100338451,-1.4986804263194062,-0.03008044408122834,0.14737639746215628,1.101969297787035,1.5323154849567766,-0.09931926984032759,0.7402045864451463,-0.8311359238405821,-1.0493211215994682,-0.1579736506862704,-0.8170535075748712,0.9643436844944161,0.3773574205257706,0.22779346547326332,0.5609945605693115,-1.6131451343407703,-0.7689868231324523,-0.6749521558823705,-0.09911966443264976,0.19665184012177156,-0.014733977274813417,0.116697622222937,-1.7014523886825617,0.7825956655800215,0.20697232736046012,0.22234837590223316,-0.7412574954943245,0.17541601844026966,2.719443888423179,0.4223530529378787,0.9918605249870384,0.1846523360011456,0.01924935176459741,-0.8530817184081805,0.1751134738146252,0.29349604753291764,-0.8929848742001854,-2.2603662566119533,-0.6314132751499568,0.249568146950827,0.027176955740387424,-0.7707369055806481,1.4081323688039757,-0.21144407515266522,-0.7866293865825429,0.20908131070399932,-0.6077949494943687,0.42321004272781876,-1.1850323071228688,-0.09548409564929719,0.9059993792818678,-0.08586982620609447,1.973341672599846,1.1156488037008436,-0.14091495497533651,0.5723574543526175,0.9451457276980096,-2.2873511961833017,0.6476388784296782,-1.5116052898871222,-1.9339054432129035,-0.9975289476663529,-1.9174642067929801,0.36262113842683974,1.066769222689046,1.5614050661819647,-0.8180634270769997,0.9704473796702389,0.7843127012474774,-1.5452967934164457,-2.7509686061756717,-0.02442069039791364,-0.08208295140128213,-0.06518658163807046,-0.901311223672665,1.1481265075187965,-0.031114634652996936,2.146106170622699,-0.9909608759273405,-2.9308066868232125,0.4378564641510255,0.9234156412540525,0.05883285621699834,-0.4232576415727046,0.6177561684136113,-0.6932103611665067,0.7311020387041456,0.19776731533895564,-0.20319706898992845,-0.9765222369205522,-1.0535227749384566,-0.5270135329803888,-1.134863447517084,0.16172996935291953,-0.026643414187786228,-1.2701187077497398,1.1133411795687587,0.5114887892283003,0.261329122391042,1.0408231321342145,0.09485435828159341,0.5989819913551606,0.3760958181865787,0.9076078473336163,0.35006613842987516,0.8814927153072599,-0.2590090092370959,-0.7500783496417941,0.4160220958011135,0.20512872154227227,-0.7121073525016454,2.6733837643354916,0.09983195722587987,0.06833584486894129,-0.6751934026758967,-0.3607918179846638,-0.3157884567642818,0.9246348815853569,-0.896360930820821,-1.0405741034579739,-2.796898887839167,0.06840556554455601,0.9237361052459907,0.137736246666491,-0.6151630690261852,-0.7863691465964819,0.655449213085438,2.5292386413662418,0.396706871753861,-0.5939797167201515,2.024367152732087,1.0870429408863216,0.33081328434379187,-0.34289165237459024,0.14223548580472595,0.9755700133122998,-1.8861510881777988,-0.8802232249781534,-0.4869001673138279,-0.41669848489479144,-1.8169542075048817,-2.8146073815908883,0.04978363247935068,0.415267732314348,1.1253748504374885,-0.42211200981927977,-0.33850389189336094,1.1781611004437544,0.41027579191937097,-1.5747489348618409,-1.3018838883120831,0.8013056005226555,1.4222441890890338,-0.8733734425257983,1.1699427157821232,-0.19099305394094446,0.12489632868752316,-1.4348316026723635,-0.27354542098195245,0.32760096849461484,-2.8697168229494596,0.4628201794223067,-0.35276552687853047,0.03927698672929543,1.6272476372984601,-1.676271247418354,-0.7092103955975202,-1.1236735508121796,0.5263974937189148,-0.36175064796054246,-0.8332222263081073,0.9650666713169425,-1.4862594999414946,-0.6519927386708765,0.7564781167269942,0.35327114019252875,1.2903024587994003,0.7389205477711412,-1.29708850088956,0.557336485400552,-0.4657496128452633,-1.9279396231017871,-0.382517435197379,-2.164257080066549,-0.34111779124584957,-1.7178060909738875,0.7648585735578249,-1.649743628826815,2.041184582244142,-0.48223938376146097,-0.5278642088754223,-0.39764861743060437,-0.8353311631506405,-0.9627548173143543,0.8103157915601149,-1.0001488049992924,0.8396707469583612,-1.266950529627359,-3.3281166847199204,0.374340844845644,-0.4168111075262133,1.1456928326023128,-1.101726221260779,-0.3778533041515508,1.191415366764288,0.7943570234827062;-0.35189794380815775,2.7532136554632656,0.39619571668751496,-0.05635918323657865,0.5797757834345749,-1.7897148033431747,-0.9282458486281064,-0.26429611118008306,-3.691049822922221,-1.5864188825760426,1.7986084300190361,-0.7939906885725551,1.6840198747036264,2.0690509468073097,-1.445531519778055,0.2534355037498134;0.5153005309013642,1.692887393055787,0.2952138156357191,-0.4595342418962517,-1.441483809999453,0.4534113269335946,0.3164229860000087,1.3781718009257764,-1.2298462008970903,0.6549794527059991,-0.6665537958571001,-1.99595309884361,-0.6345088075413107,0.4398194027965659,-0.4558794526285039,0.8990269138957945,-0.4349636080246935,1.0350767427629064,-0.8389146034769489,0.6841812029441454,-0.5381269044992871,1.0191580621441438,-1.5426396125020714,-0.5395330792392985,2.1969261474542705,-0.5139883070259196,1.495652497396825,-0.520634455855959,-1.9346854926844503,1.901522802005902,-0.9546979160123843,-1.469210193378873,-0.2536587361540049,0.6431969959084222,1.551555171203663,1.0191049593494594,1.0077671546640545,1.5237474075058748,-1.584559666416646,0.3346705922203592,0.937865331261513,0.33582112357461513,-0.4517678360279695,1.4212476189669612,-0.311705511348895,2.3954553480930505,1.0820053817507431,0.8137269467394974,-0.282307742974093,-0.6410691078360713,-1.1971700299702672,-0.29076299147192153,0.7575382231620059,-1.0414141904272096,-0.04887546416266171,1.611688189508742,-0.42830749336238283,0.3152112169657568,1.1442602731420655,-1.1878376191784386,-0.20116924282322393,1.4600315123861372,0.40917817057587624,-1.1226495408447552,1.5878551520770043,1.244293988020225,0.629151230015359,-1.8956313630196313,0.2564199824098134,-0.36266554323673483,-0.0606306362566436,1.8261633517156055,-0.14769765428752496,0.5288707867096477,-1.8704651421853677,-0.4237885401581567,0.4357462304587686,0.20716114642895087,-0.034645196884088514,0.6086497330476579,2.1387771640118194,-1.1466592745324489,-1.4103136518554709,-0.8467482189246952,-0.7262798992435981,0.6107334281833586,-0.12842187406323044,-0.2733548984029423,-0.4607749989598051,0.8660419024028377,-0.5377820212689133,1.7394659812738635,-0.2744490460563741,-0.5308181851834136,-0.38516439180432993,-0.2748864282023899,-0.16950682558704516,1.2045580210843807,-0.4150819687311776,-0.912852227383606,0.9570417338216592,-0.09017188947362083,-0.9328967210457128,-2.293096950932793,0.4638840902806063,-0.36128222741502025,-2.4818760817081023,0.33708283506052944,0.49766020102712155,0.8237988778027924,2.006858245446627,-1.4879336019326233,-0.697922454777257,-0.1858324737705653,-1.0092163484583792,0.1517502447181733,-1.800260980362654,1.9247068608575506,0.3425995643891473,-1.4544021461120369,-0.2171636711315308,-1.0745715391398638,2.232438701095702,-0.9783625648262473,-1.4269440878426958,-1.0876163809458543,0.32608216111340715,-0.18936474748335308,-0.33392230615873186,-1.791418079657543,0.5410943211000384,-1.1058146854819064,-0.7869745032922731,-0.6398350725453441,-0.5624312106064455,-0.6756610419621943,0.1904752707646513,1.6309591083094699,0.9407804602221321,0.12114136536432603,-0.04032918343501812,1.1009752293887722,2.857654650409499,1.7087677369492797,1.1802643114050597,-0.877381191043373,0.5107783568747559,0.4958857567865785,-0.24893643056760584,-0.3936653920216186,0.9083814847198672,0.03355440749496649,-0.268597053831911,-0.5356516306271927,-0.21493410109308397,0.9826783275376985,0.41680273718304134,-0.8793432041788962,-1.6208697681291833,-0.9150212364911273;0.5246492279265601,1.3726326740277228,0.038168179800477105,0.4184460920275353,-0.2562889028399716,0.7787080227487746,-1.5048786250781023,1.581214989194852,0.7285171337591136,2.023827442502464"
10,1.5113692610702614,"-1.6476848943290197,0.37965136960384144,-0.8558390322673076,0.8189616032846645,1.3035602399669528,-0.1267810365335231,-0.3010564547169755,3.144486599088236,0.29860523735390887,0.16192989848888448,-1.0973150924470412,0.8746004973488289,-1.116883026727747,-0.5321243086841363,-0.5701338703786911,-0.6325575395824726,-1.1900846561455594,1.0290871741438312,-1.6776468275414254,-1.5016160945915151,0.13634291765159431,0.005536670056537227,-0.5787266078362631,-1.0914753632943164,-2.5191920267610652,-0.4006561517303094,0.13277491104913108,1.0292103838665994,-1.2114380747066888,1.406924450998081,-1.3667781155041578,-0.9587982554932951,-2.395593441483606,-0.5386021169060017,1.263763822061564,-0.16092525227322613,-0.3654346320383328,-0.04201029241926424,1.5487378262387883,0.28787137680955716,-0.06122986180907779,0.29067076180014406,-0.9235623321059173,1.704096565944201,1.4934718711252557,-0.682036648595626,0.026041510560594137,-0.3858374944034079,0.5119995514827415,0.07293138988944978,-1.448012117033884,1.1888633816123177,-0.030312481088072843,-0.23865164257148636,1.1994996442190968,-1.0870825901614531,1.010548650560523,1.8267460592329827,-1.0454269249617858,0.5030062124866133,-0.36980807072697086,-0.536532093074692,0.31631203442448386,1.7342946121824014,0.7059241760451648,-1.6030275000126966,-0.06045600398737471,-0.5150435017657143,1.0576403260531528,-0.9508232807999291,0.7222752049375253,0.9077051924336222,1.7480157880880145,0.029456965083499237,0.4905966475804666,-0.9585505911697018,0.2677131286357075,1.0821080837548447,0.10055609961359571,-0.5426379826638718,0.027188415500036422,-1.1564054200217548,-0.18902776059048698,-0.44562927548276876,-0.3110859663976059,0.29858747550372877,0.7076135925403828,-1.2145567767905727,1.1272135769424672,0.7504439893035557,1.587549900259213,0.5855208833660932,0.8712186047830337,-0.28854940725210726,-0.46759283376745975,-0.46181646037888396,-0.19175788977367875,0.8962436536385403,-0.8069337234848281,1.0147554240405798,1.0493412784222513,-0.4807357193454769,1.305969760513019,-0.7177449190855004,-0.11581902216886805,-0.5214049964961855,0.765018361420946,-0.6735590885072963,1.4015663106869267,1.0667453354519472,1.4329123929533885,1.503512975784755,-0.7713538861966052,-1.6408868326849075,-0.40970729706542997,0.7261281920570685,-0.12142846164567517,-0.3391854988979513,0.5495187593223835,-0.5415435429608042,-0.3934947584270102,0.11060944305751907,0.44009563407239005,1.5370147957816442,0.6249395768219975,1.021654850939429,0.10611428551467479,-1.3022970261782914,2.3002833471811797,0.19651556998209394,-1.5600321584134131,-0.1278693101666766,1.333011954460881,-0.5716305375503467,0.010831369796499096,0.3801118967108542,1.1126132425437798,-0.21598707029997744,1.9022398383478498,0.3417483592846378,-1.629888907755432,0.3194295935091467,-0.23709207282401304,0.25611570823965324,-0.43902669279574297,1.7513378798575139,-1.5470249315709153,-1.7046250397996263,-0.5267806828948522,1.460301749818433,-1.196130689151666,0.10482152711615067,0.5661099466281262,0.1834063626441546,-0.1808160359624076,-1.0311252403600495,0.7161110510830574,-0.768559126077963,0.6937723537531711,-0.10857396158678408,-0.9181641882488701,-0.6725853567974769,-1.5053291372564954,1.5111504131624307,0.5455451297731775,-1.0410512659822624,-0.560442082182297,2.0345516064246962,2.3731977130297963,-0.22240119014877613,2.340189627651888,1.597775941077804,-1.3127489144002251,0.16830943019496347,0.6645721210824821,1.1730525868991428,-0.1304440168100259,-0.026551911334464256,0.9722690550261263,0.9454752425363289,-2.6366005514824575,-0.02636308095685884,0.5402546667052854,-0.42553401598007257,0.5449636687744089,1.0549708559012658,0.29993386308367254,0.5254094491759906,0.20790867203386526,0.0330618019518361,1.0514071625133203,0.9399658480697972,0.8881090455036147,-0.17716991903320017,-0.40587301510313195,0.13916605708374666,1.7614269231578399,0.46252276450551394,-0.14870159339027927,1.7111095914819645,-0.5396657997441192,0.4385059432334634,0.33628641889561,-0.16462330135272046,0.22750411899823342,-1.343440254067995,-0.8797622063033003,-1.2237637211827253,1.0475469314447616,1.6222478982250932,0.20993672639888872,0.3986461370645723,-0.41158158177823867,-1.6260071471731241,-1.0456583717583674,0.26512810336677695,-1.271064868979493,-0.1783352803511328,-0.2272900295022717,0.6123514127310075,-1.5112080894371902,1.8295397013189085,-0.50698405283406,-0.045756297142173954,-0.08663281317711853,0.3638635240187449,-2.09544675610051,1.5600424170923561,1.0808339810050853,-1.1561372159897156,-0.7130576659912786,0.08439432257521291,-0.7878440332261969,-1.003943703255092,-0.05582543246594492,0.8799530110103758,-0.5564060468741603,0.8701152325396974,-0.6526337300847688,0.22394099342798224,-1.1848765082300217,-0.7831525026727469,1.144459856409353,-1.3082406352891647,-0.6575371051167586,0.6628383398454007,0.32747846269311537,0.5753193459532069,-0.7249910466521274,0.23818038633494093,0.911336189634043,-0.02444687058622498,2.3746718647713974,-0.17944082514582976,0.38131085790965746,-1.1108945696064674,1.1663359099346822,-0.05035868172550855,-0.9802918664043416,1.254511102037605,-0.29546622097075803,2.2352429961596285,0.1430145098136498,-0.6783945082550408,-0.012993390243811378,0.17887292612125993,0.12524256940619768,-0.5008665384036272,-2.1264342215228145,-0.19011656262003268,0.241096894893016,0.19611485012905244,-1.324705200990799,1.6450762692988676,-0.5756839728286225,-0.17978058719832102,-1.248047389998845,0.548305327039097,-0.12948974026288376,-1.4334778663552228,0.931951069651146,-0.3409046657146524,1.761461090189373,-0.3873201854323072,0.5118471259485851,1.270315635795019,0.073652010262579,-0.44486258747158336,1.7850141610544772,2.993187346814939,0.007371393928276487,-0.15297051967461114,1.182662660621141,-0.7022416002094772,-0.21944702998467533,2.116451669061228,0.485860928735499,-0.31731778137454936,-1.5786933525769002,0.2841460543096579,0.813923673485231,-0.6548380999619248,-1.8651324260400586,0.7717267339869799,0.2067633967107252,0.8590307623479518,-0.1734579597871812,-1.2655426401473429,-1.2419309149127056,0.4262754240455851,0.42205437349963687,-0.3672794817303681,0.310173326258509,0.03486493096256957,-1.4221844211613726,0.36458853098556304,-0.49033729224731937,-0.5686928976527451,0.5016253979473058,1.2752949757920993,-0.941790657277032,1.220627429591242,1.1282088845192866,0.09233220235413113,0.6434503114244379,1.0289260310568566,0.13530298272149088,-1.787816080345403,0.6757759444795505,-1.2733014533775189,0.31539635483235784,0.06487257361767765,1.1204009367545669,-0.37948605543515396,-0.9003134412168574,-0.06246644972795304,2.148222905025672,0.34944429658924914,0.4290762384081345,1.7814833133439638,-0.24660720209419565,-0.5041074953402798,-0.5271023429734025,2.138400484819201,-2.1865614379810383,0.5088041136139508,-0.5278695066657855,0.43114919028679766,-0.08508678884306378,-0.012755178083938876,1.3147411499215627,-1.227814398181346,-0.18288810531136215,0.706839782224276,-0.4401485575178408,-0.1232286836952524,-1.089216259435454,0.6991477118176778,1.1095635111746518,2.287400434516176,-1.9438046624589247,0.43890398656265067,0.981789526045556,0.1884730636145686,-2.4380278692308495,0.3128228504120613,0.9367242354346018,0.3737229820985268,-0.7132787908343421,-0.05920489001866347,0.10530562455048195,-0.2228306824333219,1.1281839959434286,-0.0965362543007011,-1.2181612502293544,-1.1703883968421918,-0.5262266582363795,-1.6822762617996918,0.9852646129341063,-1.0220885036222092,0.7356982498677688,1.4947906109286617,-0.27091286460736863,-1.587490507082445,-0.5464481573382369,0.888812346045625,0.03636030689872669,1.6640270229296725,0.20609071641374205,1.0464142866286599,1.30965047465738,-0.23961470211413527,0.4333164842131579,-0.7646788890777936,-0.855093517359772,-0.6903139760439375,-0.3365171193441093,0.22986934598510542,0.5655908514491336,-0.9372729149515792,0.6457647130089411,2.122702381804266,-1.2570972304150667,0.34305982235161925,0.3163508427829598,0.07686126078702868,0.07692214313013046,0.4725558260553675,0.2231022847310496,-2.08699795603974,1.8240151133857907,-1.755836205472726,3.4271268010792535,0.20650539300756343,1.530077363004593,0.04340153633181217,-1.6356611888261268,-0.5957140124155434,-0.48018640490333125,-0.8586948511138933,2.2672058577954135,-1.2071370104447583,0.31343157351269263,-1.6650053591824592,-0.32977698583803217,0.30625452193328273,-2.6770268941798334,-0.4219604538503853,-0.6383679320904231,-0.7634647084173204,0.8438033158283386,-0.5717174383001848,1.9917730045579551,0.6317402016519015,-0.30307077270149807,-3.100459067841022,1.3028081797279478,0.6616780148795636,2.1719602201943697,-0.5385641151893246,-0.4319326584598953,-2.1851671667626476,-0.8443420706398358,-0.5263486269218536,0.18775919356654075,0.37992128124003954,-0.2908564493116657,0.13669833424464115,-1.3174365973265227,1.2900302959240806,1.123880677592981,-1.27903382127922,-0.31937724363154907,-1.784499083390149,1.2153927705402594,-0.3506756400911628,-1.1012613158756053,-0.12071502819243025,-0.5792293819587352,0.07090851013796162,0.8546373230979022,-1.8341136548966483,-0.02970609242719119,0.3084785509600944,-1.0648312322169078,1.2739592985479367,-0.3075787864353932,0.042444404612116016,-0.9972990269807981,2.403973887685199,0.03379701555520248,-0.15433011182356351,-1.36423387255941,-0.3093203296232556,0.21245384178090823,1.400113732567533,1.0453660076301075,-0.1253086262535416,-0.6566514624674228,-1.0768188093019377,-2.1134918297295275,0.010926678086254957,1.289588979354817,-0.8175269617734449,0.06069347886434312,-1.7344964606476474,-1.0225515799648537,-0.4249552212341632,-2.145807680890091,0.2820318440622074,-0.022778263915238572,0.6640347823045766,1.2211767065433816,-0.7424616389546105,-1.3630378760911197,0.48032798366447693,1.1870695683338173,-1.318415761457978,1.153839981733528,-2.2842118804460387,-0.38952566447666453,1.2439478443646537,-1.2401269106258683,0.421693879109293,-2.2642972968005326,1.2672585309283382,-1.2948769865720966,0.009634562997180338,0.8568354922688776,1.0494967805670248,0.18912652377304778,0.29506229143269047,-0.5194999471818524,-0.5472949719286406,-0.9944575725108216,-0.10808224613945538,-2.1911892431860323,-1.1295664466712825,0.4027379446350575,0.8415437785269517,0.7240533827289523,-0.26364984128313995,0.9418590245226729,-0.6340141576479358,0.2592245309846238,-0.29903403908729864,-0.15535769739019756,-1.1515584547733813,0.052461931477048404,-1.1139961743940332,-1.3209702633658789,-0.5862728162555237,-0.06427180938771918,0.5501120600796128,0.5938932015013176,0.46654084788557043,0.6478620630415673,-0.9228833499402571,-2.2978053400795586,0.5778858428773945,0.18660098640682327,-2.2225772756214788,1.803164145932057,-1.1547710898008492,1.9624741195288513,-0.4168243491410183,1.1614169006636492,0.4902388397287332,-1.3989055762614038,-2.927910307035115,0.021533639739286126,-0.9733187019997548,0.13739665815368024,0.6855003411813728,0.7490241226391755,-0.27171413620106044,-1.4511847744448962,1.1948762371678951,-0.290029360081558,-1.6477243726501374,-1.2182206518314913,-0.3901988584760664,1.9885931504882512,-0.47177610323099917,0.46022787638290913,-0.14832414206152542,-0.6567069806292621,1.3796799255740613,-2.270091507032122,2.1151697810097034,0.4085464716661825,1.1022421661401807,-1.710108532333028,0.17148470034148777,0.3276440715655681,1.9613553981264067,-0.3618948192464519,-0.11021388894544693,-0.6919687608668184,-0.6307687355011901,-0.36906229002468843,-0.42302677467141625,0.06223689770422794,0.4169300673764823,0.3506790685284158,0.7492845800171146,-0.843270779229349,-0.15275359118096762,-0.20051590976144268,-2.0868378567978176,-1.5779777931235557,0.38042469910751636,-1.1713412726925152,2.3758489515981074,-0.7519416189461694,1.0428317269811165,0.3641311276147843,1.5146782413894724,-0.4924052222690762,1.206217923582726,0.02133022354043927,0.2693745470768103,-0.662567275093607,0.9923392737900999,1.3114291739293276,-1.023389695865217,0.16940366375545307,1.05367233592115,-0.27034616164034264,-0.07206756955552278,0.7066127626843564,0.39075648618835457,-0.7897102560747191,1.523108492468119,2.0576762455805246,-1.6909603454998656,-0.5587270496221485,2.8356070516065497,0.2874856636918258,-0.25911768473314006,-0.3030870904735886,0.8550250866755371,0.05426756166812202,1.2339580389522227,-0.693839582497955,0.09486563345227012,0.47698151112150666,0.6389693964980184,0.11536237566880747,-0.4652879959502875,-1.939172932186264,1.548643279883466,0.42525200485500936,0.3905750254227156,-1.518796958932871,-0.1994065776238521,-0.13450501876480297,-2.0827430959633615,1.5019670845949904,-0.11170877727324066,0.27868692477578133,-0.23664867650840182,0.2985815698983243,0.618802177100013,0.08126476107465887,0.8324978334720599,-0.8881696831603367,-0.5159245911149907,1.4198941036709853,0.5878144843760379,-0.8618175264953045,0.6295199161984136,-0.03868777888561281,-2.8137793439981937,0.04530635473333734,0.742126496268015,-1.891112219609857,0.31443832758282797,-0.8635867721580365,0.5319663362258832,-0.696710128930613,1.030131393964789,0.892266082846859,-0.143892520168386,-1.3520522729930267,0.33093441739424356,0.43748671081955093,-0.3265476441850897,-1.5245068336572332,-1.762342735959011,1.2444875800222284,0.48304405586690224,0.6538502028761037,-0.5746907552395459,-0.20556494834217434,0.03388771567245425,-1.319568904006862,0.879589614065015,0.21612164159309408,1.1599389104022328,1.4127688747795493,-0.2880577180549263,1.7005844261352627,-0.012622840424566656,-1.3926300402513538,1.1323848246962007,2.236149727702427,0.22685255534168083,0.030716874638785148,0.6836464114346767,-0.9177456387206713,-0.22767027451910893,-0.44878384462195064,-1.2720905655479877,-0.2734937469859414,-0.2384345251380583,2.99187834664286,1.0688455015409264,-2.4924751855339595,1.7178527807687933,-0.14254897939145963,2.1833513829695756,-2.4812195930937246,0.4763030983412999,0.2725575065550305,-2.176156391039013,1.3717283791056976,-0.874879543624958,0.33607984449045203,1.2486803889464981,-0.9008824164051036,1.6062343800447334,-0.5172855929197882,0.86700875256863,0.9587470239998864,-0.7016971321660096,0.4297022642808209,-0.33975578992179695,-2.021821359983759,0.33145387326451237,2.2275903400837525,0.12663111708867675,1.5283340507874483,1.2617965508972597,-0.9886351091227428,-0.5428323415539389,-0.2602078575769693,-1.1275897678614615,2.3893175892989618,2.795531959288345,-0.20670827321807286,-0.5500607797519045,1.7345765496154684,-0.07772338427502755,2.0326020626786327,0.871673930201445,2.4923514318027835,0.43840862792250784,0.7571080718641824,0.6336303371875986,-1.4055432688117628,1.0372095040155762,1.6114358452061528,-1.872012074690166,0.13559991887825867,0.7079883010670157,-1.1866662906555219,-2.7762522018617175,1.5198681691805795,1.40210045708143,-1.5486094240924686,1.7637095560069471,-1.4338875897749093,-1.912600056649237,-0.5509914705531317,0.7688244457182343,0.12491670940827886,1.3419202818977713,0.997065511951948,0.25288752207701004,0.21973690934556359,-0.08536541034151618,-0.10101697552245575,0.7854258102579511,1.4485430685228584,-0.3125328128954822,-1.6312068211765653,-1.5572857966949223,2.7052894934685066,-1.2767344495549966,-0.6689714206292272,-2.5073999195611347,1.0154417285291049,-0.6478991921204296,-0.6928090889549037,-0.3838821547871233,0.2787485655409585,2.122309495608738,-0.9223796072358532,0.1676887488028724,-0.356335913326529,-1.4527228639566276,-0.5162470259235624,-0.39148140797310943,0.04952693113284268,1.199516273189499,3.7302819776367073,1.2499731653811543,-1.7349415548563962,1.5789164372625322,-0.9796495487991562,0.09565885602220067,-1.6190440214517081,1.0108308827628785,-0.3489959611532022,1.682347700587039,-0.6124510855947645,0.26316473898554144,-0.7090225458405552,-0.5719010772639445,-0.26306638873941757,1.588515978910492,-0.7667084572716946,0.5865874807120065,-0.22021919391369335,-1.9170732556942294,-0.5421225341857424,-0.38270807558376274,-0.8090273789107919,0.06752932801256735,1.5271296171213,0.8206328314949544,0.689689426522753,1.0995684952078506,1.625025837820116,-1.4995147033758187,0.7864895568282255,0.12147037249416645,-0.16229770688264447,-0.6836902071320419,-0.10059243974998122,-0.7245585724289733,-0.15253977822678408,1.1671773109662693,-0.7907324994691196,0.29911384751690184,1.8090662576807834,-0.7950659279279866,0.10079778078754703,-1.4071888206280676,0.31268912277693284,-1.2559542378057178,-0.9473507805638165,0.358444820010523,0.5709733119017179,0.061102324424585054,-0.8779821692561407,-0.24571655851328875,-0.6760060025272433,-1.025583238802277,-0.10660536147267585,0.05647548789340549,-1.1797529068199493,-2.8648102992952236,0.5899897335261105,-1.1858875807017732,-0.25220125683386974,-1.9560865841223731,0.07330655510258864,-0.5146184811291675,-0.23968653722576605,-1.6627641431420062,1.5065962049767254,0.656313169300311,-2.647022421535161,0.5464784640576617,-0.044925941841100034,0.5439553055530402,0.8587366181782822,-2.1819521801739303,0.46776448521118924,1.853488661171644,0.11227680529046946,0.5951234525543423,-3.04017311201019,1.367116927230664,2.0425101878354224,-0.08352935274114848,-0.6286864887839033,0.6963698670763736,0.669421491358296,-0.8694046353920484,-1.1276313635514108,-0.3464639433868993,-1.1352778238936276,-1.9988667587474758,-1.0347348927933413,0.14515271545265374,-1.4450567298145756,0.7362264566145053,0.722148874782292,0.2996064545370215,-1.5648857870657114,0.49757663764825943,-0.7551223720435691,-0.8207896185351831,-0.4667102942310748,-0.7208756813230013,0.9485999477576067,0.9042913549294059,0.5999767458458721,-0.166129833375118,0.5440059676937613,-1.752456759712472,0.47427367018798916,0.8200346117164844,1.489475956616644,-1.936460554046959,-0.7781605107041509,0.21130985840234506,1.1154710345827044,3.057280528349706,-0.3413058183474421,0.8713528181913641,1.8051471706412658,0.053830680858876476,-0.4489455107118906,0.6823008135796147,1.910818600074938,-1.5654369014824956,2.195756452659683,-0.14043203726355472,-1.1930841647747576,-1.0232361826429972,-1.9347720915926243,1.3729458221520803,1.3018637213772715,-0.9396222478136688,0.5119217219443004,0.963698919239971,-1.1194437916253805,-1.8069496253877728,-1.1649769123768385,0.6032076323336547,0.8423619149330142,1.4229450830746533,0.6593897516699354,-1.1070539937419746,1.00239180173765,0.8702538445988783,1.6144713361626741,0.17840246425446543,0.4655271006790386,-0.6264466649955348,-0.35447345508922795,-0.42239654704330254,-0.7481444178399856,1.4787709242706966,-0.7436739895683406,0.4469200210378131,0.5956853268178851,0.1391954846580935,1.3703302611978336,-1.6017234987473543,1.8588827381837898,1.1951019085571977,-1.3809629611767504,-0.1388331858466334,0.2596972420758942,0.9831549762912175,1.7268323305011029,-0.23181872660182462,0.7826823500546776,-0.6352420106811196,-1.1627624662027276,-0.02686955614294674,-0.7639753726670442,0.9107431795411927,0.43862531589246756,0.3295349488211139,0.5930425385126313,-2.0318480626572404,-0.5914849629319907,-0.4030978093140172,-0.09627014438435283,0.1987586697250622,-0.015779652770840678,-0.07890090244095488,-1.7500373255158561,0.5981808896464691,-0.13416297647484376,0.2546494456976519,-0.5742925480116825,0.1486410427567516,2.652459469958872,0.6029064175184027,1.1326836694229607,0.03763419881853142,-0.002432396472290252,-0.7079397474287155,0.13683005074867743,0.3408782931183717,-1.1209379463425473,-2.2929563159089867,-0.858819010494175,0.22753146144400488,0.13162351920295198,-0.7321826305728408,1.3751110230451793,-0.044598756582943225,-0.936360491893206,0.07526232822665085,-0.740207956147181,0.46939876879834314,-1.375920721913628,0.047204485620647885,1.0149210949894683,-0.05631515483627769,2.0609707596241407,1.1742301020827783,-0.0009519621021167046,0.47471003281272256,0.8841565970056736,-2.0877653890190384,0.8589473524398024,-1.6224356700402705,-1.8215277038978113,-0.7446606505523523,-1.98282980357227,0.31709586178287774,0.6688974526442886,1.6009109504819021,-1.146874079125509,1.047352733954294,0.8299686538048512,-1.5451101528074398,-2.9185281143685806,0.18458314556553557,-0.29141347068690715,-0.1296317207590875,-0.7652014714899084,1.2609094937188017,-0.11552163793622412,2.306774336651122,-1.1780105358581265,-3.3036180599887794,0.25044931255358366,1.0516040070603234,0.011097580941970192,-0.3746478788054484,0.657124775820909,-0.6371987281148433,0.33725239889608905,0.022955338922328428,-0.25347289874676526,-1.0517243851507996,-0.7802665215958412,-0.3834649129939238,-0.8786716601169915,-0.13121603761787626,0.05979754841134824,-1.1783058039955365,1.1552741321147952,0.31410094311981873,0.272282001442292,0.9570308422096327,0.09245616590308266,0.5916831520428277,0.3886591739613994,0.8970391582572602,0.3425121733035107,0.5270658338686376,-0.45547548497174695,-0.7489631182550606,0.18819240690905384,-0.02748643653460922,-0.575750697760693,2.538103202200436,0.1292901122470855,-0.14956100074620995,-0.6787014498058375,-0.04367566154974584,-0.2897394809669979,0.8569641525577134,-0.9273245426588455,-0.953334758397032,-3.0382551285807327,0.13005591466063468,0.8188576910239418,0.2973879613112431,-0.7151186947158734,-0.8020505303405602,0.8048149100226079,2.315687636922168,0.32654835724820375,-0.2243214414545098,2.0385648275757737,0.8919172347321246,0.2762682661668294,-0.1448127059434607,0.2818549532088245,0.7143576056562958,-1.5783816510709134,-0.837261678360745,-0.47090068990772166,-1.016978705602745,-1.9991301708850493,-2.753126609694561,-0.20413417706343162,0.38242061677715744,0.8314239873432866,-0.2700905510507628,-0.3515085708682809,1.1027222819503808,0.3145668684543875,-1.5083241932908846,-1.3466293126312903,1.052341506605834,1.1122422680602813,-0.5890533906749419,1.2404148346151609,-0.12940042402906402,0.0087942338621124,-1.2337691154755497,-0.2542202000337909,0.4034308143924483,-3.1856024402459586,0.4048833933779089,-0.29203944031796236,-0.11039651073475705,1.6328745862226735,-1.7125891101443667,-0.5251393212594359,-1.1074928209862642,0.6330564830443036,-0.1878041119418276,-0.8273286526697177,0.6986865674350484,-1.352857374317586,-0.4693665319034786,0.9305413646823307,0.5537466993204591,1.1426554337737427,0.6808597277021402,-1.1814037359399663,0.49566081515085625,-0.3061679904984612,-2.1931699165408785,-0.3576889024830111,-2.1208728886536417,-0.7836330460786184,-1.7472327567013668,0.6686193169999515,-1.8349480964708802,1.968405889360228,-0.5816150002789939,-0.6024809145470543,-0.0656670113207982,-0.9086497778972213,-1.1477687319935699,1.020030720452215,-0.903612777184283,0.8482747920067615,-1.2148163543593498,-3.1690034756098213,0.7176503609663797,-0.05947219569184145,1.4243322263643534,-0.883763296769001,-0.47837823454859646,1.277662245649584,0.5987563260396781;-0.5364569871136414,2.2992811482005555,0.47201574601211993,-0.14342237673573735,0.5042610055530639,-1.7236599903753242,-0.9254427275915879,-0.059861324473297686,-3.7712888323559444,-1.3556700314548014,1.7499181331306723,-0.35352207248466505,1.8481360832037352,2.0992918912971135,-1.638043168491776,0.23067872568918757;0.47003306810852574,1.6789023125285731,0.02213487160215255,-0.6111403318064965,-1.470229922866346,0.36421614596373886,0.35292494518564543,1.423455427253641,-1.3441336272308557,0.7405613821021733,-0.5514037279937699,-2.513942543959942,-0.728253067504525,0.7514951698374914,-0.3960930525665613,0.8008352436529305,-0.5793588490408511,1.0252863199386324,-1.179986240793979,0.6809040385976137,-0.506682869608637,0.9825536380214839,-1.5726659553165179,-0.41621080675321803,2.3978144486869213,-0.40437903190879354,1.6486342271708687,-0.39095169682984987,-1.5889126911338871,1.6332914490146198,-1.0165880751234615,-1.386075743445582,0.11203851132442932,0.5448620246198439,1.8092372312571925,0.9676490381617242,0.7396082292229224,1.3548364851358488,-2.0071927465107797,0.4507239519097354,1.0904529276039094,0.11550229225991185,-0.4396731471210029,1.3051682459989087,-0.3017085659412066,2.0415983931080026,1.1107803205745737,0.626700439156458,-0.5469984619538231,-0.6641901622488631,-1.2457271198383386,0.2013793197358193,0.5333512684185006,-0.9999175215597808,-0.06649816849497332,1.3260139385046277,-0.6875849760528221,0.25073403681341067,1.5142634219187872,-0.9588171309024226,0.08258124542756967,1.4190457602060256,0.4404165901586904,-0.9838407990180096,1.7907781644552232,1.0812721284427778,0.5454117413701322,-1.9648630613734896,0.1995010942293913,-0.35732752358092457,0.022795628549761485,1.912917106081648,-0.2503847110509989,0.7012864056241166,-1.8428016480206215,-0.2959566085811076,0.4728060844950041,0.1317671958010903,-0.21199050103898565,0.41601980593791976,2.2341316047811746,-1.1178078134394447,-1.606442455109021,-0.9045990260339313,-1.0214451049165596,0.44340886598208423,-0.16511765779335452,-0.25897374935759254,-0.26019548780926616,0.7519571972254991,-0.6927555001415708,1.8223399036886523,0.14901472534814947,-0.515119014571107,-0.19866360136410732,-0.5069582329385678,-0.446627248482544,1.5767241328852368,-0.2870791168944458,-1.0787250033421907,0.8909291801938625,0.25973790367751776,-0.7698148150010471,-2.4184575585505312,0.6025844529769753,-0.4431891969734678,-2.3611758767376734,0.3303586928244867,0.5523983813339147,0.934836973944721,2.131731569903242,-1.524500995758825,-0.38852621336379517,-0.0022255727376067624,-1.272602984588619,-0.15627492223717054,-1.6619487119781453,1.9878185927541223,0.20847564634957885,-1.3412201499879077,-0.19008412031151095,-1.02386906526116,2.2043191463652607,-1.1304192132077784,-1.3573281862149889,-0.9428232549757708,0.18315984887210715,-0.21519748168714312,-0.15793512669183096,-1.501640317379677,0.5974652185517532,-1.167723880790254,-0.6871100709160152,-0.8453523233792147,-0.6098665807942102,-0.9241678318367887,0.3003651302724623,1.661714470038351,1.0625459892499807,0.05512338247746687,-0.25150039470808994,1.186489423230536,2.652617689973268,1.7914868642934212,1.3155773079711195,-0.6814817109810819,0.489247398818829,0.3739100518011789,-0.22956595696312432,-0.2441092103110003,1.1156699897248619,0.16963915048384154,-0.2169164048382445,-0.25610096746435373,-0.1682937945327937,0.9271264184581948,0.4482502416720262,-0.6927193605606058,-1.2898183864381134,-0.9452826494754526;0.3649816466291705,0.9265306044755517,0.017154089432530398,0.2914997553731984,-0.2585330470636811,1.1556334626435094,-1.476847376156312,1.3950288684424565,0.6248454284905299,2.022337902704582"
11,1.4869564364847832,"-2.198819026753429,0.6013000828040507,-0.6932298695503243,0.549108210189315,1.2517751024761044,0.09373803156265186,-0.12415595462721483,2.939643784667172,-0.04698872347888697,0.18097428066905177,-1.4991712013627416,0.6699731227274566,-1.3130043824084632,-0.5518775894047102,-0.5084789689909307,-0.6461275800344015,-1.1675018114679414,0.9215011163387556,-1.4689166709808192,-1.4574545613411414,0.04667647609781446,0.2093330442612289,-0.4957723877876315,-1.0475369344599268,-2.4623390284350206,-0.4844795298054855,-0.04469890615476094,1.185557387170137,-0.9087083912567752,1.4071645862077233,-1.5561574480028548,-1.0110463369170082,-2.568787683812947,-0.4467778472842523,1.2286640244499831,-0.39765343279016463,-0.23303279628881884,0.06941959725219807,1.2574358800767143,0.44084431043429473,0.06640339238407723,0.454259818228383,-1.0600850953236343,1.5913013565849614,1.2021805470091662,-0.49948163256559963,0.38849813230223074,-0.28868969078311496,0.47357994100338385,-0.21144346707883982,-1.4278305528075936,1.0602238402764221,-0.010447627742551813,-0.267313118468193,1.1746182654863713,-1.251145065558935,0.7067711912998026,1.9928174621934305,-0.9333299692946633,0.5568209205158337,-0.29867231026621055,-0.26288777309608113,0.10150780069059634,1.3687439129849472,0.49339950622322376,-1.39585756038824,0.15748159446907944,-0.30564243044732664,1.0731904667934928,-0.7554404935644112,1.1439389113467668,0.7953655478362462,1.7407372899913178,-0.3054207568900419,0.6494314103803285,-1.089706587563718,-0.0032868703753044324,0.46637892158844496,0.45391066554892384,-0.49115022476417364,0.23882105302486817,-1.1893083522655046,-0.3279013249911356,-0.45291885054723363,-0.6161811198920149,0.20359596745488892,0.6564658434767404,-1.106246155980212,0.9694618512514944,1.129323565596072,1.350128027940586,0.555464215635702,0.9503600879686628,-0.43183974620623505,-0.663472626655729,-0.677862026878975,-0.35724576042867506,0.9342398039463193,-0.9603070665825667,0.9507572205675541,0.974423374629229,-0.7241095141539876,1.1579595259187059,-0.5033289813524818,0.24557386510442233,-0.38077581226064894,0.37937588603234945,-0.5507522426603573,1.6971816629642456,0.9496477804575705,2.094469487589109,1.4679449713417732,-0.8567285738241803,-1.4331869352455575,-0.45029660751476175,0.435815755131311,-0.5841848821001364,-0.4417853628893427,0.4749781167885109,-0.33375604307859474,-0.3685729998583097,-0.04694467014595402,0.41722609055920234,1.600132189064552,0.7498082539945855,0.9984795431009831,0.13255103415688638,-1.2516125609027047,2.0149137111068303,0.07257685265833286,-1.475093668941612,-0.3292255927241068,1.3431133060021714,-0.49159768736681553,0.09381839434526848,0.3633587114167829,1.018672712715501,-0.1405344862006943,1.9131974131412677,0.44398647880222986,-1.5070614322012024,0.042422926476611375,-0.2819680788765702,0.17619972920358123,-0.5855413906681434,1.7419142970081505,-1.7096304173880807,-1.7053521727979815,-0.46263212496879236,1.3674624715030288,-0.9624241698549659,0.1074914643419464,1.0139167158841178,0.2083179735499442,-0.01880084655283605,-1.0662244924808393,0.7770197167098217,-0.6385977578929075,0.42025389538694435,-0.028474593651251965,-0.8117939914698639,-0.5068818748248686,-1.1259520648618233,1.3747314107945716,0.5744465102439004,-1.1089446000092105,-0.309874932517951,2.014542386162344,2.5075797115119824,-0.3171875262104076,2.6733427194171973,1.9663018395933056,-1.0651216041552243,0.3255409719392558,0.7486993773255752,0.9122959146692443,0.12811392560062407,-0.05862711146546459,1.1676548161214158,1.0075156835992993,-2.5216764910274287,0.3363458087371831,0.6074556053912121,-0.317497121985984,0.40797442349489954,1.0777255917950403,0.23542240767160458,0.5294784157790199,0.4153790427609019,0.08770054383652025,0.7151812564807247,0.9153486477099986,0.23200568355632034,-0.2175293143129461,0.34718504926473404,0.14507968413986969,1.353246542646455,0.456133851674663,-0.12273032653010767,1.9768043967723534,-0.5362823324511983,0.420371863946594,0.28373665338051535,-0.22189948812824667,0.0893688478184739,-1.7940882023789875,-0.654426723926588,-1.4242540805267554,1.0367702606918632,1.3008275493327908,0.19824564747691217,0.27599582532644973,-0.865170704682667,-1.4035771604100076,-1.1111188166420527,0.5559303329439376,-1.1325664908646795,0.021494178831280852,-0.057520309192884235,0.55593903510688,-1.4338533553082455,1.9403019633646323,-0.5341482110313622,-0.0019790100874377617,-0.12230148682494157,0.20389335855165452,-2.039685056488549,1.3403732319368258,1.0787984433479494,-1.3068576536809222,-0.8690313083746427,0.026362151832556024,-0.689840017681365,-0.6829355387321272,0.14178659054606513,0.7454339579235969,-0.6014121523075994,1.0557381611061403,-0.17547362472239625,0.12519911516290028,-1.0740951283479074,-0.7106872779548026,0.9841861562234995,-1.1918471883889779,-1.03382899389444,0.7116186481284433,0.34195003724424344,0.7968325877474352,-0.8460560741430649,0.10125677703221982,0.46211188923541047,0.09528871039375633,2.4534985674595307,-0.21881931681091382,0.6573115084152756,-1.2051216003953167,0.8108107795290607,-0.08183998359228295,-1.0494816053984353,1.1900939851439616,-0.41606927922813153,2.5428965570780235,0.362050696121867,-0.6906631698066735,0.034558181585524116,-0.0302004191251906,-0.14113213132379987,-0.49077001705472145,-2.0100338706321135,-0.2595478430379595,-0.21895413789579396,0.18270965793821814,-1.0642493342880646,1.7583067078377,-0.6645492678396286,0.14637946752255115,-0.9186031029398908,0.7300316485552378,-0.16454590582979595,-1.3756589137468664,0.9153829862528386,-0.24541233963831255,1.7859163445452781,-0.15976536980442868,0.6327894769396842,1.558322610363673,0.45309957505888276,-0.35347560494455843,2.1080581148169633,3.1726313895397547,0.32073929756748754,-0.09710002156659264,1.080481729331607,-1.0189571916947684,-0.431299259356875,1.990422869861861,0.29890118747517336,-0.1515728689547499,-1.6524880221396456,0.06863377821824568,0.8097381920431274,-0.6066915912647656,-2.1042189038543344,1.0252611522991582,0.26550798158600925,0.797201636209955,-0.05645160586498152,-1.8521878387446191,-1.4433387935995285,0.3490070496074029,0.8720806567011111,-0.6250225939364434,0.6688185785163825,-0.19272075893357016,-1.0736921490040208,0.20014116688037192,-0.18454450883462165,-0.5269415360359927,0.7844668736076772,1.3553677590106594,-0.3770348253846152,1.1220653596628962,1.0976646882035124,0.23977338047254168,0.7628988075579638,1.26110415947757,0.06208424283671554,-1.8018083653745411,0.480502435187031,-1.0539123489395312,0.8475913686963393,0.18289058502985173,1.2582995723031838,-0.020457676374767197,-1.2266064401501517,-0.3808423754389469,2.383726248292716,0.18398159311913706,0.44496559032908456,2.12130397969302,-0.14190227023375615,-0.45185501738657063,-0.647109374888056,2.1135356878786364,-2.4078128683755904,0.42394201035134815,-0.43406107701107144,0.46466215188506305,0.13843940687703565,-0.2277696859798113,1.2369627134667964,-1.4107160686532265,-0.1263237818554094,0.3977184918052973,-0.3836090535266179,-0.030826737515748652,-0.9552252673968489,0.48246743508701784,1.0426668336654619,2.274452480116835,-1.8987716604365925,-0.06446246713076204,0.7637485925762366,0.07328306552744769,-2.451229001942023,0.2656840353280674,0.9174088226376933,0.7852820495756656,-0.3287884769619446,-0.003921982822961793,0.2372727990686986,0.046693399606903024,1.065288442221578,-0.3757924143806711,-1.3486079219230156,-1.0929493846495255,-0.3309440597901605,-1.6198046515842572,0.6755413316075883,-1.2421697478213598,0.8255266668794271,1.2773366674318871,-0.20989139281093558,-1.8870763259280963,-0.29137554022414774,0.8545621876978265,-0.09691062499080215,1.803280887610435,0.40237430249746053,0.6049135091885542,1.0891963588934548,-0.675356667722667,0.6901243116670531,-0.8322188618124873,-1.1594734210344646,-0.5735945671687184,-0.4925701311448742,0.6422445486921137,0.4646110220048155,-0.6684628277190517,0.5886956572719863,1.7896811624221631,-1.2482991624797017,0.5163589129744925,0.4739438293323398,-0.04355227460803918,0.3777585319342829,0.2385600479557035,0.27579962724452406,-2.0794835393354827,1.4926268617198835,-1.6455685193976775,3.637082915779373,0.5905362478502407,1.1892984787715435,-0.1418333958585267,-1.3747019313037283,-0.6013813383054246,-0.7195441162290733,-0.942004392799253,2.29668734529519,-1.2407658313900587,0.49169800407693187,-1.5489491181491366,-0.6817185380449144,0.2865420847406512,-2.8483233245084163,-0.539403727055539,-0.7185841743674845,-0.9079877019633995,0.47770709602528716,-0.48837311306768977,2.4915501211769704,0.9682404738456512,-0.3499926167726188,-3.151706537959377,1.6039743886503817,0.7971964410273485,2.0311122138189615,-0.5960910692272781,-0.19429930571983497,-2.300129524218927,-0.7534934360104605,-0.3332573211511654,-0.07047924721961749,0.1599127370039748,-0.5649723590874937,0.3774125574133131,-1.64312310880929,1.191483336963753,0.7755650924024948,-1.259344386212813,-0.21684125461385,-1.6458727297433624,1.3987081507815846,-0.3342252103514343,-0.8336160363452326,-0.2859917159322509,-0.6294134603935485,0.20002031173800833,0.703461492240995,-1.5793914105647955,-0.13991544382816665,0.020663748787441913,-1.1980952017619568,1.271733049665095,-0.22892597607848297,0.44877658264579506,-1.2206257763526942,2.467065119276955,-0.04388389256720779,0.006854698795579983,-1.401450039490674,-0.37761808556388354,0.1968799258024513,1.523266555193701,0.7064072856383765,-0.07067601655156328,-0.8150318245740885,-1.1525869458730547,-2.1235968382082526,0.21006796106253714,1.4121332545623662,-0.6324115692520261,-0.320640657265506,-1.8766895160362262,-1.098750980125536,-0.36969258315109965,-2.1853188211872276,0.6817771174982725,0.02449656406959199,0.2807427507187418,1.0899774097475952,-0.7134382653892417,-1.53151088357578,0.3990930893845337,1.2427341502428695,-1.4410359050890287,1.2170691959676971,-2.6308685013141213,-0.5284559719555333,0.943590793168647,-1.1355894863000506,0.27869829571889293,-2.5421332036568383,1.4683490424453618,-1.224247805937026,0.001848691178767431,0.6627849879818402,1.0875608657533398,0.5242220047740178,0.21617739983943626,-0.7017440273015232,-0.4957366732873514,-1.2774333162771812,-0.3030195767974516,-2.4448802002569248,-1.1632994173151374,-0.10756499092250066,0.8127784807418709,0.6337708765656951,-0.19981851016969704,0.7971239951949417,-0.25022828829933785,0.39202723841236037,-0.7830503950878368,-0.24299837019098033,-1.280683333272455,-0.3852962098797331,-0.9248201220330315,-1.4771383629491466,-0.246401699943002,-0.09968139525787688,0.36510131956230296,0.5078085092941542,0.5425572640665304,0.8415043323247535,-1.1555597751351898,-2.447729554879289,0.35640361453675234,0.29121235582092103,-2.3908255201288564,1.9407648462243707,-1.036691360313308,1.9214385266669438,-0.6603686297885885,1.267815526666709,0.7343677311986077,-1.4238740090874713,-2.825118943804143,-0.1481919645865711,-0.7599149291797198,0.20637057459614253,0.7814791921643043,1.0511397843864005,-0.40117569266548186,-1.6883253534470162,1.3008557166893107,-0.5959820414615394,-1.6299879457746411,-1.3790779664860853,-0.27147251108046383,2.145328737885741,-0.46766104598422276,0.374462780237382,-0.002891806733819516,-0.7519227918465027,1.4165589082448529,-2.0489764343724133,2.6379034888282558,0.28929607178887634,1.0720261680216172,-1.5169811695992788,0.19487243958013084,0.36731243888671106,1.7061577669836998,-0.15205336858245933,0.1325247034100968,-1.0714603412732606,-0.6654658098950235,-0.06419597042198011,-0.6512088617221241,-0.2280156259997072,0.044293000723947,0.10784259068168098,0.5793673928944015,-0.508450866474477,-0.12626845081777627,-0.05070408948902058,-2.3051842771294373,-1.5129487052260113,0.3200712127422412,-1.0724111712184567,2.640885825302845,-0.7024892191045489,1.034423824391207,0.10417355859460492,1.3111361986086154,-0.5248977534017667,1.064874339016303,-0.1784007356666032,0.21764461132438803,-0.5086897581945217,0.8143478767738128,1.5847825592414733,-1.1819419953975001,0.2448861000617676,1.2068942157143245,-0.06389624765380741,-0.007788282712735774,0.6199700702383777,0.4545770249311654,-0.7807048425677996,1.6718838718006375,2.0052575900904457,-1.9413701465725655,-0.5996910053669343,2.992690658459097,0.10582606997813976,-0.007077781484925549,-0.22042345134076324,0.878207328814507,-0.09885952197123825,1.243119373190842,-0.7449329085555357,0.3686836750274916,0.28702290807400715,0.451602409526767,0.024897887213734954,-0.6508935937384389,-1.7541050842534074,1.2538746186562637,0.6317232181009435,0.4122170223363567,-1.2925429604701388,-0.2006318760132615,0.03403089802239191,-2.0045567618027893,1.2908606267051304,-0.11332552268324318,0.20894059306953788,0.1391965645325641,0.5288739814904615,0.8675266797121588,-0.08320001339721479,0.8449409474225507,-1.019182189978564,-0.8305512956425953,1.4200618661561675,0.4048989453972487,-0.8014968639633119,0.8512739638041291,-0.0319926563584679,-2.750889603225214,-0.140578372520144,0.7873023930336779,-1.8054419929820749,0.5908056554372813,-1.0682514144340691,0.5698965895356513,-0.6032140385171327,0.8774904455701513,0.7648285917410906,-0.1067931549276801,-1.2635869202231922,0.4030272720398822,0.38933320986382414,-0.31244837652979573,-1.3769484844501174,-2.1246622225634604,0.9552907182274826,0.6878542358961968,0.08573179487893684,-0.4404892963891356,0.13136272227927676,0.0949641231850218,-1.1059991901824884,0.6394066512977741,-0.059191547021847916,1.35883320908943,1.3978590021197328,-0.2939145209315716,1.4953338454769904,0.18939993909897085,-1.508349489914487,1.0713533494706482,2.1473890881292386,-0.24074042706435378,-0.07232999360679666,0.8667673365518597,-0.745848109607379,-0.10860915772607549,-0.5444926929579588,-1.2869738468954621,-0.0423881139776108,-0.32301854215469084,2.6318117985832465,0.7579054273200071,-2.7150899714536934,1.7234970643852852,-0.10351741620900232,2.5191257061552577,-2.67783953348511,0.4968783730974196,0.3730387004546907,-2.484349122131377,1.5086872714900554,-0.9237375661086257,0.4045257096861018,0.9848593388162343,-0.898884591059313,1.6677930064257704,-0.28491763613222526,0.6288855150636802,0.7925626103337857,-0.4112724349399043,0.4372533146583786,-0.5195256009207043,-2.1862739571252194,0.07047973539224162,2.4045896957309045,-0.2241058773397849,1.866651843944786,1.3345407234833357,-1.0895838311065702,-0.6697182185761619,-0.29871320267192764,-1.0941259998263284,2.476845294962891,2.8560003712527786,-0.6245655524513808,-0.6574879245954571,1.8802069868151698,0.2607174907702742,2.164183070765235,0.7655335855746744,2.4363989330855325,0.6657799662056981,0.8823837041290621,0.9101293562660435,-1.302850222530312,1.022597067067007,1.3626816965002246,-1.7275926671870798,-0.08382209791240572,0.35066773277856755,-1.3845771838210614,-2.6891258196718844,1.470601119380199,1.2546894558186066,-1.6032732062571688,1.9328974724134529,-1.2505424561356993,-1.7442562514920426,-0.36799060833004316,0.9463245514989034,0.33178879910957426,1.5020978748489162,0.7009552352991013,0.29537683216392263,0.24796969679563763,0.28025766722447865,0.10349934462755461,0.8052293238345232,1.099422557465431,-0.6578142714744385,-2.1177906550357735,-1.7359422367599098,2.8924453621095725,-1.3557755634080486,-1.0917686971864426,-2.6665575055324937,0.9084364374180403,-0.5706054261494462,-1.0428612274539093,-0.22902366488336678,0.5160678973743839,2.2352795115689617,-1.1961311626568987,0.3481170567746904,-0.18221158765127127,-1.5082760141968048,-0.4164460977749575,-0.3260401683628187,0.5623939325199196,1.1930362340529705,3.795779132167473,1.3563788452911683,-1.5790463942836024,1.47252546046827,-0.7598979383881711,-0.05366771881362323,-2.113929190082672,0.8907866489954236,-0.47698590036522537,1.7515886547084456,-0.39088117306088493,0.028556875228630263,-0.6451191109864359,-0.6410321914501662,-0.2937087059060718,1.7946382278172575,-0.7695791268398863,0.6399884883035946,-0.47280727703664804,-1.6784468296380919,-0.5782465470236602,0.021647537100210806,-0.8213954440376365,0.0968488448072823,1.7183261102271397,0.3741827868542926,0.6490155511010302,0.8363604925216865,1.5466805881605739,-1.5221298089084982,0.5898702826468967,-0.0043439494702531,-0.15727438703344712,-0.6677975460832134,-0.31593253119726017,-0.6887531796898283,0.010713821466844548,1.0746925364086661,-1.0113411896090396,0.5896217712243228,1.8054544140902424,-0.6764780179856501,0.12069558974262477,-1.785778551461094,0.7093246496483746,-1.0734533944780835,-1.2174618943037279,0.403421943109411,0.6766739322092534,0.008354896202952343,-1.0983561773596182,0.23829825137507754,-0.7804926385548674,-1.1051902306123307,0.05798612212392906,-0.038449859462017524,-0.9847167473230588,-3.1652552829057665,0.7163035694900927,-1.221124288545857,-0.08633789926465646,-1.6871310118996095,-0.059418634435973214,-0.5909166560508711,-0.34612721330903473,-1.8555637462275973,1.3828888674444104,1.091138219629123,-2.3535403749974115,0.6824658785595845,-0.302919451923636,0.217457706812188,0.897775882450589,-1.7346060954153988,0.1269901656386503,1.8716668967392371,-0.16877685612024018,0.7688813546216317,-2.9484159752812706,1.4446429601106414,2.1912930367509,-0.07523906387006801,-0.4324421428239627,0.742857631670507,0.7573363798736655,-0.7587982225050545,-0.9678869509577989,-0.2647985574590679,-1.230795499280493,-2.191759422202399,-0.8957109431586054,0.09754876727213362,-1.481244047356584,0.6442364559460035,0.6292813759078366,0.13185501182065987,-1.6103996750453573,0.825701866735988,-0.7272366060954649,-0.645964466891929,-0.5125882691153599,-0.6105548736633417,0.7503839440661273,0.8361879374655238,0.22139675572187933,-0.02204863936070698,0.8327221324736451,-1.562232911394186,0.49298173472104695,1.2961658642294687,1.6010887918223768,-2.024553258529543,-0.8608858077800441,0.3024089657709245,0.8877841902333388,3.0689557996078727,-0.2663605744742766,1.091669462871155,1.7177989132460914,-0.2925660450091916,-0.0540558044619002,0.7377323951775212,2.1452589121644268,-1.4205503391735859,2.1426854370630593,-0.015491175168132414,-1.3593515987954847,-0.9153557001781728,-2.3277254935181153,1.2825781400569594,0.891514124647564,-1.291836212964659,0.44262331287007733,1.2080568260312667,-0.9375467641639875,-1.6919917878917519,-1.0440329706709535,0.3654689529963199,0.8611016307683032,1.3823083842666197,0.7146059394121835,-1.2172106171107688,0.9703024756714168,0.811722806751626,1.6920297085692697,0.4486130047081135,0.5736551387915371,-0.751414861128419,-0.2537288141365007,-0.5028669351328147,-0.7974470348392646,1.5924146646147088,-0.8029049337182759,0.5804468861316208,0.2957081799390924,0.35828872826474817,1.4021018135942054,-1.5071758709166536,2.1662301004100786,0.7663117693907735,-1.3833835008439952,0.040129155153497985,0.22169535536795004,1.0493856090630338,1.956611531607326,0.05941579494495382,0.5743809056844588,-0.7594183215866991,-1.126207263916175,0.07696811695517775,-0.7414348013864543,0.7928187448855286,0.3912538867506433,0.28407785590340695,0.746866906404451,-1.7062224261362011,-0.609564312863222,-0.2330281428870784,-0.04971608205515034,0.44541061726013476,-0.08802555314284369,0.09055428769538532,-2.0256977230158086,0.778088977882625,0.12904717615644468,0.24875681593970494,-0.5908842731502675,0.13902026207031065,2.797720101362526,0.7203372166802215,0.9752670290263633,0.12259483398581589,-0.10695573424821922,-1.2422195589890874,0.4143173387479351,-0.004706682819020883,-1.0138759608736376,-2.362553951773574,-0.49624809076768117,0.47916725842828994,0.29812362551469745,-0.4946359675696857,1.4987280418280626,-0.11460076594054308,-0.9478481277861656,0.2344631683085412,-0.5934491660887583,0.34836175561069355,-1.154387096314407,-0.04949881251756251,0.9902365279961771,0.169476460967211,1.9025000927007565,1.070991542637544,0.004325001160725442,0.3836259709604855,0.7181195668118309,-2.3375326868522777,0.956491793446943,-1.7538734902193698,-1.85384247667324,-1.0509996468421618,-1.965032781397321,0.2508184455467196,0.7123397212005855,1.9398253698342702,-1.145920247813515,1.0825701288914997,1.076810730223415,-1.3413704169503173,-3.0148519604544313,-0.03922613748341247,-0.5306195313185101,0.02175294720606566,-0.47286785845156853,0.9923678635914243,-0.019460690849007343,2.110849646356096,-1.5158777623211492,-3.219274327389224,0.6836440598471243,1.1405143877898585,0.30346057120827263,-0.7007014770798792,0.8107477702465974,-0.691243035625978,0.11403553518713483,-0.018653607488623186,-0.09630546208733809,-1.033189575329101,-0.9711611641206743,-0.5423059242041611,-0.8848701475641063,0.014121244868842142,0.0818355455122448,-1.136930401784353,1.1999296989758654,0.47849841516494707,0.2670502632733319,1.564097570445637,0.00023998662652784802,0.4002687139401383,0.522378002296502,0.7865400841449403,0.4388664442321369,0.4214766185509354,-0.5009434968166306,-0.7932814832197336,0.30793099387586237,-0.3712125283465989,-0.8701285946379034,2.7092484570589317,-0.2811795333194148,-0.2786214471871928,-0.6229657147029881,-0.2765988043073047,-0.23455668969040394,0.7657706360909747,-1.074837975178325,-1.2430525219541193,-2.8887483536458793,-0.0969632516109685,0.45547545485034274,0.35719771706081027,-0.6917427426562939,-0.7869879758319829,0.8034619819437808,2.3554552389927363,0.2794700169561617,-0.19653776592018743,1.9659845874622068,1.0478113270678013,0.6485585023905454,-0.28425470047505697,0.07286626920925834,0.8565730855685465,-2.1041270164182295,-0.8944848814213873,-0.5413110724862829,-0.8238858790230417,-1.8421665407552739,-2.665256046890856,-0.05444563128703861,0.5384655900032781,0.8905234405002891,-0.3461478305231561,-0.4070900410905416,1.0160957508350554,0.25828783648812226,-1.3835024320251623,-1.9762202113019582,0.8935089391945972,0.9842286079378814,-0.8938548821993323,1.3022587572076452,-0.5553475448771252,-0.12119727010745907,-0.9188373764889854,-0.25883683337965085,0.32386632130172943,-2.863154195794671,0.49508525537382175,-0.44008330005253593,-0.17756591174012576,1.532871083543777,-1.424559486883457,-0.957655701237029,-0.9829408745738877,0.8212173387998805,-0.3060944732330785,-0.9637496805537016,0.6802868577664286,-1.3923299408123333,-0.33439229699873413,1.0193914125889694,0.6331067762813751,1.212236432834782,0.9166470228888395,-1.2563741294537907,0.3500264101482863,-0.3389819483925564,-2.168897546295123,-0.39228650332774206,-1.982803603773016,-0.4942960747842501,-1.595890334727859,0.758503814806491,-1.8813626439399653,1.9563494658578646,-0.4348823889316004,-0.44955372905325136,-0.15168915330357827,-0.8969356676171114,-1.0182853611932263,0.8240765789900162,-0.6247766556058207,1.1174817981460585,-1.3266809129737844,-3.1631501233632675,0.7285537673095377,-0.09369503718198,1.3897826781314577,-0.7223689668398523,-0.2668628364736024,1.3409951877317143,0.9265467356239256;-0.2392725795634602,2.1754923353405324,0.9016430700935777,-0.2829494311253638,0.49298241952478067,-1.6859223752997166,-1.0499869872442853,-0.46659683081914605,-3.766330501711903,-1.4692816874545467,1.8848731837000503,-0.5537302933777055,1.5827536863366487,2.1347069406290613,-1.5278147126957355,0.2641109953476913;0.5321041832258853,1.568920664131125,0.1185669759860697,-0.5791918648463226,-1.4764119332725523,0.3529052523534432,0.6490160576367852,1.4331757828212521,-1.3143154351047706,0.41106319012727277,-0.7605429788610715,-2.171269787796129,-0.846635498456414,1.1081736407528613,-0.11460211454467555,0.744549754884802,-0.7357158771825771,0.9297850885307031,-0.8212195416509833,0.5592855338980294,-0.6956516015843167,1.0812739494416963,-1.4604679568683157,-0.6518565415690933,2.313627920598488,-0.22113941035821694,1.527283956346887,-0.4096419165435241,-1.5665953861972388,1.7388527218516887,-1.03082616627807,-1.4702544634580983,0.20709492880305452,0.43790621088061893,1.746579815565169,1.094249727611684,1.01363293607681,1.2400243979088306,-1.8533625374110494,0.6986807448150517,1.1692035558235598,0.028242693658218354,-0.22922715618284578,1.4271584792274408,-0.22556148380803612,1.9531899133702042,0.9023646892538373,0.3122080787257926,-0.7094283897015546,-0.607172424834232,-0.9544948185202264,0.5177907283966874,0.2471628764252907,-1.018335959388295,-0.36937411479531707,1.582328004289386,-0.5410158371845895,0.2769683283702515,1.6928174096909188,-1.1538101856586833,0.029773856198317784,1.4325666528266712,0.3785046117162669,-1.1543701106732123,1.873575784320704,1.3211394799145906,0.6173077630511672,-2.033450074139394,0.05993240985108439,-0.03711660823189036,0.20047491061506936,1.7907518726434335,-0.5823211898968509,0.8264854096102547,-2.0212552318628156,-0.26865893245328026,0.46329418312202153,0.004481973007324877,-0.0180287398561728,0.2876063393480633,2.2047581424313307,-0.8634865545113242,-1.707134471017306,-0.9727441608478746,-1.069399167481154,0.5708076811432954,-0.329095600937244,-0.3169259653135836,-0.2002343212410071,0.8333217467214314,-0.2167836416658128,1.5292834945469234,0.09231722272374751,-0.4833685820663498,0.08152358013981499,-0.5112751906735853,-0.5814422104974254,1.759293392036443,-0.544959925090615,-0.7734254271488031,0.7074095079423514,0.18961076320190884,-1.0079544100345372,-2.434331953322462,0.7430064268165574,-0.22522158064338477,-2.3676592919483843,0.2312139291083119,0.5113046084959136,1.059101839289667,1.911487737651954,-1.6388281706357137,-0.5859249648189506,-0.19393657267534348,-1.445269621743726,-0.2008739714265555,-1.623860642491347,1.6954362764763513,0.3140803099670214,-1.6304030455158536,-0.04484379328788074,-1.0248178458422634,2.3968422108709078,-1.0382706903847174,-1.371327729444337,-1.0367347560714362,0.044555389011227985,-0.34581581857920246,-0.3638026157022438,-1.645942094540441,0.4712665753699812,-1.105873171463187,-1.0424554523854128,-0.5377245986163269,-0.9027902438607803,-1.3750093738586315,0.4519002400562789,1.5433572856505007,0.7349359473684866,0.09954219908496607,-0.2548023674992206,1.3097789045396726,2.6794103658726742,1.4617805235585895,1.422076098033435,-0.8212124988961871,0.5519685814764181,0.1248214924524294,-0.33116462280707326,-0.4805019381812512,0.9981351825982497,-0.030795791894278224,-0.3459917725449715,-0.42144490043435867,-0.442013707487089,1.1941391749579153,0.3750393539601349,-0.8585328328820859,-1.3326891983519835,-1.0219012499124083;0.3539172962982876,0.9047272753600168,0.0937120634195737,0.23267307631819797,-0.3093785081804211,0.7769539288721083,-1.5072927337397768,1.340677825184824,0.46494729783893707,1.4924782881864123"
12,1.3581301515798319,"-1.896010183181764,0.04716110288700931,-0.8753764370541594,1.0056162375624462,1.183487012119193,-0.11810657244659171,-0.4106531247475959,3.3286972089275024,0.18974899795967992,0.013560466484475092,-0.9759039945876742,0.8448310593513673,-1.0247569691850316,-0.7361543124285298,-0.7984230145036646,-0.4920213337855131,-1.2720778685933811,1.136746532222123,-1.6720260456450535,-1.295996955045959,-0.08783112410457487,0.2342899430638633,-0.8771901406420495,-0.9546239954823885,-2.4851507684342344,-0.3896684164764139,0.05688418418590144,0.8286945173245117,-1.2330595688224333,1.4183985959977767,-1.5800783924105646,-0.7792180103196653,-2.245366723579731,-0.5280049659346336,1.5694616188570722,-0.15747548515488627,-0.5205869170722978,-0.2300105368480288,1.6237184986538453,0.16020921037325034,-0.12123878126175658,0.5426504982802803,-1.1234790560367969,1.926367178320341,1.777955051331701,-0.5845864036128804,0.2358677681052609,-0.37893725573349407,0.5229435322197192,0.13068149173701551,-1.2730069166887585,1.4600806925479215,0.24368201840033335,-0.5331533515483201,1.3151069537967908,-1.048043868907841,0.810607603892059,1.947389108553418,-1.0424883337421587,0.4449121555772644,-0.3370621571096648,-0.38128827886293315,0.2127016488645493,1.7533379367749358,0.7559688651363382,-1.6002255772931926,-0.10285599879778314,-0.41232456531116923,1.395158933522992,-0.466831042476009,0.9401027619271809,0.9269766920581104,2.031656634695882,-0.18057477963668378,0.45058074525291925,-0.8343380215642027,0.2516095780506931,0.9751470873878244,0.2557534235559509,-0.44779986639012614,-0.29502516377080285,-1.1466540709242194,0.1958407762909879,-0.9366673577032962,-0.5270351086691323,0.2628779899358654,0.6075742385499768,-0.854691300429427,0.8709297999885439,0.5738457899766571,1.393773603553089,0.55194867425253,0.7619124825120356,-0.31280651574851015,-0.18675123642750424,-0.27034604968468917,-0.3300539602826672,0.7320504163920817,-0.7507802799672354,1.422812878232335,0.7976654315406998,-0.5491384887393169,1.5688648578634168,-0.4184210665963345,-0.10613701273180867,-0.22286759623244212,0.443174954139435,-0.9856039863043208,1.5890495706685939,0.954083095455032,1.574856268231658,1.2160205485633002,-0.5870675274626576,-1.0913397902446833,-0.4144790332449434,0.7817141912136938,-0.5418360981883363,-0.3066878633891604,0.5830689421502796,-0.23288477427292753,-0.35544001814330595,0.23194614688268755,0.49625058367624664,1.5270353198029307,0.6662781680626467,0.9367102043933093,0.07168810785238319,-1.6076853521845902,2.370305713320803,0.24835351234659364,-1.8386986436693356,-0.30056133104441896,1.1156102688598741,-0.24682112127573547,0.4473054263531797,0.4214736270268834,1.1917874023457597,-0.3323847669733796,1.8955651837484646,0.20074999018287698,-1.160618880148029,-0.10846548259257904,-0.09036074172200931,-0.14940079631232384,-0.7906658485297068,2.059088803273288,-1.7658922159727073,-1.4977704286666806,-0.8570223101100531,1.597494253045663,-1.3184576742416159,0.1706195105533283,0.6285386657963578,-0.23809688972794452,-0.2581242065914117,-1.0640752611211486,0.7990579179650381,-0.763680551595847,0.7431510677459267,0.14298999798108455,-0.880558701435866,-0.37349203338266146,-1.3342923626337622,1.5258584898200016,0.5823193103910657,-1.2546673421224384,-0.6875782405430979,2.0947691457397295,2.4906004337315273,-0.0765394535321548,2.4668883143348457,1.7191068224282426,-1.3248314065335274,0.14540666503665461,0.790553205910302,1.2686346026194462,-0.040384653030057664,-0.03460282871798384,1.1345626056767577,1.0835832994615464,-3.3051063419323765,0.097614835787167,0.6052021129246019,-0.32487095250316617,0.5514365303092925,1.1185830701912627,0.2612892450331292,0.7677828073920756,0.6677088155442688,-0.12345098956390067,1.1777634024831531,0.8291106386609646,0.3550315720497507,0.08810517766501683,0.011099056642838476,0.2816889901809449,1.581304414817798,0.24867268620992194,-0.2795619240388225,2.0100032922277644,-1.0086799062594876,0.013457495769449462,0.309354572486707,-0.2964608732309394,0.763356271890205,-1.3985005394249728,-0.7317905581482611,-1.2378065141990304,0.9036140310205628,1.600322806805063,0.1407098166857197,0.12602550907134516,-0.26630616412928504,-1.778117527115334,-1.0674466084406145,0.3122304868281756,-1.33035524484574,0.11296780183974263,-0.180641266539028,0.7682477008086351,-1.348712763422672,1.677266262721501,-0.5263025869396223,0.07725526038438926,-0.1770863579041939,0.1864004270908306,-1.879185489990576,1.4825971906861195,0.8963476234963147,-1.0244912575962861,-0.85329098781456,0.41390788202374984,-0.9950946103254061,-1.094266876633779,-0.07128937099985179,1.074362482141883,-0.20463998499311514,1.3173903453105051,-0.44601631723515617,0.45708051511058917,-1.4658546948053963,-1.0668988882449468,1.2853516522772364,-1.128861010732554,-0.6913684965534433,0.7082492294986042,0.5531126137004934,1.070040953413326,-0.6897063992332398,0.017646336652375746,1.2273656979400096,-0.08859667112131023,2.3284321521505014,-0.09533029438244123,0.40182987811933873,-1.6052439280438668,1.0485711689278707,0.16908849344882668,-1.0193922901320136,1.055408103949906,-0.1685767135327219,2.0182858521937215,-0.04736952384515988,-0.8642484467978486,0.1170416140837405,0.3453223735500558,0.29344672654791926,-0.6176060343813223,-1.9722314733117734,-0.31911339808015043,0.0383215606188575,0.4727370700657153,-1.1291796125680689,1.2881441675373435,-0.8456007098388899,-0.36171102670744326,-1.4378465688522546,0.6331158640343251,-0.2366150948446483,-1.5784406259320254,1.0866121410033018,-0.23619550251262597,1.8064192285053122,-0.30858611649610856,0.7746216175152996,0.9333722407744693,-0.05939061252236078,-0.7127680070584069,1.9276463875799912,3.1357412289813555,-0.14219465521021496,-0.321786252953123,0.8713956081594277,-0.90674680065538,-0.07639678438242883,1.9879397886828591,0.6547139299920409,-0.2986656377123754,-1.6864252037727434,-0.07379737613238015,0.697028389365599,-0.4953274897662537,-1.7522513112168678,0.9092550823337509,0.2621416094174444,1.038281956791773,0.31363969262307423,-1.4152409826159742,-1.3604590868867075,0.96313722029412,0.5601946086143014,-0.6247945690552474,0.6763466285068525,-0.34612926409283595,-1.4670397280153231,0.6930594066293878,-0.3742051040192128,-0.6565496594653544,0.6276823254021867,1.522241988297432,-0.7779388059412063,1.351730001276892,1.0221724788536997,0.13875535030362635,0.8205230167842299,0.9504798227030238,-0.13089211479902324,-1.7166251739585097,0.309011430274316,-1.2311751756419267,0.29381076098777514,0.1451403254934427,1.1047125933417998,-0.4079084121876553,-0.7655203557759314,-0.23626312096529453,2.059244768937327,0.21721010275072725,0.2853694077136842,1.6308291143373204,-0.05495642233956015,-0.15078328788122075,-0.16993229228286558,2.2301824174043627,-2.372380111606148,0.5489157471593579,-0.26763542571733523,0.38341929776964395,-0.1659668015489925,-0.06105884049480435,1.0557367297840787,-1.5509403380435163,0.023656668827435556,0.7058361113874928,-0.7514926434584167,0.2769392303382785,-0.8033799786259537,0.8472499477500255,1.1737519812552133,2.221529178817665,-1.6148757909559839,0.30476372366884635,0.715289358026244,0.05557461151718937,-2.287653213504075,0.35222204657262113,1.0492068582966458,0.29289818629754916,-0.49045582780238983,0.08466728091537848,0.2531285916318047,-0.46080330804442277,1.1988163457366985,0.21559133285802218,-1.2102862805402361,-1.233013647960161,-0.4661370547262393,-1.6436956263459617,0.8782307950908447,-0.7935493600317087,0.47279059398791695,1.2263709218618302,-0.30945032088746427,-1.8237464501783067,-0.641556709134805,0.938973493043606,0.030724908729483826,1.5480472684376794,0.08023494628365936,0.8243147149552948,1.3119930597559208,-0.394208336062765,0.0692762694394283,-1.0315272940031617,-1.1700350115103841,-0.6371150892082316,-0.510978179738247,0.30121697925203317,0.6320623175562375,-1.0081515372126117,0.3764289835434042,2.1620148836536184,-1.6817482885413675,0.49494846342126964,0.09933049698776089,0.23632779273739865,0.07747222250175517,-0.0005342310427026986,-0.11994922607417177,-2.1290558650063707,1.7933296234355576,-2.065250110503817,3.492911127456591,0.13532129822029038,1.4006987659491097,0.014657777292726715,-1.4876736076105628,-1.069975213758124,-0.6989925888948606,-0.49660960698983486,2.2763163020895067,-1.6150543934727235,0.6573560868411128,-1.6069831030988841,-0.9698071662213887,0.20767056466583358,-2.902035183734186,0.03287965117922634,-0.6132794140949108,-0.6664203610739851,0.7429553052682731,-0.564794475047415,1.9959945011804454,0.8683487021189072,-0.40308372123290664,-3.0743155109774714,1.3777124373668348,0.7270841889335881,2.100503280487569,-0.5743464639717534,-0.7535994899255105,-2.3996091418811734,-0.8842911659868823,-0.4927861602127182,-0.15914458734452613,0.46872888174621785,-0.33619790752988354,0.3636232677625862,-1.470385340978543,1.2379380792841015,0.8473551058166501,-1.0628059341304583,-0.08344346887728615,-1.6410057940122629,1.0911390717579554,-0.13254953805534117,-1.1186613799622949,-0.4861365674123766,-0.17244853050677722,-0.019422648914825202,0.9242398333616535,-1.752583211951092,0.2135595794154097,0.08954998280641349,-0.9709418406524376,1.1140510984857737,-0.35800344331128015,0.2979663134670242,-0.8381759774831957,2.2369429461224444,-0.02598946708411709,-0.265948039496091,-1.2431176064005875,-0.49483428124001727,-0.08864240712938226,1.5382329074500465,1.072286442391562,0.019536261493661194,-0.6334013866497056,-1.4101622852342424,-2.2314020463540136,-0.03284307517214298,1.4066130530672638,-0.9000846289497771,-0.09939622154315285,-1.388555217886811,-1.070837699958938,-0.3216922569692133,-2.168100517658819,0.744950577084882,0.1823286251768595,0.4239821931386881,1.0717321448307933,-0.5116557750507404,-1.7010465861781585,0.7644608909138606,0.778784505063465,-1.427936271642168,1.4430915917783511,-2.377075970981082,-0.23623575455647472,1.3046011514719538,-1.1844821853911567,0.2271879733850888,-2.0860125737746436,1.6362932160937642,-1.4896313243142845,0.001546720123954945,0.9529645541436045,1.1394373164315188,0.1980983033527503,0.317286934327909,-0.4934275241119164,-0.7347570339732795,-0.8599531240300667,-0.20081968078238852,-2.217700975317379,-1.3408268849667215,0.24479557376318684,0.9023356619328917,0.5545140295540217,-0.10208521057364524,0.8708946501917149,-0.6201934942791709,0.3981891181111138,-0.4614379139984309,-0.0031988825830037565,-1.1870984958188153,-0.3037087613618029,-0.766289344881379,-1.481972950521768,-0.5585114053942506,0.07771666067198686,0.5147661602789426,0.5309182433462738,0.6407162269245819,0.5348785043073296,-1.322556701060738,-2.220880727985903,0.22602177323953926,0.3205445035693778,-2.5106085327948255,1.6104286417299682,-1.2775790358935641,2.0878324157634505,-0.4886698296108536,0.9746101574832668,0.6614472186286613,-1.6440378553562136,-2.7391887958029395,0.05059495618573677,-0.782091463730851,0.18363686179241434,0.8228605023130653,0.665176816699794,0.1452999916245463,-0.9549960653252646,1.4542569074557798,-0.23183489720754064,-1.3272702566596049,-1.1311017473785132,-0.30227172838491095,1.7884026453738266,-0.6418061006730478,0.45900235973943604,-0.22452374059486568,-0.6483535428433105,1.3991373853005782,-2.1591515874899114,2.3622889526246693,0.46854023022167446,1.2212449795060378,-1.4683524569246276,0.2914838814243226,0.042791312520537556,1.7457012875115412,-0.27749151746355893,0.017233421634085148,-0.8764709803055893,-0.8195582263080399,-0.3518702021281816,-0.33227122071531673,0.19441157800920883,0.1931593801605634,-0.06151154956686096,0.8637723996226055,-0.4959612423274007,-0.3008630188839287,-0.1856909778071286,-2.299139694449043,-1.3979844152201981,0.6439479880652319,-1.134309051605298,2.4376611772702166,-0.7313968889097612,1.1623456070104852,0.33211413711977444,1.430941336069667,-0.5594135980614737,1.1508500708263152,-0.14162277740988163,0.7183846766616322,-0.7600304895394154,1.160520474669814,1.0896667623663887,-1.2922511832234964,0.002148570240830136,0.9873980826066043,-0.6611262086256601,-0.010469890103631065,0.4762101966417292,0.0572930826219179,-0.7160236677804653,1.4892538700452005,1.9253759395925645,-2.020114710052819,-0.9409517727079603,2.440084317236983,0.2223815579644143,-0.4521601675543671,-0.01877149123735891,0.6405942111666951,-0.17260404039183494,1.454922700454925,-1.0697040847214838,0.649592689280247,0.3328151063487296,0.6510828558869066,-0.08890625822279274,-0.5672790661475653,-1.9828246249127666,1.5571542944788022,0.26022614313906123,0.5343720327355758,-1.2963783421249673,-0.16965504647229546,-0.00964732663428748,-2.1504390422847806,1.2939777377717236,-0.14819455126136133,0.31566202005112426,-0.3668233285462511,0.8024436635412128,0.740004194091072,-0.030837805304097722,0.8175396974654399,-0.8892051656202244,-0.40137937065497653,1.8467163197500922,0.5822894687005669,-0.899310890995863,0.5210554797933338,0.21828287478552316,-2.5291747224381598,0.42247523917849417,0.8763731069097356,-2.0144951534809157,0.40547991067227446,-0.9775740798299379,0.5531100530357563,-0.561078242551042,0.9210227590855471,0.5971149029417099,-0.4496556655955806,-1.3935098972595743,0.22048900091312437,0.18191029328645025,-0.5131774066946342,-1.5785295209683083,-1.5308058524320307,1.196749880447945,0.8378023507415924,0.41774164693678945,-0.3600265635917948,-0.005716876929079309,-0.0750869313447781,-1.2220065022363633,0.9239955643436965,0.15143242418949787,1.2894289576157583,1.310142428853109,-0.14506965910511016,1.4888557579277164,0.38456683418247606,-1.4959085609421061,1.1177008523912142,2.6802612989880465,0.022194137015347296,-0.12421716445818141,1.0446287685077529,-1.0325769077306899,-0.32837041821009727,-0.7059705098123031,-1.412785351489357,-0.0900486839337441,-0.4950919985117158,2.628114464722305,0.916773701183712,-2.4679700012718984,2.0984619367164243,-0.10474191714299572,2.1366119242799897,-2.7412743265238846,0.4084904447393805,0.17124121558474284,-2.4445001909692783,1.3623691754301035,-0.9018108846299393,0.41683605836510923,1.364124586868611,-0.7568288884765801,1.8761877877832442,-0.2801337760862938,0.4348616803211084,1.2916403939757073,-0.4125570068563095,0.4500324563811582,-0.6664605031162264,-2.0831093660893405,0.41793818276307615,2.002636744957539,0.09707859600347739,1.945159317959758,1.316290138277638,-1.1730553234258898,-0.5942075300264176,-0.3089786046182427,-1.3686984470084889,2.286645151075094,2.4691949349521507,-0.3101807039187142,-0.47786315878925395,1.7611552884967525,-0.04203880350092308,2.075326087618724,0.32022892065828834,2.5004240457822147,0.36165757838581564,0.5146632413981415,0.8453863289342116,-1.3379384440983078,0.9603485976981339,1.6593063957611138,-1.714752370481775,-0.13819696418297955,0.49165842201902693,-1.1671772335251762,-2.4558662464686822,1.4619743668209821,1.2189768459693644,-1.4790226067681438,1.496275326742282,-1.6625453452616408,-1.8525232485686467,-0.4515757709228221,0.9043820034767666,0.352264244410437,1.3595649054127552,1.4373841557838538,0.16291575423724053,0.35765163544338935,-0.03010588680949241,-0.03378915620853458,0.8576183423542881,1.2725317083992054,-0.03540884315839739,-2.090358375204226,-1.474388780895658,2.5247852732077347,-1.4532144088366863,-0.7709182118285918,-2.5634753035652573,1.217454347994253,-0.6401139083131,-0.43230855297467663,-0.1286689930215796,0.21990545277532264,2.1700364149947773,-0.9246857845691145,0.3103328392145555,-0.3352789928847307,-1.4046280137349985,-0.24112719368694602,-0.3976646769833897,0.37011275124701903,1.2814909825061047,3.2844305086869277,1.2109811743628451,-1.7334387227143147,1.4232018158970172,-0.6418826689295377,0.21336096409285993,-1.794071058157982,0.9666250838093091,-0.1294673654103761,1.8791011234090607,-0.29534399204197104,0.5597582461705812,-0.5167476814989567,-0.7566624970081339,-0.15083237973094232,2.002809104599205,-0.5555056508693258,0.7921857099191632,-0.22860554987316795,-1.9180180552606148,-0.8012349386483715,-0.49528652900755876,-0.8905506014787038,-0.43102603688346386,1.469437083804503,0.722220095057311,0.225299943600773,1.109127977071755,1.651579619691894,-1.6388510852071883,1.0939708264495183,0.09755695274694336,-0.639556567655559,-0.6964902579966523,-0.38580719084074033,-0.7904314947593651,0.02153269338513142,1.0092684379905863,-0.9036842134159235,0.4194069133076132,1.6022495008362316,-0.7089149411970432,-0.03408986586305321,-1.6714488941580448,0.5983664160096147,-1.1600872297548215,-1.2056156982653246,0.5984482749980141,0.7687000102854005,0.1450447739167989,-1.0917066750910078,-0.12445627974598092,-0.7603705050986197,-0.6641100435113793,-0.08463604516194635,-0.1548948692710715,-1.1000289969742125,-3.001301148692603,0.5621089224028186,-1.1850712390352145,-0.19310642786649754,-1.778095106794906,-0.2841489604846572,-0.5287510485271948,-0.2985983630755168,-1.6442055617010083,1.2600225589686946,0.6362931428766425,-2.2311209854806062,0.3530616323147352,-0.35747513016826005,0.2734824840234752,0.8745253940435539,-2.169754517669592,0.15614909504110414,2.2400499346656293,-0.19784675264630497,0.5972141191245749,-3.2576267506418937,1.283192010649951,1.9559199361336232,0.04149719182300961,-0.61289370807138,0.8417891502714144,0.6527275884426804,-0.8274270850495123,-1.203296592932664,-0.3578558323551882,-1.1183234471999264,-2.1012508484902606,-0.795543854707417,0.33383735867194697,-1.4060714523968763,1.1245899244240807,0.4616803203160193,0.005263466040033915,-1.6018781414259644,0.5398501230226384,-0.7596697761739077,-0.6672018006694816,-0.6885316115765792,-0.6308639022745158,0.8122964311718167,0.897515000867492,0.6600630164431806,0.2788790086921904,0.8278732931367477,-1.4217612769678707,0.18413088461942106,1.0046064876602072,1.128765739423401,-1.9764076581969772,-0.39230183606445695,0.40660252577966544,1.1019723362431875,2.805700699461674,-0.3757984951188628,0.9255578909219686,1.8451855630643452,-0.25283677814121874,-0.3246421833436314,0.5341247558917971,1.9091963439096151,-1.3572105825098961,2.2403313159781892,0.01640498021935473,-1.2082798552903828,-1.1364819375526731,-1.7981946013249261,1.2546220260386018,1.0876786952161162,-0.7468301762938643,0.4963426774431979,0.8518392288138181,-0.9325353104372759,-1.9262454613719315,-1.0901393905185917,0.5809613411307055,0.6553375048937838,1.3417207841487793,0.7818421155152779,-1.4392996998446848,0.8587647135166383,0.9324662238770313,1.748634397185786,0.3570317493810647,0.18730106018755116,-0.649853933800541,0.03555385252044069,-0.4445187593579112,-0.5583587582347547,1.5597750753298272,-0.5914267951052196,0.07215484761720775,0.5196952879984178,0.43594297473405486,1.2754781463609415,-1.592179616032943,1.8571485265305814,1.2391512319599551,-1.4761211466852224,-0.2185240212691547,0.23727106866667666,0.9312364875208936,1.697969416642029,-0.176211598166224,0.7944491742796865,-1.0020094389620833,-0.7127275388796568,-0.3907484474479957,-0.7579952436336398,0.7225537073349416,0.29122614202483976,0.5195078691767469,0.15405152921358284,-1.790050846307393,-0.8417931656832829,-0.7588324904910917,0.14166198869567556,0.27635265696953437,0.10189965436391771,0.3308347950947845,-1.556290992509955,0.8981002364618276,-0.028081248980398293,-0.09379266007293088,-0.5504270429906268,0.042986955512991164,2.782409660277835,0.6636542807475483,0.969267549007838,0.02362528281723353,0.04449971497597442,-0.7938418582525021,0.12263156961246524,0.3206402062672693,-0.7656479025726399,-2.412473159796717,-0.61963646552933,0.12615237643766702,0.15447458306775028,-1.1907849115102342,1.4155098253738654,0.19640590729595742,-0.5801509130907416,0.32483591561256764,-0.591240812492151,0.2876932665789962,-1.2058760152984762,0.0019041454925854753,1.1255243502222347,-0.5459728905308353,1.9181600278154447,1.2588721877354223,-0.07592890308067167,0.4250468572370745,0.871286320992489,-1.684202009121844,0.9833758752158169,-2.0632778341820672,-1.9735525824720361,-1.0226935754114599,-1.8053016686694376,0.3098736410295919,0.7542997531002624,1.5614289118940146,-0.9455597978340227,0.793340617912032,0.6666143188873231,-1.7294792219268333,-3.1666429150815727,-0.04518891838910659,-0.059495800646298336,-0.11632352206369756,-0.4828131305469303,1.129591081140087,-0.011339499110689592,1.9663557894702288,-1.2002119532421338,-3.58257279670014,0.40243928095027015,0.9282692076275612,0.033733923954410994,-0.6099265109128454,0.897858974790776,-0.5094275321540797,0.13632004827768882,0.32529301161840907,-0.16200325993367604,-1.1718559437232796,-1.0329381874393473,-0.5021778848399231,-0.813984013525866,0.2894683040879996,-0.264695510917748,-1.627407819279893,1.300569752413031,0.39363704420536,0.4441366318697536,1.1702864350243258,-0.09591532126677466,0.7977316079892892,0.3969318393395656,0.7667508732915089,0.4721832413733341,0.40099224862589783,-0.4476601629918256,-0.5516235955748596,0.2192266117205175,0.0051823252764186985,-0.7824571048520611,2.4851452181478066,-0.17469593057060456,-0.33545681082379447,-0.7842193674835192,0.014397465479994286,-0.32387331065987884,1.0696129182189649,-0.8186713790591127,-1.3529302172501556,-3.0635409700293006,-0.09303801570910139,1.1578569416339715,0.42545624693112294,-0.9479512075992389,-1.2615159345225941,0.594966888889661,2.54531425667004,0.23186868159542898,-0.4399143877149845,2.0092440809989,0.9697740587215778,0.10855104062330136,-0.049598769036433316,0.2367095208422602,0.5519030413683816,-1.9361116494092319,-0.7026756347398229,-0.677390627495916,-0.6844033175783075,-1.8813926117581559,-2.6581165954893153,-0.08379698817569659,0.4852274576808679,0.9809188767186311,-0.5137468083069133,-0.21911982949203357,1.2507996671565222,0.36626195538922335,-1.1434478592880375,-1.349167027398925,0.9577406198547513,1.7085933868914638,-0.9109957501867959,1.1606666526737583,-0.20707697087726143,0.30174322395854647,-1.2306069193602505,-0.6896689544919696,0.6095081256140842,-3.1929541531044707,0.27368450238852343,-0.24543195593010816,-0.2134523400536701,1.4452701014839502,-1.599091413652343,-0.9300316449320359,-1.0998396957035872,0.5610716714580255,-0.09609356896384638,-0.7129157957258775,0.5301700839195637,-1.1784843990203342,-0.41238201442074496,0.9781400963933248,0.8204038025408095,1.270195602109707,0.7711543686081371,-1.142774926207719,0.3980877207380631,-0.42726988704060054,-1.9508200046424204,-0.18390830749413833,-2.086955574578581,-0.27819803050584696,-1.4733472975125481,0.8814397562962855,-2.0609386207265574,1.7997403192381196,-0.3781834245731317,-0.5391478988957088,-0.04860903536716635,-0.7661336660650844,-0.8670034769778895,0.8099503015707864,-0.8065266046392595,0.7905162789800314,-1.702744313988505,-3.288981340802224,0.7072721340978134,-0.1550189664243189,1.2871549918173177,-1.1237711279422484,-0.7816863306650912,1.2773518113112816,0.36625957055422176;-0.5969633139505087,2.602266687094463,0.961341949693955,-0.3282868395457783,0.5295751147975888,-1.8837137286734396,-0.8655448175991595,-0.12346294728937693,-3.812350717833,-1.5377702997584315,2.01395553044171,-0.4783702883263212,1.7666267113489955,1.826432569075334,-1.4351255828702671,0.31080045632119674;0.7790799430056785,1.7593581753766427,-0.09814392581972911,-0.03893840108762103,-1.4773081825080225,0.43943800858189597,0.4252772668569181,1.220992487790117,-1.2526423101838118,0.5648506428471599,-1.0079282940459886,-2.3746594798383787,-0.4520805397741606,0.45867332563788576,-0.3614480650410933,0.7511421984816603,-0.5483725614283049,0.8972486683254384,-0.9735320390399428,0.7619430232785209,-0.7301287206262337,0.9731919849132581,-1.5110828847851683,-0.12400881620199951,2.65267173576121,-0.4742891818139314,1.4165839903684379,-0.5284766972712278,-1.5566795369415658,1.7266236074289367,-0.7030974411003392,-1.4433197864490803,-0.042430250704650445,0.9598338805252002,1.7445037126354208,1.3115413255949966,0.7943679888023519,1.7760649634792753,-1.7897271266531578,0.5538512894732286,1.43091764212197,0.316364645132078,-0.3729008449643261,1.1833306293185146,-0.37488063704978053,2.1226378660320333,1.1536977696470374,0.583856274442492,-0.6330046487812961,-0.5634990255623707,-1.0016886100444429,-0.27897856046477687,0.5386346318214326,-0.8978575729815914,-0.39457905614014144,1.557712431381122,-0.7889749213756214,-0.011282974449477845,1.377110948836776,-1.3022221568317414,-0.03039904391989062,1.7508057152874952,0.5459082066479672,-1.0490278355361915,1.9770186840813508,1.0291908702975467,0.690122568014493,-1.9733099961781388,0.5389421551489764,-0.3993233951890648,0.20366521841572682,2.199405158735096,-0.30118677074332534,0.851444970531891,-1.809976057409916,-0.2853513519741582,0.3828589384795569,0.1549639882160685,-0.3194766306929346,0.41386637439266566,2.219518778211044,-1.3342583231272407,-1.444790979264216,-1.2017261148718597,-0.8848740867669997,0.8288498889979895,-0.11793454326336256,-0.3840700219988616,-0.00879376911603727,0.9264051005483501,-0.7328269243973587,1.6549233766419333,-0.02321137895795236,-0.344953751959571,-0.2040961377310206,-0.12515814738066727,-0.6651277642725272,1.502050319498918,-0.3167730776132486,-0.9465393606827375,0.6648372704028136,0.13157479243087788,-0.6439592822262553,-2.5181053436159258,0.5208992341394362,-0.1070763435908802,-2.3261894478609753,0.3984099163514453,0.3228364263439093,0.8223781666861409,2.334159702253292,-1.705677807664869,-0.525315952244308,-0.30109941820870356,-1.5023606443240822,-0.2629412489579618,-2.046804538538992,1.7933004097879315,0.16842476326884884,-1.2467557644378746,-0.020706371848667138,-1.2697101479886181,2.3091969239898416,-1.0864822816030968,-1.5358485015155532,-1.1963461236810857,0.10110387600815778,-0.14734392618151382,-0.1567387430652957,-1.5523734063335486,0.9239825328123487,-1.0839441035886277,-0.6169484906417686,-0.40558942342012094,-1.0195758956412988,-0.9709338351180913,0.19646909601540105,1.690818145496622,0.9353492897187522,0.16469717440677897,0.07305775725715027,1.2278096386121151,2.7739441048008993,1.7905573923021412,0.7354636406947548,-0.5434852609354284,0.5416646440316789,0.3652819307355793,-0.06868037872572405,-0.19693914585551492,0.9208870040705491,-0.21016697852428362,-0.6252348863192012,-0.5321437882277343,-0.16023483259484722,1.079662587819511,0.5271988778706276,-0.9194462106242081,-1.228496905217315,-1.0936450795456132;0.24498494646326427,0.970793238787322,0.05162886913598136,0.3048881693337738,-0.2879119974963781,0.6949741370591933,-1.9201883084648759,1.400403859109888,0.7316925034623963,2.07703871263044"
13,1.3052880491181242,"-1.7400579451105151,0.39068997557535196,-0.7769435468774786,0.6934240646128229,1.5042332433348022,-0.08360477763679908,-0.2826574406580695,3.2783270757017418,0.3065687186730395,0.15251502382082752,-1.1000230313859922,0.9507680932267352,-1.0410846779630387,-0.33666547170149763,-0.6698539794881222,-0.7093816238332167,-1.0902529240289496,1.1606820948621739,-1.4988449994090565,-1.6779690058129788,0.04353548509240546,0.0075812455293375255,-0.624853338221475,-1.296440187741562,-2.452072529419558,-0.42329812489111796,0.13423584715187356,1.0025692894253864,-1.3015155919037271,1.5595702625096144,-1.333902340204871,-1.0386958103663289,-2.281066143880009,-0.5147400808380725,1.295610695945202,-0.31489645994277515,-0.29440464459689325,0.030166636023944413,1.6213717861309265,0.17496145437380184,-0.13710493912930943,0.3300682268176174,-0.8705207492171227,1.732564531333598,1.5394947740191158,-0.6672246567248039,0.1810446305962154,-0.4955946317853214,0.37616792704153373,-0.07986536592218893,-1.5006595211005231,1.0971442284623087,0.07795567858233363,-0.14316898212676304,1.2194653850893853,-1.0385830368893885,1.0548668926759375,1.7551969815863515,-1.2293675493711156,0.2849455730960596,-0.34767043407336357,-0.5586328751814934,0.42277304573148905,1.8496008475050698,0.6959635857858049,-1.6126289306595043,-0.19997761495989266,-0.5118642754509494,1.070887934437336,-1.0874247069114011,0.7278265890120791,0.8856255380654199,1.8703162106443116,0.03934804217329589,0.37924471441958524,-0.9822955130102953,0.2404750324845657,1.0418158361679173,0.11293127548937416,-0.37222803381070213,-0.09414643661328603,-1.1488503820949156,-0.11758662196565128,-0.4334191288788992,-0.4605935480815685,0.285632953961825,0.9490802681527155,-1.291742752399626,1.0259484169990063,0.7327688813632535,1.6421983773927893,0.33468950046011314,0.8390620813189116,-0.30054934935517896,-0.5919252111800166,-0.4532597900187385,-0.24912277519033332,0.8242662168100534,-0.7673344126903185,1.1317169678860384,1.1844950692818772,-0.4157365801964755,1.061089361617101,-0.7367828128138235,-0.04902106354522158,-0.6582127613431951,0.7282491074657144,-0.5127183917175522,1.2816713559748123,1.2326786559831986,1.498538734526331,1.454425183433767,-0.6779282502012814,-1.73402455511714,-0.4263621964442008,0.7088140801887634,-0.1341970089552567,-0.42310393248743416,0.5187087705697802,-0.4355422361394929,-0.4054686737860357,-0.05970754066225156,0.5918065362004152,1.5465274752968634,0.4408918881608218,0.9380633580419748,0.15238280796544584,-1.489524787479184,2.2131763761075987,0.19994210797325923,-1.3353959579444596,-0.17439731971527617,1.338085250307304,-0.5302330583573611,0.0489455151057749,0.435775988480465,1.248068135311558,-0.32516503464710467,1.87526667294599,0.2686399441469936,-1.5669519139595371,0.37969305576055906,-0.27872777650380454,0.2566459598097918,-0.32637101983956024,1.5963378427437924,-1.4272037829635233,-1.8604497897947496,-0.5160782995671256,1.5433578471028886,-1.3752178179134116,0.03258198168471142,0.6641477781223946,0.1032352055911461,-0.24606552480358423,-1.2058074469490456,0.7568638052693333,-0.7344554000772033,0.76093382400822,0.00017039421267202315,-0.8494609778944757,-0.6600877173506714,-1.4534065794840576,1.4315307819696603,0.7014180943632963,-1.0064434460325027,-0.39587443198203887,1.9765326431542345,2.418040392873499,0.020971833951883317,2.4812479705495893,1.602406015263432,-1.3252913518140763,0.3123123244277735,0.6582926889592033,1.1965748316986258,-0.19260250674287543,-0.12727685105855666,1.107048799536511,0.8061975266603646,-2.602941752363676,-0.020307698865769993,0.5440002951227606,-0.563407976563085,0.46510164261679604,1.0339634019217576,0.2708624243733405,0.49841772032363163,0.5622866450732131,-0.09460117315709977,1.0919693909266328,0.8857641743378736,0.7995058621874104,-0.3490946242854842,-0.3472783234090578,0.08938209657301399,1.8306730003284308,0.34362400286885236,-0.0260498884168216,1.7217705050876368,-0.6938119458835714,0.3364494348940762,0.33504694687833325,-0.18658905645701512,0.23266444267253722,-1.2321304722730282,-0.9879145451525438,-1.293281368722508,1.1572027939489966,1.6599654959883987,-0.11851052521879879,0.559921592434539,-0.49632099764344284,-1.6991543625554526,-0.9963005976395569,0.2371699435441071,-1.3284529380467447,-0.07649361484719756,-0.3129402960480392,0.6469297513522504,-1.4606769282215748,1.7729069815485023,-0.6683262698691725,-0.015432184405931994,-0.19734113569670686,0.3747844058840263,-2.0306466966558157,1.4507219806308917,1.1109520871752956,-1.2115993484973442,-0.6849479734136251,0.08450359122090545,-0.7392597657677267,-0.9356154753229683,-0.10714568226252799,0.9403385447213782,-0.5962624360947714,0.820910035152333,-0.6024866986009276,0.27108219581888315,-1.1709220435816612,-0.9593787722619374,1.0554390058604548,-1.2954788878540047,-0.5707540597901158,0.7643473312062894,0.2649677283622261,0.4407068216957466,-0.7243985439091427,0.39184770429648635,0.7459391407546905,-0.20442021066285537,2.368260660969408,-0.3719544206778056,0.07994880779424618,-0.9680723216848526,1.1543324452443402,-0.011240490678191724,-1.0205168015733794,1.0010961141525017,-0.258528876922247,2.2013515492089106,0.0819744751936351,-0.6115225633072584,-0.04357641150277488,0.2585236556761325,-0.054232761648277006,-0.6036942395740614,-2.1168160217179697,-0.14037379894224294,0.24912916842500624,0.13392350220788657,-1.2330260796032175,1.6976547717447186,-0.5902008205363829,-0.22357217813480304,-1.1998114795828345,0.6813178587850799,-0.2870350813715937,-1.3203127232119045,0.8441576075527407,-0.23870110140814393,1.6434063438764663,-0.4743111654825822,0.5000112506849367,1.1834169341282514,-0.0409718294222739,-0.2534580492688697,1.8228892254682465,2.8835822407537197,-0.06282457170545176,-0.16324072463801753,1.2767927316746221,-0.6770148610526542,0.034996934416236386,2.0826265257439527,0.4865092991283224,-0.3932962073217963,-1.5812281337897343,0.2016114812631974,0.8451704468477764,-0.5352570887032979,-1.6579643933165205,0.6880738535350386,0.20080406810637613,0.8155570659454302,-0.37982312112833416,-1.2606725770923046,-1.3271330273810689,0.3447626369890041,0.4812050519034662,-0.5260474749427293,0.39106878069179296,0.054393426826260416,-1.5716273720835212,0.4093906107087582,-0.3943222307887123,-0.678543665465522,0.6053160865873775,1.3722598586223502,-1.0886727348593848,1.1051450219667371,1.058305835357375,-0.0015267015581806598,0.6115875838486288,1.0964037444198595,0.2963189598540701,-1.7988030411642166,0.7168563989813365,-1.2449147036993342,0.1710053033775001,0.016011304606654203,1.0424879546179506,-0.4596146792813178,-1.0266809740281717,-0.04825292318989535,2.214480943463016,0.23269127754808527,0.4800272068404262,1.9145356755859233,-0.1381646622558787,-0.4849019002206315,-0.6299719861122919,2.1122116571237775,-2.2622194500080224,0.5971599091980577,-0.7551863959009171,0.4731770830984091,-0.01855323946501765,-0.01080906690241206,1.285514579697196,-1.3353570244752087,-0.2434861749596819,0.6842900264232067,-0.3924665218186753,-0.1092963557739112,-1.0708418350776796,0.7996260885566515,1.0282648043982507,2.4011598937487633,-1.92820172449884,0.4866766017917835,0.917429562260291,0.29049367710175306,-2.436167441750513,0.2677309913048906,0.810703457715876,0.34442271227057575,-0.6075692846764875,-0.06190298778117782,0.033942189456165714,-0.30550757373830617,1.0970381746469273,-0.3209115480249542,-1.4306610084573663,-1.0386321181270917,-0.6605945375582976,-1.4912652549375418,1.025010517242768,-0.9220797718336126,0.645164512359915,1.4209858908983735,-0.31342580723491625,-1.5293094976635395,-0.44512102812421234,0.8562511043493937,-0.020927956898792843,1.4675052702209659,0.16389705263307452,1.133454686778524,1.4299509679372977,-0.3708329044576466,0.5817704163531152,-0.9225564703149366,-1.1557747938322342,-0.5982264832477044,-0.42927695917884967,0.1091965860881027,0.6936890170331245,-0.9366558493966614,0.6127005723865037,2.175106803454937,-1.1465499272553772,0.4415429902118926,0.33203610358253066,0.04931591880767196,0.20102070657049576,0.38866815936990645,0.402440130616601,-2.0400023108708534,1.8116268941594238,-1.658702356241428,3.4035703836734057,0.21877957231793163,1.5069680349171237,-0.009964460437326565,-1.675180444920348,-0.7628110822516768,-0.3038695350007501,-0.7154304045364344,2.1378472445267778,-1.2957995458356344,0.39721429672503733,-1.6127744024289699,-0.3804090690353355,0.1573722181004585,-2.7577830885638295,-0.3861606893853443,-0.6208048256547456,-0.786377601086492,0.763958133585603,-0.5354418847536385,2.1404803937068415,0.6273394373930866,-0.2904082533241769,-3.075474005890966,1.2581207309078306,0.6791304691959501,2.1784718586977196,-0.4229141905542444,-0.4042560666983699,-2.164937702756077,-0.9446474394987979,-0.6020205060286408,0.08860032239720138,0.3943949194203004,-0.1459753788244102,0.33934892078086587,-1.2257282176207647,1.394070938610057,1.3326423486403556,-1.1939951947919534,-0.41073731387047274,-1.9047610134251247,1.2777863081856229,-0.17035213725864007,-1.2096023667600293,-0.13657996906714254,-0.4969149332623848,-0.12220222874637643,0.8955345582076208,-1.6820224025486856,0.03760581857573485,0.37507394266652255,-1.15110757933992,1.344623596656577,-0.32581502675796215,-0.13337658399988506,-0.8774195137077108,2.2728037308039064,0.19319534390316753,-0.03366763556134318,-1.3410868474284976,-0.24627731700581795,0.24100336928796873,1.4391239868679737,1.179065817343422,-0.1691377383814853,-0.6400910660443684,-0.9703772092334841,-2.1168401363591087,-0.011998795939504592,1.378058362018932,-0.8011354108173592,0.0505316635203171,-1.7737278648210035,-1.096598168541207,-0.30836466174373156,-2.1928772732601467,0.08423992438101291,0.27082604911493396,0.4950688702766261,0.9967160691207764,-0.9056061139903687,-1.4217910471719477,0.532671933261658,1.1703967217363107,-1.3283565867625502,1.215073827754033,-2.1785687745616396,-0.3220831912389231,1.3066162486984012,-1.190056844865944,0.5532081818741306,-2.376288054924268,1.3821076951012443,-1.2796302117964382,-0.05691849668971545,0.9008890374627279,1.24670813020428,0.1971396412410236,0.22125386727116486,-0.567588926303588,-0.39325652692647795,-0.8245162262285699,-0.19274119368469292,-2.2283879309070147,-1.0875261277902435,0.4297895468939881,0.8963606068688235,0.5703640950996055,-0.3028447793418963,0.9050322874419446,-0.6022602847009456,0.17387145935251316,-0.39383107091795205,-0.09815006422366729,-1.0798301830727377,-0.009315699354250168,-1.0284485069362022,-1.2407987002287333,-0.5207951844742572,-0.1690755354171898,0.48566798772173275,0.6149697109102029,0.5116805646520043,0.7376317559504769,-0.9097437694127254,-2.2414237970834128,0.6520970209851507,0.08400422125580337,-2.3713155212884485,1.7842434296003702,-1.062306636628839,1.9559540595427929,-0.6063848661778919,1.131274168867477,0.5425359218406509,-1.3741307817860504,-2.9153209173679864,0.06419940956443498,-0.9509819191473597,0.2632271166359358,0.6979828858285099,0.8879987104857183,-0.45418379887070887,-1.5038822096509572,1.4124885786908332,-0.3501083221360997,-1.6025988693018411,-1.1630558563884335,-0.4587136405211637,1.785951695330004,-0.6190205730889868,0.5566416431569938,-0.05354403288766081,-0.679638885659213,1.3569885779045596,-2.0540973237585516,2.1882016374105686,0.40102135910284664,0.9514545143539135,-1.7311891643221393,0.14991848049159334,0.3733923738425142,1.8278601445636187,-0.26103346476450473,-0.19390737367510702,-0.6875084782833911,-0.7302081106679694,-0.3586358559667375,-0.4670453636836077,0.2575500938703019,0.5094472728639037,0.3338724733001885,0.5786680752311443,-0.9815279488056626,-0.127689976267065,-0.46656494038313084,-1.9538772232037975,-1.5593880007973844,0.18874211409153036,-1.0633741576795168,2.4473461536496357,-0.9161074470878073,0.9158861416545244,0.48768901075098725,1.5014349995453635,-0.8868090479439514,1.1915805670543518,-0.04395160928646702,0.27969695759380303,-0.6014741135753848,1.1060392437730782,1.1784237792185368,-0.9970855425016126,0.1851953434106999,1.1289099625962635,-0.2821281243167192,-0.06608119848314487,0.6002322782992389,0.43921243747237104,-0.8266418419184252,1.4683408388474732,2.1186080531239355,-1.671577232882515,-0.655827168177841,2.904485097293264,0.23606727280836803,-0.39997799513261134,-0.36480480648068986,0.9253991228636719,0.05104836607802596,1.2192942944048037,-0.8544467794207924,0.017272772932301603,0.6364676182637854,0.7005100201589857,0.008608555979395846,-0.45712439952023826,-1.9644696303272937,1.4520095749872788,0.4555411470706441,0.4795880065955752,-1.523149596085914,-0.3021175983369903,0.10391187250556824,-2.000459347800515,1.4694728596056978,-0.0613668965425091,0.2810524904856614,-0.21072103463024403,0.4129003375360131,0.6186122292880277,0.02601613355516439,1.0029603278136945,-0.8984683798918599,-0.43343094829661594,1.4898408939707057,0.5193693758275048,-1.035360223459167,0.6623824071520632,0.06998647571708672,-2.9627516256661353,0.11956530008846893,0.6867658384597679,-1.7924478476497985,0.4219908819290658,-0.9599661432539756,0.5565848867720071,-0.8145561589542543,0.9037718958850569,0.7661674485417516,-0.30817614673969285,-1.4598323577796906,0.1483648207845708,0.3667605653955929,-0.3894993705908593,-1.4864059545200141,-1.7490546016543047,1.3575203354515435,0.4655549875750552,0.7479663874904134,-0.562338470900386,-0.16866938275977253,-0.05944907898433222,-1.3031506037245713,0.8430185908576199,0.39218229513890135,1.0982969477769704,1.610977126920023,-0.3554141652585267,1.675380194207311,-0.055152715585768,-1.3331627336105158,1.1658502759620126,2.1657014417819327,0.11672748111193268,0.03223146001314359,0.7185507465546244,-0.941623099141291,-0.1732931545711321,-0.34543210380259,-1.2833739045190393,-0.2793369488431,-0.18229284550579167,2.9155437928740735,1.1739417800174596,-2.570864127989646,1.8352309736238746,-0.3244562226825394,2.1514732824768465,-2.5109544450437213,0.5890375487673064,0.29244537783738966,-2.2393524211822275,1.1318647252086533,-0.8196907062052398,0.3518031870538994,1.3414754998293845,-0.926554920494397,1.4616635016627981,-0.47193902238903906,0.7762178283364553,0.90355475047086,-0.593763364470466,0.5141483109099152,-0.3791229624973131,-2.1216056971215522,0.17282043547737902,2.0338914992465753,0.033963666678970425,1.6520877100583011,1.3464345805854614,-0.8923561607254119,-0.8599570256806129,-0.3315210461260076,-1.1101866390727966,2.4401323614699955,2.6722607655201607,-0.22291482352984437,-0.6823704372170305,1.6678212659306233,-0.20880381195014835,1.928013949773753,0.8690926332795159,2.665370703694839,0.5069635744664763,0.7192997924990252,0.6344007119983547,-1.4440290106431617,1.0434219447879771,1.642653262770188,-1.9936624702022896,0.03969027587946736,0.6359515638198712,-1.0047495395628356,-2.590384886909986,1.6632747282581941,1.5659878579037816,-1.7667660698274585,1.704515377193059,-1.4258040922373176,-1.808776442765123,-0.8246734469115526,0.7455774939284852,0.05658390852180334,1.3849390014628622,1.1652815929953373,0.31158500526396193,0.025512785453052855,-0.11531361236852877,-0.23472221414099867,0.7296722381196739,1.4354743449139569,-0.1739394415443306,-1.6351842086539794,-1.449493673610125,2.7280240041779327,-1.4825142235758415,-0.5820605162390424,-2.455117634750147,1.1681788213067823,-0.5638667812762189,-0.8017859316392183,-0.39788958861654794,0.3327200053145455,2.1035240426391812,-0.9886121044503425,0.11888111815650658,-0.1721937636257884,-1.533897281957459,-0.5034472346739222,-0.46966629513800146,0.12159653362691922,1.3168173913700574,3.6658926361876656,1.290612200377153,-1.8411082270821648,1.580099082030782,-1.0876674316030175,0.12871556385952085,-1.7093647629859896,1.0330187495318572,-0.3073557772036792,1.84169250841834,-0.6573496493462483,0.3085777571140691,-0.6784905347268193,-0.6444585292141203,-0.25131638971403775,1.5414632044985084,-1.0713440562954153,0.7042437224969755,-0.2702125123655973,-1.9172016475925553,-0.5951575149371636,-0.44097469091448227,-1.0285381887461302,0.019464448117777942,1.4607737106631868,0.8058264031850739,0.7900851342001138,1.0789313667714058,1.7035505998907952,-1.5008287933178575,0.7586607935708087,-0.04405319989164458,-0.24063165064952885,-0.5494065614345905,-0.142797443704356,-0.7381998909597625,-0.0695553016546251,1.1989248178185319,-0.6516038761124449,0.35264225058690196,1.7133950038720007,-0.7463545721370308,0.00567965452914404,-1.547182547286146,0.31567403879363665,-1.3856438537741624,-1.018365410531476,0.4093271092861458,0.34895508439071354,-0.12121055526711044,-0.9735663950701454,-0.33945119325977763,-0.7279760289706769,-0.9827567740678763,-0.1370203074697564,0.20013807976631176,-1.0137756619793719,-2.82161198378509,0.4948467966220273,-1.2649137719329793,-0.2756306257111324,-1.5879025238243425,0.12781212090185146,-0.5063138684548688,-0.3306432295719367,-1.5956610864877334,1.6096335942279094,0.6677539587238203,-2.7799545249685575,0.4379957638861671,0.04503040651188389,0.6318994699203019,1.0601122198544057,-2.0853250303277506,0.4268194432242798,1.8776851758786863,-0.07361140010783873,0.5922476604259675,-2.790989178784794,1.4364494397306748,2.141873708194623,-0.17911369832489177,-0.5941042365001079,0.6747519985140886,0.7709183763723653,-0.9047516180704241,-1.173680053606842,-0.16187509545336945,-1.2414729267441957,-2.0485724862097614,-1.0083490749187864,0.11990118940232022,-1.3905646458516692,0.676071297268273,0.6197157176498315,0.4941508878916491,-1.6876028823848381,0.39109814381711266,-0.9803937533782056,-0.7340698353273922,-0.43522282795244843,-0.5506496825012248,1.0875897031037973,1.0125542983726414,0.6984238582233131,-0.08242965562488892,0.46857279974467164,-1.7363912580714802,0.5731007420134656,0.6593177656107071,1.4741397856793033,-1.8753945672195949,-0.7841165514612197,0.25675566251589493,1.1083270034218666,3.0690150565467404,-0.37451018565800526,0.9457711483173834,1.8242813742895325,-0.030278946352951572,-0.4863905305329718,0.7128569787201927,1.8125447199415312,-1.4934680715283808,2.1100517054075776,-0.20279549912814518,-1.2629249312697353,-1.0553623398498808,-2.1236562950825055,1.687198348553126,1.3509051334298363,-1.0196456410575787,0.5237992426604317,1.145972441974238,-1.1887173836346532,-1.8654006150280846,-1.0133603780820515,0.5893616038133443,0.7628047654344952,1.4747524281214646,0.5289070635665336,-1.0711088830811502,0.9179075409368851,0.9862393904996514,1.6646313247474782,0.0736964195190903,0.3779186917371799,-0.6182291618888109,-0.3439679875426699,-0.367441689090503,-0.6763241483004749,1.3064375397993515,-0.7033896351461296,0.32600531679776695,0.7187639189549816,0.2320456674077614,1.3873553232425384,-1.428242308967551,1.8333083310065095,1.3498666271901805,-1.207318121593778,-0.16289136604699492,0.2559680069553201,0.898832037088847,1.5501609750151937,-0.3302599390002733,0.9303236214239451,-0.5136335945164443,-1.2054141657781057,0.06432513666947973,-0.8357667370914191,1.0556622681921781,0.4018408331194394,0.37224574774269215,0.6978879724771357,-2.0710196698718146,-0.7696343717612473,-0.6352896454457321,-0.03335660195070604,0.21543795749993463,0.1127834761933231,0.07301980396465571,-1.7175580825688679,0.6319915316401573,-0.21562829410209688,0.12169552458838201,-0.5865915003125719,0.16787144608243731,2.4840873330331896,0.5084195024645742,1.1557229109868177,0.04928772778434047,7.706366375173244e-05,-0.7827998919543167,0.18527955726025247,0.3448252931286502,-1.0436386347947346,-2.2449871960480663,-0.848606026593842,0.21715680847521918,0.10789081588742044,-0.6828728745725192,1.3464737649156777,-0.16474060739220936,-0.9839534093788286,0.017741177980943545,-0.888151732207189,0.32550221358053544,-1.3477795653991707,-0.0784469814222184,1.1860922879737281,-0.1553972961702808,1.961220716205885,1.2512693467913794,-0.056282028595935826,0.5702059825201875,0.8317882951509079,-2.2068564170346137,1.0246509859249247,-1.6636177137205475,-1.7842576608811023,-0.8488484643147265,-1.8800985526845588,0.37443390362566326,0.7194587996323037,1.6411541852967813,-1.1664326435613759,1.0252276973361731,0.9150839385241226,-1.508045873806016,-2.7792853425062556,0.15129935508682332,-0.10858587281074422,-0.22480008674480906,-0.8494783994523041,1.2395862721790156,-0.22462118655779606,2.355670643941827,-1.0960911328819503,-3.1582594918453055,0.16283925825880552,1.183847252948214,-0.001711608809684146,-0.5041321921519257,0.6457987622859487,-0.589818227793123,0.4376684051127867,0.10237806109873414,-0.24464601742067207,-0.8738028390257825,-0.7916882094779322,-0.3725066785837188,-0.8601545116200768,-0.25451570968546267,-0.10303622337602084,-1.2713313745917867,1.069012535796991,0.4200721347666856,0.34658149609980504,1.0893552179560275,0.07932364373127582,0.6955387976833496,0.5703401795979735,1.0479220585556666,0.17367213630307643,0.35320394029823876,-0.3983502781421057,-0.7118407915768412,0.08248083235331241,-0.1262617688645305,-0.44669178069977417,2.5772482321872543,-0.0005902070545801275,-0.09036950420360337,-0.6352900699400329,0.04167690856445112,-0.3811605670763353,0.7611389793547647,-0.7521471478153663,-1.1595138956444078,-3.0426857467008954,0.23560106633160272,0.9142164663746146,0.1583899388307856,-0.7033536541605953,-0.7707837549598882,0.8463327213673695,2.365643148493993,0.5349163211099175,-0.3394903425194977,2.1225291061873435,0.8742252306334313,0.30246671893261284,-0.21010000784781496,0.3358541075571788,1.0099757983666597,-1.6545250312896689,-0.7071638216950394,-0.5710334999190017,-1.2112785761210814,-1.8848811507446872,-2.6037887660518737,-0.11129336668685626,0.5400128657141671,1.0729263872737298,-0.14039167529535643,-0.3168617529058895,0.9147456212647509,0.6643636541404588,-1.4726408046482247,-1.2533345227091857,1.0588367595041666,0.9575898003819409,-0.5730796067193477,1.3545528881364288,-0.1763555603562101,-0.03619813776530782,-1.1858511982684468,-0.3019262913055433,0.38694283396234763,-3.0801847001486307,0.3057397916562849,-0.2741795141985079,-0.032216187950768985,1.687639761913119,-1.728678909522783,-0.4639015891750522,-1.1092687969288582,0.7690939026711326,-0.2638178723033202,-0.7458365077163414,0.4880169936533001,-1.3015826638851862,-0.35055319419769315,1.049863382671918,0.4485261414421421,1.348475588155545,0.6878843479352068,-1.202090321876316,0.4395416565757628,-0.45988339873729794,-2.0477696776875542,-0.44152544859322734,-2.148020171396624,-0.7274314562678207,-1.6864389303610101,0.6885276733551994,-1.686270515931703,2.068462743114718,-0.5951875141712083,-0.48477812142016363,-0.1329297740893918,-0.9044575999473954,-1.0366369431294795,1.0942378851761343,-0.9220147509509146,0.7404493688707078,-1.2028197293487781,-3.0892129280495726,0.6341753182739935,0.036986487878966245,1.3338317177191188,-0.9724144949950656,-0.6292591365075513,1.1460606935110964,0.4749389958721258;-0.5693031695833812,2.1478460582831267,0.40969486402213584,-0.060227939151517154,0.5147083570855941,-1.7851291644873393,-0.8900100186997478,-0.10236740575410887,-3.674421108017357,-1.4797798307296115,1.6980957561685266,-0.4575743760787857,1.8000247207580604,2.2261455742843594,-1.6078020142408325,0.2636205768295996;0.4266880725831323,1.626673727393034,-0.06442038994926517,-0.748132523464168,-1.5349830289874868,0.36853985721102367,0.45803129475825105,1.5178441709534978,-1.2251123132528505,0.7752189524739204,-0.5429638698740924,-2.42163730971785,-0.8731637017095067,0.82541142241612,-0.42243490628386016,0.8153926036474947,-0.5825980632717996,0.9244046400332315,-1.1732233325558183,0.8414277054369851,-0.6319606991628425,1.019993650519503,-1.645141931771884,-0.46828471034622865,2.495049107451842,-0.42636539719197664,1.5562405603702136,-0.33865532269252224,-1.4442981919183184,1.709768428186542,-0.900741855381012,-1.2949414127839045,0.13334716286684992,0.7004027929539529,1.6409374479371373,1.105448902212125,0.7018821554098839,1.3224207310221037,-1.8376243759058979,0.48256746309796983,1.08010249692233,-0.014796216647230132,-0.5861395641554905,1.324278743440855,-0.18884838606706267,1.9811955585917291,1.1400685534276511,0.6499712854801252,-0.5565349156042695,-0.6334573619774211,-1.383117650179502,0.18825903340112893,0.651740153054122,-0.9169387452603692,-0.04395743643853048,1.343596897616876,-0.6830115743342993,0.3013324034595617,1.5837752948595625,-1.0348299461131427,0.05325538218546312,1.5730420209948925,0.36968308542712514,-0.9965569403405953,1.8005303228262295,1.1291386334793583,0.5053838826276554,-2.0139417598171643,0.3841125488590369,-0.41293456047536836,-0.048174847676991484,1.676570250650576,-0.10626925785124769,0.5645537965856919,-1.8718947444453757,-0.23484336082217097,0.5087771953949719,0.17443554519332485,-0.4352785287684803,0.25738996389762325,2.2780731380308348,-1.164086743768155,-1.6771629515329363,-0.9669065315354315,-0.9617307872545378,0.3967861638301614,0.032361103609774705,-0.3377012537472029,-0.34845032383810853,0.7971564774043712,-0.8358559206350316,1.6698271243365348,0.07204477188567497,-0.4985583347354191,-0.26262218474489873,-0.4246395220688163,-0.4643906655749695,1.4972434611692331,-0.38668004090063973,-1.1835283887929502,0.9530716818500742,0.1666133004200958,-0.8666425818300997,-2.366884163581168,0.6708176883373443,-0.5100272849499432,-2.4270255129518796,0.47585313371982085,0.46169512145003916,0.9472339037742632,2.161600458904307,-1.5402906307214606,-0.5891881254846795,-0.09065388884482095,-1.4408035123994065,-0.19940451197537956,-1.6212518313374567,2.026472638795144,0.13508645036188693,-1.2282198035412217,-0.19804658714032863,-1.0301331484501342,2.2301431920534056,-0.9229912916152329,-1.3206438568688936,-0.9057649809030195,0.07199205832924431,-0.33996663837143215,-0.22593226936094238,-1.504685191609196,0.6561286543685183,-1.2520389814703263,-0.6052102484807161,-0.8422703957360648,-0.688408551089285,-0.7727458860492733,0.39909557972445636,1.665677743927918,1.1551400721401779,0.11588152207140937,-0.23957168960667,1.4608774902034347,2.807264183622381,1.8391877774183936,1.2922105186996264,-0.7260507187174972,0.4379996897570577,0.34784320433842314,-0.28244990217516025,-0.2529774035657112,1.1644098796464575,0.18224138791495684,-0.13389007028577163,-0.29609495992671203,-0.2854881999274782,0.7983007013879584,0.33797428177877226,-0.5640856140886339,-1.2657315450186135,-0.8595399418949282;0.34172430068822174,0.8651446312338675,-0.07058663732288825,0.43718601281071506,-0.3158588128363701,1.2005725254367816,-1.4395472271199496,1.4024309635259158,0.6186067300533453,2.020873703823684"
14,1.2783523907342325,"-2.1449396388164255,0.421640165778407,-0.8219128644065253,1.066812050994971,1.1359431575577674,-0.03601399153557175,-0.3567895496003205,3.177651955157592,0.04156472291696717,-0.14437023740030866,-0.9363226867047737,0.927723149145555,-0.9159400138460576,-0.47717949642483626,-0.6134520274040748,-0.6457637106483981,-1.1917468691572695,1.1067617893476713,-1.802104439224233,-1.3151726276718803,-0.12910941610357196,0.0008703052193209243,-0.8763968394430663,-1.1288574352670062,-2.3935645911412338,-0.2623088425413318,-0.2250733632452958,0.9223367305721916,-1.5116638939715323,1.403141164426182,-1.6392491027777945,-1.0220489147830343,-2.3848698736608087,-0.5977865210789962,1.534481173189792,-0.18048261180040792,-0.7480842482327301,-0.18132923321885136,1.57633448146741,0.05092231549487662,0.09026016991700572,0.5482700349164983,-0.8693292207239885,1.982351600885249,1.8070487314686114,-0.5926011235546981,0.008012932871502162,-0.5326445691059875,0.4828754564299881,0.03364459335697559,-1.4215620526967596,1.3184283877250407,-0.026727852575939265,-0.5284302583638694,1.2458123833328738,-1.164082550035739,0.7731017101239537,1.838620545178042,-1.2436935317169375,0.39316899459596893,-0.5750615559944061,-0.40045894470587606,0.3605343919915066,1.6502701168358598,0.6383257810545607,-1.5742426848160758,-0.29150189852956626,-0.26424192122238815,1.1742406966838737,-0.703625401279927,0.7768311177832606,0.9107393164525696,2.1849300438698953,-0.3131339849097897,0.6250856799290576,-0.8726445364872545,0.3088838133397576,1.0459604911559814,0.09446609831543373,-0.45454838998519737,-0.30942385432263636,-1.1625735410036928,0.1124530052099485,-0.9057171681539358,-0.51447154772494,0.1208918059519924,0.42614716221401694,-0.78389746333741,0.7349938144235525,0.49240599104334337,1.481338945907851,0.5150510735738356,0.8413516959973872,-0.22886674047368818,-0.407772835278637,-0.23122052901209264,-0.23879030163195475,0.6535267900321151,-0.5768712444739459,1.4878243169503402,1.0068418372010564,-0.5428617339674,1.3699462697640858,-0.4821103962717223,-0.1145082988304223,-0.1932660549802356,0.540280580127961,-0.7531733479351485,1.4595794110996123,0.9551747939395399,1.6993034994437834,1.3815734378404012,-0.599406330887067,-1.2459650525257968,-0.34010958196994356,0.87281787585698,-0.4938242947071977,-0.27081347575761633,0.48149410406510534,-0.2507244222993044,-0.5645830289785172,0.3020485385662458,0.5261534910387163,1.649005516451365,0.7370864212139627,0.9284339357602341,-0.01340705763963028,-1.6647032824600911,2.356751155480116,0.03255917711160139,-1.6685387863659127,-0.3782381497967611,1.1439473566535026,-0.21376383063778648,0.4124397118011237,0.3942978759658392,0.766639147064731,-0.25666356191183026,1.892093597995422,0.4352437751266851,-1.1173363441155904,0.037564356275774854,-0.09028541443586072,0.05440953878223543,-0.5384199641316998,2.078230115434887,-1.586062481862007,-1.5134933718675854,-0.6827009862069674,1.5787682524405389,-1.309831701535158,0.3287599295062075,0.598610999791856,-0.07240825491517314,-0.32888452205171625,-1.130092656135518,0.8410649175860573,-0.6947093987373524,0.6811486145076115,-0.03583665128725405,-0.8026516230679993,-0.4286328153471424,-1.3583062942212574,1.5844204737111032,0.6441985905837841,-1.10239432206742,-0.6185469700815875,2.170105613667076,2.57031053874801,-0.07678779694754873,2.386797845726171,2.02596171068041,-1.4874600571584016,0.21561861462717868,0.9890209735829664,1.1676996262282293,-0.03666955542721997,-0.2211640753046721,1.0915538993927607,0.7186695254697174,-3.018322999619564,-0.05898522842107535,0.41765283553084037,-0.45696675360987177,0.4427647380049465,1.1301639784336217,0.31527455231996604,0.7589355387439024,0.6353483406241135,-0.13679148395041119,1.1789724146341958,1.0062921397764186,0.47130389013402385,-0.03479687230955157,0.0022285915969471274,0.20185860001386452,1.690751594501824,0.0677191933420519,-0.24151424043152775,1.9162723607138241,-0.8413376094390077,0.07480731463252772,0.3267143769006975,-0.16320478132662428,0.7516223678249713,-1.2132010843365195,-0.9352059835721119,-1.229394237742747,0.9824989410226931,1.5139650126434305,0.4119510257727226,0.2969958955776958,-0.3492814516999433,-1.61695295030557,-1.0744752033665912,0.46226205996612646,-1.376560921578169,-0.021434856317354496,-0.07983304537131507,0.6935455977900019,-1.395884758107317,1.637908474791552,-0.2484260863335847,0.09992061256564522,-0.22306868284322426,0.264418138008696,-1.9305499355544813,1.5264774773890761,1.049076643035486,-1.0446181853291658,-0.8535886456626239,0.10153447907766099,-1.1239978052451018,-1.0670690900450173,0.04140102765706935,1.0281670145858133,-0.10159867698918147,1.2204433673879869,-0.1323783581661961,0.4457172744693218,-1.2264595762441342,-0.8923013090011594,1.2301857060081254,-1.190134589767937,-0.5837345548062316,0.6917908431394183,0.3198930849123811,0.8096074283748964,-0.6865224270276522,-0.07572501926873403,1.1021451437665057,-0.007819289580741129,2.5171423295240394,-0.21344493773644369,0.46407956384434274,-1.4489033657315076,1.2148150789465226,0.07437606732044234,-0.9320218538657111,0.9363761507120741,-0.4537892044207656,2.130388151471811,0.14856256620272779,-0.7007576407383196,0.051065520598307865,0.4940645399152144,0.3023000016594205,-0.9181815243048634,-1.9186114853825926,-0.06189632146012733,0.16372205739019735,0.4420014677633908,-1.065101360324757,1.547276304258451,-0.7740816954941547,-0.565134663434919,-1.3572002104085983,0.5806300328887098,-0.19329656178195648,-1.507576851786334,1.1258180636412252,-0.27953308831103924,1.6180115310436745,-0.5282316175749695,0.7293648007840459,1.216692873404128,-0.012215529888262418,-0.5784101795855103,1.821571514438757,3.481794995651123,0.028395155359203034,-0.0570337291516038,1.0063569223352207,-1.0989070878348655,-0.2104462213077632,1.9057651783110783,0.8079236790699292,-0.22053124196053656,-1.8262387322502598,-0.25419480088528856,0.8417576877732218,-0.4374045883937313,-2.0387856381444514,0.7432933588828579,0.1174831877885695,0.8814395838896351,0.139033233127063,-1.4567664828037918,-1.3496799388632839,0.6948683829473808,0.8422684484028901,-0.40200779577716267,0.6897293067557002,-0.262425183689098,-1.4403687069763895,0.5201729508876016,-0.3161009929461047,-0.560578936150568,0.4479591485724964,1.5795689247157585,-0.8049259548172345,1.2305828941035897,1.2502477760074233,-0.034112729634437136,0.7724434727031393,0.7971208619845405,-0.0052187084432447906,-1.4719971489735146,0.35957387726755863,-1.4984180618679763,0.3096989931483542,0.16172667436826257,1.077153260711007,-0.29956583222342487,-0.8312458101436907,-0.22513746724829864,2.2399060410010048,0.08205476427958192,0.30801697277776474,1.9739099498931676,-0.058640896671428605,-0.2721313875396323,-0.43479425640455505,2.0705104656724345,-2.57463392613269,0.5177667324747129,-0.3554576608829615,0.23786618361297762,-0.06561046982572326,-0.27087027433966804,0.9398622785744262,-1.4971817972645702,-0.13701616583066015,0.77879945559736,-0.7596125891094572,0.15591085711901823,-1.0027824666366483,0.843305495553269,0.996629945230052,2.420506741836565,-1.542219215386533,0.2295764841999837,0.7457663212132739,-0.10312437116964668,-2.2778018381658995,0.14686301052990103,0.8687359195699063,0.34471043955784075,-0.5557652413993662,0.19225107880600228,0.05725592432655705,-0.1658309065930771,1.4021515354084313,0.0877921294437733,-0.9779865791436693,-1.1711318934235007,-0.4839202796794156,-1.6904870808027708,1.0959519031358176,-0.37079077732468585,0.4641108789939906,1.1796939895054688,-0.1797345929453735,-1.9558935901102088,-0.7162211787765579,1.1224224736624309,0.05366215312458156,1.3087345512878281,-0.08639857484127089,0.846328774457178,1.1853673620192169,-0.13762706207316516,0.01126353533526428,-1.1708261800934887,-1.0499562846928454,-0.48741597707488127,-0.49876651196441973,0.4268302797033007,0.6012193702078855,-0.830387907051047,0.4277930464608703,2.2489817203719604,-1.8290197645404571,0.338595579160424,0.1916326219863078,0.19476280457187028,0.1757660689931547,0.17950026049588885,-0.26844278008155437,-2.200569575921567,1.6888642108033336,-1.9183948682205505,3.423162081398721,0.6117892515022273,1.2680660834669921,0.0805492149945185,-1.3178179181151817,-0.971654008712293,-0.6088442628553467,-0.6939936168240686,2.2583183878688526,-1.7231302031159863,0.4373242371264801,-1.7120184188956538,-0.6020015969969301,0.373625063167737,-3.0252391273058605,-0.08323409941813369,-0.37773591529486383,-0.5303721164355137,0.7014160441246333,-0.6802448874260673,2.038962970047436,0.8340689478740584,-0.20592592299709178,-2.9076997323242963,1.5372231474237399,0.8737967205417716,2.1005431565271295,-0.740029658671861,-0.9199954629298117,-2.32994995125764,-0.9847982095963987,-0.31377282715969546,0.027041495847005242,0.4864327076121365,-0.42830916830060634,0.41899365801244415,-1.259389025917662,1.2564388102784496,0.8753684809008404,-1.160253941850203,-0.007013295401578121,-1.6510804486700255,1.1688346419644096,-0.515501973730411,-1.1177615732055102,-0.4020209946797972,-0.13984923344424494,0.12959722350570071,0.8165487564927464,-1.7927163600109635,0.16366399561422174,0.17432928481548715,-0.9266788731300241,0.987627247502736,-0.31439086971721597,0.3765026039011454,-0.7685379006488482,2.4158066203280875,-0.3896692023967359,-0.18500450316328745,-1.448339527090508,-0.5262505663468452,-0.2665930382480527,1.6303118489434283,0.7846505101282576,0.09403978252547399,-0.7811238622699755,-1.2449466888229297,-1.9296413009464115,0.07883085259413038,1.4499271208502198,-0.7697450118635443,-0.09032870408295639,-1.6229415519102486,-1.1700857888726757,-0.2931755786162965,-2.411141089293102,0.7522052134481637,0.23023686175547967,0.40699936171692275,1.1948872904387564,-0.6116863614321993,-1.4912247787611166,0.7134657448333039,0.7862413729044135,-1.5111138094628422,1.2493391343012725,-2.4446570376773264,-0.37796393738679257,1.1549496233341843,-1.3289214131888116,0.3705539026125997,-2.0718260880675063,1.4520961151710596,-1.6612827053915238,-0.052430601569131284,0.8004272935863915,1.2576843600418866,0.12914126137036563,0.6443338564268362,-0.4733899249149566,-0.8107489033513037,-0.8245434896916691,-0.15598303611983394,-2.192025751048993,-1.127737518373499,0.105082509445691,0.808746794662829,0.6323891339151227,-0.30122139723945873,1.090293423081534,-0.5801184135154612,0.18376548508994128,-0.5157179649909415,0.04661867422632612,-1.2672312145977513,-0.11956860642235531,-0.8747746069880952,-1.516870811539467,-0.598150963867985,-0.11326263165656791,0.5817747674431225,0.22199614692528433,0.7417077910072851,0.4735170836493273,-1.1903140728423993,-2.246967909685745,0.27882079755213607,0.594642380146789,-2.299998004998303,1.6869668009186374,-1.435530575577944,2.065537567066295,-0.4845936468054321,0.933209365375184,0.42185184556386424,-1.5774437370539331,-2.8621145114226927,0.04371311997659963,-0.7219122051375917,-0.11330140328890226,0.9244412404671443,0.6782868496780082,-0.12101904600065556,-0.9144667780114548,1.4768325942498515,0.018654224673637698,-1.2563114360104521,-1.0794032867340082,-0.056281935196535515,1.8472635903546106,-0.5760784710785816,0.23551032924919268,-0.09528142068397161,-0.6970561770115205,1.5630954205274508,-2.3651335493380503,2.399411948160707,0.5004879854787756,1.2813354265951606,-1.4145904166973868,0.26919795163179544,0.20062648071220537,1.6162258353300145,-0.4847924015287344,-0.05517099376892566,-0.9105078865155832,-0.7528205971089409,-0.4235973038424976,-0.15786991733922479,0.35364713183630014,0.2071335242478969,0.2199602179659601,0.8058762987298909,-0.6711622205818262,-0.17503426083309517,-0.6046320646291614,-2.16284229399398,-1.5405972070036873,0.5899333443400115,-1.198675948900874,2.5333870851228673,-0.8050871756355276,1.0150372414385187,0.7127762997228572,1.5083709643243899,-0.502872956965972,1.244914521185344,-0.17965367049743683,0.8002904024531048,-0.6956781537642702,1.2386688558054213,1.0556582068093445,-1.375417178029791,0.06451924260746149,0.8712667311021799,-0.43158783838107956,0.18787137787326705,0.4855773982703799,0.19254218090546452,-0.4597642196696302,1.4155573641564003,1.8705837513253367,-2.016653782017259,-0.8303025778359977,2.47530827393846,0.08605633165879407,-0.5294323302665207,-0.2935356129728181,0.7861044974064059,-0.017944724583436683,1.4419851845998017,-0.8279130445361876,0.29406570494670725,0.09385736565879106,0.8578935175857424,-0.04916747681236988,-0.673150163561371,-2.1336621988452125,1.403084395895079,0.3934682122537191,0.3204297798269075,-1.1928072057999637,-0.22813092265472945,-0.17165721685197421,-2.1235956879090065,1.1569456148618462,-0.14623293930629327,0.21821246170333225,-0.30794868423835625,0.9279813005042956,0.9097689106730602,0.0023265789342435395,0.8070840088390918,-0.9695321879882682,-0.594998538934308,2.055199633659345,0.761417113105554,-0.8872021193712206,0.632356498987044,0.3265743118889304,-2.8155381231158976,0.29325175885895266,0.9406845512767826,-1.9027565039658645,0.5025719092653957,-1.097990509418623,0.6324082364151246,-0.2670361951819309,0.7511083590228868,0.8567461127671634,-0.5894718339880909,-1.4845155506256749,0.2493503452085499,0.2863644123004665,-0.37300188948110663,-1.4698327200596315,-1.6907083701599013,1.4113755882408077,0.7389360757295375,0.5955118604636046,-0.26674512610255097,0.1678372867686907,0.14120868374175044,-0.9954419943831312,0.9025364212227605,-0.057286581294474725,1.2036554954120138,1.196509148944185,-0.2881389915566273,1.6219625526129189,0.17471599252703093,-1.645821581551085,1.1414985556113626,2.803252906362609,0.021948607381650827,-0.13062507296495685,1.052989683305857,-0.8546395216415756,-0.011791509861668298,-0.505280100224697,-1.1559880320083151,-0.0064898249151597864,-0.2699643471072452,2.8622625860148943,0.9692688702684347,-2.4460983337019964,2.1758352263900083,-0.015392108018810746,2.134767194804598,-2.673197361422365,0.42622144434577874,0.26603118047708857,-2.5014012307409,1.2549691161666812,-0.8888360187063186,0.3958490144799849,0.9945523715087468,-0.6702970959338957,1.8096999633589888,-0.26385509325407985,0.3590607178467818,1.1268641529457788,-0.7056252738344373,0.47323730264593294,-0.5576826281639147,-2.0767195492196286,0.5096575888238085,2.0567599601258943,0.10306744378706417,1.8163971918144033,1.3631673236623643,-1.241914589690832,-0.4393847632394484,-0.3170414327632351,-1.4047993598854487,2.1907140835332823,2.3510139470902893,-0.6036186724311224,-0.41725599442455946,1.8913434210188425,0.0030547844915456007,1.9769364910893594,0.5119735570982208,2.421614537001087,0.31874719948298824,0.5971364189693579,0.8849302075309493,-1.2927941442690591,0.8559821175453336,1.6499298990853877,-1.8972376829815958,-0.015254947510345729,0.19117615515843472,-1.0960673326703962,-2.83131790211104,1.6339606920573089,1.3880493327088526,-1.4405201649807782,1.6139692305488749,-1.3798795458413626,-1.9706210814246474,-0.6055342362186288,0.9580011240778415,0.46477543410511274,1.4224959543514692,1.4060601957750705,0.07033027590532565,0.0899174962387877,-0.10441612641396901,0.056668046065031466,0.8652676292110174,1.5124399951171623,-0.039724165344004914,-1.9110852455401384,-1.4183946316761,2.4042388002277537,-1.4247830289464112,-0.7430267134252921,-2.6540597375800012,1.197879761288046,-0.43661034546502075,-0.6046310325634094,-0.259317891859594,0.30843150376351625,1.8801128635767907,-0.8588399287425323,0.1386971618474504,-0.3125896725496868,-1.5563141276261847,-0.36338236031893417,-0.32585169738332065,0.40485721914734446,1.2969752478743215,3.3342507206845973,1.3406041179609556,-1.596868575925607,1.3367198843077146,-0.6458732072173226,0.23545173380196444,-1.7517872909967265,0.9587151819933408,-0.023381457005912078,1.6792922438870768,-0.2975950252997372,0.34306793488915877,-0.5498352806082253,-0.5158861746473093,-0.08332279627546332,2.073452517999729,-0.6546873845088593,0.6152577120266818,-0.5034608369961943,-1.762900948210368,-0.9070116391387055,-0.3763918616850919,-0.8883288290578518,-0.3235775433917176,1.3728044890699098,0.659452483435492,0.3021275067790916,1.254060110876335,1.7527067670100425,-1.7888376174302238,0.8578443215698037,-0.07342288704951486,-0.5401749032401342,-0.7191576884949155,-0.3971196586887558,-0.8400216573047586,-0.23647388616515608,0.9581522892698696,-1.0562304686323927,0.2870224673697147,1.6170938092158085,-0.7548650469996253,-0.04995269721449729,-1.5524938330814197,0.49396470708836954,-1.0178731889664927,-1.015058665013448,0.33935279900530185,0.6452902666063285,0.33291589140318506,-0.8533349166645872,-0.09585582566268691,-0.746998675098037,-1.046287777500675,-0.11606303951924685,0.1320089807698427,-1.1690391017894428,-3.0569979876812807,0.7940398503812323,-1.2101853258961437,-0.4771721062911264,-1.8576331657896863,-0.23256237272834157,-0.46110590213396185,-0.1436658773601201,-1.8360186842900952,1.285043384582142,0.6643236726911778,-2.2807048166649784,0.6533717784684986,-0.291202459043777,0.38940422248713197,0.9232892218943562,-2.015336620942849,-0.0027789664082032983,2.179252133665109,-0.15560229157539723,0.6386483573891685,-3.286781580632535,1.4004765238798402,2.1021641588715636,-0.06686081413751446,-0.5298411549528722,0.8939848387361542,0.21265062114118133,-0.8844208688158541,-1.3403740094823067,-0.4405207291785263,-1.1601775730226132,-2.041142059088502,-0.7118499241606695,0.1718001083089338,-1.2540164611551587,1.0916407590209762,0.49233489658871826,-0.02596658435510188,-1.6675313098965643,0.8410875962343382,-0.8407239375097764,-0.7729268167806914,-0.7742437404402465,-0.8539628697430108,0.8570155030159607,0.7797785196077899,0.5627060711742398,0.34662535957405766,0.9206321432116049,-1.3396416093010297,0.2017116441086841,1.129409838519049,1.2451727760690263,-1.98258530018808,-0.5320067287837643,0.6200933438700188,0.9983551839068955,2.8953675282105245,-0.26919708069310433,0.9644140976764771,1.6275926720675766,-0.006640274238993382,-0.062102851658662805,0.6268040181559108,1.8442800841619338,-1.360841866528807,2.3468706829557067,-0.047832771247272886,-1.216834781058478,-1.1995013044194458,-1.799699270083934,1.2180285439065386,1.177984368746143,-0.7399326167761094,0.39450215771508607,0.7897793548244164,-0.7187201543132321,-1.922113548961251,-1.3394231713739044,0.5171734854260092,0.6336198714767776,1.3246182131082043,0.6843495216571179,-1.4139722390643072,0.826631583431552,0.992264323121153,1.7676186768507962,0.1894879904569481,0.1900433894987183,-0.6354896895549128,-0.07586773437880676,-0.35009731424840673,-0.7928124085767132,1.4267335217466661,-0.5787077443447479,0.17765148244946855,0.48655914275696704,0.3493237018690055,1.1893931503701922,-1.4355595253272648,1.8857956112989347,1.0673908819491675,-1.5850593763066763,-0.2320775382983663,0.2983673215510225,0.9421955800964742,1.7946474848355431,-0.2376275123380146,0.7214380495684442,-0.9000492216266037,-0.981688785483181,-0.4294805404397236,-0.6780551890740089,0.6004921558464527,0.32839588194196856,0.19374775702870922,0.1535662540799531,-1.9214029252014178,-0.606752413770742,-0.6436804800195427,0.2544836104932179,0.30444998861726424,0.1704451616180095,0.20402663112751673,-1.5016961687421702,0.764569911781351,0.11278126949851063,-0.1968470385033758,-0.6817914252286167,0.09921320625954741,2.5117271290282734,0.6390710672001164,0.7537590893270001,-0.08501307787075166,-0.15431050703425683,-1.0094426833365984,-0.09781835912714457,0.40153229173471894,-0.9906520582388953,-2.6614822561789584,-0.5786034938236583,-0.00438259657549931,0.14262902645506675,-0.9704458625475081,1.3017987959440913,0.11981667389573958,-0.8279212000952813,0.20279743477024764,-0.7501190919421932,0.29283323687639873,-1.1646179307605018,-0.13311105707350612,1.1412261833878954,-0.4302901113249341,1.7423227938117853,1.1968316890076554,-0.06795129863317148,0.425649027211685,0.7986182295361907,-1.8371440562464794,1.0687146820419247,-1.9515304674090002,-1.8500651478391106,-0.9813446919940694,-2.0176052893100724,0.21294971523657952,0.9527712461786321,1.4568734531147038,-0.9950722718759295,0.9535809643111613,0.6173109442887016,-1.4518774053433858,-3.280536471909667,-0.11160347357224015,-0.2916829254737834,-0.10821698065030111,-0.569377960793581,0.9353814843576853,-0.1507954246002734,2.291024704064994,-1.1642421048250482,-3.389986154448346,0.3219854776280215,1.1503296575732325,0.1300048529482999,-0.6327711343010722,0.7727398577770368,-0.7296981101729783,0.25188035296608785,0.43728780866523775,-0.19817794003606964,-1.2932017984622615,-0.83923676055948,-0.4321660294105587,-0.9053212897062897,0.220388464979718,-0.05667179606288211,-1.5525233454027765,1.3329188862075954,0.45619725505928566,0.5204882692854005,1.241679315904669,-0.14264789614754494,0.6814369551121323,0.5854794163454158,1.057632115829838,0.39686611352610135,0.4726245555218771,-0.5338353549509667,-0.5961455670678328,0.35560992837579275,-0.03407225785138185,-0.8328764388314642,2.4765337578586104,-0.03139665361672266,-0.17757693593731347,-0.630972060808921,-0.24239084323299,-0.4580158602180484,1.1607032239730104,-0.7883795258112394,-1.3014906062796945,-2.8617652283060138,0.07299388669768098,1.1749553731190832,0.5031927808549451,-0.9651864836990841,-1.2101181729459136,0.6090322871808567,2.5942376516269396,0.1169544616191856,-0.28836987237712625,1.6767168959460035,0.8271302984044536,0.06775616558771448,-0.2555795395147469,0.30332083909326013,0.7238329087377674,-1.869315333861963,-0.7590924510077891,-0.6372581940195609,-0.7548511964812741,-1.8635085120743227,-2.863793662176021,-0.055169986627877504,0.44651838063041305,0.8946720278274675,-0.4637854002269819,-0.23810994925730175,1.2017662180893376,0.31234954611911947,-1.2907831054065195,-1.274505465708193,0.9132004639927761,1.5285363260571607,-0.6963276743452358,1.187322244365359,-0.23614445964574624,0.4756862539222722,-1.4374866892389317,-0.5511632033489287,0.4552972565546447,-3.0679709344377137,0.28659713818743704,-0.22820035222420823,-0.18882061177806697,1.4522482660353695,-1.5542399225007646,-0.9410582752417278,-1.1887159922796406,0.5304344422727956,-0.20084804398088835,-0.7214523074160025,0.42707923027787176,-1.089049767397532,-0.44807403516538047,0.9033545553111783,0.8300335652574395,1.477383296393054,0.6431578609462502,-1.2096441092462582,0.45066781717937077,-0.4485102126704808,-2.087070536638327,-0.032250038651859776,-2.1438748999264146,-0.5314676850391317,-1.448239853004105,0.7537512868718326,-1.9105900106405378,1.8961494878345584,-0.6228595965406369,-0.42267652512753795,0.15560558572320365,-0.5753392046273149,-1.0080156280139547,0.8969578790968897,-0.6623176789208538,0.8047192669204402,-1.6076423723478437,-3.105953737532153,0.6642457142357234,-0.12961896488544733,1.126355388338007,-0.9249189834785944,-0.8383564177210199,1.5544508550751739,0.5542166162580382;-0.594732592600457,2.598476406187126,0.8703222029325066,-0.30030236046210323,0.547093570314734,-1.914747323028718,-1.0152573187626477,-0.2599657600832531,-3.6854935818397605,-1.5637409957604447,1.7648631775300105,-0.5275202300888404,1.6925162398965035,1.6852974782306607,-1.329174711434491,0.2476923263896226;0.827524929502728,1.6053620401578115,0.23600261908833492,-0.287574457815901,-1.5636012826225945,0.34593891597489596,0.3385760255247906,0.9623308376268918,-1.3786266383461432,0.31512532106110897,-0.6574374123942583,-2.583792963554223,-0.5223270457711673,0.7211771642303092,-0.5197299723816361,0.9301240678349614,-0.7738989067935598,0.7531383825223644,-0.8821507639346196,0.6626806921648501,-0.45505603942892914,0.9495761537230529,-1.345501341476684,-0.2716257557429803,2.2147416840141707,-0.36666581966535405,1.4260700793655718,-0.5943983879250441,-1.6264212987600952,1.7715963700075568,-0.7472661500204448,-1.3571375891838442,0.043746653032920274,0.8105944668039646,1.8724772990334675,1.2716035338806595,0.7808846907001438,1.5687013752994958,-1.8623199799106065,0.4049791478798583,1.4456778376026824,0.242319514668125,-0.163201700415367,1.3088500443227764,-0.507430812643042,2.4334617409192445,1.1003110217582441,0.495381051235972,-0.5125082529826525,-0.6122506299558278,-0.9124884047163988,-0.12863422460096427,0.597808749118293,-0.8323781721595094,-0.05913209909097966,1.8361719986066727,-0.7588389125065572,0.11455204943816354,1.246572981527735,-1.1253580487788468,0.022231369151788923,1.5154351178406718,0.541688006434608,-1.0905547616343862,1.782054410740623,0.9552619063049014,0.5915231398654045,-2.0929144638830124,0.2852952447674776,-0.21784424636827704,0.1463750322185622,2.0164840651886884,-0.2171760646902938,0.788462571413781,-1.8208122155993778,-0.3382872069346723,0.48301342411312764,-0.03976266128101113,-0.48352700018010764,0.28354783140339024,2.2450880647868274,-1.3112210952272683,-1.4021022956031606,-1.113896442541969,-0.997194616004374,0.5915785499153019,-0.0786855428236716,-0.44386463928466924,-0.09130726527433673,0.8448390921210982,-0.6087483604232421,1.7062678855630455,-0.2101289511165339,-0.23728429317763816,-0.022357620976526438,-0.13794909523805068,-0.6830988706583316,1.6881268324433023,-0.17220938661810048,-1.0620951354460033,0.7379058851144628,0.011506105589238362,-0.7299781804394303,-2.622317261951706,0.6479254443312943,-0.21673288662463996,-2.3193819671054143,0.20163351507212887,0.4574812124556973,0.615098161526092,2.2398269868022886,-1.5361277253023782,-0.35674446884702343,-0.12561242354402666,-1.5132671344279758,-0.1262828145909497,-2.11614822816239,1.8777448130980972,-0.0411553871087981,-1.271303125806635,-0.23699244990487076,-1.3554971551954265,2.134807539923434,-1.221969453887679,-1.5349947071563184,-1.1722933475946091,0.20074278274579896,-0.1287126439414176,-0.19721436922762237,-1.4575865360609346,0.6758486641660926,-1.1655226033458022,-0.6315042033636769,-0.45923913466762606,-1.0553911087211678,-0.7809260511999859,0.3554340238024398,1.9077499376930265,0.9649678744478651,0.13041450245801084,0.16769443900615877,1.4296557045201055,2.867594775258124,1.7982744154723453,0.8845958743482274,-0.5119725725972605,0.6038821693894991,0.6561334184237733,0.10197415558088746,-0.32010873063274964,1.0206311895881892,-0.2436800596763652,-0.38582833492171986,-0.4462671343050908,-0.3733266389183373,1.1235817140427107,0.5915041863011691,-0.9609603760747489,-1.3940104870579715,-0.8455864431236108;0.6104404481396988,1.143477789458386,-0.19567742873079377,0.11607224895313575,-0.21706108332561552,0.7403849654111044,-1.649137456288188,1.3164432526545393,0.7649725461016018,2.3252955139469322"
15,1.0666194311868604,"-1.6784459081092231,0.31630648303199643,-0.8859650078255425,0.825064920234545,1.4301588509718144,0.08588636914019973,-0.18121843046207442,3.139924913121035,0.2621760292332517,0.2574170576268391,-1.0191372289251954,0.9721119602842994,-1.2591895343931359,-0.44743273742926143,-0.7314807589278912,-0.529452883330985,-1.1735871570714382,0.9615093585697759,-1.613774041998897,-1.3637643182318897,0.10887519846895342,0.06856228182664222,-0.556175819697452,-1.104054983207901,-2.4362386484241214,-0.42982889559184523,0.21184848193453684,1.0385990257409188,-1.4155722509370259,1.2094818807801668,-1.3797060701515373,-1.1251584788939817,-2.60795876118282,-0.42349625349738057,1.3178117753217653,-0.1491568387068416,-0.18689057452344746,-0.06976202441570561,1.5014068254308397,0.22638670089126064,-0.10436803540599768,0.1662353423580959,-0.9111813007892261,1.8186927430992417,1.4833448090903334,-0.6626612842635989,-0.024706488677282007,-0.416831539599314,0.4211949286637908,0.13495646792347885,-1.4207251190628885,1.06468889427422,0.09927157911626451,-0.24115579447984237,1.0124073321072267,-1.2145566068406843,1.0231291471179855,1.8950547548415053,-1.0301583449115967,0.6951416345733852,-0.4314911111653794,-0.46564409550852154,0.2595136954285076,1.7766395226148777,0.718458887601444,-1.6884735622561486,-0.12296153725274708,-0.5428616489111441,1.0271972795622213,-0.9047541018500941,0.7766306467028355,0.9845940850399335,1.643543765347367,0.03165225718174767,0.479016663183027,-0.9986703884656957,0.1934425037107003,1.0664635236565065,0.11677486953294616,-0.3718097581963783,-0.03134078686312437,-1.267062143869543,-0.2392721762483602,-0.48240573838346806,-0.10865477651408675,0.13529191887814032,0.6474677948631102,-1.3085323309158625,1.1184345197480001,0.7801714086620471,1.325569103882502,0.4830707309187932,0.909376340042454,-0.336748154701394,-0.32711599348502746,-0.6560084137798671,-0.2836841642654016,1.043024674815083,-0.7623978313419152,0.9383513570675879,1.012836493504624,-0.5566264935790873,1.1654733584117922,-0.7856623994261732,0.008541463335983726,-0.48575727554124076,0.9239093731009076,-0.8083326821929225,1.4718841635818816,1.0780354645894716,1.4099724702450722,1.454196608175428,-0.6421439689199614,-1.5562334798276614,-0.35062978934115935,0.7246603692161285,-0.034104305590522466,-0.2962880365882474,0.5383685111548638,-0.6110409415903832,-0.47753676580860854,0.09178058329303934,0.4309274279995833,1.4716947882431362,0.5826683166026971,1.0188439449981805,0.08736895559702608,-1.3535169736758317,2.267724276191363,0.24618329064680622,-1.4537209497801955,-0.18258901731190805,1.2718220307768628,-0.5655748815145821,0.18515226705060775,0.4544120477083816,1.1667130232022174,-0.1112947920228527,1.9027957844859915,0.2804321039820946,-1.3363619351306424,0.2903329560776939,-0.5045166696967719,0.27735835838059103,-0.36120952284513114,1.7660091442447534,-1.5515364696987657,-1.762074095163673,-0.7056719246190608,1.5542658239519709,-1.1069598247719634,0.16969324108218403,0.6297733409585525,0.14936560500974402,-0.2565818142617379,-1.1854595489757882,0.7513598933489651,-0.8076000109896985,0.6884254040796853,-0.2612148932834654,-0.9469189580848375,-0.7765717820826332,-1.5576184823623818,1.4583615090241793,0.6258524169923365,-1.0965531987229271,-0.5282714618274512,2.031798788750583,2.203382818525305,-0.23517551668364256,2.287911676604889,1.5752773839298089,-1.3956012440394212,0.10245389814003246,0.6720992153385058,1.141593158812381,-0.16540312052216627,-0.012713300127307172,1.0478516534347129,0.9099851424876773,-2.7273322782314477,-0.19204062151742712,0.6379815267038353,-0.3360481407649821,0.5292294119152551,1.0569694026334773,0.2317884660379642,0.5454336642534435,0.3767798805291842,0.1732734968294649,1.1632591954589202,1.0238713322420716,0.8596496245520735,-0.12226389659363707,-0.306511569945364,0.017188582356810714,1.66440181061683,0.5282212719869657,-0.18500110927871444,1.6478110278382392,-0.4519990553244755,0.617929787556921,0.314734389618638,0.027074377395102822,0.23769841304203326,-1.2000896881691525,-0.7993548173791671,-1.3024940222231884,1.2015460653031047,1.7207447369060442,0.25445389219138315,0.3979697237760686,-0.2684162291000034,-1.7398529340249225,-1.086518607471793,0.22996779161481573,-1.3666201724096114,-0.01875332127494614,-0.14507050884113198,0.7034026309135523,-1.654465056655986,1.8009243234708443,-0.48248097032608533,0.1365260190415566,-0.10790960920246155,0.36079262259558803,-1.9810205072366838,1.8001896146531364,1.0516169616981543,-1.0116059068969097,-0.6728469214659158,0.19869453665125458,-0.8334573615166585,-0.9380032454745895,-0.08475048229767783,0.9012976907296452,-0.562114787234627,0.9459900484218473,-0.8316114571160615,0.29390449875408176,-1.072563877800589,-0.6569991409356672,1.206356239581414,-1.159755214086179,-0.6992450492012081,0.4368016689603027,0.46083348579380634,0.4753868731591756,-0.6450024109935298,0.16654060833211148,0.9650705132227999,-0.04407282609478001,2.583517059100464,-0.1896647401540196,0.29619392251748217,-0.9285720561666905,1.2009759767131336,0.056950133784243316,-0.9876136842503234,1.1281015625685558,-0.11866943864178328,2.3018776654402138,0.2238065251138177,-0.7191667414767743,-0.08490341776834283,0.2352684424927564,0.19741406616864293,-0.4690775104697685,-2.1113126627285643,-0.29963183313760233,0.20780473762595136,0.36308670185901337,-1.1085441981118487,1.5422261117752116,-0.5888639473129462,-0.3155448675956201,-1.25635189087324,0.6296948444342276,-0.2891015609119594,-1.4516396044596975,0.9345411854163297,-0.4149201104521846,1.6763918566701694,-0.2531417091775358,0.41697936021358484,1.2078182577560919,0.0869756540190799,-0.551124729195177,1.623679746064723,2.8831127385571924,-0.11622532552039058,-0.10436436237795774,1.1035683797964306,-0.6634583073073915,-0.15455636748016854,2.165498397225823,0.6263569564674089,-0.5346741174436398,-1.577459955506824,0.3713078591198111,0.6698260579668698,-0.5104854111913952,-1.8622362709156774,0.7737756517282075,0.13198238499699008,0.7313708756598782,-0.20555212269165124,-1.357994171204916,-1.097008958589711,0.49829858175212105,0.3455786911225174,-0.43169673683695053,0.36621290363801384,0.05628812381133182,-1.364981452878009,0.4742597697478831,-0.6261134369207823,-0.5404067354056532,0.4826790861224996,1.3475054284819978,-1.0152095963867631,1.3147888371993635,0.9848939682441221,0.2522730439673527,0.7177523782666243,1.0158011783126484,-0.013973627848573533,-1.657780577823228,0.5407010382375484,-1.3545041978784973,0.28454919530922634,0.352627385038778,1.1259466102831477,-0.45573934124250776,-0.8903123551526194,-0.15679999880322815,2.1117433658804816,0.39703638022564913,0.4718136584256852,1.7941189760386427,-0.1937369237252708,-0.4032342476759559,-0.48895554695696974,2.10903033719607,-2.0521299088592704,0.4709669557631831,-0.5457587823170371,0.4432276537377181,-0.20729480246190424,-0.19593271073287333,1.385086631318632,-1.154903952067095,-0.10188634045013892,0.6119683433150728,-0.4780616466447324,-0.10894226986387834,-0.9923753935424485,0.6835080852867876,0.9803271899696298,2.4089163885764693,-1.89835923744528,0.5526451404883495,0.8424699975196965,0.1522945032685411,-2.4451239690037805,0.35245616956661746,0.8645340695535331,0.4234743606296766,-0.4174474457613481,-0.21513168125730042,0.1967420356214937,-0.2767173259560894,1.1473436988002497,-0.07851567722034902,-1.292222923974702,-1.0358415643975256,-0.3728158655700332,-1.778991343029122,0.9577872496613162,-1.0400061124111573,0.6751084086566967,1.2961846301824294,-0.15100888620417463,-1.4748299790649768,-0.7269363093890853,0.8091856633356143,0.090007630284091,1.6728738100984282,0.19095358245052754,1.2493408704421698,1.2672548140268762,-0.2678371816273919,0.050917304696482424,-0.6901270983183967,-0.7554394198428301,-0.6751164629580069,-0.2623908964652145,0.32623518726521905,0.5129720064097817,-0.8528881950915884,0.5646169858774706,2.1619870240842927,-1.2546556406995284,0.36208101037868984,0.3117182919003859,0.1475579041594543,0.1945066655459115,0.49084787429740395,0.21283220389836421,-1.90284739679567,1.9339182953346252,-1.754800334535181,3.45168708121468,0.25210853015328727,1.5828302257076459,0.04005133463857428,-1.7377657572209968,-0.49906870677783605,-0.45319585731841067,-0.904104398208376,2.265500003726356,-1.1118552455420274,0.2831734230997941,-1.9127966526783964,-0.4454130789857364,0.30209515208253446,-2.7607393634749884,-0.45523951949611396,-0.47990364599866564,-0.6938101672938883,0.7916302326849114,-0.7081557213555396,1.788343681449964,0.6783635368559527,-0.33773182324742007,-3.218045750943887,1.1701613177517012,0.6543875101282558,2.1547279888602366,-0.6849911554039854,-0.13715187956573593,-2.3614534892972485,-0.9023761901564686,-0.5822785463954276,0.10448692869812536,0.4307287624083188,-0.40799188345998505,0.19266967895349837,-1.2876159833851466,1.241111481298216,1.173865845567161,-1.3381140542916994,-0.24180489342393197,-1.8358790991400085,1.1787189567995395,-0.6107340045341882,-1.141056194562972,-0.16208097015886858,-0.4278067616749289,0.07221448762250203,0.6773477752917656,-1.8486669375620477,-0.1529795034804864,0.1017581249291511,-1.0112940229632799,1.3461773897480498,-0.2800436488192095,-0.003283848378529061,-0.9909553494120459,2.529221503177118,-0.028328068846036572,-0.14747249743534951,-1.3352873965451304,-0.266327438431323,0.28740412735880677,1.3685475839539771,1.0482266239501297,-0.10057682070312143,-0.597418089104103,-1.053626637413609,-2.2433908030647256,0.00995846890815573,1.3462687824810822,-0.7310104900576249,0.011585032644084989,-1.6506361504988318,-0.8235499564129292,-0.4024061848236747,-2.044903610036132,0.33896483010315437,0.016234594856654266,0.4508667954232588,1.4347938328354093,-0.9040636827779311,-1.3642363597136664,0.5672800964015614,1.2135131342084644,-1.2565719789363814,1.0013105136481064,-2.324193805387356,-0.2577753121473749,1.3825935579880495,-1.2006946596528583,0.39709829866836255,-2.4294791046006785,1.110287364669688,-1.458920311274491,0.08714454586489932,0.8809640351929361,1.1212686306095225,0.38998878553538385,0.25166373491231964,-0.6133263886880698,-0.5441225646432677,-1.2036045879262964,-0.14679389665983703,-2.3322068390817905,-1.14716183835137,0.34749746305598267,0.8570562047093341,0.7258504692863575,-0.270251582758766,0.9976348686026383,-0.5498297512354489,0.1822480462489968,-0.17970263644296453,-0.1517107522647649,-1.161391657683138,0.13585563934082062,-1.187743546362926,-1.217525118906597,-0.667554394683491,-0.011991765511168796,0.600889781149516,0.4354587411296173,0.38090534542010523,0.6063668768071971,-0.828607320520507,-2.093471367465661,0.5717662562033365,0.19833731817882053,-2.203922388202184,1.7220195021084055,-1.1008678500958418,1.9476469383834971,-0.4839793923460602,1.0796018121920665,0.5520826933738122,-1.3157401023191317,-3.132334644505487,-0.0845559833178903,-1.141273561387203,0.13585758707561893,0.7279412497118606,0.7784162053795907,-0.23230199243976496,-1.4148985417934454,1.254709102374357,-0.24812221485483077,-1.9429671504033,-1.243537598082387,-0.1805091426021273,1.9825330549187217,-0.41615577006723425,0.511869083554693,-0.11656382700799747,-0.6445115896998266,1.3911061335716588,-2.020886293321146,1.9619758806555432,0.4871155937789462,1.0112943347501409,-1.7771126369534394,0.34439921341461205,0.33769869008060466,2.049921817878822,-0.5100923984835694,-0.0741749946299024,-0.5875185370224297,-0.6544490661687757,-0.45644429322785623,-0.4016884159859932,0.14334990963881883,0.40477678469526923,0.3246581738667027,0.634284327115404,-0.70360271917172,-0.23549117899951624,-0.22659687331046957,-2.0592158571436543,-1.493159409127426,0.43045563432495315,-1.1883521175598695,2.2605776918083254,-0.5209903439404862,1.0830119066472215,0.47586722514317764,1.3886996961114555,-0.529441561318137,1.244512002498344,0.1621934271890889,0.3466386636380159,-0.6990034789731983,1.008569214313495,1.262034002122619,-1.126576911133716,-0.04002216336893771,1.1413909281365673,-0.2521040004190603,-0.01104929250780555,0.683381538715425,0.406289305853015,-0.8705820701156123,1.5362847846651282,2.01567820161107,-1.7413006586418742,-0.654734004243001,2.935705049099869,0.5471440179370564,-0.35727938866127895,-0.16280187667775672,0.691601759153058,0.2840715509968571,1.305494432364146,-0.6658587466903505,0.046022709965390735,0.5304119259904391,0.5986026127304952,0.10883409687893669,-0.5409190473336635,-1.902061592657363,1.6321018002758085,0.5050262065303432,0.44204100550025405,-1.4535507518450266,-0.2808475272326908,-0.17604131694808378,-2.0409903416346817,1.6092302413232291,-0.013888612600647679,0.46291137815607364,-0.01029197935754908,0.30998756210986494,0.6200012725571297,0.04137030965756676,0.7250068360085675,-0.8588509598149171,-0.47785491389465073,1.165966636006464,0.7076859119229565,-0.8610280201188718,0.6261010893494492,-0.08232075753281634,-2.7735058415573746,0.10326146702561581,0.665534462816151,-1.935506129219379,0.268461904327066,-0.8384808932720761,0.48970141875258993,-0.5738016250862554,1.130195776416734,0.8798657283639025,0.05885393425958349,-1.3641801653683177,0.47228330112973294,0.30547201815764674,-0.36150064375022006,-1.4380986788706291,-1.70857357045558,1.1634487535963072,0.396857433475877,0.6802341330095886,-0.458952796136508,-0.1804594550413207,-0.07578266270979561,-1.2464399648198032,0.9360013022533795,0.12015994522144192,1.116207913290396,1.5181459200981475,-0.3184143275900615,1.5950003677063131,-0.06682226933132518,-1.3188070148024464,1.2454831052905135,2.1400171233288456,0.0797848328428783,0.11410223686669257,0.6038355597124486,-0.8852795406233169,-0.2372553125395609,-0.3609623971772723,-1.1529675631030383,-0.4827257335173547,-0.0013070374430054488,2.980428262901998,1.110384759561459,-2.5699067833082267,1.787638822260108,-0.23085352033698864,2.2232339357249042,-2.474446383596183,0.5392402064148316,0.22198364175535265,-2.2593790527496695,1.1758598172144061,-0.9180285037404348,0.28110769838482735,1.4212234600589686,-0.7803912930752893,1.7610297022743424,-0.6500231520590112,0.9085808873511606,1.0178904786574927,-0.8113596141088312,0.46487661199520725,-0.2763220085209325,-1.9549211399276842,0.32634866102942833,2.251882800608102,0.2229923002386272,1.5263105932525627,1.1036035192996725,-0.9700256384348537,-0.5867481763519843,-0.21720295345913487,-1.1381703408565573,2.245662301689724,2.8479543030949452,-0.3404532426738869,-0.600367315531834,1.574940931812009,0.08553981028841436,2.1665388633724487,0.7206004226622286,2.484553253335242,0.5318081002898478,0.7627198843104449,0.6888264560217348,-1.5018487656849304,1.0648477433849,1.6835914458157024,-1.8957255437087117,0.05951401789825306,0.6427456811173966,-1.0628496436988764,-2.937796581161183,1.5337273671470342,1.4855551249059502,-1.7122692488747238,1.6983129209039396,-1.4312832721367819,-1.9303383373579996,-0.5307500002986104,0.641427384254482,0.08991331491241195,1.1693426624424714,1.1572615577310632,0.3848010071177457,0.17282244613819475,-0.2922465897635493,-0.06785396580057854,0.8444566107399245,1.3961472452089252,-0.29019337195266504,-1.6511862089731442,-1.6666923100315119,2.916202088303315,-1.2610260977333272,-0.6966288634629667,-2.8370010744388576,1.0344449686705426,-0.594152386788284,-0.733534529808846,-0.2954568981669105,0.1770393141811618,2.086357809597262,-0.8287663261903417,0.19141507476655162,-0.47533101175799586,-1.448473423167171,-0.5808155412437568,-0.5295304255957307,0.10010254534727273,1.2077463366130479,3.8632760249944904,1.2300032641404361,-1.6399303569963644,1.551793085192654,-1.0615455195802113,0.120536694188426,-1.7588382571287715,0.9953755369116921,-0.36399904691470525,1.586952292644187,-0.5772862186256755,0.20323605848209814,-0.6779515627722085,-0.7037975670321944,-0.3553415807519179,1.5512109373315945,-0.7775112292444458,0.6891472476600319,-0.1213296967553498,-1.8123191828599277,-0.5479113250536536,-0.3500340581686109,-0.7376532429840392,0.16099249056447787,1.4231595890668514,0.8372876959220641,0.526991255966976,1.213609254106802,1.7020557612222011,-1.5807429115462823,0.7659748094773637,0.008641647635601879,-0.027138503484354343,-0.58342789573532,0.037239225656742286,-0.7941583798262423,-0.10662056807078485,1.0986548648563021,-0.7973938025094187,0.21043400263828857,1.982629272172455,-0.7567453983111573,0.07117741117971567,-1.3450327679326082,0.2673002905059558,-1.093210446134448,-0.8484241211397576,0.4367377298085779,0.36226756348017486,0.08934328920163828,-0.8278457544136382,-0.21720954061192657,-0.4547352368618825,-1.0125755600982627,0.07162929396545775,0.12176119622440046,-1.1240020539642075,-2.9756430781926695,0.6542428759512076,-1.1718829648228062,-0.20313877027871957,-2.013187571112299,0.18974279677873046,-0.4843439004041787,-0.340231317543067,-1.6550479736608932,1.5618854261001562,0.5089536519328512,-2.518742435304189,0.4293026559930963,-0.2223013768624415,0.5068091388250421,0.8461771250214791,-2.183089727456611,0.6046531611463326,1.9266684538320524,0.15444465002617486,0.4736035933451515,-3.0311759496367574,1.303033612735887,2.1175939906253434,-0.29686609783686047,-0.6530260887460205,0.8703693502488498,0.6130457226424053,-0.9077298428099586,-1.1325727076730203,-0.37982594543624604,-1.0613261296386802,-2.029430564975319,-0.9585373145763523,0.09060036158057448,-1.270099196849475,0.809168669374962,0.7994543373440688,0.38117545304209555,-1.6412076570418308,0.36475741539765916,-0.7568705769951216,-0.8340542154202659,-0.5479519302915689,-0.6111961431948691,1.0384544133302145,0.9025201946902555,0.6858477763036851,-0.11047106900511926,0.6994984134718447,-1.7903232032175598,0.3970890486716614,0.6941116704984571,1.3547260820812839,-2.1518910938070555,-0.7903528988758476,0.22389417669127368,1.0934132936586016,2.9937697691203518,-0.5308049350227757,0.9568858703151016,1.831274007250675,-0.040439364124799856,-0.3583770894708016,0.6970389080674156,1.9886674751653126,-1.4802845026658913,2.0735304025074757,-0.21344270840357338,-0.9762762364267963,-1.0100552992845342,-1.7986580872259377,1.2975539066846957,1.1888407801116978,-1.037399126687197,0.631662644411509,1.0578742084066028,-0.9246611868765645,-1.917276607938217,-1.3020891741101375,0.6089826211977658,0.7568590886836059,1.2980716197677307,0.8430104634079494,-1.0463085146417463,1.019519304968199,0.7613614324602704,1.5849690313030707,0.09262497506778052,0.5268392124130942,-0.5374652035637784,-0.4590383487189,-0.43283360946379734,-0.6537637017509966,1.5759500113914249,-0.6619911715044884,0.37906482488321863,0.5752950851709585,0.2608469580241826,1.3143488299570163,-1.594794873308631,1.767582268567859,1.1776907195780881,-1.419021153874811,-0.11532847361364332,0.40524181732156606,1.156187554332405,1.6624314311877824,-0.20702447476758906,0.9065107359219226,-0.6894692069460365,-1.285448847007512,-0.025172204064317655,-0.849152791232334,0.9649641971933517,0.30805395134211133,0.4236229565714221,0.5372700816477693,-2.054155714619328,-0.6014009852041211,-0.3083830635080756,0.0313242685366098,0.17355829476526316,-0.09134435774286519,-0.1012890599613525,-1.837645783332463,0.5725924639626041,-0.033793917039533716,0.38346589752472554,-0.6069485022439396,0.09424706218056125,2.651384892179624,0.69005478185894,1.0177417264549034,-0.13247314324464354,0.046139899608864804,-0.8707641961398349,0.20307495912000728,0.4358260507549226,-1.1873530866035023,-2.335854550741127,-0.7932328147943194,0.23030208526713852,0.2708847464035181,-0.7604203547389997,1.2959477437036915,-0.0814142578182245,-0.8727303741442589,0.4109817400542676,-0.6879672937692084,0.5593441505560952,-1.5228554900229843,0.05490428475420532,0.9668520665144771,0.11899641689208107,1.9513647611790879,1.1124145701217774,0.07879250407368225,0.594482098055183,0.8262958910222796,-2.039244576831666,0.9330045181604858,-1.6572649908406707,-1.8398898485618056,-0.8160367385534557,-1.966389597574274,0.36526000632923433,0.4428326112562141,1.6620265084589372,-1.2351274785921198,1.0416253148748205,0.9993364247848413,-1.6268169005017201,-2.9070125492219048,0.0999512247608922,-0.2652592815193615,-0.17950369154088486,-0.5774210388076965,1.330824654572078,-0.05067183121446707,2.2451045226159954,-1.117763902045835,-3.2119261132578036,0.25940621233977307,0.9197832072481879,-0.08056220884664032,-0.2957180453099253,0.6051194682158152,-0.7483473618430082,0.2650794471112953,0.03379497809244786,-0.42147701255070347,-1.0604919013575065,-0.9055713316294293,-0.4100146871708706,-0.7689758960229071,-0.15443660745600887,0.21784412662100117,-1.0913903163546448,1.305260960310363,0.46974707404382454,0.23572812084297384,1.004876042019861,0.11094947999004715,0.6446059120940941,0.4894977344463768,0.8204841491974789,0.3997766737261168,0.6239827365470197,-0.4480835093574164,-0.8199756724625783,0.2634858498252374,-0.11447729615431804,-0.44033939549235246,2.521423540271028,0.11627542871862973,-0.15497081100579232,-0.7608597309181053,-0.0980194701521071,-0.26091250124626786,0.9894000881483102,-0.9432300247671026,-0.8092188404841596,-2.889397719607065,0.11298215988776975,0.7002408787860575,0.26233077198024995,-0.6554666010027059,-0.7176645591869383,0.7135131856589707,2.1972319527468818,0.14249086850360987,-0.22127763383806726,1.9970020333524132,0.9567777191953455,0.20497539636431975,-0.0981795985875534,0.3504258874227292,0.6951443305683963,-1.7382289775152064,-0.727957276258368,-0.5701840169027017,-1.017156505018359,-1.9935788131350334,-2.8630998163027335,-0.22978711905975108,0.30597854631609106,0.7045711917171249,-0.1778052021401556,-0.2746336393655941,1.097446072712738,0.3198762740182165,-1.4805404888994202,-1.440024417285939,1.1083733830468787,1.2787488147014525,-0.5111642085486059,1.237290179152306,-0.1259483552048503,-0.0031119475119281217,-1.273434143666572,-0.21127394447477346,0.38960989170030313,-3.0588617280595725,0.4202013998449182,-0.35899623230376465,0.022693456071693388,1.6633517503142727,-1.7821503450446943,-0.6891623318088492,-1.024507837801495,0.7481480314086437,-0.2729270154136617,-0.6769168641982142,0.7249388052507229,-1.4510846375829771,-0.5008100284422512,0.8597648095631811,0.5277078381568127,1.0409074248265078,0.7189225924112871,-1.3814795208958675,0.3990614219012844,-0.258164157560744,-2.101877901519644,-0.18396906293033247,-2.039607997895093,-0.5517879390583674,-1.6739234020420795,0.6455414751601175,-1.8084906293370697,1.906919327025944,-0.6568178037783381,-0.6281034937787138,-0.023912296524311517,-0.8789589306056422,-1.1665946306395396,0.8840406286072675,-0.8631746562587567,0.8391485272213025,-1.1809669714158981,-3.224537537082832,0.7883957214476264,-0.18122052929771698,1.3669434340493638,-0.7771917239368402,-0.40431158590988725,1.3038532415521813,0.850238663328299;-0.48866412438083784,2.164719487169583,0.38782850244034217,-0.1461606488119839,0.5521359981150247,-1.6808468681393767,-0.8561799556850723,0.013098575179728969,-3.7227986230582717,-1.4055027022397724,1.5744245154445078,-0.3082274659243474,1.692557193896062,2.1699411543325593,-1.619922685297002,0.3559222689019377;0.4471931337610926,1.6548816105658979,-0.1300081132237142,-0.5589404685465401,-1.4952611274664074,0.40022838090498875,0.2393925180706666,1.2982698465181535,-1.42081272401874,0.5371229834801977,-0.5642600145879244,-2.4621876556004336,-0.7468876465678513,0.9184742305373547,-0.2940896715079805,0.7682342965313195,-0.5228920815653182,0.9139691716942071,-1.1990724980415486,0.5206788089507103,-0.41872935777978715,1.0145315103147987,-1.6071005936438478,-0.3209558441387277,2.422224794442383,-0.5313294456354574,1.6775640849889815,-0.41443979025610955,-1.536100091406722,1.706050836318879,-1.0562045591458151,-1.4338530720218927,0.19312834671983065,0.5661130051341235,1.9758483110229377,1.083478358347345,0.6690120621451775,1.4666124224781376,-2.0039418668296096,0.41688623843553896,1.1117637075532474,0.38373406773636376,-0.45843679317971664,1.2617615046262116,-0.19496861862751438,1.9511563866427681,1.2322562411320148,0.7075607044599393,-0.6432397679047368,-0.6960227197731927,-1.278770953708274,0.1204385143966822,0.49001668133849186,-1.1194600327597168,-0.22554368509146516,1.2652510306626292,-0.7751456870123146,0.17125459672218052,1.6566387159390243,-0.8761162552070231,0.17005910337557528,1.3111533534767437,0.6288839457052798,-1.0637401314685615,1.8033261002962595,1.0123185744138974,0.37552166344813953,-1.9755383784471834,0.24809047061194742,-0.48252541901223545,-0.028271289830227454,2.010729961575743,-0.20698574303511796,0.7243995678539471,-1.834991602095059,-0.28598290507505864,0.4963731884573122,0.10121798988980163,-0.33996424167495043,0.47497260853644824,2.2612178201352364,-1.0765030810143965,-1.6683007614829606,-0.9679528461661292,-1.0866015762151777,0.29503111426159423,-0.25332923490849635,-0.31517819554891,-0.13712591558992515,0.6629758760659709,-0.5239136223895815,1.8204397789203446,0.1513056927052803,-0.7543493274246482,-0.23256990757375767,-0.48051023364239603,-0.4261048674951358,1.7243511904196553,-0.14631722222043805,-1.1687769167586417,0.9872258942667806,0.04090617243572364,-0.7635387189396685,-2.5650347390956694,0.7746582575979053,-0.5306522554278187,-2.3593663689230637,0.4862211421277396,0.860731744832615,0.8960646417531448,2.163344139066761,-1.6213830052660672,-0.3356242297139804,-0.0032320618005986738,-1.2435116515850775,-0.22881239141507315,-1.5746746637890956,2.091194080747006,0.17464938203620006,-1.2667339268574058,-0.350461531642373,-1.163085679447142,2.1492874456318383,-1.176401841809113,-1.3874283669439471,-0.8967403914901488,0.23253369694273945,-0.15116532245777714,0.09580265626011708,-1.4913562720253342,0.7502591730832265,-1.1749818900463642,-0.6945919716572959,-0.8945664793081078,-0.7678970828892296,-1.092294616398895,0.2822827591437382,1.7180023887448725,1.0027442174305212,0.23005291857686821,-0.24773091738740013,1.2972870332638198,2.491996719626344,1.922595887585094,1.2462254257141008,-0.6510299880256738,0.5859077275460731,0.423528693588907,-0.3086648940849682,-0.20686566076718693,1.10764618255968,0.057570730993929786,-0.22761347487680167,-0.2512264824478908,-0.08715894408783233,0.9336450898792871,0.48083694433056007,-0.7967677355875359,-1.3015067308812702,-1.0475194436231845;0.3891194290095778,0.9267300104795427,-0.10289264408460647,0.3441845909469014,-0.2714263378380761,1.34226529039026,-1.2626629743704822,1.3755726374547312,0.7559792247899392,1.9298660612839758"
16,0.7480234758581982,"-1.8405223878860706,0.37470170053319424,-0.5920557635817497,0.6154420565497158,1.4181298106790867,0.00734732318971279,-0.16225237457509234,3.2383527317902083,0.465316881667876,0.2878908535203321,-0.8102917106553027,0.6556629870781213,-0.9026083559172,-0.6810584912278896,-0.43046769453358247,-0.6544453378229461,-1.4328989829344763,1.258920375494108,-1.6465023058061494,-1.3571248677260312,0.1432434463176726,0.20873980553364463,-0.5619620610174942,-0.7942658714741453,-2.3690254413759018,-0.07520912812848163,-0.07779225084120066,1.2619192509327433,-1.2253536833818568,1.6175829619638573,-1.6572341064717735,-0.8062750649085209,-2.3898010789431297,-0.5691532000475752,1.3999507332746413,-0.252414155204307,-0.6003563982466642,0.15441367016734295,1.3155316248539166,0.4989128274191853,0.044509245877416934,0.38479401711854744,-0.9598078778773124,1.833054615647734,1.4478933595633132,-0.5474748822363575,-0.021738478207935022,-0.09575902662043735,0.46412580398343806,-0.10711836672961658,-1.8096750498718772,1.1680620873866316,-0.10861521051580308,-0.26347962683681203,1.1575207854356069,-1.0481188872952616,0.6712465457857573,1.6934260459550963,-1.1608740772874084,0.7396885986871932,-0.5359915603777444,-0.7380431906318369,0.5683614715345414,1.7395652415258938,0.7645802667411374,-1.633384680056352,-0.1949916388223146,-0.44380533642984843,0.9534054423975901,-0.7339160987643737,1.0686736116771034,0.5043218547399572,2.1133787525537238,-0.2889365894128595,0.2985381499215109,-0.6918979869278854,-0.10474350875768669,1.0427207395387776,0.24764757141771082,-0.5745732480240152,-0.047521868166205544,-1.1965077120059,-0.034607277573025876,-0.41688766241386405,-0.42285960111749904,0.48128483362507135,0.5185331328747536,-0.9927730424772209,0.747837434070008,0.8922510399708704,1.1068278614398472,0.7750621193314474,0.7377045347396582,-0.09253078474938202,-0.432641324487412,-0.525667264026287,-0.4010705984071341,0.7374351367883409,-0.9691143865527037,1.1132933070469346,1.3781125261756335,-0.6902310658993559,1.081680995948506,-0.8300085466312644,0.17208347074135003,-0.49290964246456576,0.3815477342228466,-0.8855829408990592,1.3954234869895172,1.3927515122005047,1.530657370603738,1.3766465518227167,-0.8575102342602272,-1.527452831592166,-0.49751395957202493,0.7610189935806938,-0.4122080343571233,-0.40280639695042664,0.6693882016178687,-0.6812898971490076,-0.38983988528938307,0.0433313519040688,0.3424269914209452,1.6914891442697844,0.485284556634509,0.8080633613281012,0.19849015268318793,-1.551131458922251,2.2634471265535114,0.1226846396841923,-1.3969258442684112,-0.12178380797102109,1.1729648055239408,-0.41068390131964133,0.2635495610992566,0.3440827015001677,0.8338614369483035,-0.27622908591920337,1.6834282030968817,0.6185813537856941,-1.5472596094318427,0.2679158142297951,-0.4517047714616397,0.2684550237571572,-0.5316219166851212,1.9588285544504822,-1.2908865963008338,-1.674753172959557,-0.47967037627842973,1.1056083872554923,-1.1951641538684714,0.10738563852010732,0.4004308843823638,0.20162365430155343,-0.23569030293177984,-0.8626189927939133,0.6647510272626637,-0.9094894092330077,0.5239495712106215,0.23684939196547294,-0.8120669587998716,-0.6886623392986326,-1.20110593739727,1.445400495090665,0.6400695374608111,-1.0216647733440642,-0.4566232909021153,1.7415227842800938,2.275800440476991,-0.1766899303164789,2.2456322485547418,1.7616666176226567,-1.2724830080553466,-0.08817361417890024,0.4197337314652085,1.4393337719983381,0.03181084053140083,-0.021010078109141888,1.0239223422241543,1.265893158342524,-2.902474309918551,0.2055586983498131,0.3340424991564471,-0.2904214193643452,0.6288861199448336,1.2793135878150992,0.36130997310657775,0.3502145178311059,0.05605023779354357,-0.08309866206945704,0.9703048409362559,1.2033892444355798,0.43918658073100275,0.004876041272082826,-0.15220533448843532,0.33256199698695416,1.5736067824494682,0.28705256532820855,0.13718320312596705,1.6787153590774408,-0.5305952110339236,0.21490908182346852,0.5088033230096182,-0.17823764543826645,0.09652555280604377,-1.3579662699771282,-0.9137460722822851,-1.4767265193979566,1.2322156942527784,1.4545386731386651,-0.02668432320159314,0.44054874686699486,-0.6166749185360791,-1.5815867378876836,-0.9037545409284286,0.3837124519528445,-1.2049974735087479,-0.1242689982884449,-0.48317714794953637,0.8911390554966383,-1.4252999744143446,1.9685860436872127,-0.6281689365303331,-0.11754524566079702,-0.34555117351461423,0.1970585051788037,-2.0067938121177367,1.9270877727209876,0.7793202274679817,-1.2311277536929173,-0.541167659817045,-0.04628987282157426,-0.8887236080846641,-1.0626056543805544,-0.11179443081442295,0.5302567905438464,-0.7727577004141035,0.8035354367293911,-0.3410460017978497,0.1895089053294398,-1.1173631656391751,-0.6099147787077221,1.1347054690761849,-1.165754430382442,-0.9270583266363625,0.7955787509808312,0.46880193542769155,1.0674634469254713,-0.8170721914249074,0.08231964988641598,0.9935067253218528,-0.04210641493136409,2.318550837175613,-0.1194449166054518,0.06729439111033028,-1.3052097417791755,0.8941244457072086,0.10484497424778418,-0.984778726672612,1.1694055468254032,-0.4446363969171227,2.01443422363116,0.014141081289539156,-0.7085513810084537,0.11182122819534718,0.24935372060264796,0.2992729482234734,-0.7200057558872439,-1.966547485730918,-0.38757958897830097,0.2584697375108698,0.5287569587107198,-1.4367938780749117,1.6808335174759932,-0.5601011455650097,0.132601601053038,-1.1280953110218968,0.6213699719283264,-0.04933816485272592,-1.4198778716255558,0.648921922946227,-0.42404187694725193,2.0341266224755676,-0.4758617644412356,0.5728820914317829,1.287000807879155,0.09759432061496348,-0.457200993371512,1.680784296942676,3.0774067895633204,-0.026145460369853962,0.03627677471886248,0.84796477718701,-0.6401442456252392,-0.4566334434962497,2.115550402687643,0.6570592623073044,-0.5951968267044916,-1.8888185384234166,0.05853641874861043,0.755885537144382,-0.6614344657357628,-1.6637306646205199,1.057959160129345,0.39345657331912487,1.1058753927187497,0.025553822265994307,-1.5072730790656859,-1.4928933123779549,0.541848616510692,0.4716627149013385,-0.38107596469142996,0.34662089637949645,-0.11236547695823892,-1.15076615087489,0.5254201488785174,-0.5049343602995274,-0.8192051769919052,0.6555107779104944,1.1381874735309279,-1.011184637929735,1.5087448160344936,1.0851470171329272,0.12583921016550167,0.4079898430523117,1.2209790222130188,0.06590671211460872,-1.5313270569702897,0.6004180908857832,-1.2764111609401079,0.30626592089081944,-0.0876171720010463,1.251970208330186,-0.20008428053232266,-0.6361775136244073,0.08578795413304635,2.071973196269502,0.2723046809610883,0.5510443648911414,1.9746543705425912,-0.3613551091683756,-0.2406699087819178,-0.8743742849116379,2.039776778637485,-2.111427721595904,0.5251074451148628,-0.5637019232172976,0.4745816494151281,0.21522056394581385,-0.26762672658018805,0.9019400278034788,-1.1144435631625387,0.17197476736989067,0.7509120335432691,-0.31558611225593086,0.030780799355846107,-1.1746925810409266,0.6275710421507568,0.8602249147808971,2.129353870070159,-1.756548569960135,0.5074327630869983,1.0265991848649194,0.13086164721070614,-2.311492456631888,0.4448031885491462,1.1330384149531576,0.4170500100528139,-0.5799364881430177,-0.18368855353098787,0.10208086107539849,-0.12835560905843524,1.4013911815146347,-0.0069896009696048395,-1.2760669139979786,-1.241636706761305,-0.3153753361245375,-1.6446767850342656,0.9753496087444569,-0.9626054650083523,0.6967062923678261,1.3102484558714753,-0.2518903700444207,-1.6140529825267493,-0.6556722924368634,0.7492186410871196,0.043367752157978764,1.5897594249445441,0.11082607650937003,0.5111635066575803,1.487539418118044,-0.32581552896946664,0.5261100007289905,-0.7713856099962726,-0.9431557667414758,-0.4134708768465744,-0.18810333687231776,0.2174654698508404,0.5410438503702688,-0.7596726474526948,0.7749638754449923,2.140856272416618,-1.5924632161748822,0.5237956047275313,0.35700215246461464,0.32849991514623983,0.07505696545414774,0.4164419774368813,-0.09618981029105372,-2.45969187091907,1.694399378623751,-1.7570876485332227,3.5198918578367677,0.26441643174999874,1.562939392197135,0.13251514027468445,-1.7254274823468845,-0.6785824240465875,-0.4535330501098985,-0.7562136714553868,2.4646454698154208,-1.1740876807077854,0.5872645421257401,-1.3908257824122585,-0.43900219908472554,0.20296476876451544,-2.7834760961393514,-0.09934001368803791,-0.4883251904553562,-0.882326379321663,0.978988576958671,-0.6216883752110686,2.1120706183237394,0.5508785271563275,-0.03458054344565413,-3.1765587338381214,1.517231529808778,0.7385603914292541,1.8418915428756728,-0.6680493646256211,-0.17832038636528125,-2.332281453952042,-1.0061008201933945,-0.4216582587351653,-0.08751090112081998,0.015601429575705705,-0.37333552326078245,0.5704012875362487,-1.5340894813817458,1.4863658207112023,0.885346078116892,-1.4054023735091747,-0.3258301128532997,-1.7296959781532222,1.4379023576276084,-0.3588369753740931,-0.898389027385943,-0.15273608344279305,-0.5694342253671589,0.4361930796614665,0.8643499882027735,-1.6256720457183023,0.2939059257888601,0.1046169165130032,-0.8508244422943475,1.114538403762001,-0.6317896568784619,0.22671631394657996,-0.7543206087899886,2.1584844769113034,-0.1626369734590358,-0.20318661198307997,-1.3851192769469085,-0.36992750481321174,0.23796183297067908,1.585262008315676,0.8465214246646257,-0.2077518296117098,-0.7963975349400166,-1.2113740769988002,-2.1756236141734564,0.19852821902904066,1.5342759982163559,-1.089339259736169,0.027111003303771752,-1.9378548574257106,-1.09231422519422,-0.2781042415506921,-2.367868254350089,0.351235557863859,0.2711111584620567,0.5509855630335805,0.9122595600469909,-0.9720071401413899,-1.2835524723024632,0.5390561501128627,1.0750956246025645,-1.4261143499785331,0.9050158952400613,-2.513425256874977,-0.22376047818189315,0.8994317949490507,-1.0855786765183448,0.4552237281053501,-2.2273327820334625,1.3292411963828523,-1.2408132809979215,0.03085406482576962,0.634585173121752,0.8577482838175587,0.28344766690755807,0.38870989037481496,-0.2678004089957096,-0.7907677604966403,-0.8043443922909687,-0.22866076350146378,-2.1358245604936927,-1.3466395895711012,0.25016029700561376,0.9077760911445408,0.8299813891621888,-0.37381899642346894,0.7397001697100346,-0.6929901878056465,0.13557504909798945,-0.4222248931177125,-0.0628702146184055,-0.8618444977212726,-0.054636372168815256,-0.8754402419414244,-1.3257715970258808,-0.2459924706273663,0.01628409469093873,0.4924971529371853,0.39504824744861894,0.5871639450313526,0.6511843149164116,-1.2765103164036282,-2.283970497066959,0.46069911994850615,0.25637134909953135,-2.33920553894155,2.0871532660389684,-1.0695550664812385,2.079568056435479,-0.6357817470274104,1.2112881521758199,0.6821537885194768,-1.7840789049955188,-2.862624454687689,-0.1888151878774496,-0.9806734576682997,-0.15770102334687303,0.5478366061700634,1.0190557672723022,-0.16836753995669904,-1.2666251594728573,1.0022444236304358,0.03248110832321502,-1.4444078676380292,-1.2435679106247408,-0.6615062913235056,1.9674341751874007,-0.6264828285482472,0.24739239997891793,-0.2254840744893841,-0.6940865358915689,1.4288328364826035,-2.4075211527908578,2.1706285382571355,0.21864419083053716,1.2307589549890274,-1.4354882852806181,0.243396497722293,-0.0759361698991484,2.072042383677827,-0.15634280897943156,-0.007163343018952259,-0.7016360253436489,-0.455341323561709,-0.2973419865148306,-0.27207387365857627,0.13855186016926738,0.2041057791513682,0.34562664032932083,0.792199623705123,-0.7013538626266758,-0.27087669012602156,-0.18254448944436374,-2.1082531703221146,-1.4273013480960826,0.17994959522487922,-1.3294594368020594,2.220694547088533,-0.8938419488853313,1.200559279098357,0.29296342230591244,1.653606374194802,-0.5418173337536687,1.0901216949999764,0.06994998822199977,0.27303075014712863,-0.38339015023150413,0.8041976494064949,1.1645141263273042,-1.1250008104098097,-0.01691699149646008,0.886207701263197,-0.5914267336213472,-0.11049496490291492,0.5833762637935108,0.3173045869697563,-0.6476786607720679,1.475480291658719,1.982898372994787,-1.8137982392309417,-0.8087722923020715,2.931224447743282,0.30045368477478934,-0.5129600238695176,-0.14086966973147103,1.0963222121353713,0.01162229541333376,1.297501677280821,-0.9136052398660325,0.29855661126928124,0.41914301850413216,0.6350174603939374,0.14806306913881356,-0.5536004236767096,-1.9249704230585816,1.2644485880090814,0.909949427227648,0.29978847731882124,-1.3502341075595319,-0.13418476963620274,0.011241330518159447,-2.1384485360793906,1.5424085740577504,0.1908620957295746,0.694655943305639,-0.022928166555907986,0.6258981472147074,0.795420486448029,-0.17501837737754053,0.736011494213625,-1.0115213536664995,-0.4797996120759891,1.50601966227835,0.7634202300087655,-0.7154495803767889,0.46289649154761286,0.06646606919110261,-2.7400728280976145,-0.27047145164717723,0.7075037807765958,-2.170688000160798,0.336410022718887,-0.830831946335337,0.5169392448252028,-0.46614733003107556,0.836112610581122,0.7669853251325678,-0.2900806915482302,-1.5328832389052383,0.20502042045721863,0.427095998715479,-0.34838971287508114,-1.4497520962490054,-1.742279698011159,1.0834185895547948,0.5843760440606388,0.7282389660648813,-0.3938989794361205,-0.16010245628938422,0.02664186850651807,-1.0406075099032719,0.6895887890747596,-0.009017756873865572,1.4367275006620677,1.1973415927207682,-0.17911980388494497,1.6404717535345257,0.0897376751372913,-1.506918518428611,1.120566779903601,2.6429884282782976,0.017269096590583427,-0.13628320176283326,0.6361900666679188,-0.8766959459559122,-0.14068978821044564,-0.3536192495574302,-1.2680199736372848,-0.16098632873999824,-0.2302683258461592,2.617522382112102,0.9290836760972523,-2.6167023947201313,1.9092462630133151,-0.19327799890079683,2.2046854026717995,-2.4276197466389897,0.7952924284050105,0.4172572506046223,-2.3959629552825468,1.0417007486543164,-1.0889820397926782,0.5899693312039169,1.2454655764540934,-0.9373254200982891,1.5994730759288156,-0.40850187594839005,0.9121254371106016,1.2597058978756301,-0.8282713911943896,0.334380253878637,-0.42503871728535547,-2.384221356144762,0.4468338051090311,2.2778166574678016,-0.03717094387997065,1.7435897601572987,1.197926049619482,-1.2779613499669669,-0.6647852327321717,-0.10809641884387008,-1.1481453405867104,2.3227078745068734,2.645430363903702,-0.5749989438106641,-0.55651820600088,1.649508679268223,0.06684558309258665,2.135413971118202,0.8006921097348441,2.4057448217664916,0.6122898256796696,0.7012199124080296,1.1862401244908933,-1.5723297649592642,0.9543473629275456,1.2800371957449146,-1.8708212491243406,-0.11607863631928328,0.6547817115690344,-1.3881696486339157,-2.7200919992106907,1.5538788070813983,1.5270069797124926,-1.3131098757871862,1.8769966452008124,-1.611649329464992,-2.1274542478068406,-0.45279889895691855,1.1116614126652373,0.3180813358849993,1.4824600773596437,0.8828388793931027,0.09959057890265618,0.19378749373136572,0.03437162521992833,-0.2704805278084439,0.754138773276287,1.2778534635350498,-0.482752830721714,-1.878874994508602,-1.772469619949776,2.441843288778094,-1.2170002786980434,-0.588176478083572,-2.4428282719936982,1.0504712112086845,-0.35395145183392174,-0.7820181515340254,-0.2937473408234682,0.4653934168456975,1.9980667283846238,-1.205314675019546,0.0928499234041358,-0.2626692653547694,-1.5084825592232514,-0.4873508481941311,-0.5216415312944752,0.40581682245355716,1.428804216831365,3.6202646273078507,1.207961211851378,-1.6831228383843133,1.3726179890579344,-0.7906550246159382,0.27648867281599043,-1.6265066186166588,1.0065147738066345,-0.17173756573565097,1.6607137909728311,-0.32775125931985283,0.2548544927142492,-0.6766492206427853,-0.7217313328827005,-0.09352707764152834,1.7277714317415884,-0.9723496578808292,0.7397523035275829,-0.12590516610127467,-1.7230571391228489,-0.4830079216917378,0.010811575967748815,-0.8827564756821852,-0.12085428972624566,1.6728865182401251,0.738517067806757,0.7370069679692038,1.009515495816847,1.7253247847161852,-1.3714157544333454,0.9766778367227384,0.29998422037068617,-0.2465856350133178,-0.5515735573362572,-0.4335269899643009,-0.823429911168879,-0.15107881936171388,1.2636227213060842,-0.9435190724513371,0.43027516482638306,1.602080088692113,-0.456416874742154,-0.07947705993566896,-1.4445188440800885,0.46527665230659754,-1.1779669383982196,-0.9772016363521796,0.4536066818016153,0.54646716452471,0.10708457315950708,-0.9279212366701465,0.17025494764744176,-0.8607776580607684,-1.2002976220024102,-0.1275991640706416,0.028216031883243745,-1.3077705953914773,-2.780324966185518,0.462734985551826,-1.1440995582443025,-0.07167228163441625,-1.8920158306706305,-0.04235935996396396,-0.5084876081134077,-0.11453180632960916,-1.847089801193973,1.480900693961211,0.8458263491866487,-2.3537914941039073,0.5805501176892031,-0.169282325520964,0.34259396038312845,0.8596104536692322,-2.17583060932724,0.4868664972682907,2.022187952016764,-0.11446913536480614,1.1480595354798866,-3.196039825236802,1.330572830724966,2.1096319955478067,0.13081771424962707,-0.3866866234277808,0.7439304348784761,0.6298741564539115,-0.7144000235822308,-0.9153526097597398,-0.1156996207816571,-1.2109910173182177,-2.147108602484043,-0.9667557126911351,0.009730158104047308,-1.1462703263701317,0.7694224605714151,0.3707967034097586,0.43207901782895364,-1.5099652966048707,0.5435915338093664,-0.591754690881844,-0.5814178570633497,-0.7408541551154362,-0.5695760249643345,0.6568970985872346,0.9674008089103662,0.3279253724045477,-0.21622036825424845,0.30952430351954574,-1.8674532683830727,0.4290261311998894,1.055692323010017,1.3786568350242363,-1.92952559404999,-0.7848127603548721,0.3975355915731059,1.0279444885338314,2.877981148618233,-0.2570527279082092,1.0046346041633887,1.8889390728664501,0.13820254796669937,-0.10117544858387162,0.6725618837315728,1.6473312599901975,-1.6313560592465846,2.083542500350752,-0.2660144308761786,-1.4398537210562856,-1.0525431627809574,-2.0585676182902772,1.100030352546648,1.2188075849078481,-0.9753813748389044,0.6630246997907244,1.1736478119803992,-1.0388552684242458,-1.9636587235584664,-1.0888968079873798,0.5450702640535698,0.8802873647250424,1.3620658189001125,0.2680782712391231,-1.351614382164544,1.2010413546038143,0.8583177457120922,1.5516290395047128,0.5526108131359763,0.2773863202737525,-0.7411021461580916,-0.47775180148285956,-0.12325904783773797,-0.7412242459670194,1.5423032354914161,-0.8573384132536034,0.6289490012294081,0.367434047159712,0.3840895575182967,1.5012518191713322,-1.6720852654440792,1.8255717330516934,1.0814624439665386,-1.4891420949240102,-0.19986764043150987,0.0706961449936294,0.9084857708083985,1.5180147509594633,0.002145317084113115,0.643858590482727,-0.7577395917998362,-1.256016722247827,-0.3833814510940421,-0.6851991225612778,0.8517029757412554,0.4562698700236408,0.4882421990817497,0.42939641321221045,-1.6254119379359067,-0.776111812924847,-0.48774287952433054,0.08775742912089912,0.26174545802493815,-0.12998181405388867,0.30366291005085777,-1.7397969994262092,0.6784852994439905,0.14455016212267002,0.16159119960359,-0.457593613689283,0.24031953645995818,2.646957869364903,0.7075080007955843,1.2459783893156013,-0.0564755547722343,0.3827295495606923,-0.7387972464563008,0.3216498688459434,0.5921628564483382,-1.0581417407787224,-2.4833596877178796,-0.640564876706841,0.34338928331413926,0.1685897733178833,-0.768739241557153,1.4888235381178718,-0.015699018182685306,-0.7467901810615234,0.30039557016925367,-0.4667271763851172,0.5250197547598207,-1.409994662735496,0.21815060020911403,0.9744461540127225,-0.10558284697024994,2.3425682938950785,1.2507605927469378,-0.397644989223056,0.39655476990573857,0.9697538231809593,-2.0041037773701023,0.8167157087562757,-2.152761354049369,-1.7205607613948926,-0.8388215752908125,-1.906279859903187,0.40410476605314727,0.7819600927265948,1.4565987345896607,-1.1769557786206555,0.8951755775574575,0.81058425116129,-1.388089236663246,-2.961858454774163,0.24228704844737553,-0.22650646583328385,-0.1810199727890233,-0.8211249446444212,1.1312457734759331,-0.2277016368184373,2.220979980907074,-1.0565803684219828,-3.055573594142378,0.21658085285759987,1.0661336334132503,0.316841917221038,-0.41315622175887734,0.5511783082585899,-0.6031071246918158,0.192806575528587,0.21657032268120202,-0.17214648142818423,-1.0748795481388327,-0.8670233983026672,-0.24076378901889642,-1.0214708187949764,-0.15300463311741272,-0.10493923211243442,-0.9142472637982888,1.0049812971586543,0.6375889943356513,0.4742376749243373,1.0321980466091492,-0.10968504749129669,0.3732961367542133,0.42645914606236346,0.9697926150120502,0.3104521509718755,0.5851402083540226,-0.44989162164586083,-0.9258034694522693,0.035142213698035496,0.02734326521880096,-0.7121942355797777,2.4976186812537753,-0.13321917623616875,-0.041281377665654574,-0.600794403164018,-0.43312612847203685,-0.26314079838312854,0.8322168099867938,-1.0030303361055561,-0.9423293073567504,-2.9050490191048373,0.14180553826108408,0.9207436591187181,0.3853808407824833,-0.9558118372695914,-0.8522417452530953,0.8624076364435291,2.7375430633505142,0.41078466393691854,-0.15633415900007153,1.7421860337732538,0.8452893629948929,0.10792683417415697,0.009909734523369264,0.26532434040907166,1.0293570701491064,-1.8095335427012658,-0.937186944581835,-0.6041649714359314,-0.8274897563056405,-1.924199861317966,-2.9153642135840308,-0.3275430809251793,0.31850615108319064,0.8163309481104225,-0.22014159854680046,-0.22409083744660577,1.1022670884107366,0.5022334597398819,-1.4757792937145247,-1.370739702945058,0.9225273691501106,1.5599480134956656,-0.5961300128234255,1.5062796463890828,-0.3126475406141357,-0.20829809754027456,-1.0950765135562326,-0.3006830528098575,0.3777516613871478,-2.9627448720104663,0.6297061086437621,-0.40106897922063145,0.10224690591244945,1.7976609756690511,-1.6972654774750513,-0.5787696576291175,-1.0071608101209277,0.7430737479283509,-0.3267527938060417,-0.654509043801463,0.7873262358859796,-1.5019838638901228,-0.14023866469151225,0.940099704558981,0.22040826526627932,1.3017347124060135,0.7366504704888976,-1.2481504423655159,0.07225372826527882,-0.5129458287812136,-1.8664145765605524,-0.25108822580657314,-2.341237564416326,-0.6720909579917859,-1.387160598501321,0.6686426717167521,-1.9597383764885727,1.8262339592624113,-0.3862743607621073,-0.3215101499148846,-0.032958612427271716,-0.9937552224453546,-1.0029616790470057,0.9920841663259066,-0.9842792583691193,0.895537905848427,-1.2641115820751072,-3.246205173759257,0.5841981015374327,-0.2104764176540897,1.272310513025075,-0.856700466077497,-0.5912220616311168,1.3373970588569182,0.5192037556014568;-0.2311796319326432,2.2232920854688047,0.639003643119306,-0.16916753104060642,0.2976043988944186,-1.4514518825688747,-0.870183655312366,-0.15330936756688884,-3.782449513241643,-1.5086464186024795,1.703353689421838,-0.6647701009720169,1.4769734342518535,2.311175418927477,-1.4621343953223107,0.41089890089995484;0.49971346265702027,1.3957240887943376,0.2321183783083834,-0.732465930889397,-1.6840560100779918,0.6648578456614698,0.2709865784829433,1.219112701570244,-1.5401630527453969,0.9514501417858043,-0.739416593006289,-2.340942531488647,-0.7214718237575466,0.9182496095311994,-0.42574190893804553,0.8616438578451703,-0.512411043313625,0.6719342125887255,-1.1122501282180344,0.8609860153101575,-0.5526159378739776,1.0885732829190755,-1.600984894640774,-0.4365041710376882,2.3463398020677158,-0.0670941642885351,1.8319401119542902,-0.6391839343442559,-1.66541353878064,1.7697399691926337,-1.1559414225181217,-1.4545587299905338,-0.5063099965404287,0.9320875752510097,1.497561695945372,0.8076893084940794,1.046589622063564,1.403794648714482,-1.892433056004907,0.3386511424107129,1.0685402827392612,0.3692207620052344,-0.3159530501584052,1.0723015443223902,-0.2924412546252835,2.157941651376384,1.2819074747749974,0.8442310531771733,-0.7125418090848422,-0.6668621572620193,-1.1297513473609495,0.1788853616948739,0.5565973844077874,-0.9664608096127142,-0.12782396839730864,1.6213708924124834,-0.5821198485304621,0.0974517333963543,1.230612752727289,-1.168945226886314,0.03672101255466555,1.5198532341037296,0.4940222948999044,-0.6810815816330348,1.9488523640994035,1.3510677625477288,0.550437420099207,-2.0498197963576725,0.2061763666418593,-0.6496619583491453,0.11180098068611506,1.9022328234666896,-0.455752228158178,0.5729968278333584,-1.7498616982336666,-0.45504536462757705,0.2665282932079437,0.07254896079958101,-0.32154458597976904,0.14516840575476359,2.16297275069246,-1.0468084214832691,-1.5167370309857813,-1.0352738348812243,-1.0665787536343028,0.25780497343353237,-0.25369339659407886,-0.1790875827726262,-0.0842221698914081,0.6898106308775224,-0.4835851766877872,1.5454943298443922,0.0692859100121344,-0.26448498273781035,-0.35656677205099296,-0.4604379788083014,-0.35823870981750744,1.7195958991507387,-0.6279782129277727,-0.9584640415883613,0.8642585404683539,0.1640595725993223,-0.9785867936382767,-2.4054832087209737,0.5584333327731043,-0.27350439780381663,-2.318568210675963,0.1856301490556076,0.13396403523975187,0.8790420618855591,2.1366973309328916,-1.982827614313466,-0.5852806232973706,-0.25153596248852306,-1.0519008256486302,0.02690865537829755,-1.5546029283736333,2.0706188662310647,0.32475882788126514,-1.6096661086905908,-0.27256766240090363,-1.1452400353646524,2.1914077845581295,-0.8873499632611286,-1.5468180589275222,-0.7472782034681364,0.05554898201075581,0.030780233092837575,-0.17345649829677323,-1.4292767285801584,0.5459429375303405,-1.0858977208113127,-0.8351676696383459,-0.832021608599239,-0.630821273093289,-0.9959222285279432,0.22245144533484293,1.7144456977072886,1.1495159833862456,-0.011358092149721513,-0.16273264176168975,1.1374581948574793,2.929701489062412,1.5823619934484157,0.8978549208485935,-0.45265252019964436,0.6382629192322942,0.09756208938693722,-0.1891005866264482,-0.15843952265283315,0.9263784855218798,0.10058616434753026,-0.2759099845625022,-0.2851864313354087,-0.08642586705074107,1.0911698970915042,0.7339726049514361,-0.7574461913142423,-1.3464721380896034,-0.8196040249376041;0.4670450424291147,1.1015701856014957,-0.006981195042924743,0.1533346878156966,-0.3242537959575468,0.8071894609018412,-1.8989300137314948,1.4560701399553921,0.7544901223561462,2.0423026762907446"
17,0.7401819690718937,"-1.6156999682410822,0.5204137374447475,-0.9271491668744837,0.6570345373054853,1.2929869642385663,-0.046105435317277815,-0.23879089883938123,3.2720475326005696,0.26081189787060427,0.28241652501015535,-1.1030205647081528,0.5875989481535052,-1.1521908935157108,-0.44580077147143493,-0.4924096248125035,-0.8758638626062535,-1.188861930166556,0.9186364297045975,-1.736276307477137,-1.1669321075901191,-0.04015118018473253,0.045915327686246774,-0.5587849978965806,-1.0650317889868697,-2.316627848490588,-0.2871065977627519,-0.17408572560216085,0.8661607814308054,-0.9837640277132755,1.451959104877792,-1.4940743567497219,-0.9958325488589311,-2.4803416845662034,-0.5779939899827355,1.223959073068744,-0.20113250340232935,-0.6640368274363864,0.03582490643724559,1.6008080887428833,0.44047541280299385,-0.13061391401439917,0.453160871329374,-0.8687594078121208,1.7945240765702524,1.4142762490603134,-0.6119671859246602,0.08610723797066032,-0.43500791933012717,0.25376671558090325,0.11488797952020903,-1.4737139752829895,1.5784300270347285,-0.06583328167222834,-0.1362298493364227,1.4130333701316722,-1.2897730151039568,0.7258572551979546,1.4251731303408295,-1.2803562963561739,0.6038619462949523,-0.30325244001442175,-0.3531399856695272,0.4744280714875429,1.8087070495625082,0.7733120088191787,-1.325790680623258,0.04824307841767994,-0.46962198072954453,1.1217572178612667,-0.6802694748211011,0.7702656846303262,0.9980021800209208,1.730480715321728,-0.2591887671699609,0.4651856327868385,-0.6843085224020136,-0.013959393384443491,0.7261594104412868,0.22917113710921383,-0.5157977247980994,-0.17985436243105135,-1.20947066522109,-0.043367090171383155,-0.48884055641535473,-0.5309074215244969,0.47681395679613764,0.48556788706975135,-1.0630885797768457,1.1853813723623063,0.5211278259823858,1.4771889448381794,0.7437867038459636,0.7941767845124342,-0.18627826583596005,-0.5470105985323632,-0.4661665198698734,-0.23841454046359584,0.8213872429300809,-0.6612119227872144,1.073575683863879,0.8962190730711503,-0.45467768171661455,1.2986179748223872,-0.5022690943703974,-0.17846080172789694,-0.5970075846591405,0.21356009645972152,-0.7630352117206533,1.3517926707773134,1.2713701686614027,1.5080108477785497,1.2386550132572882,-0.8183172445553345,-1.5448236192253202,-0.3848487977853667,0.5969622152959999,-0.10412811844741789,-0.20864920015737168,0.6034726134847347,-0.3779864383337192,-0.35633355893578217,-0.0770555810011862,0.11967231299324863,1.3347114415835348,0.5510231655080227,1.0699868911629622,0.1409725982805317,-1.5777512744717834,2.3656299813278157,0.14523264517157528,-1.239184269615298,-0.31519091035951485,1.1572768023527888,-0.4195245687148008,0.20017934020609324,0.16480165089521345,1.007899099805876,-0.42967081370717586,1.9512015503420401,0.3625165254865831,-1.4916738838002388,0.305422660310008,-0.2848594284537561,0.26106793738745593,-0.6099294160644774,2.096406005957771,-1.634383803640251,-1.7351324410012745,-0.3161798183190845,1.412855316485291,-1.1009376129425474,0.07962700800390547,0.7267098431484589,0.08376632590248043,-0.24394830269933734,-1.0256701385275147,0.7519885012013493,-0.6704840831660487,0.7015567532625444,-0.1548192757062159,-0.627422173520918,-0.570098376278638,-1.2824537173521235,1.6015994622359744,0.5466841926559972,-0.9945200460847772,-0.5323269893424752,1.980680349248185,2.3089738404971745,-0.3272460544528208,2.0156538777086874,1.7785826924941677,-1.4251146643596238,0.10743109398862419,0.6262920102757864,1.529505168834535,0.09723590497376078,-0.2337545221852853,0.8190468206874031,1.2749268636052395,-2.8699766731586007,-0.17230627043234986,0.4054155989106226,-0.25038980360914603,0.5591704864407632,1.323041671804029,0.3984425849634622,0.42812841466448287,0.21871950157737774,-0.1845524955752585,0.8385289840532,1.1605104737221081,0.7261578440042789,-0.26446091743964945,-0.3023183007667666,0.5465976107861247,1.7338292436427793,0.3242246535095281,-0.1630610985417151,1.632667956232338,-0.7491583744706672,0.2237046771273281,0.4869893884095793,-0.4838113895582171,0.07083419151417188,-1.4370993048631355,-1.0137295786999003,-1.4389122301447623,0.9807510137003971,1.1875779868311545,0.31627206489650045,0.48338441069165383,-0.5035113291130975,-1.5697922176308705,-1.1130260598680857,0.3595411935755255,-1.3615414080359056,-0.05038480274184336,-0.1494470567183659,0.7983660864835539,-1.320154532707714,1.814070506638073,-0.460265582064721,-0.042755328166221275,0.09891367945469841,0.37687127486377625,-2.172231436278034,1.3364867809333338,0.942152135809643,-0.8698100657191901,-0.6567811237720248,-0.11248814792830657,-0.7321659281128379,-0.9577335505723215,0.1445886523399823,0.9458932046400087,-0.4071725106515292,1.0440547187988445,-0.4151691541560637,0.11239799602599408,-1.0814485780865488,-0.7594032453319822,1.044585692545977,-1.1471186776230275,-0.9559494083637463,0.46114070492239156,0.5193198172341781,0.8601970283719078,-0.8861875947286509,0.10768132119438739,1.0746969190303637,0.07632594959621283,2.483226438851733,-0.2759964547828421,0.30722876772483954,-1.542475265079105,0.8810548460627692,-0.10670817921742054,-0.8368851803420357,1.2993791088236093,-0.4602160840040323,2.4301179922899765,0.16973336231694378,-0.6302599268738189,-0.30384555412893893,0.2226396376606838,0.10535904733327131,-0.8384464457950594,-1.8369008796671071,-0.29876340715970773,0.4385150425183941,0.4578726573708131,-1.0001455928176983,1.64098545457212,-0.8335781264746238,-0.20779400531008163,-1.0075394706172347,0.4891029812889334,-0.49867293241002864,-1.4771251860729566,1.1066699447968058,-0.3702135237628663,1.8800376539072405,-0.19517790096438592,0.6396054442195712,1.1942877651780002,-0.02050264462116423,-0.32805879765577667,2.2143654523396856,2.7495470530788184,0.035444876299703096,-0.3280733664408616,0.6686904213875221,-0.9077985643613091,-0.35078432847875174,1.9805295525272772,0.40056469264491623,-0.5100956336400612,-1.903959969551104,0.0245766478105712,1.057011450250658,-0.7196538209628927,-1.7387065610618346,1.0236138190002184,0.2885664833756297,0.8525805230919982,0.20788009375358069,-1.4007435633008654,-1.249623620647042,0.503118918244758,0.5530884781623346,-0.5692380454734101,0.5805893557670685,-0.11023674577827333,-0.9994292534470512,0.1460704348419924,-0.5957402766405963,-0.6454545809019738,0.4290745782037323,1.2936975819960816,-0.9204327158384547,1.5998892518608856,1.0249686130223807,-0.0003420671489507421,0.7246551536880317,1.0426309128877813,0.3416753206641012,-1.6460189859274672,0.8559984196824977,-1.4344750422674761,0.16801365712712088,0.23551833056943622,1.0381637070014635,-0.3998552188159264,-0.7559871747967177,-0.10222317890669089,2.1618698528852236,0.195936842201487,0.491832659596596,1.9728178478721319,0.04464274602990783,0.00022758522396004732,-0.46751528820594357,2.0434820755157355,-2.087547652305279,0.6601302925685179,-0.6532832552177344,0.3360538324635436,0.19567193480609366,-0.022978780328332754,1.2826334097142553,-1.7131434893524489,-0.3049186979494307,0.9965138123487924,-0.49409949292058186,0.061747925514093124,-0.9478324218637415,0.7167758227513681,1.0868828892829696,2.1514963648097964,-1.8168768040300498,0.48234594661046526,1.127282480513701,0.24985383792452331,-2.3357996199361026,0.24453820985914146,1.005607241426364,0.2525639000969709,-0.5234907978786808,0.14191268737355717,-0.03526861226902617,-0.3079321673898717,1.1586979809541667,0.027477103546906002,-1.3288154466103987,-0.8104847179835923,-0.4626328643717488,-1.821627226428603,0.7991289224604134,-1.2146969010260862,0.8142852793400169,1.385939568610008,-0.37602289441905346,-1.4315596006084188,-0.6013319177105769,0.848829167042372,0.3013470350941585,1.5874534465220136,0.27620798468888397,0.8562003629193237,1.3702161421320622,-0.3683490663217788,0.7503515369699892,-1.166484269481828,-0.9697027912037861,-0.7114540658532624,-0.47450660264012756,0.31491956563250767,0.5089237859557415,-0.8861801181840945,0.7075192533441089,2.1603943024447814,-1.7334445356139607,0.5150164147624686,0.3367860786589232,0.03136419447401939,0.054907128810672876,0.36592051125325575,0.32717029131628556,-2.1830013021849144,1.7389540585157641,-1.7715975755136788,3.667102016387713,0.4349506472595134,1.3161737160173916,-0.19488162331645603,-1.5283258809516171,-0.5281317997564888,-1.0511745627295048,-0.5457591824868763,2.1840953854257457,-1.305607252322651,0.6988590013174885,-1.5498762857604842,-0.5486212493302819,0.3696229333259426,-2.744782217716628,-0.1318766443533654,-0.4252297816336516,-0.8109370842566324,0.962001370019494,-0.5973864598622934,2.171816744340354,0.6799480255212182,-0.08017452612341289,-3.3680782282667434,1.3667217948600086,0.8373948033793565,2.171110236434696,-0.5536142886178039,-0.30064109520047777,-2.272397726420683,-0.7730911549827276,-0.6992807062640324,-0.014554667905238586,0.3217845814591471,-0.5508880840237804,0.4131541704210713,-1.8707304650535244,1.2610869190082825,0.7658655445552933,-1.4476109818784924,-0.281092361546768,-1.7476878588594764,1.382019226367812,-0.4449244808729622,-0.9202181609785316,-0.3319488476220764,-0.7005575404645774,0.22209522734204631,1.1900742149440373,-1.700878562327937,0.3983805911737446,-0.027929046566474297,-1.157630133271642,1.5409180998264183,-0.14360943405450638,0.20218392753762368,-0.866749518765059,2.3131613312143497,0.0471513632914551,-0.2526431116239486,-1.350983853217552,-0.47355750013193315,0.028469449614816567,1.4977555383598804,0.7012961992475446,-0.05932831515720459,-0.823679063855027,-1.2128472477831793,-2.0890847370437666,0.0971071780865769,1.4140556366330146,-0.7646254252307717,-0.376677865779105,-1.6663218919032,-1.0322215467675302,-0.22000333059807253,-2.1639618521047375,0.35574767873568824,0.2325433030618214,0.5548924286356438,1.1198750122720493,-0.80678182449353,-1.556644442329397,0.29035231733824407,1.227030919609824,-1.4536017812245592,1.3868687184376853,-2.3656012126010437,-0.14582056208319458,0.9349878858462615,-0.9368807496288403,0.49121323946145445,-2.361949502526123,1.0651147367929714,-1.1538755186683134,0.03886416580862234,0.9842328998620541,1.2565375838940147,0.2654880266609398,0.45988091532586717,-0.5901564648625163,-0.564988680110055,-1.0384054749945055,-0.023040676373826063,-2.013654488811714,-1.4031669467737338,0.4036385777610443,0.743496174233807,0.4773071802399471,-0.3759956642130699,0.7835954295791822,-0.7044540335224334,0.3861830325870694,-0.6700598221323533,-0.03460096467342148,-0.8493913589344784,-0.018049420720900863,-0.9635562798803285,-1.2885695794688352,-0.34822900955917807,0.010712271636045628,0.5355529426748105,0.6898700440060623,0.3535673331819412,0.5464671453174411,-1.027245976429271,-2.189413413395343,0.40491267953873794,0.27914720293893724,-2.086364272989377,1.8593258770670837,-1.0946757538095797,2.1185392940665904,-0.4576629708635955,1.096372427555807,0.363650218455542,-1.5209867751016337,-2.733168485104435,0.0051430593280990256,-1.2512485955436394,0.3489816729260278,0.6735053204591372,0.7665471144926947,0.01098148841896976,-1.2965783342380222,1.2182517273439712,0.05993120068694138,-1.7111888552835983,-1.0825326533796769,-0.3574565949760024,1.7761297088962462,-0.5956729702876267,0.27917583871157875,-0.09771286069791382,-0.719688799248519,1.5691431186775107,-2.094022892891617,2.305805080327469,0.3394222342378072,0.990579205046552,-1.3505403663270612,0.24678730132025056,0.01675044087592585,1.8910245751155337,-0.4644853963082137,0.20404533948185125,-0.6464929614068518,-0.4616268482747137,-0.4492234680637103,-0.3252823419571472,0.12584710288965478,-0.02988396019089236,0.3224708110558067,0.608603480188954,-0.6058971432065461,-0.044559245763277654,-0.16663769187155186,-2.3482834546089917,-1.570278256052545,0.29221640161802226,-0.9465558121222599,2.2063519105167093,-0.87346464231502,0.8607956248381792,0.4072617253043939,1.6204547591671346,-0.32954590588517596,1.3584656059917681,-0.2917389571641005,0.549249271449065,-0.741242192774428,0.9184925053553353,1.4375478589214585,-0.8714965421130393,-0.09462669659693507,0.6918286953372332,-0.5135343455968142,0.0193217025834005,0.6108564806645259,0.3349693327496841,-0.6292240925449002,1.4707929048519353,1.846197209275421,-1.9116561685856635,-0.798519372497682,2.679168763909634,-0.11307935782325054,-0.4523636967323406,-0.3283818947077292,1.3128858942750048,0.07030374140602214,0.9883635863167908,-0.4373274480872109,0.21688267470001338,0.3769680818870843,0.8633857778763461,-0.042636033956496,-0.5456940976315894,-1.8166594344587197,1.7490330932271796,0.49997318846470257,0.28472020100402173,-1.4903011774024872,-0.17601074451453025,0.2079262527716084,-2.4640523194713486,1.229932799706022,0.04625029187089215,0.5387729940272639,-0.33524613283087823,0.5080483660589167,0.7251881500449829,-0.05528694147237021,0.7954254123207908,-0.9625706582274653,-0.5424860505234812,1.680288971348271,0.7492055080961101,-0.6858180039591922,0.608192652343874,0.1309738773144159,-2.7467131899664774,-0.07293449404252722,0.906516735067734,-2.1273204032022455,0.3091032326622877,-0.8273356419195578,0.6249194795996051,-0.6296430280019228,0.8839196613357587,0.9748798634125981,-0.14250021019391448,-1.2956839380096312,0.20777269533419435,0.04197855057013991,-0.2114668244586277,-1.3130447460971002,-1.956789063804449,1.5808008032482685,0.5187132845391671,0.41987450560714135,-0.9707511244715161,0.07632011572999942,-0.0456533833367897,-1.1652314588670245,0.5218505126527452,-0.041167129025857785,1.252537446744444,1.365352565599282,-0.1604325657448748,1.5523755432916442,0.3290268868786809,-1.3224574063386652,0.8512562456131204,2.371287171152828,-0.0688755910693607,0.0289525862169199,0.6996320336244335,-0.7731765643905426,-0.0482385098984027,-0.6419955165836081,-1.272112361675526,-0.07190751809305218,-0.5373436853465876,3.0285668912924426,0.9130095685864071,-2.971954087913577,1.7974632598725915,-0.06968286986162689,2.1150096833236214,-2.4852297067734845,0.6454297783302568,0.41367696880175686,-2.3196062266800612,1.3144911209179073,-0.9861608874463305,0.18477078339210617,1.3131868609567787,-0.6290146120216714,1.3229769807875398,-0.36208620218880433,0.743754590657538,1.2478953922533327,-0.8157295435099049,0.6324260577618415,-0.6067433482665522,-2.0834244124690864,0.4441523914506562,2.3396388402180164,-0.0006386586770816844,1.4826196867069927,1.4541194054132789,-0.9465492865353355,-0.36205089199309715,-0.08036304575368594,-1.0842519266533228,2.5622674729295136,2.7073656684316285,-0.6704335787058671,-0.3444817761101585,1.8885953840753689,-0.09727833509220553,2.271239002444201,1.0087485676078134,2.577781760199068,0.8890532215841845,0.8106030763548919,0.5638919967360864,-1.2672109954641468,0.9974268102572861,1.3652626935034569,-1.8837452836747026,-0.008985626035124455,0.30910530601267283,-1.3633951450218502,-2.6286693046995304,1.3229769096816733,1.354542828973247,-1.5060501912012072,1.974430563898641,-1.6364806353195018,-2.0143633434278967,-0.6585370108970809,0.8798822374811717,0.29916650109379866,1.4385073554067178,1.1335281270789923,0.6130571067837741,0.5995660182826872,0.351302877503318,-0.07781115235139635,0.7151169689288891,1.4521640523405372,-0.48351653837335984,-1.7352922868892515,-1.4702061327848275,2.504240230224164,-1.2755271685549012,-0.7028306640918062,-2.718628688080489,0.9441807846342577,-0.5738078943976997,-0.8403725373179366,-0.284953237560542,0.4466332468782587,2.4168861973105424,-0.9240889847379914,0.2592942693928471,-0.45819464803413085,-1.4504965800665206,-0.31636302236044067,-0.4510589852151456,0.2630421849106109,1.4163013964113857,3.2646368942748016,1.2499780082814937,-1.721335363806355,1.4586578164180395,-0.4961424903137311,-0.07878301856878811,-1.7790679769650461,0.9116825187569412,-0.2909841640822218,1.6020208059096743,-0.7046174082345987,0.22134045625434545,-0.735069078958124,-0.36194026159473,0.0013717785083784961,1.7708614124084794,-0.9836215574576219,0.6671268312319333,-0.02658087608997836,-1.813593356836528,-0.9543407161775938,-0.17873568261856856,-0.4795543491631863,-0.11606776555930115,1.4987920042538718,1.0340389105812335,0.5646391779006265,0.8350823735643669,1.4262374559974547,-1.4290407231058275,0.6275833611194527,0.1311868326104636,-0.021341681783782984,-0.8351656324339318,-0.29795123359412196,-0.8149568139796328,0.051186784306618105,1.081212318375249,-1.101300246620174,0.3702475125932371,1.693373566445983,-0.811076228542479,0.10674059256589803,-1.485231880969421,0.567850178161069,-1.3754243654381768,-0.9228305213157495,0.5942236170033832,0.691940562981496,-0.022388734197973104,-1.0872557350275394,0.06494110159987967,-1.0412420478691375,-1.0998616273887767,0.11075409106241753,0.3391103301357967,-1.0487647901211543,-3.0270122539429476,0.7697762338185823,-1.1431957666491572,-0.2840591550863972,-1.7991328176510504,-0.16310776070447092,-0.5427629374086362,-0.17556669378616538,-1.671528769867557,1.6448438835187835,0.9931083640314375,-2.5098401843611344,0.4241668358073964,-0.2464895641684458,0.6377029183941558,0.6228620306070618,-2.0057820461124236,0.09028782062336566,1.8384084894678585,-0.05081651240445681,0.7921434746417848,-2.857486292982347,1.3327408563406866,2.033678658568167,-0.26998755346458586,-0.6034475859615668,0.5460251356645384,0.5612813477526731,-0.824955941386092,-0.8678098468611929,-0.21436661985283706,-1.0168775462758108,-2.1707928326709505,-0.9049454223490516,0.2774334000472407,-1.0583347966523389,0.7009985409269908,0.5996866537474926,0.023627432527397046,-1.743896719759472,0.6409688422399284,-0.5597867268726133,-0.817064222204006,-0.6430373645063325,-0.6944746785273777,0.8406797540253729,1.1266240160585248,0.4239935422573645,-0.2790342953286589,0.6705233348562719,-1.5677324551774474,0.48209318056392114,1.051317336791376,1.2996683055973421,-2.0019493134274615,-0.6198335027605993,0.37178198713468086,0.910831521071416,3.2702564536321606,-0.10725962465271635,1.1049863503953965,1.6179449861224917,0.1050445232340207,-0.47544463728755326,0.32681421330366467,1.9494632299460506,-1.440758874161062,2.011056658732406,-0.1979036433835259,-1.4758993035667054,-0.7779143011829929,-2.2065038358741234,1.5655128915636496,1.0887637683628644,-0.8583950503875011,0.547388538473643,1.084298793169629,-0.9950640269065857,-1.8171223370507952,-1.2174713741600458,0.5332073712383151,0.9126997212968091,1.3012872761864387,0.7239445801624957,-0.9032310839686979,1.1219795551158875,0.7970589752195504,1.5413265786158428,0.438116114149743,0.4061255020432911,-0.6655739467662388,0.0925993149404593,-0.18250440062222834,-0.6192782441075718,1.5216098657012325,-0.5825046265409601,0.2569861420108216,0.5159018523033111,0.07420534407029232,1.2743781467148898,-1.5012527100540212,1.8446314537474602,1.3374544869436826,-1.3833685721180637,-0.06231594985319812,0.057257801992473906,1.124968831299865,1.5927667470128668,-0.10411791002392454,0.8428266303450518,-0.9398156755490478,-0.9746257942377375,-0.09366194490003006,-0.9300341257896976,0.7969423407239512,0.6189153767103546,0.2976451820566457,0.38332942007722964,-1.8322785769524392,-0.637050788417953,-0.6294984832694535,-0.011578391938080204,0.3657356461869665,-0.00950254928337703,0.043819904563842174,-1.657830899039505,0.7720831610817804,-0.0020088688063056165,0.2873547652522881,-0.727558868438701,0.04627483426426521,2.466193916600166,0.5076382292678746,0.8202255151148816,0.09800719051899723,0.16387847200474867,-0.9560337697068095,0.37988698995366293,0.2792963209208095,-1.204019737828521,-2.4656416464587454,-0.5118253800178534,0.36345144953894015,-0.018916679486471022,-0.851750552028638,1.4298976650711805,-0.1735546112982074,-0.9185231044527828,0.4203390639446446,-0.4259611644492666,0.4687663501177818,-1.1598090709431839,-0.17650497731396608,1.1816461146956356,-0.17721264836977998,1.652223813183801,1.023996919806967,-0.27226565936578834,0.7071002619269303,1.0108940093598981,-2.2419251792924797,0.7256054680391145,-1.3488253628738454,-1.9469684638002025,-1.0112113222141728,-1.9561307807621247,0.22791075924014986,1.0853645031739894,1.6711691040268528,-1.1161618091098928,0.987557936640667,0.6019089484559828,-1.7567520486683266,-3.0816381779980633,-0.22323895672629573,-0.2755495211597034,0.014568065990019672,-0.7841676693825785,1.1724619462093644,-0.11090532046870026,2.2979821928028805,-1.0783705185337427,-3.0580374186999784,0.20591479563299286,0.7839143684680046,0.22835960331033156,-0.5307423853166847,0.6211539825762821,-0.5914332382015743,0.5810049361032823,0.23018564246201165,-0.047543646471412876,-0.9976643963937625,-0.9420275237722782,-0.21544716768464175,-1.027015650108116,0.17643570149236731,-0.05557843469182798,-1.29152274229101,1.1651226166641366,0.30523385466144193,0.18915434668107375,1.3594111772642903,-0.22494102182823883,0.5101653891409178,0.3120416181517487,0.8044461902645441,0.368140980064537,0.830588126483047,-0.4676844223722192,-0.656032788881917,0.22850887620027197,0.08530405132021115,-0.673975188746151,2.4992566516431536,0.07106247342208064,-0.17609942534641748,-0.8054800216693739,-0.30330329925522076,-0.18165088461320217,0.9278488466439931,-1.111603702073923,-1.0428429597824405,-2.9071474497636087,0.017893322085050734,0.8255086816825938,0.30213325037721583,-0.7598367287105678,-0.9404058337527695,1.0133360405126461,2.8654054077133657,0.4726164398582626,-0.1989112191961032,1.8871548985653217,0.7230158063487633,0.3573513769155567,-0.2579035286156003,0.1293029635392886,0.8581021895130188,-1.8668542246281885,-0.8655885497631126,-0.4898645075094671,-0.5664543298425031,-1.7593388982397704,-2.7754668837974177,-0.0003763908576579905,0.2655790592993624,1.1204950834084935,-0.37160273036499064,-0.3500403877849804,1.041483689971931,0.41509923358388584,-1.5950922706071315,-1.3174758575092416,1.0220300290429813,1.2596133923036723,-0.7404304577871903,1.2631716421532284,-0.4102382190060901,-0.04797764947479134,-1.2412145985189003,-0.31879812825479226,0.5333652430913047,-3.2877491690317773,0.5946445080703502,-0.03950134351263476,-0.047812321244972214,1.6796602008424397,-1.5017454115580713,-0.6993910448928262,-0.8556351129170991,0.7798860550107733,-0.3785736471130743,-0.9476467190049284,0.7328564735165201,-1.2730777273520684,-0.44474577817362265,0.8889857800979856,0.26884330107646603,1.356935851242564,1.0116558039562062,-1.1134001310609245,0.48901113151063835,-0.6215494784766242,-2.123203512932052,-0.28729624464104553,-2.2251283729010676,-0.5734356999746656,-1.61251647582537,0.8426444570269813,-1.823101309175386,2.057579752457898,-0.5513407399515361,-0.4040950283042239,-0.40746522681871056,-1.007511292772918,-1.1798743960325802,0.9226703288923246,-0.8751935097340979,0.9420733771440407,-1.2219951691954913,-3.264111303016568,0.8213586168865851,-0.48036595893800804,1.1387566251062307,-0.9157077267589332,-0.5323997078152971,1.2845866930594154,0.9177640772896628;-0.16513031390122648,2.371883195390822,0.5016810225552099,-0.12002341221765764,0.44354242975111524,-1.6832727328476802,-1.2367628050632073,-0.29239609204000244,-3.7036881439012883,-1.623801970754279,1.813635650178957,-0.8919353342205593,1.764579519978863,2.130071461823849,-1.5298524182663764,0.11047513165618336;0.7811715423006242,1.8307468138959833,0.28523353585484396,-0.45533537466363483,-1.6718847354956703,0.33426484122522376,0.17362330888397048,1.3966455040002788,-1.2830356584439875,0.8166710991956085,-0.460082372857442,-2.070786931578179,-0.7431627806827603,0.37214263011303383,-0.47923546121100674,0.9665316613918177,-0.4915393256398633,0.9968790247376619,-0.9087450068639469,0.6134511287618228,-0.6588441705446257,0.9419319779340349,-1.525929635555311,-0.44415508791090164,2.245819860752338,-0.3545572107713903,1.609976090565408,-0.5787478385301422,-1.6810569560616149,1.8324826074535159,-0.7608488345214018,-1.3872101715535061,-0.1589806749121585,0.6689124971506021,1.8265789926599105,0.9376990270841586,0.9194656433624517,1.5771727446508834,-1.6655983471503026,0.2265250958797707,1.0258185941711093,0.22775189715477437,-0.37466496140473304,1.465787450425853,-0.2276991860838796,2.4138990620709873,1.1633127224284419,0.4634151606969277,-0.4120160443053582,-0.6009226759689907,-1.2938516855336757,-0.06749491581842144,0.7252979101136293,-1.109676508293758,-0.11543408724740385,1.63079496076653,-0.6660882887387345,0.36329108757817774,1.325047056538876,-1.1778617997894543,0.025999513905360205,1.4573740518845852,0.6007430926899581,-0.9415091691031137,1.5886120990671029,1.1532765835367016,0.7417615261387253,-1.935834660794787,0.12904833196487464,-0.07625109700213321,0.07761049773777201,1.7326397472321642,-0.30436194432365865,0.5469333042614342,-1.982910193018143,-0.5315821949058217,0.37952081571230545,0.27063460662024075,-0.29146894639195414,0.727412554934295,2.084092720021351,-1.034079553053385,-1.5337810816822626,-0.8323474335336543,-0.8247406762005429,0.5406033313549093,-0.05984593748886294,-0.17133808752410074,-0.16860603053882167,0.511919005512141,-0.7465847378675796,2.0192834584547774,-0.16556028367865727,-0.46271335428784155,-0.2884958913559889,-0.16351876607584573,-0.38182491320790285,1.4030087770718058,-0.4133749054137551,-0.7653652527630005,1.076835707936998,-0.0631497947249526,-0.9075305468038178,-2.373795790164822,0.4894865401880959,-0.46659279290835265,-2.355943290941344,0.48237546945990734,0.5457377725752183,0.9465235288976457,1.9990804257518107,-1.3534231092701587,-0.5793870207910781,-0.22493962667639392,-1.3407738475750661,0.19652266353930625,-1.7354070541487834,2.0307232334823473,0.2896813238824817,-1.4694242265892343,-0.18747989586126387,-1.261742175517322,2.1949534079365045,-1.0409765373694309,-1.4126981989807512,-1.1322769713175684,0.20303423707836712,-0.35529303246458555,-0.19232898644345978,-1.8972793290968597,0.5691982975513599,-1.093424755387156,-0.7516251108868529,-0.8337072077789961,-0.5411502192944935,-0.6609157564273551,0.06988970211581697,1.80423084503671,0.9766812634308566,0.06224499672366864,-0.11125417491393724,1.208610574279971,2.67667684988089,1.9037614457026,1.023796258619596,-0.6838736648568765,0.4599596176210249,0.45204661107595034,-0.06857345685553584,-0.27009435894200007,0.6365277392643127,-0.13942362335651837,-0.3555295402462946,-0.54982295735358,-0.33502048220470587,1.1288418538635592,0.5182403019449139,-0.9661459259566423,-1.4409428010932768,-0.8565277943401852;0.6132182849631915,1.1034753678801648,-0.02706054493746625,0.418705458063742,-0.36215050467152776,0.6200765920630937,-1.5722490280997865,1.5161672205258898,0.6556611077128959,2.0721692021532774"
18,0.6771924794704971,"-1.5566326956253564,0.5012696327815854,-0.9052255028135203,0.9227250236841252,1.3130907155343658,-0.007043731235463105,-0.43971708596661646,3.0890473153000135,0.15770873253470422,0.03029655984504165,-1.1666645685968153,0.9687350745375783,-1.037033843339722,-0.4030443888683952,-0.5553105154401582,-0.8173372166289279,-1.2893487124721976,0.9788250567793103,-1.635560597242548,-1.5202681403660745,0.3829280456427844,-0.30863937973838074,-0.6797183769727997,-0.9347312347954774,-2.6914046275180152,-0.3515791011380181,0.2004283589289912,1.1234655855496298,-1.0778506355349111,1.342027212028095,-1.265473323558273,-0.9735059214990128,-2.3762206585677728,-0.41751010297543084,1.3084863598145275,-0.16971265517624637,-0.341111274533269,-0.21645800005871088,1.4484701046303254,0.24597078611388729,-0.21040812580458607,0.36625948932133845,-0.9159040842688083,1.7023693719665536,1.5094405425015396,-0.5491822010373647,-0.027503833484981338,-0.38089165589515867,0.41227779006854476,0.10261681638231669,-1.362651346206753,1.1974280574671767,-0.10298444367966536,-0.3569212462029716,1.1470014356649172,-1.0720645571049316,0.978192551470222,1.7661929599620245,-1.1162368638133522,0.556522397360468,-0.4449793381954636,-0.544159946502605,0.23784008112310634,1.8365166406368858,0.7652681077898371,-1.710537337713174,-0.11641697858001329,-0.6299693561545765,1.1558204880414937,-0.9857884104002638,0.6190468837816151,0.8059796460373921,1.76806735440237,0.1181483267347495,0.49452173781204556,-0.9549802491558601,0.4104123106652783,1.1515608464750036,0.1376580721019991,-0.4277578394879378,0.09198036663653679,-1.3523301169877717,-0.3073221479450903,-0.5717334852291996,-0.35721664973872425,0.1320101461910064,0.6502010429802303,-1.187439889084755,1.1860156734142375,0.8683512461958522,1.4823362185262972,0.616235756876947,0.769724170933687,-0.4426961042892246,-0.485818281868703,-0.35408413858903837,-0.10977828797325923,0.8064064698889916,-0.6627476564701837,0.8863588394170188,1.2204193061627966,-0.4366789947451311,1.3562672981698263,-0.685136815094801,-0.028622178398256565,-0.6221783211763373,0.8645230226913551,-0.6528868323215421,1.581453863838153,1.1763408174659584,1.423317804274615,1.405162289933456,-0.7690222677216506,-1.7077187093742967,-0.2129215407805741,0.7410952302762546,-0.1330197885261652,-0.27277070863108477,0.6291743248271349,-0.6359726092924275,-0.31680957490489753,0.09297644744570414,0.3614556265650154,1.546523369250924,0.771937080940848,1.087261465337765,0.2682394556115263,-1.3981154412336074,2.3420322485926275,-0.01664760594114137,-1.6007569282290866,-0.02783777404428625,1.2936124550939,-0.621026743853799,0.003848940427988678,0.5208977912032826,1.3126689249345067,-0.21221567067824412,2.0971943914158038,0.3692299180514947,-1.6709712717403657,0.11269830813166964,-0.2030186466977804,0.17877156452223802,-0.5861345910512273,1.8852398501577803,-1.312055094538704,-1.778312937094339,-0.4847405968512008,1.494922569477587,-1.1611077486523202,0.17903902517634734,0.4655632679485316,0.15891167580844587,-0.151833206311889,-1.065755700976734,0.748086670311203,-0.7633056293842972,0.692616965479991,-0.06830748944813715,-0.7986973667339395,-0.6586982473724755,-1.5054166586726763,1.4355609897446155,0.3514147679834231,-0.9411220221250414,-0.4800554283071662,2.0142279982755023,2.403510658663563,-0.21042641386227712,2.23262861243245,1.6850474936147812,-1.27386232850035,0.20705557670920532,0.6361971720667335,1.1866597205765606,-0.10171245375041177,-0.19768197060569426,0.9153207986809491,0.959212706324298,-2.618706479881489,-0.049494443443097544,0.4455551831974469,-0.59889986761821,0.2696756226272558,1.1367134615642924,0.3987013455317631,0.4246227028855688,0.1438957749184761,0.08975331143620097,1.026451412034744,0.9331505058374416,0.8913998745600823,-0.2057550587247336,-0.5747532029319802,0.23888404248784986,1.8690706953398986,0.38152946836693974,-0.3355488612373056,1.665291275264487,-0.6254141314976587,0.6025628809936892,0.35246409424692543,-0.19911132252668057,0.16382751821606303,-1.3823139931772512,-0.675922394481905,-1.2008701108686168,1.1080613224157045,1.5557014880683586,0.28972724042148856,0.5044260037990149,-0.3392117262358935,-1.610886265331403,-1.0050979972625635,0.17110076407653674,-1.2326718688543463,-0.1362740357391457,0.02769872805019849,0.6334625910345932,-1.517010177454521,1.9874646682997443,-0.6032385122622578,-0.10196744072689423,-0.04951162124225731,0.3536071959177157,-2.0578667569572713,1.5344437713437629,1.0297494214990732,-1.1304526809760418,-0.7452708522711174,0.2689348242637541,-0.9897892486778016,-0.8156354564029171,-0.05707753250060136,0.9169291414622373,-0.6469318239892933,0.9266683652181318,-0.6990009904151295,0.3798638640080977,-1.3167941888027757,-0.8015235357834943,0.9941535599167188,-1.4022325843777896,-0.6866430268099883,0.575061492843526,0.3247021226757102,0.590504265979937,-0.5849968304803947,0.19067925621438403,0.9957697219376516,-0.23995369553919021,2.38836225790419,-0.1367521402236395,0.44555210139624785,-1.1385759756445637,1.200620577977144,-0.045547729890777676,-1.1990433850012543,1.2843810807441887,-0.23596097953022718,2.29643574847803,0.0078060603133423,-0.637723371504635,0.07597759774328121,0.27492786146527015,0.16056382692570892,-0.4093116597300244,-2.265869583552401,-0.28570899409913253,0.36662273857136407,0.2909610921457886,-1.346311174696671,1.3281563181185447,-0.6720067257541681,-0.28909725248832446,-1.2315323370754387,0.6254661047290326,-0.11919348206927363,-1.3908950915078453,0.9989012153180956,-0.30230321685702494,1.8706050924230737,-0.35621149266618823,0.5678081094081021,1.2727127804794107,0.16346537346764758,-0.5326461889166456,1.9107041304340455,2.92344879960835,0.005573306874345397,-0.14142585255708742,0.9637375098204481,-0.6154460596582914,-0.06672750719979989,2.1020448472508306,0.47330892827986315,-0.3230259398809442,-1.5110237592044116,0.33695994501454174,0.8703985838071231,-0.5494068207330192,-2.009842981003442,0.7427429740211021,0.17115132114822762,0.9320563761049323,-0.10793810974228486,-1.3123995092435383,-1.414914396290618,0.3405239327860079,0.5080373232327137,-0.3377431360529127,0.5501221216124499,0.17599911488922587,-1.4019496269595988,0.46280313996020767,-0.590233014944163,-0.641775302728496,0.5455104393671054,1.208797266479499,-0.9033256766160704,1.3301730593211305,1.1383556291694459,0.11423042060215197,0.48784024493961975,0.993458986404473,0.04680404767308119,-1.7168836708633897,0.698808520376975,-1.069893257209009,0.2607639666856157,0.03200174211388964,1.206163044676516,-0.40124466406949366,-0.9691542896342571,-0.04515077539522619,2.1308580204474796,0.4065509759361659,0.3853281442526345,1.8207107887961747,-0.45046942705698345,-0.5847535312701253,-0.5779630828917109,2.0797546136609353,-2.132986333942568,0.6294980472929873,-0.5954628525766851,0.3684751903313943,-0.16396537840429756,-0.05657748053337884,1.3798178665879781,-1.2255559592841836,-0.279887071088675,0.6256420901571325,-0.4276359098571527,-0.1366987449288952,-1.211858389489012,0.7380884639591376,1.0963626623516236,2.304462886315099,-1.8579238658775454,0.5019899303737781,0.962310209356412,0.2226548214377264,-2.470667188297299,0.35878596824465875,0.9571783206391747,0.4076505881249184,-0.7356507100728716,-0.18118488989356735,-4.070953033531721e-05,-0.3409101539554706,0.9229009721057986,-0.10144945036297698,-1.095732251427539,-0.9690096273274343,-0.5526042361213278,-1.8655007802345498,1.048809614833678,-0.826477694773146,0.9175605901414328,1.4359902216833937,-0.3257798077919095,-1.4731311843528452,-0.6106416163221341,0.8234037168891348,0.028298919267275437,1.7541231437414664,0.1865518543120806,1.027633438872692,1.3340584797596575,-0.10853949039550778,0.38479726546806725,-0.8077999477247969,-0.7283697604859405,-0.5784686828164285,-0.35068701405578306,0.16128416710703297,0.4946180690462043,-1.0308399253385927,0.691808278404991,2.069657917092635,-1.3686711113126833,0.3712457030998875,0.21198117808059763,0.1970337846091192,0.2758779538859117,0.5811799501138075,0.3521511733153061,-2.1536554176926384,1.7732128274088534,-1.688542097952226,3.4510420934138137,0.07585716612875637,1.3798187057077977,0.018872226565218204,-1.357578090527979,-0.6273089066770511,-0.3566865920572414,-1.005970371132357,2.26291944223454,-1.2734028115184928,0.35925103859141383,-1.672840675452786,-0.33991342807453606,0.3253662119625693,-2.6477400206085875,-0.22800996338957866,-0.7143207589610107,-0.7515493794727106,0.7967913263634944,-0.600892869081362,1.9316619539303408,0.6136534339996408,-0.3381248102699034,-3.0087569739692857,1.1146795442628374,0.572187735339325,2.170744263352921,-0.5684160958652555,-0.37296140733782546,-2.3171408154020456,-0.7100657848634229,-0.46205129930305533,0.18033230461630811,0.18855004300949824,-0.2307832931600249,0.025607621121058757,-1.3584599740246694,1.2748391040323046,0.924904344894603,-1.3249866285044005,-0.37715161689059423,-1.954661439454893,1.2921365608850812,-0.3690148274455415,-1.1753705447491913,-0.20401633946999279,-0.5306293181945818,0.11666616168735489,0.9842393625119165,-1.777553593509876,0.18221248463713266,0.17875517431200996,-1.0269483553944165,1.1804292848657227,-0.3875292278077947,-0.008651263066846326,-1.0210440424987333,2.2526373917773994,-0.12516602980902003,-0.20069241388186557,-1.3081484607014577,-0.3481714717865811,0.20266173173138413,1.2667990508790226,1.0257038185808935,-0.17120429579259194,-0.5020027873075783,-1.140463895885311,-2.031301982057775,-0.14391327766491607,1.1903351570000524,-0.7514169804228575,0.17565825506580662,-1.6601517814737814,-1.0159721529233305,-0.618518510315909,-2.2093182686342447,0.17173139806196425,-0.16234861926245542,0.6803428230579261,1.2261864496632693,-0.7467955591135318,-1.4038725617209142,0.3519791471965761,1.2131959751392216,-1.3291170270456607,1.233031195379875,-2.2012315652996595,-0.3507822315015167,1.4264982209406891,-1.357868160313045,0.31649233361042683,-2.2213911247386857,1.300816819581384,-1.3295567071874888,-0.11375567558308516,0.7641967083705692,1.0229010053393657,0.2376802973208432,0.391163332995397,-0.32291267004160706,-0.4753391410851688,-1.1333335435951333,-0.04586655747288282,-2.267941354867979,-1.1817199412445343,0.4579473378078477,0.7093508755813897,0.6750647021979235,-0.28038065385554567,1.0496884335924155,-0.5415216231797714,0.395232148340402,-0.3645082640998594,0.0027292284349815787,-1.3295298727208402,-0.030960109511551703,-1.1449772045169395,-1.443192494670548,-0.4728071409061654,-0.21759672795638552,0.8726582817261914,0.48370228978293595,0.49954746859896254,0.7725433046730523,-1.0692177878245268,-2.4046513450476037,0.6011576424319413,0.11049856421155639,-2.173623049917492,1.7463213775307505,-1.0256298886424267,1.968174391625966,-0.6354183652256845,1.2567501069191103,0.3024603068520842,-1.3194621446712738,-2.899554387939237,-0.002934351115771422,-0.9755154849701273,0.17020953862317206,0.7358516347558731,0.6647899301212183,-0.19624523277118974,-1.624759243640959,1.171009839324861,-0.09964109179249775,-1.7650683463895533,-1.0428357695255572,-0.295340552358752,2.2754449793420446,-0.5013620762725066,0.5226397606095582,-0.1939517756855752,-0.6467675263665574,1.2975535666782951,-2.2622096072526223,2.2027705057373215,0.46999737092967075,1.094691881671325,-1.558066897629721,0.013433714412635522,0.20358926857733273,1.8033650902869562,-0.34159630651741674,-0.06354481053185365,-0.8330230603229923,-0.5676685604994056,-0.2826001695888196,-0.5083103050631398,-0.0035941470785301466,0.38555666652447335,0.4330267613354873,0.589272268010961,-0.7948841377987629,-0.003089068387570698,-0.1316403808501475,-2.013809308846024,-1.430900555356076,0.30676007396879795,-1.1351449008146788,2.366569215891233,-0.7416088716021222,1.0062205295364932,0.4589856664701307,1.5201459657947494,-0.45410605829258727,1.2698428158974877,0.1451714909215816,0.27153755645524663,-0.7233434788395944,0.7726559116885736,1.2091762965775514,-0.9116442459495095,0.040952411436211617,1.0777702441386603,-0.23844818900017872,-0.005169613080775209,0.6579265820444389,0.4377345117584271,-0.8373810896394,1.4610638605669326,2.0963547407143897,-1.53154257578228,-0.6229673214941831,2.9337316402182245,0.13910900780470867,-0.2322986730103347,-0.36341233390975647,1.0178399337147754,0.19467753837698348,1.4120646632263703,-0.7831076351239732,-0.04448073751983797,0.3448807539250648,0.6242627961409246,0.2958553629990457,-0.30321180125988745,-1.9942153054841698,1.425217158613812,0.3587157896744307,0.4391617462213826,-1.5570953554570122,-0.27137612462064287,-0.12438019665485518,-2.2423077356327847,1.388473413421603,-0.2683632511496151,0.43902977948730787,-0.26187334758660036,0.28672222455005125,0.40204844070151513,0.03567999050756701,0.9165574861278123,-0.9415543034104027,-0.5022130896936426,1.3422136205855113,0.7698641997083736,-0.7317918057499456,0.7742962245337335,-0.06908140750080068,-2.7776773950475455,-0.13090872707498313,0.7059949884273375,-1.9497724173673396,0.38672309041639236,-0.7959538700477244,0.4582476798391144,-0.6991336006417683,1.0729916014650176,1.0050978985290562,-0.1832189355947882,-1.2854761331431734,0.3316086599235396,0.4003452690658986,-0.3537695110143741,-1.487253011037986,-1.8706187278245545,1.3571486175116971,0.6509811610191656,0.7696910218560108,-0.4607582318368294,-0.316572648829591,-0.030161989688359127,-1.034309930546005,0.936258128071535,0.2772164967510907,1.1445927663271989,1.3731927321717625,-0.2700617235858812,1.709387440988161,0.008035298227253296,-1.2974752449049058,0.9862278600780878,2.2716241891351046,0.2765535993539426,0.03586714883236626,0.7516141606980365,-1.0245888054612275,-0.3246983616976059,-0.2472771581456931,-1.4295509390450827,-0.24135978922875032,-0.32826938743026135,2.9397164905887334,1.037929743645459,-2.428463388981612,1.789976087427053,-0.09647271584752201,2.208290563389659,-2.5384678209526066,0.5639292716279729,0.16285433023401794,-2.293406337417022,1.3176737204148954,-0.7280970971100724,0.5878244466595458,1.2827494398904675,-0.9981288464306208,1.6137247358016102,-0.6279115317371483,0.959190442381268,1.0596015208594483,-0.7623573623973998,0.5151414976448188,-0.5398038891120984,-1.9802320164468732,0.31289532599163766,2.039712623087608,0.07658422204227874,1.6107759840160547,1.4061377609558583,-1.176909961867525,-0.5673618019791384,-0.13903765468185253,-1.317074740620158,2.4241627828282635,2.8982052740822355,-0.07624068996888109,-0.6104118569340348,1.7185102619432269,-0.03369397724195429,2.114488642811413,0.8272744390482496,2.4611337351993674,0.42672620746760287,0.7436281303811222,0.5451752438121387,-1.4417898187345257,0.9880041028145179,1.6695008789448469,-1.8744860526829417,-0.13674505105504775,0.8319140722937395,-1.215166064454605,-2.6544247872517603,1.5000664432256579,1.3745778401017856,-1.4617049034860425,1.7208549182384998,-1.5169037859129966,-2.0541962255913915,-0.5381066875169156,0.6936796976797285,0.03594372283209692,1.3209288425651207,0.9153892172241044,0.2853919023451869,0.13318428638717272,-0.043121772779159455,-0.09747263955980276,0.7938535241176561,1.472140775893507,-0.31403713602811806,-1.5444794931275507,-1.5092891072708083,2.7686584054065873,-1.0776843758105157,-0.5884290690815697,-2.768469603552837,1.0572764279313935,-0.6058079009385564,-0.738964027824732,-0.3553583712447423,0.3268192282755866,2.1445978771424614,-1.0376106735344515,0.025553224681585468,-0.3146625979384206,-1.4425271329000855,-0.4742197018883437,-0.295967268332887,-0.10910297036754807,1.1871116540519848,4.0414791816846325,1.2589950746596383,-1.9342027324906048,1.451895692271011,-0.9491870194275992,-0.06776510446079057,-1.5630815235658508,0.941136148449802,-0.4546782369319846,1.6739880256657973,-0.720954725101179,0.24812574224733702,-0.6100084447051788,-0.7870169601442687,-0.2906862167380505,1.6992785784814417,-0.693542621280419,0.5722309954938549,-0.18097195813853634,-2.1210127306243103,-0.48719452952877246,-0.36586351050524346,-0.715905280584921,-0.05022887098222446,1.3371520472909009,0.862989465849873,0.768106716640061,1.232323877704247,1.5775715243911028,-1.4096047511185945,0.8018540178531971,-0.04423175146350944,-0.3044106009898818,-0.7105952934815123,-0.11919074743716596,-0.8335699532673824,-0.12374745793500065,1.1969146063871237,-0.6065676007774892,0.182128274205553,1.8936552484196345,-0.7248370351678711,0.017233676504342793,-1.3034193412777515,0.47117510130307805,-1.328813964223441,-0.8537209114366873,0.3222719869747649,0.6555075325591977,-0.018790311521882867,-0.7259887442847497,-0.24808569870407787,-0.7346154345589453,-1.0769335093638461,-0.08994631619235144,0.03452431507093834,-1.2435099829948744,-2.71760901419168,0.49158521739662275,-1.207287487837036,-0.15893304272819936,-1.7873123114140748,0.09097632409621852,-0.5859481936062874,-0.2735842009484448,-1.7765233739426027,1.675580362776363,0.6271519922823152,-2.6510507884927343,0.6020247180577397,0.04041537566181565,0.3635344830754199,0.7783575724342416,-2.0193542155833777,0.5615720988795677,1.952750988026436,0.07606243882213787,0.3031192597138703,-3.129396385273778,1.266244968726192,1.9810164276003295,-0.21705608971298515,-0.5971399346615108,0.47600336811265825,0.5156232241832528,-0.646709959709845,-1.223465843601508,-0.33094891371521723,-1.2355423136675658,-2.1424964387560017,-0.953639913252283,0.17179243391349677,-1.4659560031444376,0.8919537250792926,0.6953219231425952,0.291507527961175,-1.522072400210961,0.4705448779203545,-0.7520270267014766,-0.6527864900544389,-0.5892832859370146,-0.6664333787532635,0.9049012555758724,0.9099639293484605,0.6383731059412012,-0.0793256290881028,0.4143677285141879,-1.7773378312161987,0.4732163881544242,0.642178113115547,1.6302390783716476,-2.017835443311318,-0.5995731018891723,0.1467190030493341,1.1361001032080154,3.0362934834723734,-0.27521527825598296,0.779016960195277,1.7332350264254597,0.24437979807622018,-0.49375789654834856,0.7155465621025141,1.9617205896950238,-1.4216829788247582,2.2699245341295047,-0.15762633307322665,-1.1491412945714368,-0.9076262345886019,-1.7439814411842958,1.3878741672325836,1.1473203480026164,-1.0184754501817213,0.632176806634396,1.038926211363136,-0.9887997530458221,-1.746237251596934,-1.3015943966720571,0.6429178985178432,0.8751021775588187,1.4748230452265525,0.7470980025512513,-1.1313525422032387,1.0929663013130675,1.0646243389277685,1.4375376763216554,0.16308447556558792,0.4833715846157164,-0.6325733762905053,-0.2953944501760444,-0.4287170451942996,-0.6920497620486066,1.528935177774354,-0.7252986517870106,0.354650354501801,0.4767352208826145,0.26702924280223206,1.1712448852031505,-1.5359576359859148,1.8730440802854744,1.1918870952132683,-1.4386328046212054,-0.036222556978582454,0.2949251252218759,1.0359646864878207,1.8527074867405309,-0.2045623627630576,0.6247494616332253,-0.809569695108309,-1.1558409153183637,-0.018974830972287367,-0.7762387186398375,0.8341054975198144,0.4962085949565788,0.3389719859812263,0.6396103052333069,-1.9856015642486964,-0.7437337451381822,-0.6302836043782231,-0.16967120724458812,0.20224935812596448,-0.02182692752007711,0.01962847646973262,-1.7199036490718844,0.6612626183109526,-0.016228741216851972,0.30727041254522175,-0.6021823236876428,0.0842938333612371,2.5432291088499754,0.7185054898513348,0.9342031525235647,-0.07608790313573915,0.06971618310699744,-0.752125757076874,-0.003950576759470276,0.41103843566987797,-1.0660212036170134,-2.2976340168582596,-0.7428415205884913,0.11907772565754393,0.024602729451198735,-0.7269795439660153,1.416225987167354,-0.017230078162596214,-0.9790286465875123,-0.0326980454428811,-0.7735630391882709,0.45887764747836496,-1.3686085223642444,-0.2290793625331342,1.0621668684153396,0.015707768223396756,2.0944492815951454,1.142417951025669,-0.05800192072542588,0.41666054120487417,0.8821294501730589,-2.026457545521227,0.7704969214136033,-1.6367166287726422,-1.7559917887095298,-0.6418302995892777,-1.9748043717587698,0.273190805701811,0.7299988893369735,1.584753168492914,-1.280091776040219,1.035608347344975,0.9022924409610193,-1.5201864271176295,-2.801546354264117,0.18785502174007918,-0.45066546864303714,-0.16312301590401201,-0.7401407488892787,1.228285485023109,-0.1620347590278463,2.1695385172054586,-1.1842733212931162,-3.2707499710816825,0.3440877248952225,1.1518523211061436,0.11875698452979722,-0.3921184296536018,0.8066598239243057,-0.6797078861250277,0.4489528972825434,0.17473109923737218,-0.2494169839651489,-1.3611444935445094,-0.8342513719710575,-0.4348895663535587,-0.7716969503555041,-0.030872590418508206,-0.006473484072680877,-1.1103347486159931,1.0782188886366753,0.21731159204957134,0.19285564683425432,0.9519799467968313,-0.11278638191479055,0.7597626704992242,0.4214007379238466,0.9204978742910174,0.23484452198393668,0.40403306536326533,-0.6353012926928875,-0.6960654809652808,0.2225551868804101,-0.18302713796141334,-0.5397916009680768,2.630457895956813,0.17963247119446915,-0.1355585958987003,-0.655594815715909,-0.060873081149903426,-0.48472649735121304,0.8824857630125599,-1.0228326856001517,-1.0416074225155392,-3.131842402672408,0.2563508942180018,0.8413988428232646,0.30477179858019765,-0.6242485439178947,-0.6698981411050243,0.651991862257846,2.372783137460856,0.4859216447640934,-0.2749440456034996,2.165790402832971,0.9325127053795903,0.08784072223728545,-0.21468464443120197,0.2618192244821722,0.5514076412352784,-1.5889847532090096,-0.8779379553072411,-0.4609204990692199,-1.1128071553008503,-1.9277543746300536,-2.9016626056500634,-0.1777965296355178,0.5325098496457151,0.8230644882610056,-0.1891066223451125,-0.27473392479386477,1.083704178262883,0.24975755527559754,-1.520240815904563,-1.2715215811878209,1.147491813144328,1.1794997343872318,-0.6589940771100591,1.295561010994624,-0.08472916407158615,0.03871484687725675,-1.3730907547069016,-0.13255931740637897,0.2338685929647889,-3.3347260879236122,0.4243678183502447,-0.20657772029144028,-0.2600739378095058,1.5701381090341335,-1.6216809705760498,-0.6377942486068187,-1.0613606846573898,0.6765004812293955,-0.28541076339437454,-0.9557211220322325,0.6187025761285803,-1.3413212655348992,-0.425388173755071,0.9741617371024537,0.37384027649335017,1.2308613686699883,0.786203408678946,-1.135895858585048,0.48061542872533713,-0.3811426987196492,-2.2700312882814804,-0.24697580067659258,-2.369463121067525,-0.5345230590419703,-1.631323816397556,0.753599314023314,-2.0125745238378085,2.107823164948281,-0.5302073674335296,-0.7233019778268602,-0.11277943054570413,-0.7767292321121732,-1.1613409535088475,1.0725400875792317,-0.8176893116519578,0.8097621785312741,-1.2674570469448265,-3.1909300250173516,0.7143532939601898,-0.011186441973663863,1.3916699071547185,-0.9227526378242953,-0.5402154745887985,1.1384417881224371,0.6677648160049243;-0.5147238701430809,2.3521532636304223,0.5090806967493888,0.11467536835678518,0.5838421001699805,-1.8497263374906,-0.9323283737000669,-0.13705655634460603,-3.787068497712293,-1.4032881553605028,1.813292648576879,-0.2252863295561698,1.9072002415343945,2.1720081950740653,-1.5563512435097593,0.20080479028895845;0.5565083526656374,1.9114060257954482,0.039845183500701556,-0.6292031189480124,-1.5874191825203947,0.38493439308502286,0.2012110306038507,1.4717651375033838,-1.2654727964288797,0.7786342976906763,-0.5344687116925364,-2.372853816729008,-0.6748421784421562,0.661103920783752,-0.29496535671810553,0.6150896006767571,-0.7786092703179109,1.1862503401113935,-1.2319627658589045,0.7132825749732578,-0.4855569615127541,0.9057209336521106,-1.6062136727349074,-0.4528050802780138,2.4141480411067646,-0.4094482297863629,1.6625711002354386,-0.5984873282206581,-1.4685576949449042,1.4902988361607885,-1.1048913863199692,-1.3587216136505362,0.14340931817537222,0.5744750387853405,1.896625276259175,1.057874590853145,0.640467840841858,1.4430217986131268,-1.8386820441570377,0.5279656756456492,1.1151275541790127,0.20386267871116842,-0.5199168766503779,1.2531611237770444,-0.19555578748199287,1.9109128745155446,1.1072746433931755,0.6680944925121122,-0.5263193614118499,-0.5359634944274305,-1.0972864778218712,0.19859274082583325,0.49165090459006866,-1.1100711043947757,-0.013182774030415047,1.5167402535063714,-0.7715459239154162,0.48237073595391844,1.655341342259048,-0.934576111121044,0.02718416202878668,1.3439534515222542,0.3354273300672193,-1.0559879918257782,1.8706375243462825,1.0944970584078333,0.5567488613134988,-1.8980469231358528,0.3314960756435774,-0.41428086448453777,0.059053498613880755,1.9054447820867608,-0.25180459233674973,0.7292350219291296,-1.7597821596053804,-0.324344349402798,0.5854016749505173,0.15164281728058177,-0.17411628443172195,0.3335746532245142,2.1626309437418754,-0.9858421978915974,-1.5872055174142992,-0.915650671154009,-0.9376503487018334,0.4370934383303577,-0.16117794598361374,-0.26584636847916954,-0.3040960064639954,0.9850124247893053,-0.6283863202986721,1.8407259496323158,0.10024039967177398,-0.5547916538669786,-0.24513183184156495,-0.6271207412631623,-0.21022190382241435,1.8416201013705549,-0.3427976894384934,-0.9790289976257609,0.7424933146078171,0.2627747371819479,-0.6381682901818659,-2.2765261845204674,0.6909612703795289,-0.3762011118698975,-2.4547734670926755,0.2737754667053688,0.4936881231919192,0.9374367909923467,2.0176746837658146,-1.3564230932197758,-0.3704006465890073,-0.11818930818601914,-1.1414148116107945,-0.23676487013131559,-1.6938816005647714,1.9697008073193267,0.18015610976090501,-1.3145258074939408,-0.33445312330193677,-0.8996258401327286,2.0764369345904234,-1.016920248308137,-1.3857581779543389,-1.0983467050779487,0.09702746715669909,-0.19197027728810576,-0.09005732278110068,-1.420253549428715,0.8028711066340627,-1.087393739867532,-0.5964421685587062,-0.7303410734796951,-0.48972654285635664,-0.7936765522920776,0.17357873774110658,1.6232403077347985,1.1231036173920834,-0.055880458027691926,-0.32464999544270745,1.2076836614066682,2.533478810901246,1.6983760063408901,1.1784112188487044,-0.7772049166981838,0.579505623441382,0.28281058517720176,-0.17715530068422486,-0.3217256154181197,0.9387089111816251,0.25161633653180193,0.01562672416074365,-0.059497243777958286,0.008327667450932275,0.7845789162226597,0.409036349348487,-0.5504410609132153,-1.2482734974666783,-1.0558662888199828;0.3504561981688061,0.8496428078459315,-0.09568286064594153,0.39750210175429407,-0.19340556381251833,1.336904899766797,-1.623657887895149,1.3519552306627753,0.7211062350978606,2.0252770148806687"
19,0.576739074391097,"-1.8743488968765463,0.40682176478425747,-0.672947362491162,0.9230892986765682,1.391919110807979,0.06127755219037841,-0.363519722606076,3.1977943845419863,0.3270266761367325,0.10478831535963332,-1.0687246356812101,0.7533497123017769,-0.9507915981119706,-0.3811932010463462,-0.37948528815304905,-0.7421732433993861,-1.1727935916254701,1.0796811909629354,-1.9738148581957544,-1.2584989172735657,-0.10756970172099836,0.1586564245775421,-0.8725455521875713,-1.0795507465962872,-2.300165470673842,-0.33409482845930283,-0.11342310644938512,0.8473243961021644,-1.3138502965503445,1.3040350477391096,-1.486078960238363,-0.8166676884499772,-2.0833698010307518,-0.7313737612700848,1.348533313870221,-0.35983941963091326,-0.6467516201789094,-0.19292032177633558,1.7072759278374159,0.24008010771172578,-0.025442550633301957,0.4146932445107072,-0.8259744686747691,1.8694933151194815,1.537143157305713,-0.5388230067710782,0.0035685994006247612,-0.4497848265845975,0.4443134574173457,-0.17166342003325885,-1.3109156235017088,1.3656973584227408,-0.20579269596954494,-0.18089980675044043,1.320595099220526,-1.0478241295259285,0.5212630520244196,1.89995995266201,-1.053984267190891,0.35887722662067484,-0.38886243535675075,-0.4376736599531824,0.4631149773927736,1.68740156392004,0.6351829761894605,-1.4039740810886185,-0.07956002929685979,-0.3643948559710066,1.109167229075347,-0.7524993153254259,0.6370618918551052,0.9398906390119796,2.018886668826442,-0.1914535067610443,0.35928828502149485,-1.0203754602625148,0.05396105947790056,0.8691607987007336,0.14948085062082822,-0.5285488741927529,-0.15599978444114326,-1.1799891662636515,0.18434639191566982,-0.5557223154102733,-0.4880669073288719,0.31514977407499656,0.7190185762308599,-0.9210877325127824,0.8092503319876387,0.4998010673950618,1.5891433599611322,0.6359547717931575,0.8075693092150605,-0.314700796118522,-0.34752589068208184,-0.46498348708394055,-0.37962602113175103,0.4647139016367178,-0.8101358448634196,1.2037126270580112,0.9748381003430949,-0.38667294035018046,1.247746277543076,-0.6291422287014607,-0.04886501351779241,-0.33991347330797345,0.4961410709987129,-0.9763914614551135,1.4941316661418835,0.9752611413852427,1.6058068407120976,1.3485158388444092,-0.7379583435729359,-1.4506157648751425,-0.7141759216533471,0.7318443561170903,-0.18318411678050822,-0.4878254404180886,0.5690263390815183,-0.38955395918779373,-0.4858218219567074,0.007686946525609126,0.3798323003032054,1.5946979995978394,0.7970393650206382,1.1548073374871268,0.1391928921451676,-1.4155380118068017,2.0868608780781708,0.1337040391766245,-1.5111916195222628,-0.33209457351801946,1.0056514562733105,-0.44677281887875925,0.47952586722383583,0.3706095004343805,0.9498831497763919,-0.2823678284573146,2.03015159150791,0.42123166620353064,-1.402252663664027,0.34804254332421863,-0.0898779705360478,0.06954915681332566,-0.368500316651911,1.9473511491446762,-1.6695109147893248,-1.783670709445423,-0.777994428633338,1.8910721959957628,-1.140109984550893,0.2617082008882748,0.4170853135393985,-0.21819263110052506,-0.003119571978211916,-0.7954291645282144,0.683334013792554,-0.7355542666086814,0.7080236464060162,0.055140954869296904,-0.793590962939768,-0.5988884909115647,-1.1329734126429374,1.53319328891653,0.5395559173638337,-1.164068729480147,-0.7070078280624357,2.0132270978337576,2.154222069338293,-0.4106053424749829,2.430945981258595,1.7583705685253848,-1.3472906311358068,0.09740910937833441,0.6805088894322635,1.245737691337089,-0.09428707441198932,0.12330901892740423,1.0983491873431053,0.8771221702455176,-3.0630781344903046,-0.23450420323297488,0.5942250849178136,-0.4258786578145653,0.5574735902463714,1.0251992838968726,0.3232000461054516,0.576452993819886,0.4388980625698431,0.15569609491860922,1.0651456068837266,0.9731711219686207,0.518863891902712,0.1537496573862334,0.032413275413725004,0.22649672972097049,1.5456779449015827,0.26971315744379704,-0.4395045939313593,1.5752501314205858,-0.8322234495386954,-0.030084560694706886,0.17296878732253873,-0.04163854331855421,0.38383592553969403,-1.6088065262543367,-0.8323318615689551,-1.1031738658463786,1.0053359453528343,1.5429617150029067,0.16631045388527899,0.33495100069695294,-0.4461825703530418,-1.5473134592954887,-1.085952291699388,0.3433176357284883,-1.3155617723953021,-0.05851050646768941,-0.41966783616111925,0.684076537850004,-1.5474795549789857,1.7257430169524872,-0.22641881319414128,0.1839270018065523,-0.24559413142935133,0.3931031287692858,-1.9324022668107605,1.3525790911432063,1.1149323736814951,-1.1137079048414713,-0.6492740711365563,0.011753313929945358,-0.9899193860653603,-0.9999370506373811,0.09953708239562606,0.9326900013833513,-0.16107544515992242,1.4217503500792628,-0.383205803004283,0.4300211146373659,-1.4073292876688361,-0.9898204051020616,1.3062609655031256,-1.4595218261395142,-0.672423708027414,0.8629196168581008,0.4371179094532072,1.0179647284955986,-0.6855528840065952,0.05880038261115806,1.180494082146747,-0.011740215025276335,2.6299282288392902,-0.09302808251709158,0.42211324781066356,-1.6947588951677577,1.1692329726114405,0.18171664184847466,-0.9835492709207059,1.2545164903065513,-0.4743513404373547,2.067359957429579,0.1418104579637782,-0.8037205583397303,0.005812379814501917,0.2418353287099372,0.03718235239064524,-0.7925956739530275,-1.9556349433058444,-0.14030529681401152,0.11093188966785034,0.5202617706384174,-1.1348355835051676,1.65612229097322,-0.6214160363655552,-0.23178767060656078,-1.1038843109955998,0.7190030348637839,-0.11549690664288915,-1.2622753015059895,0.910722999090467,-0.31686074174384093,1.6171834467697574,-0.47728375249939936,0.8574517024804968,1.3048887518323797,-0.028395467594674234,-0.5036003251875277,1.7785364123211889,3.137476441247024,0.012105184363110463,-0.011612327943114745,1.0063422040728183,-0.9492444395975657,-0.2329814906084722,1.8094863492575377,0.6842934647045111,-0.3088257994508929,-2.0342930807952615,-0.19117473531122758,0.9814653555887954,-0.6920610211390454,-2.0958948493568816,0.7869231032623634,0.2737059302414449,0.8896654434393774,-0.037269993020122474,-1.370433182149086,-1.5837069949744942,0.6370347758090787,0.7493896192306976,-0.6466823248744921,0.7979376156139736,-0.17130398157325866,-1.3621073967628778,0.49670087425882664,-0.5452507645768168,-0.5038473496483385,0.48870017407353467,1.4613177032769225,-0.8173168596089234,1.4066057619589616,1.1308845362695148,0.14619821662641758,0.7368907819388274,1.056139127109215,0.07593277280503039,-1.6693142532815488,0.2979258474682602,-1.4344618976476795,0.47365645928648986,0.17609261533168633,1.356283396713164,-0.18355048722388048,-0.7065968277876823,-0.31881522560838255,2.2515990449929024,0.17135494065312992,0.37563156577781864,1.6870747387975715,0.0891930039445907,-0.18658399308094747,-0.33378133903601215,2.1292956133682384,-2.2667157449139603,0.3057495073065914,-0.06315970508938723,0.32197611567276396,0.13731146909245848,-0.16694767309831687,1.156485479942777,-1.5169742138125164,-0.14824460890989075,0.8633536301204511,-0.7017932664841955,0.1612177214311699,-0.8783415047189095,0.7982263224594546,1.1922708568781588,2.290558982608972,-1.8956278010838588,0.38234633691472714,0.9369601112858089,0.0670900438200529,-2.1140290207817247,0.3684466587192031,1.116822275499942,0.3221899662629171,-0.36329376254863327,0.08175737299585872,0.4058586977620077,-0.2724650668882187,1.2950127414419805,-0.06991805581983988,-1.0466338234874255,-1.0914082491809411,-0.5938612186722358,-1.5158752902793067,0.8502214201310299,-0.6583183207238783,0.7961395924501186,1.4697622030619748,-0.16837393960932093,-1.8495268204595052,-0.778692698879106,0.9284851154106757,0.09682739774699195,1.502037579930604,0.14615884790553177,0.6827658039320099,1.1892236890667016,-0.2732472389959822,0.37147724568595536,-1.2068641234957735,-0.9504020152901305,-0.603100792180245,-0.4309436250847617,0.31962399913908235,0.5278610478874207,-0.9088690785664985,0.7724484503250856,2.1843750239059103,-1.558644646321032,0.7466512087358718,0.0781407519955176,0.16876271992684336,0.2958165090755257,0.13960463220217714,-0.06297326942086422,-2.047935079081317,1.7005010852438502,-1.9043197778108771,3.4301152466594615,0.14011700168183153,1.4610640518020284,0.00933442763364812,-1.3754791071592698,-0.7042218936020725,-0.6108583535016358,-0.5246469977454311,2.3434983309405544,-1.3165311177143453,0.6048684882300585,-1.7789285469931277,-0.7636208784683278,0.33187032379681647,-3.0137491442377606,-0.2751478541456577,-0.7855035322630668,-0.662349631838937,0.7340997677926377,-0.8181216520171889,1.9259574339116345,0.5188905060423604,-0.19229519407375847,-3.104670344296827,1.1956571535091816,0.5637337676921864,2.111162766152897,-0.4624691014533202,-0.47782916088452476,-2.211789311567588,-1.2975550474459268,-0.19343431592036578,0.22573637868756388,0.2827364992428847,-0.27081700403661263,0.46481983269527616,-1.3377489034027639,1.152929509900337,0.9607481706078829,-1.2075777246744965,-0.3930056130509858,-2.034071183821225,1.0102170277330333,-0.3085500743203108,-1.0109124346684095,-0.4392041517075541,-0.3290652043702448,0.021840005950843233,0.927507004634258,-1.7047376141962498,0.2776357001404118,0.13562084281067063,-1.1603726997046704,1.1658657208580612,-0.5034317047592058,0.2867702134858415,-0.8341517475308118,2.2639381522845823,-0.25079657426266544,-0.29168677002982285,-1.502781620441989,-0.24100799375680493,-0.1934281072851519,1.6455763426721068,1.027964633509606,0.10581697351343027,-0.7538849143901797,-1.347605381796524,-2.2212512785855636,-0.05882011068707211,1.0732457138208413,-0.8138599301036004,-0.004599733136550764,-1.7242812313557565,-1.1068329658134888,-0.09197878904462785,-2.211781494183816,0.4720421224597787,0.0864590183087751,0.5615195592317769,0.8505815726203781,-0.7663340672482819,-1.4218994382154597,0.7191143382281369,1.163018506977524,-1.3327580014005358,0.9746495676895298,-2.559018450237756,-0.20189406574932006,1.0406587955535505,-0.9784205759409339,0.4278488044578914,-2.169215414398469,1.5520595253536826,-1.3442633442932248,0.15230573651299129,0.8514721651233129,1.180487053840627,0.14175942916156248,0.3473617235742723,-0.4650061858153932,-0.6816507196156221,-0.994436118508508,-0.16184138263532888,-2.09545920742941,-1.227793742691849,0.23263604774221194,0.7849217303738758,0.6307487686883826,-0.4199752852217208,0.8723483806261096,-0.6105511877763348,0.40505109218037005,-0.7040142790316994,0.04719616040358628,-1.082429598583317,-0.21352320178347503,-0.6458546003592459,-1.2901234494354665,-0.5444889235409132,-0.14386607065181428,0.5122487565613202,0.4234013678168339,0.45749707735995904,0.4971183513009144,-1.1232056233094276,-2.2622209335279657,0.18975030207769766,0.2660357303329049,-2.2400806306087073,1.7416647828009058,-1.2330359812094394,2.126934247506829,-0.5176430309081675,1.1312578135683042,0.5333713980760337,-1.6410999494785674,-2.5777513876640343,-0.007428004474844291,-0.8615731124868268,0.23480481794915556,0.8224205454191252,0.6546275939794916,-0.21490033914669807,-1.2753998544215637,1.41591892126532,-0.27796073583696335,-1.3765939215987542,-1.3551617872860362,-0.21895004986451883,1.831934306092288,-0.6038791508081534,0.2651299200691789,-0.14755683505163977,-0.5484989984240417,1.3110998087831311,-2.351144893755486,2.3756267584866926,0.4884711616565053,1.2890568692323439,-1.612917020140084,0.2960555155874024,0.10682938002927639,1.7946401290235863,-0.34891141362624745,0.03695611687899247,-0.6519436186687115,-0.5353422096532083,-0.24337594177708216,-0.30926976016364627,-0.020487311870227363,0.14849160384560547,0.14532993932901797,0.6873537609651553,-0.5721024665952863,0.10110840586983091,-0.22069268747534304,-2.385559395421561,-1.6257431792146497,0.30721475268467846,-1.0911186933329644,2.617496949106844,-0.7311289782496657,1.32793216340615,0.6305447004192427,1.6050802499208061,-0.44107837783149684,1.1508097406358953,-0.047557909987019475,0.4181189229753891,-0.5365032017955809,0.8831680923817098,1.1254419493144443,-1.1582687933717013,-0.0008952480082102393,0.9273304883442363,-0.3618519973752614,0.06790982887004718,0.5873360588822011,0.21766020649030735,-0.6683243515962874,1.2429049999840975,2.001801447981643,-1.9182977731026918,-0.6431820683871814,2.6730725887546667,0.24137581475811581,-0.3453926859354933,-0.009560106346282446,0.7590111838688767,-0.07775130721541526,1.317912632757759,-0.706982010560931,0.4516155663532311,0.3178231182684743,0.6757942121949188,-0.0012798077707838196,-0.5993876291930698,-1.8969905947707688,1.2192514072135796,0.5315316904513708,0.15316732116369083,-1.239367068382324,0.04195099143105285,0.011393654917196877,-1.9895055680963725,1.1719973445977676,-0.020824396575886625,0.3534589869130927,-0.34372589636067574,0.6307943036778536,0.9785544159586395,-0.07911767573021197,0.7838561676447742,-1.0868057587217164,-0.7451222606796406,1.847168344519984,0.5566271401447875,-0.7285467144225544,0.5224682874510282,0.25016056752253674,-2.7651474599778125,0.17842712220319495,0.8917262762350413,-1.7930707404444004,0.43138316813018385,-0.8145668140368778,0.5115893390260365,-0.5000151592240726,0.9003739311324158,0.6358251257996448,-0.21150437347026538,-1.4945568849062738,-0.08803524997412887,0.2186367359287031,-0.36084408000812795,-1.5215137843217932,-1.8958198356043257,1.1754093979935176,0.34035607984845606,0.677429638930179,-0.5443932181605873,0.02443915858618624,-0.10463286431445236,-1.2508278188743103,0.9209227080227027,-0.058248210523560835,1.1870842616179673,1.5930720192459273,0.1497551669954181,1.6494501445943799,0.4755066670726184,-1.4904280542074744,1.0599381559221182,2.5369011446371887,0.0029028974843572086,-0.02350671334881313,0.716512989475677,-1.029309697368653,-0.30762916756729664,-0.7317944758541426,-1.1758135161057575,-0.10394987657646906,-0.4108201444686309,3.0227593730199,1.1344567547391222,-2.3537695575441204,1.918345420720129,-0.3543351160617,2.1659202317472896,-2.4927753799108254,0.7357485804246774,0.4305536358825328,-2.580429939616206,1.3953988170130278,-1.0417004123431644,0.2817165837651027,1.2350307637168536,-0.659542775713538,1.7720648712126974,-0.4062864208494205,0.8590669553600574,1.013571868358132,-0.5851242757434747,0.14487478926950761,-0.7294622535878339,-1.938901971613521,0.2847239263253474,2.4439010209517917,0.1294989155898368,1.8185628692320446,1.0742607514518574,-1.4496763727194804,-0.17239626464124033,-0.37871991671022315,-1.3823836465237447,2.4464769528171133,2.596638827801069,-0.472187360514802,-0.40100653019179033,1.8877973117465647,0.17903611947406156,2.1167986618007553,0.5132112945202401,2.414199670222159,0.6114323291298793,0.6845293592658552,0.8834192301104132,-1.1369766153835585,0.7428432909012772,1.3380167731959978,-1.8902465965755757,0.14838970806837615,0.4417015833078565,-1.3462769785071247,-2.548166096558148,1.5004971577609065,1.2878225180137826,-1.3085683773236687,1.8534930282667852,-1.3677283131018725,-1.868326277622354,-0.5832740056386636,1.181292724974432,0.306078510124152,1.4344476223192912,1.1881469173909183,0.014082298607165034,0.12262565377597118,0.08527923979057911,0.02852590637551461,0.6560866862491568,1.2156141156962772,-0.2988928110990887,-1.816920290466566,-1.4745470211174376,2.7141583420841218,-1.3031497978734552,-0.7431449715018971,-2.5512425606552798,0.976482014225597,-0.6619132319400844,-0.5270598432794634,-0.3599242885202806,0.3487799150168823,2.094972920008292,-1.0097285365524753,0.43894789735761724,-0.47848380783180183,-1.4738034646739668,-0.4928903339524458,-0.26500235246901654,0.31553944103054443,1.3390362262646551,3.6115632916423324,1.3794998603679784,-1.6104679417214272,1.4467208142409895,-0.6314801533145424,0.21851045587426077,-1.6729972551553338,0.8572856263308031,-0.10781915762403513,1.7004361124335106,-0.5450836885757531,0.21788041504627323,-0.5845409106584067,-0.5935915755269787,-0.28266899079748986,1.8944138960969366,-0.8472258172219109,0.4293141430297588,-0.207959736111543,-1.9224325836735632,-0.9976670319535486,-0.3324405919596325,-0.7699987545902095,-0.06523483668154557,1.4991365994628627,0.8257321541540885,0.5801956465837212,1.2309868311300576,1.7070454566579565,-1.7356240168092898,0.5974063185282078,0.06408547259804429,-0.39419005189787526,-0.7340970526068128,-0.20978809668050577,-0.868762036837232,-0.10573930576067589,1.1100421550669337,-0.910213164110384,0.4507154079842456,1.4463269877570064,-0.7931481669878646,-0.2603600794534846,-1.509578967578501,0.25143565152258257,-1.3349111881989024,-1.0576993476715468,0.5688649973410791,0.6745161669560087,0.20445198864577688,-0.8629799505642789,0.05680095906712495,-0.7524453330765,-1.0303181616135977,-0.14017163976594205,0.08135673382800093,-1.0758681154033405,-2.9409616481452225,0.709598248311003,-1.2043852441545095,-0.23138529642238573,-1.7010907961810386,-0.13409317571639698,-0.6764390721770193,-0.2883472129146539,-1.8910618982579215,1.4755915708698621,0.8468482041773423,-2.3318821398951246,0.7276832855547811,0.02258709632755035,0.8125370720272456,0.8703688369832999,-2.1844406344954685,0.27928450487319767,1.9458709339637315,0.02113843598754586,0.8453887747416148,-3.0241044295611577,1.2022371114591566,1.9590240262543464,-0.06599534434256916,-0.6716126751978702,0.838973506634846,0.5373030593817838,-0.7305635679640693,-1.1625253265087465,-0.42356410459617727,-1.1016127727823122,-2.1351000987541062,-0.7831709180704706,0.370635296649508,-1.301536290420981,0.8270454734209041,0.5114834552085379,0.25331801417951827,-1.6226330004854148,0.7470183996579323,-0.5185449772509204,-0.7607377070129042,-0.6364216907890571,-0.7962262556929606,0.7203478867042984,0.6978280901470679,0.6028733057599958,0.02873949914547433,0.7810894174037692,-1.4946406934569576,0.2897452386672994,1.0280150154254086,1.08189595179011,-1.8456869663096267,-0.6964166135989531,0.5637335285420926,0.9853052069545211,2.9776798649098217,-0.2337861251651945,0.7854889779718633,1.9466266756947408,-0.14701324703109314,-0.3687808221151745,0.5261925791133288,2.243760789660821,-1.3693656342479708,1.9822296073276402,-0.21015254518609336,-1.1257270239612398,-0.9450473834634496,-1.9829254001571075,1.4721965608610337,1.1738355747222056,-0.9763703249725981,0.47161958101290524,0.7900645719759881,-0.9995059866400399,-2.021454526819578,-1.1191218502261708,0.4288322766447006,0.9095822896008358,1.3123201017810056,0.7163251061534549,-1.280440764188382,0.6919064661315665,0.7563865318714883,1.8967485751709063,0.17375325332739672,-0.027325593867787434,-0.6591499757229677,0.11510965772873202,-0.1607537531457839,-0.5645153665255518,1.6741916940657575,-0.7610031328135904,0.34011256411289204,0.7118101948813096,0.08003709743464828,1.3308071853167285,-1.3545647386687025,1.7590335840230151,1.0780871765907742,-1.4309931110648058,-0.11028161855907845,0.34478841536124705,1.0545249393475318,1.6161008353828388,-0.29595842766164265,0.7453940409303881,-0.8916551502753503,-0.8437568247557217,-0.06568059134790305,-0.6860356323250951,0.8774214827742897,0.4331300508590876,0.3081269134699301,0.4365078065320442,-1.7568631492725868,-0.8766993498206824,-0.812661912054304,-0.06024079516216952,0.5003434679196924,-0.01425007661865893,0.09142580324159721,-1.7535107583311462,0.6288829313947503,0.2015561658418184,0.020375972781916284,-0.3823638351233789,0.04494486033212905,2.75459176884234,0.6767675157896221,0.890314984683021,-0.12677078861458732,-0.05626350527544241,-0.6742009262572772,0.29093981151573045,0.2691966726441871,-0.9537590703446831,-2.3825521320773886,-0.4566195811426096,0.25745597312948987,0.1558481826278353,-0.8262583843033816,1.5094007941758423,0.09136551271303978,-0.6825749512412859,0.0692979229548523,-0.7821624073997624,0.2646406034512286,-1.3077671601456402,-0.1303358491102541,1.3673656008722654,-0.3913856280691154,1.9766512215414032,0.8124910963743243,0.08376160209066139,0.4709940378979291,0.8347088121237998,-2.0565564430837906,0.8690467191949163,-2.1079782573111094,-1.9907240006977043,-0.9181206725907974,-2.1534518533572573,0.060973793769246,0.7288027250703907,1.6377520610971117,-1.1162888547386787,1.0375969146995512,0.7208736400416214,-1.6512313751486463,-3.1634059854354346,-0.017971893710656384,-0.3027296014649421,-0.06644923612205016,-0.6461888799405376,1.304071818190102,-0.13149452815081009,2.1665504631345724,-1.3454208090758373,-3.254327569178262,0.32471232800585614,1.157739604561651,0.03307551267014372,-0.4642823267525207,0.8756619768105036,-0.6783150458955803,0.06274599243257958,0.27091952349696696,-0.22051260226569336,-1.3209933731392967,-0.8262611372685641,-0.5066432625838694,-1.1343473743710348,0.06525546629710521,-0.019948123854712035,-1.3349609035028516,1.0883779517798016,0.4327132111245895,0.6024335514860062,1.221700239778737,0.021174136300556708,0.7239926189316608,0.04816886335874565,0.9504663194425708,0.6144580195714149,0.6600181716442726,-0.47955571706840533,-0.8283066503762649,0.4354546325268005,0.04243690817283782,-0.6277669232083871,2.551628827592212,0.06469759846196468,-0.2949307925440114,-0.6572805722243152,-0.03959488324708547,-0.23419175905541867,1.0804252615761238,-0.6863752703831486,-1.1003316798459157,-2.9293491335331256,0.031649696127159,1.2518614020282883,0.23902198193801752,-0.7935459221610748,-0.9892807405636886,0.7835855053562052,2.5144382221865627,0.277728140341225,-0.28004353604712084,1.8948799117883326,0.8635975800108242,0.4294999529001793,-0.14353221704945146,-0.00867238773320294,0.7517975469522064,-1.8265877150506105,-0.7999201426325608,-0.4981849360872548,-0.8797807112328789,-1.8581571094531382,-2.781229033174996,-0.1767149391643109,0.36554932141919927,0.9615799910409919,-0.4207109797123667,-0.1853294956150386,1.3002286740247233,0.3591261657751182,-1.212311116497805,-1.2544039783430148,0.9790221246230298,1.566707552570581,-0.6475954397990271,1.2915367940612572,-0.37080862632182343,0.40802410119633153,-1.3596703614252497,-0.4505253740006164,0.5351906522724202,-3.0168183647874303,0.31125834843730266,-0.26914750778731056,-0.02002652689972853,1.6303187745558194,-1.5823216017162485,-0.7780651881778096,-1.0185139243779222,0.5144067129520361,-0.24617766500895388,-0.7940987009025962,0.7475100431895577,-1.0385565489647632,-0.5400439445926016,0.8610410523778442,0.7842331963942134,1.3394087543478879,0.5630458731992791,-1.1248394181268975,0.35733001715444307,-0.47635719474921734,-2.017131391237932,-0.28042693317294565,-2.145335141986715,-0.6432696275613292,-1.5441778174809742,0.8384587568838802,-2.095536054877317,1.8921975868534553,-0.5228255045021266,-0.47608664411698226,-0.09916401235375735,-0.5270493297341831,-0.9797306393236426,0.6750785356720098,-0.7985924579000157,0.9786735412944984,-1.2344618767627242,-3.2482357083712237,0.9772750748477462,-0.165279116732423,1.2704298542441677,-1.0846611756870939,-0.7673195438697433,1.166625516199151,0.6109710305798532;-0.2897151703864069,2.6041817553730016,0.7344742460569725,-0.1936606575004829,0.4174746766416953,-1.6969581327021472,-0.8921840481351777,-0.18055679618574605,-3.7841847013359473,-1.6355394134941244,1.7696538342039094,-0.49392955000099137,1.7032601404574956,1.7472526198441074,-1.4138284282926066,0.30385239846141476;0.7312259171541604,1.805250931388036,0.19838514663366308,-0.38122668930569265,-1.4343308068618401,0.48904619936985844,0.2871370877149507,1.2626966975018026,-1.2991022001982877,0.6114641464855385,-0.5795170679648729,-2.3978187147388463,-0.5990428702604267,0.5141348048835188,-0.30831500657074523,0.8058666706383766,-0.49594285340892713,0.8629413632820945,-1.1612812636732106,0.7425206562805798,-0.4293938293819339,0.8045699471608078,-1.365179668669788,-0.3920653270303604,2.560636030126739,-0.5647029920419571,1.5831589256805698,-0.6507974008338897,-1.7431118032887352,1.8375600294651433,-0.9986443222837752,-1.086602661839685,0.28044900185455746,0.558718071775703,1.7828175754434201,1.0136213532419847,0.9196084930233862,1.6286737409262646,-2.0924542498219445,0.25848413781607726,1.1846232749932397,0.18209075161883156,-0.3567479394313714,1.4101976837678332,-0.2464729231068943,2.299881963989322,1.1327403756353749,0.5945526127088008,-0.4679101687993323,-0.8701489545775435,-1.102244397470967,0.36946443004242524,0.3314758123789975,-0.9551055391349301,-0.048488068387525125,1.6958574134799889,-0.5083983828842963,0.1119098778727936,1.4661456912046986,-1.26149187740887,0.0932370205862264,1.4274303757113918,0.4533184282369427,-1.042546437834101,1.803637434785237,1.1096174654286677,0.7879464824763003,-1.9772552092740519,0.1277720844829221,-0.2461315052282525,0.3257066874757788,2.037920415243924,-0.293865865926504,0.7616206103647865,-1.577696728448602,-0.26744109833507984,0.3888567751225512,0.21049195080058808,-0.19159577776487172,0.32686995519445244,2.342086821424026,-1.2514631671140843,-1.4370548366414957,-0.8875656577792047,-1.1284950393111701,0.6850846822880955,-0.25473797609827087,-0.33529257114990396,0.005316004856546944,0.9654523624319441,-0.54424507380312,1.735767990389556,-0.11101068333958374,-0.48579484098928977,-0.08054898049037462,-0.23620388551669735,-0.45332627624979793,1.5376028328696916,-0.3710451787688106,-1.1784197844676254,0.9067783388102929,-0.0597069819008513,-0.7900763962940509,-2.5419395855547373,0.5771961115607149,-0.21215407024809227,-2.1694220792537853,0.24747329657180644,0.35690511648354734,0.8474808325318388,2.2583211037473254,-1.7727174388192914,-0.6177195376301344,-0.1680244425762534,-1.3204534291206809,-0.040480888142946134,-1.9460016066929773,2.0290126745250956,0.2891400143669164,-1.3539710020494449,-0.19940339132583523,-1.0698114510992836,2.1450292996265117,-1.064981010724459,-1.449134485571769,-1.1646851753449599,0.1655663514333791,-0.09527292900073663,-0.1515274512251921,-1.619251355578447,0.5201555729507599,-0.9811354033883329,-0.7757831984026717,-0.46551580591438907,-0.7010997061149592,-0.7611269543538083,0.2663934807423711,1.697217869023047,0.9630350521070041,0.06407528202839158,-0.08335881524278357,1.3354992002931116,2.739173231740637,1.5123044905619427,1.0072182686057085,-0.6004095419513171,0.43785833669077107,0.33638299295836516,-0.11046509715664872,-0.2954804237361285,1.1161634163476997,0.019741867332047466,-0.4389487052550329,-0.5352122605520971,0.02955260301684623,0.9052755699417507,0.33006881064694804,-0.6781728891131654,-1.262100403730929,-0.8121226640273005;0.5910509703801043,1.03764926945786,-0.07534796595749799,0.3259092427463824,-0.3808703921637753,1.0054808517409355,-1.6584956714725292,1.5122151527342165,0.7086279751633997,2.1754325180117577"
20,0.446532693659715,"-1.8519958191905757,0.6175062878084316,-0.7647482795434454,0.7303528016851242,1.3438760238118055,-0.046941963091262806,-0.4637677281489908,3.2186763144403203,-0.01072453862394035,0.038626137574406194,-0.8709396903487987,0.6108707964908618,-1.2296938362791099,-0.5482630909346387,-0.4768063822934552,-1.051415451749186,-1.2807907210958527,1.202204154754693,-1.7469060690475384,-1.1178514656663745,-0.15579953290766013,0.14846773474546715,-0.6104597127811898,-0.8318716414566873,-2.3901600096121474,-0.5054412569039783,-0.06369654724686913,0.6529642985469792,-1.1357372092925813,1.2891153410463558,-1.8674791014448842,-1.0030730690141691,-2.4423525464357216,-0.67707164628711,1.141377136176022,-0.16923121016780773,-0.605036095619968,0.04267043968321582,1.5395741118244755,0.3557868937867086,-0.1178313426591957,0.6523087453275013,-0.8907918351902036,1.6202507345884163,1.4608776902363163,-0.702558292784274,0.4238817396291978,-0.2943102130146036,0.12779967166924133,-0.1003732152763051,-1.5538033105517703,1.3066404701723557,0.09081351288441435,-0.0700878967302041,1.2199862649090705,-1.1874861917867368,0.8151481552190052,1.4230812261366892,-1.223423263739192,0.6368679198982016,-0.3401465587429203,-0.6078444567856529,0.3606129567933998,1.7350496050744597,0.8776009140734279,-1.227172759370733,0.13673879162098374,-0.6864063142098292,1.3756509613907322,-0.7605465095207071,0.7551167605385677,1.1452459011890104,2.196686139685564,0.09335176662225902,0.6714646651460857,-0.6472395327221899,0.3657076990175048,0.953047996647785,0.23130583309384836,-0.40969886677270456,0.04757044471148267,-1.3363886105748641,0.013038135310139129,-0.5346225066719772,-0.15048822775413395,0.4009735103588418,0.33440848778912546,-0.9558388361130482,1.0162380221813976,0.770603435866826,1.708685413356168,0.6323437183087693,0.6541300558575517,-0.3781850950459591,-0.393175662101587,-0.41297698319623855,-0.38814957333832406,0.8256315212457705,-0.7662162619092023,1.067261725362443,1.1666932016557547,-0.1852201948505519,1.5525336017010882,-0.5359289491223655,-0.12906649822374286,-0.28379812617398875,0.40930280642100303,-0.632221170125306,1.3065548709607775,0.8962691244704885,1.793943664549756,1.3113239622190076,-0.9904998047215141,-1.5281726665458821,-0.2747970932902857,0.7088036829131197,-0.05723720543311325,-0.43217490397125685,0.38358714952427286,-0.24284699647397456,-0.29301783230833667,-0.07237354524615458,0.15788209490195446,1.5605562981871581,0.8582961273079607,0.6241994277434375,-0.036033496955806314,-1.2251919689500246,2.0690550913280044,0.1920882742791448,-1.4166871200531546,-0.06938336011171317,1.373881903931085,-0.570832509978237,0.08892873789145433,0.6312662822230145,1.2824420005706707,-0.46654845991133737,1.7819332364218237,0.5493544027831876,-1.53862515574643,0.07983669314424915,-0.17631850967044452,0.37201785868820086,-0.08515743581100987,1.8278093908243986,-1.6638436466272084,-1.5985964574801867,-0.1357341668950146,1.5283573432372,-1.216192036988772,-0.06631189181513714,0.3880942599243058,0.105136698102306,-0.13682759448612136,-0.9310794900879686,0.9282100119970836,-0.942282718122944,0.20799347888616118,0.05280695770654905,-1.1837206279990582,-0.6355718263701886,-1.1422527866728736,1.2276811713224614,0.6997611990615628,-0.8462687320204233,-0.7189050874134483,2.1095303163833763,2.2868134783798912,-0.1998390844551268,2.1057866179054994,1.9153375141533746,-1.5642396843146154,0.04334795998830496,0.7047488677155832,1.3554964652843329,0.11341185505174872,-0.4242736528283305,0.9623562092674365,0.9175494104572014,-2.955013062324792,0.028573258998157956,0.36045495575099007,-0.2745230861279949,0.7407187356052842,1.0710482251588063,0.6348077533139526,0.8126717454129292,0.1524125761935494,-0.30406201350961715,0.836475607965173,0.9950988585194197,0.46616374898466434,-0.19425685043003263,0.12073433092080221,-0.0070350085949306695,1.4963779218058693,0.39879024649996764,-0.06570670864096524,1.6836664709430635,-0.9755228170724489,0.0789555504751397,0.38059684701684826,-0.3347783982908902,-0.01984623015474838,-1.6813144349260565,-0.9304610710222525,-1.0536776802637828,1.0494555673875654,1.2626825466058256,0.4343399103758683,0.23961738058041737,-0.83633622190219,-1.4899288873510699,-0.8776786618285825,0.5226703589282772,-1.2128368505063674,-0.2560379039192916,-0.1126744279298118,0.730669924017973,-1.3263865554558485,1.7886684435651286,-0.34720518040491144,-0.24622319772083529,-0.19906209597492158,0.26454749254915333,-2.416369652867184,1.1637276372805332,0.8631533390089048,-0.6643236965653695,-0.7696076200519628,0.09000227247249257,-0.9073358247334407,-0.8150442499244629,0.1550126223205071,0.7127830066730231,-0.3389155042409148,1.2162623533687658,-0.33365699308652497,0.18430272731691363,-0.9648552916876026,-0.6342007980209441,1.0431265295992618,-1.4167653291066122,-1.0008735489693124,0.45256057115935167,0.6234898268330628,1.0854701960831534,-1.062499178066619,0.03820719522218417,1.0744663763302134,0.12782326221940718,2.456136337246841,-0.8291912089654886,0.2357910867577211,-1.0150455279474153,1.080256686518097,0.040057985911857046,-1.1208231203542367,1.2530316155086472,-0.1526112224096322,2.2953529199781673,0.20124961573673006,-0.8445692471134068,0.1221127135134269,0.5073670619044008,0.30331882034669116,-0.8520456743433877,-2.02653113955381,-0.7498831004966353,0.4037098113763112,0.3240798171559125,-1.1864967659294248,1.5909135057135826,-0.9574373492316026,-0.3623684073208844,-0.7279299225852891,0.5562115709441007,-0.4681043537355893,-1.6565616042765843,0.8362113250730713,-0.2796228343967583,1.4620407482924447,-0.2066251934403749,0.6023200215538811,1.324645936186338,-0.21404429240327363,-0.3610609849378461,2.0642760344838327,2.8345853753796764,0.08403506101275705,-0.31745672053927587,0.9516492167518302,-1.0746660517150028,-0.724848425816102,1.694766749180088,0.1913545086864757,-0.38390345835153605,-1.811088256411237,0.42947991974997674,0.9354357973668105,-0.6538181301296833,-2.1317656900186894,1.1321585319268312,0.5042285779385651,0.725022510471004,-0.1882217958478415,-1.4933670156455077,-1.2222316500378445,0.5268885542185534,0.498262983484227,-0.11543440275744143,0.36878267785990854,0.20698061481871072,-1.0257013660057377,0.20106218070015486,-0.7532017867012509,-0.6324096340618951,0.46596385772015814,1.1742260577257668,-1.0091841260330878,1.3718411451666448,0.6421681113327903,0.34002579567282326,0.8798877785651483,1.0143307467468932,0.2587093217133615,-1.4909972893715486,0.9505560863727555,-0.9932943326427024,0.2438604566842196,0.07014291980398855,1.0451118961285915,-0.3217222517773711,-0.5964976190724851,-0.008900176539755701,2.4029189770574586,0.5423737184942397,0.5611607990707334,1.927624429378886,0.015953653807644484,-0.03666493654454675,-0.5655410619069995,2.284826982106187,-2.084410810410111,0.4816028910560223,-0.38472247786143043,0.33244307286806407,0.05575651040906957,0.02495565379812363,1.1760044924198831,-1.3325654190747418,-0.21596547337262523,0.7796247202667022,-0.667650533669802,-0.0816086347178724,-0.9998070418513015,0.3761516303754793,1.0581621890255204,2.077996095123311,-1.6227746659701878,0.6938527512477197,1.0598934402527347,0.15629021394178588,-2.5033856518721525,0.09236296222252885,0.6875226072480195,0.28534119089475407,-0.5018809893765144,-0.22147327768200242,0.05942089365169892,-0.39459519804787646,1.2493648394031713,0.08030687162792241,-1.3807277217492733,-1.1993434195882033,-0.46686415218207444,-1.6587546276616856,0.9203697325786868,-1.1486710075386104,0.6716762485838689,1.3939451832573608,-0.38782231281147694,-1.3662798495704762,-0.36849563691262643,1.2079853649304633,0.1462994515878815,1.3784304989724594,0.2576008598437011,0.6276725730565772,1.3272696935289876,-0.31540529609876367,0.6752886232050477,-0.9953236561823162,-1.1263025969810465,-0.6695618683115405,-0.45736147434403474,0.18611291231007784,0.7368565975440309,-0.9216553330958647,0.8338041593375246,2.320011938273774,-1.5085935983679515,0.31232420995089377,0.27500058428427293,0.05655823367683855,0.32785643927543595,0.38803313198025624,0.18806335113935638,-2.18881936144144,1.905544543915587,-1.5640848991835878,3.3706933475348557,0.13670471906968618,1.515489510790358,0.07437225197012713,-1.6519318177971014,-0.5907259417719453,-0.6622017481509996,-0.23674246767653515,2.321759776666078,-1.1741311050996783,0.9754192744517306,-1.7874821808100743,-0.44869803431319977,0.40009428527437196,-2.491716899970676,0.19610553890430726,-0.5867585906420807,-0.8445169373011628,1.018734946515422,-0.5813449618918447,2.1613335715278827,0.3743844829912486,-0.2667055540890949,-3.3436907282177395,1.4243116850976696,0.5876394412657572,1.8877582817032306,-0.48622569946656824,-0.34962558073173533,-2.2116420909593613,-0.9773310663752459,-1.02701648434826,0.09096209889631282,0.3228139469095026,-0.5435399175983815,0.013811102532240369,-1.399510347823227,1.0481699719320066,0.9415884960467963,-1.4279318270266894,-0.1241429021807633,-1.5876070958684827,1.5036081643366253,-0.5560313500520208,-0.9314533088206692,-0.2624096505750162,-0.4392251469912714,0.6418825647092234,1.1148949764540836,-1.4235199661481905,0.010976112923866493,-0.029734112770897284,-1.3394387845077025,1.1993525397932547,-0.21990060062951688,0.2136204963280024,-0.6726192347268631,2.266286855844158,-0.0874578016820842,-0.39915996258771136,-1.4802115649079233,-0.49781786479516527,0.06900089406687752,1.2726849188643383,0.9089849615122131,-0.2742922608426175,-0.9329395127731502,-1.2668761214977944,-1.932503964893677,0.6537186646797344,1.1527051412475857,-0.7863379525363445,-0.5145425643687938,-1.1435363484640282,-1.5739819310487686,-0.22652196517866502,-2.209282452577546,0.42688818564421716,0.26077432751180035,0.7464140320025282,1.018362586260859,-0.8432300824844562,-1.2146663337538735,0.5482267489817652,1.0873996334922003,-1.260375037992726,1.4445459191646175,-2.306783538286336,0.045760222713344186,1.0579069802527248,-1.0475036472929853,0.8085090636605747,-2.4424129134898585,1.0472168403093038,-0.8669976760035333,-0.01835000360288469,1.0115990360042164,1.2261416262363696,0.26617553992590054,0.43489173965383127,-0.9027506819131176,-0.3921401811150122,-0.7279164201539544,-0.49358642751247805,-1.9117608673577446,-1.306402871045459,0.4450484761439848,0.7471852807756236,0.5461924288525728,-0.1894856172908415,0.5953540931784975,-0.8029880183408111,0.49110784277693814,-0.774339413183699,0.0463845817920729,-0.6776607784189368,0.15956495449631644,-0.8994085320016361,-1.2748886201106893,-0.3593685599598405,-0.36683960162624596,0.7033928441647651,0.46282315907781246,0.6935192003437545,0.579607036145697,-1.0968585382967657,-2.0687518157048985,0.13407582901294013,0.13151253870827645,-2.1137789843720887,2.0437336814300804,-1.0564347982300193,1.9047784747085126,-0.14935311909718404,1.1684340025728563,0.29104428892287865,-1.3835170364909275,-2.7623327206060244,0.003500400018962957,-1.2213746621987636,0.03496272834818803,0.6695627216285422,0.7550995605743809,-0.041870306800740734,-1.7424768434942615,1.2061549510905136,-0.29401242231926294,-1.5877447481672597,-1.1583356758670291,-0.2165287992621082,1.8268869821492668,-0.6156302195961934,0.2777520263148327,-0.15897562438463636,-0.6436040921328983,1.6589723933463751,-2.330972980257471,2.129771094503044,0.6503981102645627,0.9143669348926045,-1.3633847763820706,0.3561426345190411,0.03820007816472991,2.02756975576261,-0.5028725111252327,-0.08093224155337583,-0.7174904764962386,-0.4793670256489713,-0.3218617690341248,-0.11604731703230925,-0.17563502758766852,0.3863659429647841,0.3307161442007685,0.6721302198982633,-0.6381677247115325,-0.20645164369328706,-0.2888790664701656,-2.1969798172915764,-1.827867107064392,0.3968208195838311,-1.0122302250519648,2.3471286209850253,-1.0614240211798132,0.964089020764308,0.44693839880992514,1.293701479487023,-0.5102473949208335,0.8570003508395081,-0.3452350334605955,0.2015246405259637,-1.2513401394333803,1.038026976350278,1.5261201474020518,-0.8582750024001256,-0.21751622611052254,0.8485073201166424,-0.6393508834804789,-0.21164256269541923,0.560994254868109,-0.1742562100109416,-0.8248773584749257,1.5485948768148605,1.8141150946907891,-1.8214632816128329,-0.7155435412111188,2.558964852443129,0.02498870710324813,-0.38547581724195124,-0.18986850467700336,1.2833444985716373,0.008251112795062944,0.8540288866858439,-0.5415542416478557,0.22216299494701786,0.39410709310201125,0.7005464296592898,-0.11407927456126526,-0.9003485734895287,-1.6774457491413732,1.5679890968285362,0.352567020313009,-0.0671518614193524,-1.525566635446935,-0.2751161026931935,-0.019703765703716618,-2.246459593452834,1.3900129096728708,-0.09305620267048825,0.1491342687659918,-0.2599163727362281,0.5499714049176051,1.0517158031759086,0.2344194539620878,0.9988744212269947,-0.9516980728190055,-0.5716454432367234,1.6778452360009837,0.5815878706873261,-1.0720517131748366,0.2795641940626855,0.24135950526104213,-2.8259230677157747,-0.22742766295323197,0.9373739301437737,-2.2782176786221053,-0.039303839913372246,-0.7719496588105206,0.882733939885499,-0.4096126169771275,0.8595025101291702,1.3237207516860208,-0.3278283485043346,-1.4314881957262235,0.20612413189650886,-0.042577987707053816,-0.26804368592988403,-1.5387534647468302,-2.1344948204790635,1.3271061727419158,0.12341325918660423,0.5311052016899579,-0.683191293711004,-0.050426206587176725,-0.08980528684490863,-1.0161029730472146,0.8827069279263489,0.3645521334747454,1.1142304505839082,1.4836182676815364,-0.22690364595345916,1.464585447788071,0.28010921529994015,-1.1013308006967577,0.910345336105325,2.1691660916677895,0.021768021329499055,0.13485249948612513,0.9672320624789085,-0.8503344893257041,-0.2497677611712657,-0.5629533047792065,-1.1702101998199042,-0.24403981674339187,-0.562704393128084,2.990146570959553,0.6605150794796946,-2.796409844735845,1.7717721384019218,-0.1500535713651095,2.4166953547437044,-2.497810169413871,0.7786776860519345,0.43312031628043285,-2.2758885238562434,0.9743151106660446,-1.0796590368846772,0.6328270642117099,1.3000933319957024,-0.5413566035881247,1.310204407121546,-0.38082198295632436,0.6509055376791328,1.1457866748463001,-0.48549431813477967,0.5440883682668934,-0.5115884200422475,-2.1244097059273983,0.4934152822566739,2.229063726911644,-0.26832737037712706,1.991791538791516,1.5806871094952626,-0.7431619917493958,-0.6440173080713478,0.3078751826216555,-1.1862845996604787,2.513172678362309,2.1650886734991706,-0.7389293831509675,-0.1903070596077451,2.0426748848670067,-0.17698781463402027,2.1507243109202583,1.0095308266736918,2.701708736409008,0.9006336887129931,0.768547791499187,0.6619383754797569,-1.3554752076992054,1.184344242523649,1.2625180946949621,-1.8804441389745936,-0.16625547624151388,0.7039723692146511,-1.2491397187618274,-2.5516545341880597,1.679906918710849,1.7108336973329752,-1.8084421235711374,2.0788795561462314,-1.773941042749689,-2.2706572059457217,-0.46173564499546693,0.6095277777458123,0.30522767331957007,1.4007779894360106,0.9529706793283818,0.1125092574410601,0.15381717369840733,0.3254262051142489,0.033556276392849804,0.7477875427655916,1.4578826106086085,-0.4379779370828471,-1.9058249313681335,-1.6362718588802356,2.7003667477389492,-1.1559453089243605,-0.8580894872404946,-2.8010211535746095,1.037668038884142,-0.9152857309132966,-0.5055568087983666,-0.4065051891608309,0.7107811662387276,2.364681438241688,-0.722688742564459,0.0937927144032403,-0.07438027793550644,-1.5249704728570599,-0.5144004343335461,-0.3759398499308005,0.1624663988859074,1.3298067263837103,3.409325803698028,1.2230644338533143,-1.7669535148860769,1.199019362111918,-0.38628404514467835,-0.12875292723434387,-1.6889136926902517,0.7819666206367475,-0.2430984626826142,1.540410097957394,-0.8033203006728037,0.12264889829089534,-0.6612861694894632,-0.6572543694742461,-0.49445745808318375,1.6763627720198866,-0.798797624822243,0.4415406172061717,-0.296055496043379,-1.8144550481450572,-0.88942413798094,-0.17110059410952205,-0.8283314278572018,-0.17937395234364928,1.4594347311406406,0.719604100004696,0.44865796759055454,0.6732392409031902,1.2767719871448329,-1.6255141825537023,0.49826804429769794,0.13132416979062644,0.056950398601165325,-0.975875945386511,-0.44256582135673356,-0.831980389799144,-0.1354648852948016,1.0231125047576812,-1.441922281897434,0.12814113896310272,1.5155309499078373,-0.7595320281862903,0.2193215736840551,-1.5322129269420661,0.6965373601372191,-1.3182734542376284,-0.8358152765198565,0.5833667422793223,0.6370674945322546,0.3180596879430703,-1.3444509826378732,0.13305992754703783,-0.9704442762045448,-1.0968010736918063,-0.009649217054964992,0.04306720758554447,-1.086136220078875,-3.0172025435736303,0.48513689599059345,-1.1125829323690877,-0.5234975759481111,-1.6619232008070968,-0.3065376374819071,-0.5538327673305362,-0.4081849650353224,-1.6453616444967245,1.803048142254514,0.7891826667031394,-2.3657328336336017,0.40579946626359964,0.23070920646875603,0.44216421030268604,0.7935130600438205,-1.9160427540544769,0.17219892405341775,1.8508719140236691,0.05098177240482926,0.7180832546184699,-2.758207932183223,1.050298271028329,2.0703952281288065,-0.1153261207206764,-0.6055165648142024,0.6265857664793417,0.6413036743581026,-0.42884517392434873,-1.0298497913372016,-0.4589778527720447,-1.0749969136404052,-2.196732713413441,-0.6190310512723518,0.0974236100579493,-1.4531246200255459,0.6623574054617166,0.7264455549902727,0.4099388831121897,-1.9487860071435386,0.8138291358985473,-0.5953565358372465,-0.971035034511717,-0.9511799773016792,-0.9695158461968728,0.8971241160382216,0.9348024007869531,0.4245252862249498,-0.014062127252958842,0.476185018034131,-1.61735225252456,0.2682402947416882,0.742097454516413,1.508405417723789,-1.6871429132774964,-0.6400394375067896,0.6587065746624955,0.8852078885488145,3.152809801867303,0.07305479891423344,0.9564231428851648,1.7585708959322992,-0.016211711155590447,-0.8351235750996597,0.4009010293244133,2.26881715694264,-1.282853708693474,2.095251484345063,0.025193259306071518,-1.5209108869873977,-0.7807461736498874,-2.157937649118226,1.8163997877840814,0.7897656406812591,-0.8369102409039897,0.7761642989074499,1.0885197538048823,-0.8493935156855693,-1.9766742857210748,-1.3522828453318076,0.550264972097567,0.9015844700890498,1.5971301551390087,1.1287727229193694,-1.1746494089420187,1.191723653193921,0.9628973443115186,1.6399014681925501,0.2694009259777128,0.27493729899870734,-0.6661100021876639,0.21400343118494428,-0.1529679667875801,-0.4508484882027056,1.3435456692991528,-1.04210098939122,0.20580055634869726,0.371987029618304,0.035506398855677704,1.446048884761856,-1.7071801454920503,1.8067113767651632,1.1411192459818114,-1.5432577710706805,0.21138269927785064,0.1830931198670919,1.0682025088734222,1.633879342653346,-0.19936693337016465,0.5284434708677518,-0.8137289830851399,-1.0687290644875005,-0.40687576671901915,-0.828237564566388,0.7963724677125666,0.36801240712459404,0.11579148664054027,0.6461938911452035,-1.3120282488205532,-0.9024565159919761,-0.6568546610685677,-0.24542112197528979,0.20357560719855822,-0.28533599613382565,0.12922120551919175,-1.5544018083750732,0.8484633407825064,0.14157134768543855,0.11796244789138939,-0.6011118373019412,0.15283140958758007,2.834077315427633,0.3920454707801958,0.8730163664136407,0.44279880851591136,0.14423807675642464,-0.8722344873535133,0.219295827489928,0.3808238150234745,-0.8143683616808393,-2.2143554068453604,-0.7090899458255409,0.37665300698229276,-0.08495384906586399,-0.7409982485490689,1.60646053428935,-0.33041217698595765,-0.9311387203664913,0.13416471194145543,-0.7096471550938941,0.3033024332208006,-1.0606170707443863,-0.21462774802715012,1.011453585246568,-0.130556027949569,1.8892062980864515,1.1844975950773502,-0.0317641496680901,0.6464040334529841,1.153387350213891,-2.5930687276289404,0.7853964161797056,-1.4428092754597726,-1.6539781773039988,-0.7378315104726821,-1.8258421556829973,0.3944292562380599,0.7441774648427468,1.3803838100612784,-0.6790407743442728,0.8952641500158695,0.9954403139917527,-1.5334065641284775,-2.946876910756939,-0.1441728266437095,-0.39887471566445776,0.020543495265156673,-1.0226948035581302,1.0212016172190088,0.0524965922522784,2.325096504293281,-1.1454169489121788,-2.904450480262926,0.3642163488131454,1.0911214779195464,-0.13084338462306194,-0.4884520327929003,0.6025446750661658,-0.4047785624226088,0.5925797975283215,0.2306913382512285,-0.34397339608782607,-0.8995077190515635,-1.1580664555473368,-0.5097269530490923,-1.105844393119957,0.03120169094834977,-0.08584348901844047,-1.3459138903059047,0.8355692635509745,0.5581065203833591,0.2085328589384327,0.9639793721212419,0.0788128466313376,0.6217269389446436,0.14028089212604533,0.8712376155583116,0.686764236267221,0.7050062231466249,-0.18954093796201044,-0.7775516066634448,0.6254505146641391,-0.11815364736163109,-0.7777293914437778,2.6707892675050147,0.16974534551013012,-0.015529687122162239,-0.737349289408154,-0.3856564569187985,-0.4059420941530021,0.9729309534846954,-0.8584957757497246,-0.942541406535625,-2.7437263980017996,-0.004912164063962006,0.7512165680192645,0.15055884890898258,-0.7111420284684509,-0.8289114038143851,0.6745674892225956,2.676068205399574,0.4631408193048836,-0.4797204084686595,1.9058798836152382,1.0492316656596263,0.4135976614554576,-0.3360748298098753,0.1383670646962024,1.0525414204629095,-1.7256390855694677,-1.1744131113661807,-0.727541483015664,-0.5378234282638291,-1.5059631699627967,-2.808444231173051,-0.13805928168751536,0.5887272884408352,1.06404951940991,-0.40455416691095036,-0.19558414220820147,1.3265287406090984,0.45439039208072574,-1.7590614674944534,-1.4743086731638044,0.8658462718113085,1.281189260437447,-1.0086846122326467,1.1656782867238877,-0.38354754407477004,0.0552421211172659,-1.4608859905545915,-0.2654813771966758,0.494999818262062,-3.0186426685709997,0.3602935436222571,-0.437191367415782,0.003689721660834991,1.5872846962481424,-1.7751160143550042,-0.6376924186303918,-0.8272629270422531,0.26031570580465485,0.026915491896135013,-0.8459877093998086,1.0034467435086272,-1.7221561904245517,-0.8663620466865015,0.8401583555778355,0.5423902554873656,1.202152872873193,0.8532250610282275,-1.4419991854001526,0.46891499722976104,-0.402878356540322,-1.9409617675060107,-0.342891693192367,-2.255398279030669,-0.4302793894414503,-1.6191260564758918,0.6629469585552625,-1.7310357565389578,2.0479324150076215,-0.47333676860788265,-0.6088477854986798,-0.29938024681897607,-0.8479416904720536,-1.0580832618673073,0.7141795862515729,-1.1015299500892777,0.8029951312029066,-1.3240541563224952,-3.3788375865828515,0.5102620373772382,-0.3994332247697736,1.0220109766815009,-1.1426668454142792,-0.6042149377118694,1.2790420516556973,0.6112233537908134;-0.36439777070222995,2.774091967290702,0.47941651641603295,-0.17679960150380397,0.6282898761995526,-2.075816068410561,-1.051314942983982,-0.17264236739525968,-3.813298315966402,-1.5475876077216975,1.8171428784123071,-0.6653208228859607,1.630734438666099,2.173030120513932,-1.6268721525078165,0.3775880025376614;0.3915316049187664,1.9599530001571004,0.2361854808654872,-0.4500522052435887,-1.655184859113493,0.5801858387151777,0.1502269329288695,1.125297093728906,-1.2906677442826748,0.7316685370491309,-0.6453061506120819,-1.97066868576427,-0.7066789281013865,0.4429630545475245,-0.37069151293146185,1.1919051461172034,-0.5405221757839949,0.9258954605336412,-1.0762034985370996,0.8072065216941404,-0.20453162973365918,0.9010825416586006,-1.657688225001287,-0.49034081757673464,2.058805075682221,-0.5661653017815925,1.2614923188272669,-0.1419310505882658,-2.0027274808843827,1.9986456626799416,-0.9663238083133001,-1.5845869125574763,-0.1585925199048909,0.887979707249533,1.5401327559105922,0.9768787656200322,0.8769306759875539,1.552022123078814,-1.5471272446582602,0.35884656133284376,0.927038039480311,0.25145236209373456,-0.3439967164043727,1.366421248013351,-0.10447688791357396,2.428436313633121,1.0331723324865931,0.7982961436734195,-0.233788113330963,-0.614203792497503,-0.8692900052310161,-0.28324437201827607,0.6715994663465849,-1.2684874462710203,0.028769180787702547,1.420880150633136,-0.5371385468979756,0.2085906115168934,1.1398743985827056,-0.9864791678381749,-0.33132289334613585,1.3440540551487976,0.487073804945745,-1.012805522551213,1.4097443504623441,1.2031728959328034,0.7673843954690949,-1.9155612748318487,0.4030861289093441,-0.5539123621077894,0.1982529013527624,1.79897335345899,0.18477834500347043,0.7218357489378076,-2.0070809143629145,-0.48835594952022776,0.31481660891489416,0.4004804632767667,0.1748850748019454,0.3791226816779133,2.2245278085518074,-1.175299205740014,-1.6697126473237096,-0.568450593014521,-0.8097803420792362,0.4180865860943018,-0.06852957468427257,-0.20980142147744418,-0.3283576531976922,0.7787717206852915,-0.5183670744351239,1.8094633196438974,-0.6068287929097191,-0.2875743383813164,-0.45111620425772897,-0.41749411432453315,-0.034869880598427064,1.2648231399358356,-0.5300180781406999,-0.8404270421309793,0.8698349368416973,-0.30705137950985856,-0.8945588935481665,-2.2366319148988567,0.34003762922672154,-0.15137361583163333,-2.3443493504798196,0.4764488322733935,0.6634207583920605,0.953862899381841,2.0437862458724863,-1.4011867412231738,-0.7436189000888482,-0.23446502663167623,-1.179631673196543,0.06988013800841625,-1.6837600763216787,1.9802048150276268,0.36270575867239374,-1.4327661419098612,0.16015614397662709,-0.9841957909514608,2.1436726863719864,-0.9369612098340442,-1.3068334333902232,-1.0943627638193651,0.3763513665028939,-0.08832998571020866,-0.29461822246412755,-1.800324539472387,0.6468808036953791,-1.4189628791591593,-0.8071796855017079,-0.451063628743626,-0.6605006568423945,-0.5113599720601097,0.2839839744326915,1.6640191854836575,0.9492422158920908,0.21437030335986218,-0.06335489188877172,1.1710610870455187,2.774234383020696,2.0825975036005344,1.3700541889389415,-0.7048733851323631,0.6049169926357642,0.6925322207548041,-0.2445675964868414,-0.4052702748820907,1.0003484341527196,0.08205325287054724,-0.34479069940490226,-0.23458496112467553,-0.2213432370650758,0.9936352443711701,0.44863209081469546,-0.9617989057748337,-1.598047765394652,-1.0382370437233455;0.46151635815899117,1.6916815353404813,-0.21768694649570136,0.3630003313302109,-0.021402329933487507,0.6820656687341193,-1.6391833882921263,1.5082155782726547,0.9333197470272864,1.9013603559372887"
21,0.4106815407020689,"-1.5965765291292215,0.20880138091452285,-0.6357293053906734,0.9010518605924878,1.2213164996973551,0.2523325996767519,-0.27405284213976844,2.809775239852323,0.039807568165920876,0.007414519432370537,-1.1289925635375493,0.7281410320066712,-1.2335926419997096,-0.5073904947428034,-0.11250632422463532,-0.807322607423825,-0.9360248892272895,0.8230508462204041,-1.7311951581270146,-1.1609376994971061,-0.08489001814637817,0.06670200787581035,-0.4198481992549376,-1.133201542967288,-2.4016420366516873,-0.12968172137083442,-0.22819913193519553,0.9392410615437009,-1.4973861646978543,1.3703258690102977,-1.3095929305549068,-0.5819720209234851,-1.9964382582522353,-0.40429941232053707,1.2246075706794837,-0.16936805924869225,-0.5663150116410314,-0.1598664214504471,1.7557901191724572,0.04935384225694774,-0.42690595741100923,0.5563174373228509,-0.9537551601848102,2.0053017016709433,1.5746491076743143,-0.5202996862000312,0.1566427168498804,-0.12633558702442027,0.2952876391911348,0.04350325438882097,-1.4497266568499234,1.1205245774060992,-0.5909938053790174,-0.37065474358668504,0.7983170844191249,-1.1232689021826994,0.40515054041718696,1.7930787514303617,-1.4217034283538905,0.4937158988987834,-0.550076456156348,-0.689379294521831,0.24757921049941017,1.8787206160324639,0.9325228190593715,-1.3553587309234203,0.1118895354963319,-0.26108902220725955,1.119088353880458,-0.797211309625315,0.6901705932626272,0.9254354074089116,2.0775489704030248,-0.2504188398250211,0.49534397049692946,-0.9283813767792227,0.2331942456527741,1.0932632709695604,0.5226277609108305,-0.7246680432133119,0.06640502988202435,-1.325813294026099,0.11258064740334708,-0.5404819111500156,-0.45495780477073205,0.48877746015863305,0.7391589138851976,-0.8107011340470068,0.6744201422342003,0.6028474120372818,1.7429621926812824,0.6478418109114329,0.922859336393995,-0.20749958101373078,-0.26079795138698275,-0.3613075204101487,-0.20698554062759728,0.45206451404155745,-0.6805686468759871,1.2768155915792907,0.9802256515859611,-0.40673110051842454,1.2937839767171686,-0.6760867406371835,-0.06395214985119924,-0.11356963798686515,0.5323281333651319,-0.9093426260116841,1.184075177318135,1.2087835324970948,1.5794181389668236,1.6552840090564984,-0.4764857853165459,-1.6484574719935055,-0.18257011826894937,0.6689964509969027,-0.2864633263657834,-0.46238275405768736,0.6701326356839107,-0.3108588063045296,-0.38707562819211117,-0.023968857338967628,0.28322310779109117,1.6265492293877408,0.8632845865723808,1.1950821867349615,0.2951025534224586,-1.257970950112377,1.9148868619724404,0.013143706252397677,-1.696418745080089,-0.4570732026133831,1.3564245810026923,-0.5916073615609517,0.400713190315032,0.3004519763422733,0.672539086520988,-0.10560711547924068,2.0767139371510956,0.11331379753905164,-1.051494355082308,-0.12063274735675125,0.03265024146305626,0.15858582855169798,-0.5220196226448263,1.8886829861840597,-1.306532742254134,-1.5184173333055981,-0.729836640522436,1.5834763695550698,-0.9001317309811945,0.1771200350393648,0.38168742830196745,0.177007206327924,-0.22478112370326161,-1.0283064937416861,0.48887990630535827,-0.7388813636238756,0.6945869171370562,-0.22446892463585805,-0.5642712787326544,-0.5121531750269757,-1.0199923316862254,1.8479291387878236,0.3589182510176119,-0.9727692356890058,-0.8466818695189536,2.1614977509716486,2.1006631125471786,-0.3597722438187663,2.0883498616393363,1.7977943645479457,-1.7920264958716245,0.20627067245444997,0.8638807922346725,1.3501953928322972,0.06636886483307305,0.15329490242263105,1.1870933287124503,0.9665670125177949,-3.0133058583896988,-0.2266466529329821,0.38959675451149356,-0.2673191688815721,0.740594023961263,1.2136689433323018,0.15788613936663945,0.9252529613931745,0.08498296910126107,0.3634454443759141,0.9756808350548635,0.9896459363670559,0.44095365807635106,0.003310171394260847,-0.14472422566454138,0.5750399843807336,1.7608946913970442,0.270727503077525,-0.22221478291275637,1.550101601921112,-0.880705424336215,-0.36016930307859146,0.22049005053926174,-0.28792290982345403,0.31149454302904234,-1.4704843402773389,-0.7826304809914497,-1.3356928909392773,1.0956780356498168,1.5668476847254251,0.16051805253601964,0.2457739551549895,-0.3141567618143046,-1.4983002128277718,-0.9991587434334332,0.2827425309183407,-1.0615012634117806,-0.051662901139257124,-0.4438068461565999,0.6124166941291965,-1.197559890786584,1.6534417269831998,-0.04791378990664176,-0.11363628610081711,-0.24235853705382,0.5155316703522852,-2.157548005072536,1.4719492626160977,1.4047051068233056,-0.9596868648087112,-0.9232664920437824,0.08384549292045045,-1.0184027152252273,-0.9724785913100735,-0.12889734512517576,0.8122116214996624,-0.6463374448171934,1.1855413871589766,-0.6252045394410488,0.4072231107655824,-1.466285751484895,-0.8740155007476672,1.3120576915627968,-1.1824959389657397,-0.692068446420641,0.706985973169487,0.40144058298588225,0.9369698210668188,-0.5530364443071395,0.09751296193994374,1.0740534765354615,0.03339959895086199,2.6501323262431096,0.0979432716114044,0.3263069166867408,-1.3421798865532983,1.059790576273551,0.6650283315577352,-0.9083741715948515,1.208030634572686,-0.4175989224243867,1.9665845269004982,-0.15014517263946067,-0.5361895239689861,0.14337145718047561,0.1648492243413861,0.13663179172469517,-0.7339584421545154,-1.8867882849251014,-0.24841337088284499,0.171523565762044,0.6130969612208244,-1.0601123048851466,1.588743880705359,-0.9258323515131535,0.26339381099137865,-1.3899369805575432,0.30565813217047877,-0.23852939987854416,-1.3428055028264625,0.9923072151770352,-0.22886277034782568,1.7193650783243328,-0.6256427398777425,0.718481835187786,1.0142870127785677,-0.12762263902320214,-0.5499980954668424,1.5540300658675306,3.0420309481272856,-0.21971178430954327,0.015855032691782178,1.134946013900475,-0.8863284098433039,-0.28100418671948946,1.7593378514977738,0.5548289887306577,-0.4085820460041074,-1.8744282649166575,-0.06923751022805252,0.9741682565185441,-0.6854680231819824,-1.9387043655848388,1.0575668085237957,0.41651881120122236,0.8710062161727111,-0.060347860216445656,-1.1210775680548153,-1.6149239627816963,0.8212697234984769,0.8259882294458647,-0.35390624100032697,0.4739816751033511,-0.3074681297004392,-1.2745485894259878,0.5986323357870356,-0.3485412107389998,-0.8006539176554618,0.4633248936423605,1.7864755437900226,-0.5125618528423279,1.3637548057912257,1.2369291082596303,-0.13553724133993153,0.6383530076637364,1.0041594855868567,0.07066336596353463,-1.476693904200881,0.6178558766242523,-1.449417952505185,0.3656917155195091,0.033221159834478486,1.1083492273680609,-0.3525002401869489,-0.8515607036285507,-0.4667843070317376,2.272001937236155,-0.01948342316035437,0.03634841552481262,1.8435273911779386,0.12882145897230068,-0.7033220934891734,-0.48026221906820177,2.0923919965188826,-2.4834805807552613,0.2656310417368037,-0.4525060120394807,0.6291573362123273,-0.1523587385075325,-0.20250800568788754,1.3968982545431454,-1.1300774229814752,-0.016228338224312255,0.7934820231532101,-0.32096236582636256,0.062419750823671245,-0.7731073911541326,0.6714655346779999,1.2761918317957446,2.2316618393858128,-1.8182742669650873,0.172288961598572,1.0528521360437653,-0.11513942393603412,-2.0661607741679253,-0.005899220656797044,1.0820690564303939,0.5831305680399931,-0.7153054064774342,0.11932363013887502,0.1250943213301433,-0.15299714207028636,1.4520875374248354,0.15113175092863035,-0.8776271620085184,-1.3139092853159688,-0.47264453253534033,-1.8269972147020972,0.6503003626821138,-0.8587340585308875,0.6892983302843709,1.4561275316612132,-0.43154937406283683,-1.4728883294588229,-0.6085366776350805,0.6330036724865049,0.38482613093970774,1.2585060079209915,0.005056808875188647,0.7807141505916722,0.9300092085843481,-0.5456268390530995,0.2967336298814888,-1.0616181553981643,-0.8603043199135364,-0.991343230830073,-0.8274943359183079,0.42067289515647416,0.6794670944780856,-0.979300717875506,0.4099569667957426,2.3775692303499563,-1.2379170300184688,0.45146188966803996,0.4080458896273008,-0.031290940450773255,0.28327364385273907,0.1753843236749427,-0.2915979515625655,-1.7505823516421293,1.8262752627754777,-2.0364433495327834,3.1344739080594524,0.15936571322114113,1.2451737257895936,-0.04164750580991197,-1.4405971142360534,-0.3997440720034198,-1.0098569908040127,-0.43553482020181317,2.224261583871482,-1.328450132940147,0.380819426114751,-1.7710196243794183,-0.9507664601466059,0.31807993239413257,-2.7877329627582808,-0.3731745192993907,-0.3213783065692722,-0.6200551560021087,0.9635725924118062,-1.1081493599526047,1.9824028263881948,0.34360173962902546,-0.08441098032083191,-2.832306321816309,1.339820820412502,0.4201373504685015,2.1520468210123647,-0.34841487828831014,-0.6377589500493983,-2.2058650107245006,-0.8978965569931087,-0.13617062023344767,0.011539909207884724,0.2627699047337033,-0.11667730793726873,0.39052578409107425,-1.6826750248869942,0.8040794429912363,0.8728457805086898,-1.3514556826464386,-0.17259195837939137,-2.0755125776004357,0.9140254599081643,-0.7888886754057549,-0.7517713502027228,-0.3590894868523546,-0.11417064218662046,0.3767190012068933,0.9429072488741256,-1.6488374380854378,0.5983593910111941,0.5145684814394422,-1.2937037187930895,1.178740549188152,-0.6598486173329811,0.37280642445769385,-0.9183474864865194,2.1421689717836334,-0.4365389938430447,-0.23317493727169844,-1.3860386124028998,-0.5987451623831397,-0.11980769454992955,1.6531249264503085,0.8765638449769212,-0.23313866080728202,-0.4845411703904433,-1.8226448085504339,-2.217351394045399,-0.18937140813297396,1.2925384498030645,-0.5652816705664025,-0.0677125602173519,-1.8964317000262119,-1.0854618960824884,0.0526218981901717,-2.0061060572917335,0.566383893829639,0.14446617713504065,0.504313283984879,0.8262378712868409,-0.6297665241521084,-1.3617844918173798,0.5176727433194804,1.0455608772711282,-1.5273080880127219,1.3877248450466007,-2.2442787182354507,-0.17516599095089413,1.1639539491686262,-1.1458229799661206,0.22493540452918923,-2.3825221143069037,1.1803385800849922,-1.1872840070549986,-0.1660263251977171,0.8967688214096518,1.1060991857904443,0.3604595270789251,0.5409901903315473,-0.6788721319437931,-0.6740121309710168,-1.1352825215218665,-0.12945012227810837,-2.175820263511147,-0.8022958165697718,0.3700961564624995,0.8245360449418464,0.38639185218910244,-0.19509941686550536,0.783046157549691,-0.5337969991972611,0.379242263786794,-0.8384714588464433,0.22587411336229077,-1.4293501307769758,-0.20923059939196859,-0.730374396154214,-1.0939543813822756,-0.5038108240980568,0.017678881968571647,0.5649639709497069,0.510837387167915,0.29610142196829914,0.6994796858197108,-1.0072592766072137,-2.489023413933063,0.1377124649615027,0.2141301020392837,-2.3301585579779753,1.707940999380642,-1.203536566222166,2.177075388915217,-0.30450006355702336,0.8733085811297383,0.3584781630184624,-1.4351301132658645,-2.6007018908491704,-0.009837060733297764,-0.9172007989164921,0.2696396582714225,0.8981432697507514,0.8808686142335074,-0.03216138134864882,-1.4196336170731947,1.2395963814137752,-0.07184666415728695,-1.3187154963597307,-1.1166769166827475,-0.4010267119731128,1.7681171200490033,-0.17128536912737902,0.3263497176947016,-2.9493446095034404e-05,-0.5931116892935446,1.40727274308846,-2.3602947156587653,2.442648723612925,0.219512095963434,1.5348739351689675,-1.568781577776495,0.09468145402702652,-0.01864397335217487,1.78293329789643,-0.20701386111078585,-0.25986359454229085,-0.908925973640659,-0.5077697935822005,-0.03134423534226008,-0.04683226341888866,-0.09844330634344958,0.013489716714703365,0.3160740545894587,1.2790332339376926,-0.7177917827770519,-0.09808662539157398,-0.05514314297919981,-1.9014871875500945,-1.7235161730735293,0.5837997628454475,-0.9891687955949531,2.5110734802474064,-0.74875414698932,0.9470967658918952,0.44083692805090996,1.7325341538432404,-0.5691786952884729,1.124880770158711,-0.20986824827004547,0.14907998634532668,-0.2720953392490567,1.1227487535761824,0.9986791152337096,-1.469266764548021,-0.17604447923342897,1.1007470571013327,-0.5303776197279987,-0.14834424111552155,0.9362993558236011,0.024706607663287666,-0.5898463226811177,1.3454588411423172,1.8489539869299128,-1.911194554752282,-0.7082784488184277,2.798116750482453,0.2958190615597658,-0.25183826525483116,-0.025404569051599157,1.0351345399998912,0.08529806403110843,1.2096511779808563,-0.9476778717502597,0.41240538335825966,0.1169274105808114,0.665527917560013,-0.18741271312312435,-0.7572885727464508,-1.7520409172650038,1.3624004762233581,0.4406835642986528,0.25443342658517876,-1.341511706979933,-0.3709242729461132,-0.1999753824251149,-2.2529150460013065,1.3297195295793967,-0.029520034787416966,0.08892217825290197,-0.04614193556812203,0.6756847391710878,0.8735742593265946,0.0638156618876436,1.204980035023488,-1.032490752323632,-0.6683049628032954,1.8634168505435489,0.5002992735183328,-0.830182380717672,0.5348809327341314,0.09572263524147795,-2.836210431165482,0.343372620625394,1.1588974505110385,-1.6701850398564926,0.5504346767741264,-1.0053279808152404,0.3522896363020476,-0.7586627458298459,1.0319056368132284,0.8454133719834024,-0.40218401430942136,-1.9187372780277063,0.007801143703286453,0.31298244910581274,-0.48881067694328306,-1.7993998382841205,-1.8545330108863876,1.4980541414968078,0.37154344092789093,0.8296217157438837,-0.651579824622444,0.3437637516658195,0.025588519233227552,-1.4226537974384508,0.8463613384080901,0.019387511573578917,1.2056537757572572,1.0637726079695373,0.19381253597420098,1.6194923189880253,0.5893646601068397,-1.7061204189507575,1.0351382608702842,2.79323794948547,-0.17041121181099647,-0.4113760521311795,0.833502852823907,-1.059450946979099,-0.20851750692872972,-0.6269709444323288,-1.6619840313138,-0.05888418694018477,-0.7016153331813924,2.8914371365940457,0.9867387287774925,-2.3600520213882747,2.0562591963094374,-0.6873899750622045,2.2786030650205165,-2.6104305488481203,0.2779375937281784,0.5329090716838094,-2.3565097825220325,1.195172702165917,-1.1405657721050513,0.08727182335297612,1.2690821802613148,-0.7327582861443261,1.8326958266167341,-0.9530659228992417,0.9584288484674267,0.9075641346573771,-0.48115353111386094,0.336934879898555,-0.6945675985250161,-1.7582718250803893,0.43388880177977573,2.177303816882656,-0.21659279690644134,1.7963421867952196,1.7130568180042205,-0.8880489664121953,-0.6909013674638856,0.00890532461347704,-1.289460943338833,2.2301973335005982,2.540965899415566,-0.6682966630631052,-0.506898928092554,1.8852489513245836,0.25831110405236457,1.8640666629990703,0.5576977857227983,2.4219726902438374,0.5134627345612117,0.7161316344048836,0.616622765601465,-1.2033355986368957,1.0350357398460535,1.149410270777706,-1.7683700572324512,-0.03845498431201867,0.40841389412933876,-1.3684947671197236,-2.662804975703454,1.60848073746496,1.0977615999138932,-1.498917795277788,1.7670379518748147,-1.4519239248451283,-1.754106667329377,-0.6062392930305607,1.0329365838577207,0.21670272577225827,1.3914472609436381,1.1679644450198559,0.11915939113813685,0.4156979594966471,-0.005262559792873288,0.04812485890884012,0.6881984701383972,1.059954266378745,-0.46478585630195723,-1.8295527919692893,-1.4866016838320657,2.8031240947843283,-1.222661488264408,-0.4590899689314177,-2.3707228653586183,1.0214868248724822,-0.645559079610869,-0.9230657176428118,-0.4696602092641218,0.6841410587724285,2.2207935470690456,-1.3401657426517224,-0.10301632770659395,-0.2332617298598304,-1.5640366195468922,-0.320617200164912,-0.4692029352716255,0.37593428782958505,1.0250531021340379,3.4896884301407,1.23442014232147,-1.6642526722942919,1.52714072442258,-0.33655651984846674,0.05858158152923963,-1.7139931322415132,0.9116437978845854,0.06591166688139617,1.7353703520659263,-0.4034416523314119,0.007027706921560767,-0.6904109029440003,-0.3140909699212613,-0.14576331578685822,1.9065382128737096,-0.9721391826217374,0.6854881291275128,-0.349950532102497,-1.5062750861002092,-0.8845994650068204,-0.2749713020305872,-0.6182208294573188,-0.12582962429097788,1.4425941464307763,0.832498274999386,0.399776674712358,1.0072021072744766,1.4709429751411538,-1.5817399389085693,0.9321221121084156,0.2006437679947763,-0.3436157235978492,-0.5172536120133379,-0.03733447628492814,-0.5594450267400903,0.07081278348933877,0.9478522706779114,-1.0378600665776476,0.33152744524360156,1.3312428864468906,-0.5197168066433961,-0.18845820877208158,-1.3748515902760847,0.3790039511622595,-1.1774311422763193,-1.106106885507592,0.8251163675502803,0.59613126046352,0.3896137460592931,-0.7867039203595139,0.0129345772032511,-0.9481805149663766,-0.7530467108272729,0.049164931138851675,0.05199341098621038,-1.1924908618490302,-2.764213802005338,1.163926957891089,-1.1694143090293025,-0.17047934116385638,-1.740325973328951,-0.16011940427970098,-0.3717481016496908,-0.14389244379090038,-1.77468940817272,1.5509691800467453,0.8632479936656424,-2.503803272562919,0.869123456647317,-0.11419719981773457,0.59683367873189,1.021201973975581,-2.075748227232433,0.12548002400115607,2.0293588603371764,-0.08637466160397128,0.831161524860584,-2.804541174163786,1.1594880768897102,1.824053718346965,0.08498768886298985,-0.5986812173297656,0.5309033668069988,0.5604532136400979,-0.5923858343062094,-1.165272854717845,-0.39041843146222627,-1.3742436868851253,-2.5027342752160333,-0.7020538214691943,0.4280292052893372,-1.1659411165676492,0.798463895542224,0.18835121055432733,0.3582612612221948,-1.5699371766340977,1.0844594396933291,-0.9232988139090884,-0.7838948295013998,-0.670805436940808,-0.8839399048512735,0.6372923229685453,1.2987715002648392,0.35295476447368035,0.4388120355429622,0.7141520185057717,-1.4045411196372481,0.7103137397156318,0.8393854545180806,1.5024505754511044,-2.0880074718033272,-0.661893906596919,0.5458724140348037,1.0100352288852583,2.9321815853926134,-0.23526847288459862,1.1204357350459364,1.9037636709191448,-0.07099501706512898,-0.33652071412879053,0.5583295663375857,1.81734763942127,-1.845221177344486,2.411678314390177,-0.3479834700618114,-0.9860867185626455,-1.2333880010643883,-1.9194513511960336,1.3449277498418652,1.0188437886262225,-0.5505374585458324,0.2916541191435602,0.91200962671055,-0.8652773059894653,-1.8824677423205765,-1.2338220449617419,0.421149954605486,0.8783476711959268,1.3005898766786956,0.6107240312233525,-1.5442532568664427,0.50826885284246,0.8755872172484739,1.8360678584157424,0.36406323200262514,0.1435824845114285,-0.2585801404977386,-0.022160957785802217,0.1435092569501984,-0.7536117466551664,1.5463144653643401,-0.7411013463816488,0.08292824572206746,0.559585072417778,0.03291916282839094,1.3625712009417819,-1.0660299456367452,1.793562059823974,0.8727185533812223,-1.639361633223792,-0.18391968921870144,0.34956256692483545,0.7186839319111182,1.9325068482574417,-0.15988013667848747,0.4105996819087592,-0.9692651167913044,-1.037326811099808,-0.36279357211116225,-0.9523391838684594,0.8060731507911928,0.47396191541614935,0.14735438437512632,0.5268846735772998,-1.6969734504387757,-1.1240920686815432,-0.7686211624401803,0.22793008933601167,0.46254847416032746,0.2957686918881388,0.6004963701361218,-1.6949286670473205,0.5836738226646041,0.11773958740764079,-0.304914139633231,-0.7018766136394176,0.021637688718850273,2.690421809219647,0.801248246514988,0.6801952799659334,-0.0389148270467503,0.0470861734068513,-0.7035955483726066,0.18950138534011982,-0.23015112109336927,-0.8879376499927601,-2.5540403174323485,-0.7532099247202653,0.07129713313975695,0.5148676354489709,-1.1317423087643625,1.409533419140989,-0.04423601445758857,-0.4958405210784605,0.04482246397640534,-0.5593542627423589,0.4280005101950961,-1.1816474082247408,-0.28932442687439314,1.1587999417226662,-0.4034797045267733,1.6597600530181833,0.8705895700790114,-0.3054251627938639,0.3753075951374319,0.5445038936054433,-1.9553129889212584,0.659869924818072,-1.9022383988438958,-1.7431289876228657,-1.0654843903813218,-2.0152123980252683,0.35352611655908156,0.7866413613065605,1.8432457099161326,-1.06418312301365,0.8715031302297561,0.6315032615018246,-1.3751257001553863,-3.1881451118686503,-0.0519205797006345,-0.3724448870507835,-0.3648885250316638,-0.5788241815425277,1.525249453435568,0.011696685854542949,2.2510908227833424,-1.3352935368338106,-3.204278118588427,0.34585018114423105,0.7648619255146256,0.22466464132623545,-0.4195297257772453,0.7320661933399017,-0.5083452427765321,0.14965734308942885,0.6083262481225931,-0.5284861264493564,-1.174333321400133,-0.7835364709398234,-0.38054049129543716,-1.138467145957661,-0.5205282975678264,-0.0635017993560631,-1.3105284291288608,1.275857062187424,0.5776278068564042,0.4101231599277951,1.204064953050216,-0.1136707808875266,1.0797319707332929,0.07924542530250948,0.5852181259619116,0.45567870402146193,0.5681914311689371,-0.712501006681167,-1.1568134182207788,0.3368497511140674,-0.0436045820083351,-0.5393157474885147,2.942526915742316,-0.15209684576171206,-0.28004348434869064,-0.7424674538039759,0.07462926697619111,-0.08306510789262264,1.1796504934165686,-0.6801419308616853,-1.0341560601319002,-2.944476096454459,-0.08147954875785732,1.1511242261887458,0.3472851560615409,-0.773829075122316,-0.8504082367883402,0.8008412194596023,2.801388400319739,0.1791701579040671,-0.5628679784264088,1.8860606420830932,1.1263302024369972,0.27112230809772275,-0.30818446024181995,-0.14913759430272205,1.0242868478923457,-1.9192714082423472,-0.6556843075952683,-0.5250052195985432,-0.775521618006171,-1.8077852718417324,-2.8352994424414044,-0.18970230746991254,0.46748168238108134,0.8642832111943457,-0.20263187976478422,-0.621138982732222,1.1320000817041123,0.5812738493051959,-1.3314960019326223,-1.4707789077961853,1.0639812279948284,1.9186910938145902,-0.27891831417467244,1.2171548609813103,-0.08610506685709637,0.17375496147604533,-1.1636792736861774,-0.8219876523632637,0.6492317513275384,-2.9945254224343754,0.11955877253201055,-0.2061773336237491,-0.19043600643096847,1.5056910795462097,-1.7157076443478527,-0.725622687216616,-1.0547608157201716,0.5614625374185884,-0.45055503276570724,-0.7369633058255538,0.5631785510793431,-1.0643114397394324,-0.523792015418312,1.0694484979798704,1.0130582177575966,1.5625106266054718,0.8295622309499323,-1.1809776370586074,0.2583987130741594,-0.6806148209404489,-2.149539674137673,-0.17364853194690635,-1.8982697373634791,-0.664649216792669,-1.3016089243801716,0.7263930989086288,-1.8848741436704126,1.9302618032699281,-0.6581733777466905,-0.4293577572311583,0.0702711252166249,-0.6589887106233312,-1.0144088713000627,0.8358766767651241,-0.7379801262084524,0.8577480161447648,-1.553143868801235,-3.0821241831558486,0.6402300433711211,-0.18832673753178641,0.8871197806574775,-1.152018678164786,-0.8773029372745945,1.3467783285149122,0.6873472504155522;-0.3864478048250438,2.7711637069689026,0.5661210345073877,-0.19847666888231058,0.6165440362759117,-1.4783448108223367,-0.731419352524805,-0.19839308449540463,-3.8267516279915434,-1.8161278613627214,2.095475667474223,-0.4549384792721528,1.6462462934543578,1.9463230027325933,-1.2961649231178132,0.5159552746431452;0.6432931585187753,1.9620107803624773,0.19101812721896344,-0.5903138148588281,-1.3762910911532211,0.4291601230013248,0.13077978042229166,1.2796711349178789,-1.2044959969089206,0.4903346472718458,-0.8508337715947674,-2.6068361937342517,-0.303142422744954,0.9623961186295005,-0.21716031435333363,0.7398362278834467,-0.4503454187649668,0.8640124619157877,-1.0633608312438263,0.9301262974325719,-0.29314050426266863,0.7548096595529903,-1.4908470519600456,-0.275320938114393,2.670664134762913,-0.5834062935595137,1.5631221600279692,-0.36235873840295496,-1.7299600924939287,1.7975652232923713,-0.6434917475868712,-1.6530445438406383,0.12897710231045506,0.6560029793963955,1.8513111659976489,1.2065609223348879,0.8506593607527805,1.7491249089717196,-1.716473120511724,-0.02117966515994285,1.3455575065638925,0.09664206719432322,-0.3669640550597155,1.3814337402762566,-0.1920871787639848,2.025774188847894,1.2589229175656858,0.6794937799974673,-0.2882060141830528,-0.7845185110476974,-1.1054446820329185,-0.071539533868307,0.3915442378026142,-1.1951714630837538,-0.2870102257532963,1.3741476652542888,-0.6745926660025177,0.1754250462735067,1.3414844196586424,-1.3820003235008174,0.23762387652432101,1.8505612592586296,0.4784432514509449,-1.0068026463796564,1.6921065575602239,1.1419581128630538,0.8035219963120451,-1.8537823971757115,0.43279092775907885,-0.6161698894451448,0.5276304736994033,2.3280040613598887,-0.47592272424889415,0.6842200837129929,-1.7648266449568588,-0.27491589038086406,0.11433673928670707,0.4749847347702295,0.021362367708939248,0.2535119338252268,2.270721583076871,-0.934918612165767,-1.328349574192869,-1.2893269712125215,-1.1159155162611967,0.5344471405850895,-0.34720814258208976,-0.5754179142565198,-0.0443512538007588,0.7208896907463808,-0.8204467292726147,1.5902615245766067,-0.4380878799200986,-0.6851676079851277,-0.24739688102768326,-0.0270534064729286,-0.7311464884997846,1.3656359040709207,-0.356398994313102,-1.032434828529395,0.6070275804849156,0.09344250871865799,-0.8375771510813577,-2.763969270951568,0.49996921388992194,-0.30070434280744995,-2.1796850140920747,0.12544667864333367,0.3804019664834325,0.9640275405885623,1.9969596909168394,-1.28186459801056,-0.7032903796070541,-0.12305304853100285,-1.844643746433244,0.2904420602610603,-1.6408924035642631,2.103620983806745,-0.07364480886327072,-1.1927226508091693,-0.23513757028726603,-0.7815292750609611,2.0216620306020143,-1.3546170629159069,-1.5566076307091388,-1.2160241654733064,0.2638632138120626,-0.3198280375257781,-0.5874192842330485,-1.642356439745715,0.6173252623334005,-1.1126913154536964,-1.0803980593513507,-0.44518997148642486,-1.0273930124795145,-0.7093981398143607,0.2913286879460723,1.5119672689909298,1.085780835334844,0.13779790347728238,-0.15854817416262737,1.2139411037251062,2.8922386689712503,1.3506139439990952,0.9687691775129066,-0.6394234475823124,0.40458119651801616,0.4472164109598664,-0.3039908101148112,-0.319281818362815,1.0369474840946618,0.023685843605404162,-0.3985886519549965,-0.6179288361480587,-0.23474445688744222,0.6847541620702925,0.2815778003737596,-0.9123224923347621,-1.428323986747915,-0.6198426572537676;0.34322481845147984,1.1905764195027975,0.11377965749127239,0.026432675543240414,0.04850554070090367,1.0694152879070309,-1.6959733319593084,1.5161593693550932,0.7237805760595766,2.0635528232529934"
22,0.3549047154721751,"-1.7710372511379688,0.26736238466529616,-0.8571611009241097,0.855867160361309,1.3247873716685052,-0.26384920827914216,-0.4430266092156145,2.9799415563707723,0.4244738418903058,0.2389586510672247,-1.1589925447136498,0.7561151981838733,-1.2046555256295448,-0.3171577490179313,-0.6272445473912588,-0.6721249326258769,-1.1332609348009168,1.0323524593793794,-1.7974989804718327,-1.4965087434132704,0.3320345274520393,-0.02778880407660865,-0.5167416820845446,-1.2151900112228478,-2.4082074856486813,-0.5093448160215599,-0.05815826743621799,0.9729678278321725,-1.2596710173949475,1.4049871448120732,-1.3326427386885198,-1.006950974524007,-2.3881104450998776,-0.6166554694762296,1.3987885616563651,-0.2225847811342222,-0.26942487972401047,-0.14724399397336818,1.4111835165538646,0.19710635745919824,0.07584410751785862,0.18907147910229613,-0.9002029534289371,1.8492212046207182,1.2954089524780898,-0.6122441735333869,0.08509479769005829,-0.39337680537989694,0.48321335314459757,0.05987960623519842,-1.5539743335617888,1.0650869429723684,-0.1525302243502067,-0.14691366847911924,0.9837137350929611,-1.1195038377047684,1.0331787414381848,1.9084612949551223,-1.2685900374553858,0.6971859489194652,-0.522285413222321,-0.5179182218050941,0.10339166077592873,1.7504076374221829,0.6504623084634387,-1.6804869734004413,-0.08626368051408048,-0.40883745303671826,1.15988263488309,-0.991117801788281,0.7235661364863486,0.9578893433055521,1.7758785194298863,0.02778193003615595,0.6494207531778994,-1.0163382304229072,0.4199658433070703,1.0615826640036639,0.00042570473080698334,-0.6420036691944131,0.2525677795095578,-0.986671162311688,-0.239880788807023,-0.3014711118698371,-0.27509405068384335,0.28750942668002244,0.6767493211831407,-1.0071240323665556,1.1796333943069657,0.6783475004829251,1.5944921487895742,0.5081107726121856,0.9789208392043621,-0.012100939741967798,-0.5520233129509675,-0.49402166926929614,-0.17442484243409756,0.8727467685739351,-0.696403043298943,0.9072946371822654,0.9130105625345631,-0.4656699059704798,1.4560820209042424,-0.7329404741090666,0.14253627170834857,-0.5013286797514518,0.7197927538629556,-0.6872005249389336,1.4423862469444477,1.2370237312626573,1.5511562922317175,1.5060570935104864,-0.8563791435753352,-1.6350555793726123,-0.44786715734677346,0.6116292483799513,-0.2116047460639171,-0.30004112590804,0.45910943674304705,-0.6445466061009699,-0.31488867819072647,0.12901830296659622,0.5764700303884966,1.5165068589810697,0.7304933190889297,0.9887310609886117,0.0633821248538115,-1.2564434571209133,2.4459842637694558,0.03376002943148035,-1.3342804239088122,-0.23555088198560992,1.3098209743209066,-0.4882746093993959,0.03689239623780759,0.4824662755062973,1.2102395281083516,-0.3298982725732532,1.8154837637321186,0.2802931272221398,-1.6447829102977833,0.29951537488574514,-0.1643355915675404,0.28381918408817197,-0.36091354693329003,1.8027327463140965,-1.7285999347738754,-1.613482007639352,-0.4368928627888807,1.3952584370160428,-1.1843811006934104,0.019115600393179374,0.4856676716388219,0.08474347279879962,-0.2177318563617868,-1.1869243878686584,0.571017329783414,-0.7391651987986779,0.7879338701290313,0.10556796523102875,-0.8993131506072966,-0.7415763244172117,-1.5196774566988536,1.4171209649223109,0.5665945130744051,-1.0456237687129921,-0.6341227542388904,2.166240164958173,2.389315891566018,-0.28116791631375987,2.158629735380551,1.690040185486784,-1.4008766399064743,-0.008998243866296968,0.8177014189516651,1.1253267481668368,-0.27184456537585205,-0.04783796020540364,1.0568316341156458,0.8315965486151937,-2.8535279918347514,0.031013368986880882,0.43284447915939017,-0.42448026912799325,0.6842219963039687,1.169300862268827,0.2774688986433522,0.5078157611627843,0.1639373947095586,-0.09305337623588265,1.225758298106434,1.0065319176794378,0.8084368923550771,-0.1478565540775958,-0.3251019206645476,-0.06932458986589216,1.7937935923094666,0.40523731027250187,-0.03598815802399434,1.728452605199595,-0.541061436237886,0.45444704866896285,0.36817784636410095,-0.07073465238410526,0.22319534406516564,-1.307879665007026,-0.9452242427748784,-1.2965041821140806,0.9606355184772843,1.5195407964080647,0.09431757583221823,0.6884429026124662,-0.2636726706245639,-1.5914986139453888,-1.0310243442955511,0.1992142983309385,-1.328148536353459,-0.09740952579660914,0.02444172590000479,0.535802147872463,-1.6676681605191792,1.735186128028922,-0.4816096104149258,-0.12856687741780945,0.11307098999940281,0.4048309955270655,-2.164061806746011,1.402365629100017,1.1474916814750629,-1.1947573285261772,-0.6961857625420854,0.15697729795074858,-0.773181423574188,-0.9426983170767456,-0.07767682976502051,0.9328786637242015,-0.616534062652317,0.8498329310543129,-0.5825632134993625,0.1661162635295604,-1.0844990198500262,-0.4813749942738353,1.2367279728844465,-1.3287684701682705,-0.769614323518316,0.6822925695396171,0.2906599412709694,0.498849575414122,-0.6426429880240773,0.23709769362546218,0.7578913552387226,-0.13668169226015034,2.4766178186372363,-0.27316998891331534,0.19340101042937424,-0.9489164196162903,1.3184408098768943,0.06436959176270493,-1.116234151425919,1.2887277598340758,-0.44361335527839935,2.290641344150968,0.269890513936598,-0.6311769270598272,0.09500519466085568,0.15041127542966554,0.3163006448852339,-0.5137514963779177,-2.111436062243933,-0.20428661684007132,0.14017209285910237,0.14363715777387268,-1.3834292820208525,1.6499060148537765,-0.48354269322672516,-0.2686755195358481,-1.3733913198821464,0.32016343599038133,-0.29570863499074707,-1.5354601835562702,0.8633253492740723,-0.24659635793166584,1.7605527133956709,-0.37494271010072283,0.5655658700593881,1.213110251977778,-0.007600562764238733,-0.49365808620562945,1.6630249838558482,3.1099667700957805,0.2833188335151674,-0.1628170148431426,1.2321328562650165,-0.686817756036906,-0.08570662162137122,2.2763934526268335,0.3982278249555064,-0.336888708184044,-1.6204291311082144,0.3467967578564001,0.7344008562945538,-0.4612703388454656,-1.8413076429977693,0.7784830673843729,0.2642882451442773,0.8806014128815712,-0.3674678646559787,-1.246598211823912,-1.161665222536642,0.43147562231328174,0.45179128524378803,-0.38510937337084333,0.3317008334210798,0.10613864422185086,-1.561122488388648,0.3242862546902203,-0.5039824807251791,-0.6411421192423112,0.47881877259644584,1.2226946205209392,-0.9638316584681283,1.1486073019620837,0.9485650583217533,0.0970254186430534,0.5636740472032811,1.0985278384334025,0.04628202160496685,-1.7208305147661225,0.6371476950854192,-1.1751258243097729,0.26643533600055935,0.22274425684737795,1.126767122255979,-0.6273361599180276,-0.7417909083112453,0.01267284461776877,2.0695879940752278,0.4367782178269983,0.4535392240093691,1.7616271144573763,-0.2342231398987987,-0.5030186065070456,-0.6824084639685662,2.0206281395622945,-2.0798462009371685,0.3571605119718969,-0.5736349735122577,0.39664454816397776,-0.013520279625723303,-0.1760836074721761,1.3271213818476042,-1.0577003025780318,-0.14102770365259312,0.5679610168238538,-0.39392932161427185,-0.10176556028873254,-1.0959961960344577,0.6744804712034622,1.1811673125939905,2.2607705132453697,-1.9881750731340675,0.3403856499127307,1.2456308356224952,0.4019802703227914,-2.548133966701571,0.4250462895153255,0.9259578252311239,0.43696409871232905,-0.7564932422547815,-0.007701925907828755,0.244445045133268,-0.13789496881587687,1.0912427863922312,-0.04178444881852899,-1.2949436453211407,-1.0164624389296664,-0.6467226928286403,-1.5126152440057745,1.016417010846764,-1.1266082002426674,0.7960025108350122,1.4185353333223256,-0.20127485397448147,-1.5736701435652611,-0.5553839818011304,0.8762845795921341,0.018790871257333957,1.642983549870285,0.14498316315845738,1.000395325679283,1.153277835512759,-0.257720750521088,0.5617555811657217,-0.7898098592440321,-0.8677570718571651,-0.5266058064467513,-0.4065944888191161,0.10904139983790409,0.6767197644314144,-0.9944266620962938,0.5861223465883065,2.153806462367561,-1.2938808242132516,0.2813312033434332,0.2585948832801329,0.07303663074202345,0.07386870340681018,0.559898113666706,0.2238879352388387,-2.20874078864862,1.9381619110191397,-1.7076739453962442,3.4874200642935875,0.1617006821645106,1.466195293331718,0.19222380538745173,-1.5331743869900198,-0.5372734847082158,-0.7982209125024198,-0.7305702906569559,2.3771093743397422,-1.1803341309395083,0.42484319847411695,-1.5251430001922779,-0.3737215669624516,0.2671914098354888,-2.6769031961177085,-0.35755514705385305,-0.5275110977198362,-0.7540738589645101,0.9324355480184431,-0.6556903439698646,1.8909604784318261,0.5378264323547246,-0.14261319458141197,-3.1636811198955312,1.432036855366581,0.7040058801952472,2.2468553766532864,-0.6029270536736688,-0.4505072099759604,-2.137321390208273,-1.0795433424377545,-0.583004699310514,0.2362932785655051,0.37759854659745945,-0.22732111852573916,0.17106495191743423,-1.1560899552093875,1.263428853019955,1.1295378787407255,-1.1412496605557791,-0.3741077762120689,-1.7708862111571937,1.3977759384489679,-0.4022750641510754,-1.0423487855168918,-0.20612599309052218,-0.567543859453258,0.00640728372401031,0.9445767455584044,-1.898679510135134,-0.08457566254119472,0.3683078862021045,-0.9894025862047615,1.2740851345483728,-0.18936153817295143,0.06340852676862646,-0.9951165623343746,2.209008137898838,0.18330993609690263,-0.0314306932655926,-1.4368862191623724,-0.3978089632766262,0.21652930329298048,1.5806427700501473,1.2250303079823754,-0.21967530460246568,-0.6385271292590714,-1.2211487811057555,-2.167959096449032,0.10053239939060858,1.181747734101032,-0.889586186711997,0.16878438929360004,-1.7392009048108577,-1.0488693754796885,-0.5285325598371476,-2.2676235089999697,0.35161029136236155,0.05239385523696552,0.5992778409385939,1.2328132772778835,-0.793342912036668,-1.3623934558426585,0.4374246824596049,1.0167617633469814,-1.12323758421965,1.1689925551061644,-2.0956550077058154,-0.5726180948035653,1.3974423924326063,-1.3381285755649703,0.4836448281454236,-2.2883943353141873,1.1010181551307494,-1.4818838841857107,-0.029891854652646065,0.9634002351641775,1.0121024240524843,0.023078073632480378,0.2036320901282423,-0.5122498702840947,-0.5911541830183495,-1.0141942552547787,-0.031055104914959178,-2.200968725541906,-1.3521503103538195,0.40769707583477505,0.7679246347836921,0.8635793089765303,-0.28344723692425183,0.8646205701820291,-0.5170324576868954,0.3398085552262556,-0.2838774809974086,-0.048797475852087505,-1.3004211546700188,0.14726766801952595,-1.0092093958678092,-1.3160820533838191,-0.6626789957654008,-0.042907500380015395,0.48281956426690825,0.6912387641760223,0.3442153054021184,0.5567981195661357,-0.8671574911450814,-2.195618860097329,0.5082820119408522,0.2812548853241893,-2.2761338772544346,1.8179792253943479,-1.1514264412542614,1.9009993990493306,-0.36534437370107486,1.090534851943522,0.3756141430641355,-1.6068783538411664,-3.0702387432088774,0.0691089229023335,-0.7085290644076052,0.36190984650324665,0.6652482094792932,1.0372339768559937,-0.2953396433392699,-1.4583437129417987,1.0923778764580698,-0.2594361112019468,-1.6360073799752601,-1.3347088654264547,-0.3713856563781864,2.066493157119951,-0.30134824323496623,0.4325027267334268,-0.20926599488487915,-0.7815305998183332,1.5049486315511453,-2.1850000277248403,2.1145062001205917,0.39022947590082624,1.0816212557027214,-1.7629338090933189,0.23087418570252863,0.2809268745821296,1.7741490164716494,-0.4607091643381439,-0.3551289490754256,-0.8064381459869978,-0.7490235595356598,-0.23951102629542695,-0.46531758692253483,-0.031679243085829104,0.46577869301261055,0.47443280541417665,0.5632273800959964,-0.9837197589744965,-0.10662916445000559,-0.19757486690136203,-2.1108419883828238,-1.4782936526307036,0.5755232064706484,-1.1745720741069188,2.369886862968611,-0.7133673505133581,1.142994043788513,0.5024108674775873,1.699389666603962,-0.4432980880888864,1.1947711692600955,-0.0951968354785405,0.3550535713156609,-0.8215243235265841,1.0678376373299059,1.2740549140141086,-1.0121789860735249,0.20480135273430528,0.8481079943028602,-0.15921491102490024,-0.1004269293516444,0.5029939228204138,0.42466035885834236,-0.6400368449802306,1.4852429558068594,2.031234876702397,-1.8203008935327811,-0.571976103364035,2.8807769508058394,0.31118089204210847,-0.22415194728348187,-0.2933256010709526,0.8415000491961195,0.021951104252083478,0.9947491278091591,-0.657666934958871,-0.09689668498334555,0.38689416499641993,0.667087154729189,0.011454807470989856,-0.3895691375585405,-1.8182144561684437,1.4131714246723353,0.39910416065380044,0.4408256769581924,-1.5606770812089,-0.2678873171001189,-0.18208901168682018,-1.9598738940660634,1.4025672547296588,-0.18460179149980288,0.3360216303715857,0.006365579415094247,0.33338254657702704,0.7108946951840363,0.07397933744812757,0.9183144880438786,-0.9698209003163186,-0.357501985667422,1.2761573517417526,0.6026562560441979,-0.7536007382438101,0.6346032878719431,0.0504245804556121,-2.7423392480694124,0.1875919990949832,0.6662095248457851,-1.802203253491507,0.11954475566448378,-0.8381374705319584,0.5391965444799961,-0.8344088163602186,0.8984190352117822,0.9733722829861571,-0.37557160669269923,-1.496089598857949,0.3946332809881773,0.5732419422662653,-0.2837399669863331,-1.5191359124703017,-1.6801292699082815,1.2284400347293156,0.45602689714261235,0.75115598443181,-0.6067059423026984,-0.29666440488613244,-0.0740093861218441,-1.1431939138683331,0.8228098244928017,0.2313489322034472,1.1948192099678623,1.4590746619992863,-0.30241609486811927,1.896243249224621,0.17226835643409372,-1.4983229388447008,1.192718009617447,2.331336496029893,0.037851953258810606,0.15911400196640071,0.6426847521856427,-0.9791995355603477,-0.36683491150458103,-0.4633737413071524,-1.4078877254621642,-0.34898532949899597,-0.26738017794342955,2.982925817933779,1.1188606540351824,-2.59137118323608,1.800080650443165,-0.11197423830241149,2.2121327432143483,-2.52306683604895,0.32657493142324545,0.19708454876926024,-2.1903418873046374,1.3819858194295191,-0.8239010060390115,0.4267529571134373,1.32936814515685,-0.7878050741621626,1.6900703503677361,-0.4348807849053834,0.7729293634976706,0.9571247844705763,-0.6867848528108991,0.5256795271308717,-0.5409615867538535,-2.1148828736911303,0.3162714666120749,2.237330549152585,0.24453932513841814,1.378102167847871,1.266624987129392,-1.1243095314521345,-0.5325298965848462,-0.34468341639423355,-1.163655145215558,2.346885023141625,2.812191774770213,-0.2389084170275777,-0.4914051047445357,1.7324844892646794,-0.01637517275021872,2.1299833848363696,0.8818062607807429,2.4721484942720293,0.4909185599843147,0.8164398097771769,0.691849348768038,-1.4169774362959018,1.1319732831404399,1.6621886804932662,-1.8149902737369197,0.07948081353392777,0.6010031383159556,-1.3149692202623215,-2.910910364619968,1.3540580546092662,1.4043674777693362,-1.693197871422651,1.808939230464993,-1.5606504622733441,-2.004578206670346,-0.5272443070243746,0.8260210857470919,0.12244760716909635,1.2586070283454107,1.0760038347480583,0.27059325550447805,0.27671286898539016,0.023679445682217,-0.19372844847953893,0.9414914844157531,1.3563590770459903,-0.4124934709248179,-1.5486522636064919,-1.6654362152474977,2.7283283670436256,-1.2483700043296053,-0.5709455233208388,-2.5924003156793467,0.9867981880154796,-0.624095385877178,-0.8015250498817863,-0.44633862691424153,0.27130152073700764,2.2783816335338356,-0.8987879728692478,0.11374748298219514,-0.2327155101030395,-1.4128688590728977,-0.5571097768607525,-0.2152459447737392,0.05539052819808298,1.052126388254583,3.6942525737744445,1.2268358142516331,-1.6910954479513611,1.5185269567203643,-1.0296343600795506,-0.07766128241395204,-1.502996569461847,1.0743708547409976,-0.23166129413616648,1.7579372834143492,-0.671661623699659,0.22207012563245038,-0.8257000310762822,-0.6841868447755194,-0.41260090506243563,1.4050717366364527,-0.8137972635817489,0.7242662726399294,-0.2837567545401794,-1.8926892763158465,-0.5186358288399487,-0.4029384563370743,-0.829917700547343,0.0795571655550076,1.55008085874986,0.75979901244355,0.7907986280506292,1.373277958747716,1.4352145936828007,-1.2996808545879097,0.8357853470163411,0.16299610047945162,-0.06209397730257045,-0.6982107882603886,-0.07249534949813305,-0.6169942593833369,-0.17671451027790988,1.2855456011372202,-0.8925133669147858,0.3187832783620955,1.9851587366109635,-0.6912224031183875,0.15185332764576331,-1.4813018309230166,0.26443122675441644,-1.290126656275132,-0.9647557395792269,0.39917798100046664,0.5160231697852086,-0.0432439321832711,-0.8982392070026971,-0.10706538566898799,-0.750770526426511,-0.9970701146902706,0.016243126933891128,-0.03257461218160668,-1.2061452040198464,-2.7866957739672125,0.6538638682879959,-1.1489062488898687,-0.1266113888308575,-2.1774665155333595,0.13219548585355498,-0.5700768042586617,-0.24451536488965772,-1.7404713990010712,1.3786985904221605,0.6485683516186218,-2.5563942106103106,0.43056427115066526,0.018757736779333664,0.8511768370038646,0.9317100398601543,-2.290404865227368,0.38133626250395986,1.8390831080418608,0.1085086408175671,0.5675469794298641,-3.1882966147947336,1.3736037961456313,2.0586012010737957,-0.09322742077398144,-0.7133950084500336,0.6403017487773021,0.6852000441637862,-0.7893955656721439,-0.9480016191148469,-0.37788940223386047,-1.256703268703912,-1.9868336440272847,-1.0270404501771422,0.17359108660648492,-1.2495710103294528,0.5958604149015421,0.6144086991668348,0.3810066584269298,-1.546025635003246,0.49189704196253137,-0.6508044192908152,-0.7492086386040542,-0.4508308175777378,-0.7557511508272938,0.9365334823890027,0.9616373279587982,0.67310737872997,-0.026566268520632624,0.47182176796796094,-1.7132789712889769,0.4661780243338127,0.6876634399672465,1.3944111507280517,-1.9117031237361917,-0.854085706408185,0.19458170395760732,1.1141906842194198,3.1226284135496702,-0.256141906733364,0.6209608849026373,1.8922315113275159,0.15758872722812245,-0.5082969924350709,0.8276468696297988,2.050672719254086,-1.4026379816176284,2.2121739590715466,-0.018925094441846202,-1.00687086374646,-1.0506069903978208,-1.902394462458843,1.2870505890088004,1.4473020829637693,-0.9206436925672368,0.4475094394126553,0.950225124093749,-1.0135275621652695,-1.7530804161225706,-1.1038959664566452,0.5843570037838455,0.987310310544066,1.497516702675662,0.8024836020238142,-1.2217211694035903,1.04895443735363,0.7189766981192924,1.6784445345709549,0.3111284518706147,0.4944043197029973,-0.6205153002846946,-0.4522442164124709,-0.4848692183120922,-0.893311537783785,1.3273115623558085,-0.5945237318432387,0.49788590079554834,0.634463349463591,0.13605593072705602,1.5017864973303858,-1.5135010254069923,1.83903729135751,1.0853879772702564,-1.4021969194565589,-0.2126814250847589,0.26109970180183045,0.9956125065491839,1.7158419529548357,-0.27107795708330035,0.7139569632097305,-0.5178774497211598,-1.2542627655745355,-0.04746445845615497,-0.7897044916750455,0.8547203435437319,0.37742352593836315,0.2045379817663232,0.7979330896576781,-2.174178070430179,-0.4946280725094897,-0.39496359699157857,-0.0759507507521364,0.1419281788268668,-0.1251144259284018,0.0695210347938705,-1.661612040932169,0.388747525535187,-0.09633948206711224,0.23511028440908516,-0.44807923327871524,0.4069766185973568,2.7713412518307257,0.46197789363251107,1.1408092737176416,-0.11212937716265045,-0.08680443536167491,-0.6644339274204116,0.21957350124459823,0.42049586970852276,-1.2023945422262277,-2.3431022318531056,-0.9108162717994913,0.25781257189741874,0.0443739878379225,-0.7033814656684408,1.2950091225402314,0.08574035537348053,-0.9853318954721882,0.18178430568483178,-0.8521081313241817,0.5749415140805764,-1.4398966269298752,0.04728436976476973,0.9221295799967695,0.00230007923095487,2.0853595713343647,1.1448496719136465,-0.11435995933281683,0.4097690093603341,0.85917127384771,-2.2778490417477135,0.7486111963213108,-1.5504429260138086,-1.7466995285256728,-0.7196016894022027,-2.0086818763098013,0.24327610308341094,0.8041861041287794,1.6561785108968674,-0.9803194588821798,0.9019008077966584,0.7414314952514942,-1.667627319801486,-2.9428341930260826,0.10124431888013544,-0.2124705070937506,-0.02719596356575009,-0.6330716715251998,1.1554849817104251,-0.02404029827203892,2.245534630479301,-0.9982712160690247,-3.318224934534352,0.044620342317528344,1.0612871884981963,-0.034567920700935485,-0.493348163862662,0.7764216869698544,-0.6846273401874859,0.18090421431498752,0.0032546769065413053,-0.3259604000865234,-1.1958591493747046,-0.7244468875561055,-0.47403765578776247,-1.0867837153089408,-0.14875320313786933,0.22572533520052118,-1.1725198641808243,0.9688361163276146,0.22942603796132205,0.446656069005969,0.9432643230810122,0.11179515348579226,0.5320031708471766,0.5646051864027894,0.8338743722890589,0.47786917146048935,0.47996313012378244,-0.5230567502890175,-0.8634840261948523,0.231470339979941,-0.0074072075775979546,-0.323193651973496,2.507638404682744,0.18199436475419478,-0.020641861502625175,-0.766606159713528,-0.23385349979537798,-0.2690938722707726,0.9706653230551812,-0.880238882650583,-0.8993542387770719,-3.088855498543866,0.010085138798590507,0.9358712894740687,0.09594017942818234,-0.5220677620899797,-0.8762752006584973,0.7619331066024767,2.361152337941056,0.34343457956882145,-0.20663995557359213,2.121309868388082,0.9289876365409417,0.2705443604158786,-0.2044964311379162,0.241466971967876,0.6016136084820004,-1.797599970491918,-0.6895832480823045,-0.3525389564595358,-1.0732819449773934,-2.019248524687738,-2.6760782083786907,0.057037927897611196,0.5185712219639578,0.7766381691076316,-0.14861222101097932,-0.397820546911269,0.9470770635499064,0.11306635910502427,-1.499982771803929,-1.4242092975065164,1.0626811337199906,1.083849668825114,-0.44670175576355675,1.178038938941828,-0.16393585080109738,-0.02861358030431127,-1.1888855703364118,-0.30829281747760795,0.6149106449923367,-3.098355092244044,0.26442487833324946,-0.3526517687799309,-0.09497517176082357,1.6221372082886218,-1.7297010747556345,-0.5904819355554508,-1.2165800110237117,0.6320518815347421,-0.015040916891565032,-0.6843767359787266,0.5501454870846777,-1.2430042947334816,-0.4031808742850186,0.9036402050407659,0.6938238045378325,1.1890404247357358,0.4962077683221924,-1.2482082765937086,0.3687927093211193,-0.45469243543664944,-2.1505610769298347,-0.48914107408576507,-2.272218437414959,-0.835605803959546,-1.8074775679147477,0.509650501366388,-1.930128636848448,1.9278118106295659,-0.3032523425006549,-0.7747840973481783,-0.12998645164874983,-0.8054978406395632,-1.2506176143587844,0.8954603655547214,-0.7518293775272489,0.7843242895836702,-1.2544058045443238,-3.212940185426395,0.8235290105198221,-0.013140647454354233,1.589695919736202,-0.7561886621850155,-0.4131200657348807,1.4140454770934674,0.6164262226164022;-0.44476769058857657,2.39289612824928,0.39929633498407824,-0.16169144968520252,0.5854549393535982,-1.649789818998725,-1.077395224143904,-0.029650599889174362,-3.8817145778255644,-1.311312522536579,1.535327036646803,-0.4225620413793721,1.930353575410497,1.9337427422300002,-1.5245747537400174,0.13325234078946688;0.4205819641588567,1.7664485427838663,-0.0582779494031551,-0.6439314368260358,-1.5215570243135752,0.3739557438046323,0.3952509740843666,1.4629599369468123,-1.3240799478076204,0.9711431833618365,-0.6003903827349848,-2.389355691291996,-0.7308106045285839,0.7612751290783243,-0.4205681719326842,0.7381095094216105,-0.39931780623895563,0.9755362861736593,-1.230712330074462,0.6933900478543131,-0.5227711520501211,1.0579386771075474,-1.5471921206150858,-0.46932413557745667,2.4820829829340485,-0.44453206163292985,1.692698224487377,-0.43974399139628795,-1.674734910256568,1.586930865203963,-1.1925124024182436,-1.4142736814797572,0.07056182369413283,0.5396730981141158,1.9449596706288466,0.8487574505114632,0.8061870039930845,1.4635629312919196,-1.9730016919295164,0.6443425501019974,1.0076018702259188,0.052640717146031885,-0.577682275645031,1.3330127776932996,-0.34197579453114735,1.9576760021648336,1.114328754450097,0.7699597423873108,-0.35311294917520897,-0.6810608755332284,-1.0471892226895605,0.2841219548130975,0.5499569721799119,-0.8548084823126535,-0.09439916253279224,1.0758960063815028,-0.8132803633827459,0.12438925369708759,1.276664438174372,-1.0138044170537797,0.1637565643431253,1.4103407146755689,0.5698789531479956,-0.8558469926079474,1.4966623595324415,1.1757805945174025,0.5009212302873863,-2.031564772122578,0.20769180751876554,-0.4631500463123411,-0.04797366175118281,1.7590190137127688,-0.3920342281625385,0.6371120688017347,-1.7374618648147595,-0.2387354848859703,0.5221414999946815,0.19222656686482023,-0.09403539795293075,0.40049370091455855,2.35135036656074,-1.1021211045153982,-1.6889810795261408,-0.8050725528515263,-1.0427504396284148,0.4431671081298613,-0.16355406924297924,-0.2858285816758993,-0.11729072850122188,0.759593521920888,-0.6344117790490318,1.825179233517512,0.04316670889657499,-0.4705616767140559,-0.1332524005433442,-0.5207005888711533,-0.4579815396263678,1.5327173294110181,-0.2906163529939547,-0.9288558300082147,0.7458088580741333,0.22906417603446777,-0.791259746487665,-2.4680226341055653,0.6059825615527599,-0.29183543399288,-2.4502738833214703,0.5134844817776489,0.4478401126672869,0.8995679470959086,2.1528142741126155,-1.4898326790343441,-0.5172538748029024,-0.10651503992383837,-1.191182254131745,-0.19799788682151492,-1.510074556382672,1.936562321001841,0.10987059614928625,-1.3169085817912067,-0.12552274508869699,-1.1081767642709357,2.4631695009899968,-1.2782831700319348,-1.4289955296387986,-0.9070507115497037,0.21734245095400367,-0.21567429787963405,-0.19281768970578345,-1.475314305590108,0.4949310705342683,-1.2438667182838026,-0.7849164554867982,-0.9004948922932492,-0.6494727333227263,-0.8818776047977,0.4677041046428775,1.5626110933790456,1.073033435527197,0.0055770113251254055,-0.2541730595637998,1.2791894581107444,2.6235991813720436,1.7122648044369477,1.3102045124150767,-0.6985794048473509,0.4980224042359924,0.20789898529795753,-0.209365930658713,-0.24529052822130648,1.032061773092257,0.23069515025675047,-0.20578378665329866,-0.24966371793576408,-0.26667521717672216,0.7761746145035733,0.4281695499636434,-0.5847931104627557,-1.3828000089323733,-1.1087757526770203;0.4235133789758123,0.8560879500311311,-0.0651412852404517,0.171790346713232,-0.28298225980489594,1.1144571049509486,-1.5332018939966436,1.5232822160662083,0.5716639248568633,2.10183197485012"
23,0.16630851977553357,"-1.6405955528504217,0.37704286973466805,-0.5691117165592117,0.7216421177395428,1.215487673394378,-0.050823842517280206,-0.27725295441633846,3.1078780888885684,0.29622833624582023,0.17253104741416375,-1.0388867329345672,0.861173603998455,-1.0194932390930078,-0.27838643795177737,-0.4161511543234916,-0.811884112732292,-1.415398386062005,1.1421575470596363,-1.9155141936325417,-1.2226615056223524,-0.24137378198890252,-0.011831810527427235,-0.376316850232924,-1.118404572028465,-2.401755137679871,-0.18492760664440552,-0.1499704408770777,0.8258247717129987,-1.2760426691884905,1.5338602506686423,-1.2574986670712496,-0.6597948451892477,-2.1597549585590308,-0.7704698203413232,1.1471218096034765,-0.31106504803773044,-0.6692837894155264,-0.10972232834126876,1.6813300228616672,0.22915681811347952,-0.04301474144985341,0.5791238199875781,-0.9094496573098003,1.6489757703639867,1.606726494851296,-0.4377020847975165,0.13734511974656322,-0.33245593490566194,0.363038686175464,-0.1597727072135898,-1.1896097958497975,1.2893124022887825,-0.011840424326450882,-0.2125251960507435,1.1002796244270174,-1.0242100017772522,0.6376233799686439,1.7634729621900425,-1.0103632292742204,0.33340577842273683,-0.34673705489821877,-0.40538449941320853,0.3750456143919402,1.6215554647408286,0.6804933332411599,-1.5359934011409817,-0.06133058686017201,-0.32256290390525566,1.3766547347883866,-0.6379265565553693,0.8871321166968772,0.9424278459986237,2.143246323723602,-0.2779838145699138,0.49497238636022967,-0.9949480133186441,0.17476195756521407,1.1282394770778612,0.09824189870538767,-0.5730218977271612,-0.106473114799508,-1.2388675170866772,0.02148311324236544,-0.8150007896868374,-0.48965659682525653,0.2260453043094853,0.580772472475399,-0.8450359328124739,0.8166535911946635,0.5183167807368507,1.5807768734660927,0.697986878228116,1.0101005241227,-0.38684618548051897,-0.3164400187488705,-0.2868538029566113,-0.4535993224617139,0.650623680345233,-1.006160742107646,1.2631947899476261,1.0771081685804533,-0.4472818227194598,1.2360863655658616,-0.5495356390372123,-0.019862919467253708,-0.324404162899244,0.4513103436536409,-0.7904651898539712,1.5305876013994852,0.9859373865351839,1.5660118049364322,1.3837062044433244,-0.8362202919607986,-1.597614270810432,-0.4457285042768317,0.6825550926660235,-0.32423323778747826,-0.48669844937097095,0.6016604097225009,-0.2741218451072992,-0.6020410300448545,-0.04128367452979712,0.28525236194284453,1.563719404601757,1.0224271624288097,1.0807682672491388,0.0033697496020087944,-1.4678719549364883,1.9352162277250804,0.15593554680981073,-1.6202637719555957,-0.2579056067617893,1.0186106019955097,-0.30477930716328505,0.35326910888046853,0.35809590135028463,0.9735143977607473,-0.2112754355145054,1.809521090103848,0.3780618297735695,-1.3982986162629285,0.35488940143434367,-0.06323915812496125,0.1941414102703516,-0.47021511540305766,1.6675090035984301,-1.6339529810066988,-1.6828103996528534,-0.5446210345350627,1.7133156611119462,-1.1890727622352364,0.28278512837336867,0.38644857004537503,-0.15577899345753593,-0.2771395288751488,-0.9618839996109405,1.0271197297171968,-0.8395981253662474,0.6711264961483455,-0.08616692752009433,-0.7692288238482197,-0.7291786988489551,-1.1545846198020377,1.532812048415165,0.3166836363599099,-1.160111169547611,-0.6278184260140379,2.1917118766711097,2.32375612582491,-0.2616342457218766,2.336088222950965,1.5028545352727607,-1.2249449922887519,0.05736133330751442,0.7209879370783583,1.532335585303915,-0.05138410562821075,-0.0927577463882832,1.2440823696952268,0.9152471197723689,-2.9552873516571028,0.024106538074262662,0.5328459656109836,-0.34770673084716147,0.5368447335626058,1.0862115251472078,0.4845934321022759,0.7235068148653331,0.24522168492840044,-0.10909718636158708,0.9399727310130872,1.009183726080562,0.42156032500714313,0.13553205157876405,0.04989869553266134,0.2712567396108634,1.7768498877266148,0.4165374484663454,-0.11894344700120324,1.4037576819644793,-0.6705583844073961,-0.19071343369935934,0.24290163355000113,-0.10086666705127303,0.4345032981711503,-1.4398975381216468,-0.8045462389539842,-1.185296761676518,1.0413392381129694,1.5296338460361067,0.4440292716909592,0.05772793697773135,-0.5118322706111758,-1.6567134842443376,-0.785285863467533,0.23017492826485594,-1.2484515991356482,-0.07326470175202653,-0.027325690270495,0.5339043557273482,-1.4163036523141586,1.746329756287927,-0.2567650098486225,-0.05838630196926409,-0.09322892117318657,0.19075750306280925,-1.8303339183998295,1.6211846603215352,1.194669999596777,-1.1573648061526225,-0.6776190471944626,0.009008953474420642,-0.8616017481257164,-1.1500731914030706,-0.19204735913280618,0.9531249403610221,-0.36224470311563195,1.1468690205858356,-0.22117219139668767,0.40330596727742707,-1.36052278892532,-0.9068226137086945,1.0927764005849705,-1.267710571715442,-0.667385594876941,0.7974683725237122,0.22478851547760084,0.9191274623703607,-0.8777958193764623,0.1503385417339332,1.1453962902981085,0.18195104469629064,2.381722435988856,-0.421169386296446,0.5458734718804219,-1.4094451896552145,1.1490458344807783,0.2071567567832016,-0.8600548512071268,1.1890839495338055,-0.5550026701823104,2.0851455264093786,-0.09251464499240064,-0.6323309408253414,-0.06076552627243485,0.5541746085045048,0.2516140630041075,-0.682819180144172,-2.0099287783312545,-0.06799414421177627,0.09661176866901512,0.5930431926449958,-1.1003933286202063,1.8251627386960199,-0.7898907364922568,0.04106932402103518,-1.1657807212431675,0.829668983992957,-0.1916425421372095,-1.2530211115916252,1.043924147123917,-0.20953080618678208,1.6738391976635973,-0.5896007679321313,0.7192152733704923,1.1962037368739191,0.09315136056747782,-0.6824552928965656,1.6644102930263713,3.1427890056625474,-0.02781972537185098,-0.17289523852169691,1.0411362451171817,-0.9873299598918793,-0.45394343839724194,2.1302327648695645,0.7175063080220679,-0.27571057135056615,-1.6657102440640186,0.11277027754833577,0.8198132663602866,-0.6769137602560247,-1.9199603198940498,0.8498291764215167,0.2776062919586204,1.0436377291594323,-0.031104466452853183,-1.140015840242865,-1.325333045078,0.8540296208218132,0.7487730084026031,-0.5673672218175352,0.6028671740851539,-0.24326810521816367,-1.3626481654017701,0.49850263167851344,-0.3836878779670211,-0.6052512587690607,0.464846891491541,1.7054710725890274,-0.8527751147256593,1.355464568265938,0.9289573332997346,0.12875860531172406,0.7536131411860957,1.183940654965701,0.18116892221460823,-1.9513149827753977,0.5013867555412228,-1.4555911882196273,0.2137775497624616,0.0675857984239916,1.243348818119571,-0.04615673407156187,-0.6272562094162569,-0.2377756843571237,2.244106396227972,0.05386920700065748,0.3758919885348527,1.8847062190715231,-0.15701736242593345,-0.35736084448401634,-0.41108110274971166,2.2549955005332047,-2.1973521313528135,0.3785771631025612,-0.33210401426937786,0.27848446923449677,-0.08703416263006312,0.07520862942054682,1.2158594405786023,-1.5948511214940304,-0.053331629104870645,0.9415263645909667,-0.6157234273353259,0.04203083577756345,-0.9906751204485792,0.7754016347094278,1.0209037662826694,2.4039392625578935,-1.936399566295988,0.39136566921677746,0.755341336658277,0.03714585416310018,-2.014389731702973,0.44017645852148407,1.0761806166623618,0.43665792506900236,-0.4599382060847582,0.04917047986903457,0.28966334218579626,-0.07236042168191066,1.2743642877961334,0.039533117438437404,-0.9626258381383909,-1.1513150176706692,-0.5548318826552981,-1.7531063772477173,0.700762867345118,-0.7424297328862758,0.5813397025069496,1.3026058865802115,-0.23716995146540856,-1.76922102044126,-0.7126004297969024,0.7968333402641943,0.18759974677122587,1.390934359394216,0.03938212920131619,0.9434029205766423,1.0664849971910564,-0.37295009948403535,0.3177837629382362,-1.0105245087473158,-0.9268801463281683,-0.7712697573689938,-0.41938757189715115,0.3067588484979211,0.6938135120167778,-1.0465567312608017,0.6922023197321893,2.0813585207629632,-1.6251002347416903,0.6547535346341449,0.1145866432848947,0.05232084741216353,0.21660331006411693,0.1396979068724175,0.15444265763341802,-2.107279774168328,1.8488134549695043,-2.004945753971751,3.6424568720238963,0.043170212326233,1.4535420556700063,0.05777758306660726,-1.4332644172330333,-0.7979445626328829,-0.7618050610010532,-0.3146280310034012,2.4510846096197336,-1.3814040120348532,0.4793318578372992,-1.6662137410952442,-0.7099184462896028,0.4593045434126908,-2.885515577007498,-0.25182019914393106,-0.5881734109006996,-0.7539301164637169,0.8172723052128729,-0.5795316728164424,2.048712089087456,0.48538973772537847,-0.05312115809897425,-2.9909147337837667,1.4352820478912403,0.48807652129276846,2.157769958031887,-0.4857391610387515,-0.6782912115054243,-2.3014619700595023,-0.9860840964874579,-0.27149746998476465,0.2923064751493676,0.26852155277630074,-0.3992701828624091,0.4279162964236547,-1.6320066068961008,1.2116414330414123,0.9414959337047932,-1.1934651583574007,-0.4747128324088581,-2.150393454461403,1.2772294447899954,-0.5186554988991983,-0.8124731563629646,-0.4881082986917869,-0.3263803754744573,0.20751756703311175,0.8098421444217753,-1.9223903988940465,0.2911144085308659,0.2570246009075849,-0.9218219266456281,1.0615659996827176,-0.5351366385038585,0.2868680186695575,-0.9059783342589728,2.194622470506883,-0.14711236024346955,-0.2713630808374644,-1.3016109160328027,-0.4798556469251876,0.024663774403444555,1.5131787624336879,1.1261732745941253,0.038706955437197474,-0.6117845163499849,-1.4558906381114929,-2.005387548588838,-0.14975262960609045,1.519146136137283,-0.76996717288153,0.03336218961723158,-1.9626792037220009,-1.213962848828747,0.0017031661827558858,-2.399118809218754,0.4897633410391774,0.23816513015802088,0.5264818472873666,1.0510143418276443,-0.7219215430593569,-1.513465642907215,0.5513772952077629,1.0175634861609641,-1.5567942655041613,1.262875567079956,-2.491652628168928,-0.3409557713473695,1.004681194590473,-1.3050162148772673,0.3529826822829977,-2.054482191315879,1.395723625504228,-1.3034035107032176,0.15483632173848566,0.8880375416256084,1.3772085452384069,0.38076537835489904,0.25057229558239247,-0.6662432262822797,-0.44906913309522556,-0.8237631624057734,0.020802124785144142,-2.1089726536328626,-0.9744424408836332,0.2381297402464801,0.7549003654490453,0.8257882274141981,-0.23206054162486386,1.1079476588503294,-0.7985615920755347,0.34101467813702036,-0.6351451768540077,0.17997271759774336,-1.1535639128828938,-0.008618578628216855,-0.7022140432905905,-1.515452428853074,-0.6245372081156998,-0.05586017005834145,0.7514548916891038,0.47487314517393264,0.49721240015254853,0.5232474377449002,-1.1660707456548431,-2.17081644003636,0.15448276287427806,0.0668156873671672,-2.2909505349458743,1.8608329258608731,-1.2107639395197665,1.9949279289613604,-0.6388750480877101,1.0890254553177523,0.5823163156453336,-1.5561364832371298,-2.506989320378965,0.1785822976653949,-0.9065119475113903,0.366525170268986,0.7158630081261468,0.7132914959084734,-0.3937416264597013,-1.155746306709217,1.402626054332686,-0.31088145444737547,-1.3666865151183285,-1.443426671711049,-0.31127334503362675,1.8582465406258275,-0.513586551419816,0.47384442134203597,-0.17483391239878895,-0.6991238881660069,1.343275963299116,-2.222625731242573,2.3474408554943547,0.2934903720900457,1.381974221209533,-1.5032619311320827,0.2173905136029399,0.17190199518638422,1.891779116292963,-0.4441237918390714,0.23894911210374162,-0.6626869298590065,-0.7339630486916007,-0.29126869212165774,-0.572957418215391,0.013001008897834974,0.1803952134825785,0.35089945952658885,0.9630049356177662,-0.5758894306055744,-0.18254493191718937,-0.12031230002413246,-1.9285984208999438,-1.474663043415885,0.3920785198609937,-1.2034855189145675,2.682076014791119,-0.9358215857975323,1.1212398232916838,0.41795013921662066,1.6357074979742428,-0.6056821727563076,1.1456310891938766,-0.18295867120340373,0.4891416370235628,-0.6721894219101998,1.101347372164709,1.3000776676847634,-1.1594924682953036,0.1520420374480869,1.077250067516094,-0.4363822996441549,0.1140380475173746,0.8344424197941462,0.49300904291586745,-0.635151957992274,1.4184802978705011,2.0952137482157975,-2.020052508333308,-0.562892512675027,2.736928245574554,0.15316144914829516,-0.20675380617661082,-0.12922767446130995,1.0864682469763287,-0.07334448626136687,1.556008650592141,-0.7736728441376891,0.2043568940954255,0.1357904915412039,0.6618048774662836,-0.10322283062063958,-0.5901366504717576,-2.176555226032237,1.466927890695216,0.5810841607867787,0.042025275204030155,-1.355264753752175,-0.4195606674873038,0.11002150141030502,-2.0114548016728087,1.4577741706245793,0.038070389038639865,0.14443391647602377,-0.3463522648197676,0.5902369591821676,1.0511956582961755,0.02361136090595127,0.8557273657086953,-1.0626385714795554,-0.6164665562174402,2.017258461529829,0.7135357388966159,-0.7241204780362929,0.6465179682894221,0.40399341899361085,-2.6591252520416147,0.05944990248699131,0.8529851422681045,-1.8101430704112227,0.6396842115712522,-1.0438760493683699,0.47765424588849215,-0.5732604707973417,0.856790654245256,0.730435736851424,-0.01536520534270544,-1.3779016217052844,0.16885599728355183,0.22414579341100457,-0.20766104572183477,-1.2661862008669285,-1.7620714527123258,1.2627837251458285,0.5310031246264505,0.6506020884687045,-0.6005210784460693,0.08090886250965387,-0.09090758923141948,-1.18415843889607,0.8549033303349328,-0.13378458230809281,1.0529662281204422,1.2682694330961657,0.1600222577643775,1.5826457982270024,0.40140808081325935,-1.411719095573882,0.9130984940881368,2.482821219998255,-0.22899335941183904,0.07604053591706399,0.7540003370584639,-0.9602075598666427,-0.2447830692096031,-0.5168769612162849,-1.3534083389326523,0.03561578919223857,-0.45750022638117993,2.8827433353269694,0.9648252439126134,-2.30406407980792,2.2261953914988872,-0.3044212789765739,2.182018679444387,-2.541854450881529,0.6444497485694919,0.4064733731452245,-2.550629661639411,1.201451018772504,-1.1637527203788,0.42974091386405794,1.1467339568178496,-0.6579485571846739,1.828383336083811,-0.5567883594851158,0.6949676041928019,0.883668383145325,-0.49937571167586287,0.4407743561452714,-0.5004835048200234,-2.0126535937145005,0.25941822622412825,2.196832580037165,0.13747184671392654,1.9504011869964788,1.3090512638963305,-1.2771696267346269,-0.34843937750672965,-0.475498913777464,-1.1691573296471842,2.346602658091785,2.720589118131017,-0.5116332232594829,-0.5140338298733521,1.9680953655201852,-0.015412634838385383,2.292835884513994,0.7546007568553703,2.4670167391875375,0.666956109931194,0.8418472855252946,0.7381752632896148,-1.1467619431015066,0.8637255110218345,1.3823089401831308,-1.8865427837733426,0.004505558570518677,0.37106239023140336,-1.3024539233650934,-2.536756700759871,1.653820653003446,1.3206624265198224,-1.515737011187664,1.653534374848915,-1.4933837222694355,-1.8734369325976161,-0.4186793621399576,0.8845306887448751,0.47230068397594116,1.457591456744174,1.2976440568390364,0.06383142457046327,0.252618271591101,-0.03100786750001664,0.20349373857233788,0.677332020266409,1.3119457925297178,-0.2993932810320827,-1.6923762525569388,-1.696901934057444,2.490347868075793,-1.3816082407434793,-0.7136154849379521,-2.603355383659001,0.9534857370973637,-0.6314031437169454,-0.7449295384960958,-0.3883420937366482,0.47169073814239915,2.3098797506057687,-1.0679701913957471,0.005583142752566189,-0.18710243591543804,-1.4704295528230704,-0.40648664078877916,-0.33981954672577186,0.36276324630369294,1.1886536450925647,3.76499913378,1.2276280413267078,-1.7625649127511154,1.4821273414855183,-0.5364628477978264,-0.06336309985587676,-1.9185363590329683,0.8193085687217576,-0.06621563842862652,1.8476204361960993,-0.5016736045222693,0.3566615513142546,-0.4761954008718942,-0.6261597344127262,-0.09433049741305354,2.0797939679408786,-0.6596095506557511,0.5157370248344109,0.0629999953186482,-1.6218899428305171,-0.8053292189406369,-0.3375066074169165,-0.8023996619558345,-0.27485493664890126,1.3685865556230972,0.7628205933078205,0.5113948917480841,1.1877944469205277,1.9264787119614861,-1.4424232263803316,0.8520518045194596,0.0583462554195033,-0.2774465275433825,-0.7478618010733181,-0.30063923811165505,-0.6963524395863878,-0.14922938711036593,0.9221563197644165,-1.0132214976206264,0.534575966983054,1.40064450354614,-0.7739644563450494,-0.12477051153429079,-1.3982052558025277,0.4625763337808826,-1.317521319847885,-0.9897710542299628,0.5955353845540393,0.8171033465748525,0.3119577860778996,-0.8947152929385783,0.11486791890641984,-0.7097495796165628,-0.8350540957995674,-0.17764817336809313,0.11289173095778281,-1.2418211335176943,-2.889324692270526,0.7939713694744563,-1.1983909275229836,-0.06969833262087255,-1.767114121139436,-0.15679587923922692,-0.8209394150982898,0.029354345276417323,-1.7663994386965065,1.530083167575361,0.8481308505342514,-2.2485324882685984,0.8028286626005482,-0.18378212573631547,0.5847377589718737,1.0342561319244195,-2.1267581753346723,0.2168207692331766,1.9094438368488054,-0.12710001350844063,0.605114218866142,-3.0558505439447954,1.2647178306704727,1.949765295240942,0.1009335865659226,-0.39386166762005725,0.9479077251448993,0.6290196884468429,-0.799432307641345,-1.0318744308202776,-0.3170119316143521,-1.0272010789211363,-2.0449840753768442,-0.9365671057410294,0.3910761764152577,-1.097656586525626,0.9673903870909357,0.5746026445453103,0.31893495957380236,-1.7778271804002699,0.7825296985152178,-0.6814457471994898,-0.7322531441945171,-0.7210963089985571,-0.7138156191473657,0.8516806560184687,0.8686937541406016,0.47676992630695436,0.13854402599227486,0.7408343420372168,-1.4445627210705974,0.4649758403148724,0.9792107047950888,1.274905789579251,-1.8226541430588268,-0.5530922399307536,0.5763304680220547,1.053135091642587,2.9049736934915598,-0.2003476677773956,1.0659213024100607,1.83228933747602,0.03347671583062531,-0.24220892121683876,0.6957122327306025,2.2385576824114324,-1.4302788442346526,2.0482153238444383,-0.2143891290211627,-1.4110934053812576,-1.216251151552039,-1.9611649467829446,1.3542744241654174,1.2517880799815122,-0.8134921778654822,0.47264088239108676,1.0009637850721527,-0.9106364770058486,-1.9269048928003432,-1.2329841287773378,0.3529488522076458,0.8139526764871482,1.4329423056553083,0.5819567480254949,-1.4488116625956273,0.8431764069967188,0.7342465702178834,1.7632027060259654,0.36096790936393275,0.04244956914238457,-0.5154027060154249,0.18067111358236548,-0.14588000807414894,-0.40778930073918535,1.7345736944674799,-0.892109957516555,0.3605001275399292,0.5425016092051078,0.1557759383333024,1.1546749265611738,-1.513807853209512,1.8120753321101566,1.221428846917548,-1.387023452122508,-0.1730125884260619,0.2224090370533668,1.089770620290697,1.6263916029752972,-0.45995286124076257,0.6975057456843475,-0.8072442827767713,-0.9327262713365378,-0.32525575927254324,-0.9430974213853258,1.0815716012072703,0.49145883597648354,0.22744790658747294,0.5658631674743524,-1.658918134483881,-0.7872760489056148,-0.7641604267705238,-0.018488150210020413,0.3678935198437826,-0.16327258060902633,0.3662008601429628,-1.9045024186741535,0.7519982155767516,0.039396418145799056,0.05358052421110279,-0.6559025610238333,-0.03203151709463148,2.557348561690052,0.8138759587906561,0.9966817775863941,-0.21585962195808817,0.08570629433783017,-0.6435638290954989,0.02148433918136916,0.26005208627595505,-1.0279155742804225,-2.4565034341781278,-0.5131113393500153,0.20208987950018584,0.03664398948245158,-0.7394935170424681,1.7623964299838448,0.0042640988119692705,-0.7885515742651072,-0.08404677248410691,-0.6066147488008848,0.3971612599713581,-1.1455805582136522,-0.01249329819323787,1.1873825021066544,-0.23694472284076032,1.9672159162045282,1.0311879935008321,-0.004706656982597618,0.3461249374589114,0.9047979787200433,-2.042036496969106,0.9632033208105573,-2.115105885696604,-1.90979682430741,-0.7717522418378814,-1.6359170201784423,0.29308348887735025,0.852600541360274,1.7443169676745272,-1.0209033507882657,0.9660512524064901,0.7491408582180482,-1.6369180971202324,-3.2872859553751828,-0.09866301898991753,-0.3205345706691145,-0.03662107950237707,-0.5255300923037525,1.1052172305420518,0.09081824803685484,2.2190755074495416,-1.3467311761659169,-3.122292702656607,0.07161005066460585,1.0654851511030123,0.24575660965392576,-0.6214149927096695,0.8066493207892813,-0.6931943115109652,0.33146050783448816,0.26871060468578173,-0.29289896660514364,-1.2057012482762144,-0.631598176768777,-0.4214648041006067,-0.7558434066306633,0.21611212085898845,-0.22001710813731976,-1.2515426070977012,1.2455228965350862,0.3620591033910388,0.34758614046041747,1.2863666837012424,0.010432460394982588,0.7670637493722023,0.16673743046353046,1.0585347806506042,0.38996693491971374,0.5723775617547243,-0.35817421589356857,-0.7254031915499282,0.374630511031247,-0.06693357154824729,-0.7899771769411721,2.3873121422522225,0.03386916054807791,-0.4881737065858017,-0.82429529608401,-0.11381985764110725,-0.37108188986622637,1.150814185276553,-0.6904678659468475,-1.1328095321175085,-2.9254901312981434,0.04473095617579628,1.0509162102504097,0.36101168718318494,-0.8503260709321302,-0.9681313977941906,0.6716261243411892,2.5437404538327284,0.24012182244981226,-0.09802265791824949,1.7514198681654876,0.9088644321758418,0.3560512359424043,-0.3927662565241944,0.10991998214655668,0.7768793685466462,-1.8488132462536297,-0.41968039222442854,-0.29265496848590167,-0.8061757145057151,-1.9152154187811552,-2.711402048054545,-0.049784157885243235,0.49221146469975097,0.8642888761915163,-0.41027778977269513,-0.4220834904799743,1.4110711008493375,0.5302780329664565,-1.2196963455888663,-1.4804480970550764,1.1175313231453792,1.589933776576037,-0.6540679497771867,1.4958000929627966,-0.1818435591056053,0.25190764389413034,-1.4777263446425244,-0.271203739853238,0.35966656834938027,-2.9612550999362086,0.2764775997158353,-0.4511321728535804,-0.07831031512084259,1.610402744524977,-1.7660245332556843,-0.555488307522279,-1.0658265511278346,0.4653786180269092,-0.2648194326967467,-0.704353946170452,0.7047246720804785,-1.1115282394437902,-0.5965005750911665,0.9705409432065498,0.7350662783492485,1.2612980853028364,0.6361913852151759,-1.1420556618810576,0.37825606285506375,-0.39505236102705377,-2.139633027979878,-0.30974955955844535,-2.1488027231700157,-0.6174499696836049,-1.6476871118504406,0.6557752673372002,-2.0397565105560362,1.9538868541024215,-0.6036288062716838,-0.27043434952546164,0.03677449014731024,-0.577556353334451,-1.0123101899589249,0.6653619293667289,-0.5609948101990834,0.9286813327054643,-1.4407831702417544,-3.13051269296095,0.6723513839405029,0.020613477929009527,1.2941112008789424,-0.9826427661716628,-0.8069873354851032,1.092987699292295,0.658424868089501;-0.24905056216783888,2.5531864698167595,0.6130595090012233,-0.3468221751734727,0.6155541565044049,-1.6821488558570532,-0.9613313116032394,-0.06903618828244193,-3.7554170204645376,-1.4601323784305535,1.846981523672466,-0.3617575360551415,1.7220009600377792,1.7770418649340858,-1.2489755805662321,0.3636163234813128;0.7213595720105822,1.7849845724681508,0.24827017981288813,-0.3877832557208134,-1.4583734150381369,0.33519337352567785,0.2362947345498128,1.3616030665848473,-1.3375982629566776,0.4865302757810561,-0.596269912615288,-2.4654153416459836,-0.3926312904759121,0.792552083044219,-0.21377098312593287,0.6542455978346845,-0.5114880828312227,0.7582382692189522,-1.2567271765535561,0.562375961174975,-0.600001152045286,0.7212047102623398,-1.2874976614368228,-0.39212720021969444,2.3869805023339064,-0.24520682263795707,1.5621857221444428,-0.5618224526517974,-1.694967235892222,1.9124019671536066,-0.6720044521566255,-1.3955912647620503,0.11247996584992698,0.5512593997757785,1.8645651032453618,1.1458708219147173,0.9362627576115607,1.5924328759167652,-1.6947902931305616,0.36909899545944647,1.357876354295793,0.3035805074564185,-0.37327328058732523,1.3814472576478982,-0.5204608725123236,2.057435863028666,1.073093730052739,0.6791077588747956,-0.539597688983367,-0.5785314859729753,-0.955164503905614,0.1059758364788918,0.6488174747579767,-0.9597556313377481,0.10736187114664897,1.576579939660586,-0.8360559346037606,0.32431439016568353,1.4716934660977634,-1.0999897196014754,0.05065898100162718,1.4665628046873338,0.5153180382234182,-1.0986572116247,1.607167968727384,1.1081949236394544,0.7424984079495465,-1.881994198062368,0.3139808202948565,-0.49243740104206607,0.21891751693336162,1.8979025709114,-0.41904163226367563,0.689862037394489,-1.6707273207476994,-0.3669587869724927,0.47171728164207294,-0.03162682779341136,-0.1969677448629386,0.23800542881462117,2.253998876011824,-1.2035778121040792,-1.462427542040019,-1.1917255407366698,-0.8989798685078894,0.6596572357530368,-0.2695636684952788,-0.45166794457328063,-0.24199030431128157,0.9878670977379213,-0.5040219552210662,1.6707537123538174,-0.03157756950998464,-0.4331380786523585,-0.2639290841257282,-0.11387436068454602,-0.4965690102954513,1.4544297325815934,-0.40231200751584734,-1.2344497490886948,0.7490689009613682,-0.027787832133412904,-0.63379543395296,-2.56245920890106,0.795648548575553,-0.20055323457064322,-2.404296424489108,0.30821570927359465,0.2579281002352222,0.967829352763371,2.206636290549514,-1.6572684885573052,-0.832857259781351,-0.25478635722115844,-1.353139269608747,0.20093642845265103,-1.8463728204463885,2.04550703286801,0.20084657414325274,-1.24713069740775,-0.1639011578159098,-1.045970723256235,2.2446399555754724,-1.1993139708821283,-1.469338123067102,-1.2211473604480179,0.08630630388382252,-0.23231576417942784,-0.10701863698859365,-1.7822110238362525,0.614944237532581,-1.2539187068304511,-0.632824127643194,-0.45543088222879774,-0.6396069511747235,-0.7116012308409194,0.31935910887841834,1.8286382244266992,0.8341655826126783,0.015909019092892426,-0.06735869045753967,1.013181613180986,2.669900968315851,1.5304603051942711,0.9580505347892042,-0.7013100405335505,0.33739908201096647,0.34716742180335436,-0.08300340558097863,-0.16833764883433608,1.2069442857735329,0.016460510562978817,-0.31741222700101396,-0.7368244238038552,-0.2087537255598344,0.8760116060948451,0.260178343276025,-0.6820505800213179,-1.3787934500816559,-0.9825041020323066;0.39051669700516084,1.0487970117352803,-0.08284091969681251,0.3376417739974303,-0.04512132510571801,1.122005869880474,-1.8765048046098631,1.6001827029245268,0.7896708229394042,1.9292420052690529"
24,0.1138973930824661,"-1.9047358909703522,0.10925999973731382,-0.6274685524980999,0.6105411798147471,1.3686264346463992,-0.0703831109739117,-0.35655740537924996,2.811034979032444,0.13266006027388627,0.22017588738762467,-1.2575426692008418,0.40402316901452584,-1.0482811766170372,-0.6060504397396452,-0.2828552784397407,-0.8720173502739686,-1.11245184742374,0.9260022850074048,-1.7775184887736513,-1.4457883179197188,-0.13915382087592496,0.1453624775161515,-0.44601612531052415,-1.0336552816304085,-2.195246077644051,-0.1318909315941865,-0.1960064672617285,0.7629012191791462,-1.2890148653660984,1.4668328627649645,-1.3259913682564783,-0.5333362001205324,-2.024498995444357,-0.6173658651524523,1.637497900999254,-0.25889370375697507,-0.41685509632950035,-0.013695419810552896,1.7606970214413966,0.1505143097648555,-0.3266541195343383,0.5967518999950424,-0.8181273233398743,1.821237800653775,1.6659162273114563,-0.3451377704038337,0.4508576870005309,-0.20948382789206743,0.44963061781337393,-0.29828604276704557,-1.249321502816065,1.2335014090299463,-0.2799938981669774,-0.3722463134889174,1.0042919732409565,-0.9491947713592463,0.5574611541665103,1.8413613318783386,-1.243889608708523,0.42617675638074765,-0.5227390589608516,-0.7515638074640698,0.3764600083210063,1.9145158894532441,0.6782477349629344,-1.6352204669720716,0.08074467713289857,-0.20344063952624625,1.2285214337506276,-1.0453112728349034,0.6350536702192979,1.0345107682503325,2.1105319185417493,-0.32520216051848067,0.5865383083037375,-0.9219137219316812,0.3816407924288703,1.0404880250297752,0.3479723148004009,-0.8101993908210019,0.0727215581329905,-1.1870897902679305,0.10960641188535801,-0.6050900485324548,-0.33907039188893284,0.48687217034924374,0.6016499251120466,-0.7835256955590347,1.0153498549035964,0.6417356015143086,1.6042210558669407,0.7932976618462503,0.9228310773684404,-0.4495232177571196,-0.49888462851880855,-0.45791803360582384,-0.18384652264932494,0.39317118890111813,-0.7211244910467789,1.2971427268805054,0.8067185570796657,-0.5229967570675992,1.1539586065483871,-0.665648464729062,-0.08150439311476518,-0.59819580876881,0.5318652767171572,-0.8170887318043101,1.3991446929583458,1.397085513364363,1.597239711923731,1.7321241886050085,-0.4535618426216959,-1.7922288253071637,-0.31993047031179395,0.8181287674380677,-0.3427406797137062,-0.4857527867238881,0.6524373184575898,-0.4800141136595323,-0.4029636615449358,0.05018776529055987,0.03887506399754492,1.581810291313832,1.1838607140347863,0.9658409773205625,0.1461394855111723,-1.238039488290443,2.068352424533144,-0.06887878859539429,-1.6491885190554578,-0.3701584377515134,1.3350836100876249,-0.5640003735545116,0.5358341650560245,0.6450932695813798,0.7091548992008763,-0.3340211855642638,2.0270150339832784,0.271497952387475,-1.189993259487744,0.12698502903405237,-0.024664537509044036,0.022348144155803856,-0.6604576934276412,1.8177463657421673,-1.1379240084809394,-1.4952351731440117,-0.8391946142119642,1.6750176508955246,-1.011991425356221,0.2568249049296367,0.4009895685612441,0.15655762928579842,-0.14248055410298244,-1.083347800275349,0.6271365236379243,-0.6678703767907442,0.7544137389261814,-0.2715960575770069,-0.4255810948561458,-0.3465012222930183,-1.001783960530536,1.8857505408391007,0.3551742000718225,-0.9320734963097944,-0.9045362867474349,2.114963126751578,1.9790725013344999,-0.17932125061650778,2.3730336522263937,1.7799268124291177,-1.4467964083386624,0.2119391907299891,0.7493365372640685,1.276221926734669,-0.13209994268233685,0.15494942543246534,1.1804271322741395,0.9249663391272832,-2.9464281043701432,-0.18707630695278366,0.3315547857076566,-0.3283654982018637,0.6677309088766559,1.1651022233149442,0.16049645190729545,0.8519007910262472,0.1713720342924444,0.23086453162158357,0.9263813044847953,0.8633895597006012,0.4927307187229345,-0.0854839869687255,-0.17071414208026633,0.7788526236424088,1.7058487547259575,0.2622715969703933,-0.38136733929266303,1.6495947969563083,-0.9180856863024933,-0.23302355759135207,0.420689470893729,-0.22127924244184782,0.40093698336533046,-1.3834156242305802,-0.7334316925462295,-1.3929094868537757,1.161420475472771,1.6324650933062468,0.3964111536622297,0.23590889523082822,-0.15667058357751815,-1.3550649623534698,-0.8863274235399609,0.2815745814324784,-1.1024055864488709,-0.02965352058324504,-0.1812466155157839,0.6125263740460937,-1.0899241388865515,1.5569414846404186,-0.035049637789624916,-0.13539571159351416,-0.21193340602660365,0.4491760492023887,-2.2275369460822163,1.2774178941441976,1.0629900210140182,-1.1429808131137236,-0.8542505940566902,0.22020744860263455,-1.1046521306889705,-1.159351420621856,-0.11872001211744963,0.9698043330047367,-0.4369254449017187,1.1315431361708832,-0.28803158570884824,0.5476306764233277,-1.2558495022801262,-0.9614290584502941,1.3867959771562934,-1.2326473130160132,-0.6981378966287783,0.5982376381958652,0.4862244238163251,0.9207000463739099,-0.6169606202860595,0.2134302871518017,1.144055331044355,0.24992965781971938,2.4922637305471214,-0.02722935171218695,0.3556396524915219,-1.2472671117601108,0.9319812277141601,0.3373644645180308,-0.8586217430579945,1.0566075802045105,-0.22498484487645395,2.0914269403875663,0.009713625598768448,-0.6018555502841132,0.23572335164264258,0.31507654187897827,0.14347645963403324,-0.5198968931251293,-1.8509147625916837,-0.16145089988554023,0.09753384047284727,0.52047386150694,-0.9527766595865956,1.5382323569034355,-0.9129515434313856,0.17534198044793375,-1.1450041076333934,0.7043930855099894,-0.22517766076527013,-1.5235452800209552,0.8686573566362699,-0.21273695051625022,1.5544626949354605,-0.6160962271406998,0.8220512202473451,1.1394914789992352,0.03871090662725578,-0.2881468812147718,1.6609208834299407,3.2417558187447955,-0.09478090389324192,-0.1426177256318557,1.0817621375522493,-0.8695176208024932,-0.3740610832906329,2.0509581518202573,0.6489327705579534,-0.4270915334533468,-1.746145689313384,-0.023801312910445738,0.9993820844737717,-0.5474849111932418,-1.6757419691800293,0.816026636239843,0.3697938867799846,0.9329357390651016,0.1365474709044655,-1.2654555327169585,-1.4391774667567934,0.7563553921322569,0.8009964933474606,-0.3243230407609473,0.5249010269834535,-0.16351369052518397,-1.1824957764816544,0.7174296671882298,-0.42222690695429643,-0.5372979010980055,0.49672073615807616,1.5926893782965663,-0.7674147955721542,1.316743313971091,1.4328038733921755,-0.057670763245828566,0.7054328818254961,1.1516383339119656,0.08631064823220778,-1.538500775012932,0.551234618848618,-1.247702580272347,0.07779443032311131,0.20568363734567643,1.09907170445378,-0.20053812089451786,-0.8002542634481046,-0.16600809808676412,2.1150914151510327,-0.21107232875501775,0.18908182108784227,1.7747065693482984,0.07091114440273436,-0.4840708685546374,-0.7743903691575345,2.104089895834277,-2.323624837468846,0.24028262944866682,-0.19547790826441347,0.6530844516617543,-0.27985979653504206,-0.07172127488058222,1.4734816987312291,-1.4699977950067702,0.11734151103886627,0.8768433177610642,-0.3693613133035345,0.1825149758004574,-0.89440506879396,0.8970653431773519,1.2852788535252473,2.3267577708322533,-1.9314550005541002,0.08855010910247305,0.9543004973441417,-0.2100653224184401,-1.9213852666142426,0.3601466716458667,1.2587188831826084,0.42813594018207407,-0.5928873940024049,0.2840522633270336,0.19165717143564429,-0.30504048714319126,1.415395297408759,-0.018070129134029722,-0.8246048216619298,-1.3530643846547985,-0.5341588832680508,-1.6519929696260776,0.7473956285816699,-0.7163715585886424,0.8254765380355126,1.2565734122131438,-0.38066193882299443,-1.2737811970054012,-0.7198386995619929,0.7447372015837326,0.3015752141137898,1.4274088500952253,0.0074785697610916975,0.843882998377249,0.8869595689955969,-0.42229339641242714,0.16088536692437666,-1.1233341107858186,-0.8793915861827426,-0.7685293106652826,-0.5773748337486247,0.4236134738322004,0.5530175008544139,-0.8863186163198691,0.3914442904851547,2.442092785622423,-1.47859263680906,0.44765074316492964,0.3611938930456031,0.037472230372325784,0.34525910182655223,0.24557871195311548,-0.29838671259527627,-1.7607110475513974,1.9281388328705535,-2.0972925313598445,3.061166448614533,0.024400846819387756,1.2974964539483334,-0.10055269526981098,-1.4584842538341694,-0.45519799046247017,-0.6507793292852581,-0.55298775183419,2.3332835361054167,-1.2456137824600746,0.27772941535366164,-1.8461218571303513,-0.9249243170525117,0.4953000749235861,-2.9629922142314657,-0.4444944398848992,-0.506254028668069,-0.9094834238401639,0.9994194443793403,-1.0718896909819438,1.9313176395900213,0.6303014158506935,-0.0042003195528776405,-2.979475165550056,1.2746656564255012,0.5618399087443686,2.0039066262065806,-0.44563748630094113,-0.3884052712805892,-2.352151734062713,-0.9129786531946181,-0.1267957626005744,-0.030649917321581968,0.11798657712204019,-0.20476138218937057,0.4296724964725489,-1.3434983273234766,1.0582544399662963,0.7610791518198178,-1.30598345258516,-0.1405214201435216,-2.11461571419598,0.8763926920642823,-0.5904803609712288,-0.6213577974018651,-0.20677338451979005,-0.14026016422306103,0.3086715698612232,0.713866285740788,-1.6133542277244608,0.43371027737590206,0.3810873444272555,-0.9912334401096904,1.0284376403967974,-0.5892923899895265,0.3809876125163596,-0.8337755923737026,2.1949528433333048,-0.2270039225712288,-0.36230452912576694,-1.2564566808851856,-0.3640007809962663,0.029463657319493547,1.6749351174689813,0.7365440181999741,-0.19614337529737214,-0.5348942818607174,-1.8594644895339463,-2.3365893614721007,-0.31733627601233483,1.5588228077073685,-0.44103802712479845,-0.07172681268352464,-1.8394628180698211,-1.2411254411956867,0.2515991339312928,-1.9279915591017822,0.9818114053665289,0.33959609185593476,0.34672954184621607,0.7551844484255852,-0.6265451505653152,-1.3760686015848134,0.5399782882077054,1.0155698306812186,-1.44167957420917,1.2175357685797024,-2.42963709112525,-0.3250340723986327,1.2550573326060261,-1.319516159275137,0.24633823598893623,-2.1255306242944956,1.410031834190153,-1.2221892556505027,-0.041318997964402915,0.8025416035712001,1.2238984818061363,0.46322212124522516,0.4151287617647531,-0.500037801681884,-0.34538858885750334,-1.0795664096703619,-0.10633092017697143,-2.134398869364614,-0.8274428082417875,0.41027759253760204,0.7580780849289369,0.51363126706298,-0.357554439924304,1.0253163792722302,-0.6049858058331344,0.4420359615030498,-0.9155469433048301,0.054958947864796256,-1.4816524346921895,-0.28029725866079924,-0.5927604971730774,-1.0748244149062502,-0.5869059157866413,0.11868654725883439,0.6612673432687145,0.6023524167911949,0.28271927663642893,0.6354137744446331,-1.0366258760183216,-2.2077511990964167,0.21343677441805078,0.08016350624878617,-2.3836641297132006,1.7987212983940037,-1.2894956405255436,2.2696459184029303,-0.40296877262753045,1.0024204003292307,0.4867413381641442,-1.24221483063047,-2.772443563306056,0.07484373033499574,-0.9411173881786628,0.5002850647247208,0.7906575337342956,0.5832456568513815,-0.12712954459604212,-1.6435339953520933,1.308726620051267,-0.07598030160200393,-1.4003214494540939,-1.19324490100693,-0.5263152149302434,2.0176529003974433,-0.20368097603732144,0.3489287241162507,-0.1538429430912983,-0.6212084186563167,1.4875067976099239,-2.0670993852365265,2.5698981015945965,0.33867780383491275,1.3632493243538233,-1.580650270733594,0.09132458436071972,-0.008304554756972372,1.9148560962788523,-0.1866094467984824,-0.14655699563625185,-0.8673936851667549,-0.49239272810023593,-0.1836246382129903,-0.09924807995867459,-0.11010770731653105,0.09858100274961068,0.1520491329839637,0.9690733838931656,-0.637978492102376,-6.433994847232505e-05,-0.11377294297447209,-2.2330572228965617,-1.900372926498437,0.5546948034386454,-1.243814924052111,2.5602686110768227,-0.6113858417698103,1.0286349054866148,0.5137989576810691,1.665198192496405,-0.6508168897850025,1.0846108420049339,-0.1401965194202881,0.5401830655513352,-0.2850816572304069,1.0551960274333645,1.1882714308483229,-1.2163000410134286,-0.022597479221320743,1.0619465109816453,-0.35630667947068556,0.1937914237441302,0.8744209688685324,-0.014934062871019754,-0.6370328834463934,1.4051836013037726,1.9081390146222015,-1.90813526389646,-0.8373990921876764,2.9337870782143916,0.3193637985083084,-0.2487682723949613,-0.021907062338035868,0.9619084627331792,0.07550143453609534,1.4942150768721647,-0.8010406639234033,0.14297059343915006,-0.020775167482561363,0.7764773821094941,-0.3391109333052677,-0.7727680428941216,-1.704216234670023,1.2293537824733018,0.5029854421168203,0.2871676037553161,-1.3494827433769327,-0.20543960299965053,-0.042951296827545206,-2.1761118741746546,1.3582702583904513,0.08049336375638999,0.16859414608996948,-0.23994955675123375,0.8465995925047743,1.002673064570235,-0.22847572280426023,1.1150219762229827,-1.0807616393204251,-0.3973390949916007,1.9104427958510561,0.3829333954823878,-0.90222512990635,0.7178661190975626,0.23311587568351716,-2.7514217341188467,0.33048834072733796,1.1026069950502353,-1.8690376001160218,0.37078741054264486,-1.0382090198508516,0.37298550843895417,-0.8942236729576432,1.0851366092275867,0.5092047677973708,-0.24814875606387585,-1.7957643428202352,-0.010346780959409593,0.2596285105780088,-0.3130491398813387,-1.6764806100426788,-1.7675861664017596,1.1819512508314338,0.27329149925946666,0.7629898703039064,-0.48486973069589046,0.28880201354546253,0.1835575287764516,-1.2538491148604713,0.7159645592653134,0.006510791585779538,0.9132013312994041,1.0472744063131147,0.19035284739802494,1.6220425830390295,0.5799686494862781,-1.9305961668949774,1.229215252002831,2.7626946143017017,-0.15647177363379997,-0.47372904916187475,1.0190779013823197,-1.0075807129597438,-0.202488418511094,-0.6255769524382749,-1.5875561368934046,0.013897002177309502,-0.5626200265306576,2.9752638547325536,0.898811209360489,-2.3928128613739688,1.8810184150334912,-0.5499631544592468,2.237609522492763,-2.3647539566865636,0.6322095447892992,0.5663994315285725,-2.6158467665149923,1.4030500109026032,-1.1285123680268523,0.3124831500671862,1.359349040554751,-0.8347209323941907,1.7544498251681375,-0.8625420467846667,1.0361640536081285,0.9076746728949906,-0.47826313606924076,0.27309785240864326,-0.4590987316740911,-1.7157531047747938,0.20298690857083276,2.28812048181328,-0.1985050220548715,1.816261357113513,1.7555867392226219,-1.151221402649736,-0.6653186668122324,-0.00880320397761973,-1.4024790763935513,2.283199243073063,2.6311745277699647,-0.39117862430408035,-0.2798681043107666,1.7678122235946285,0.08000321355506218,1.7738520864039817,0.6030518931857238,2.1198493593211123,0.3442800821429282,0.566804300819429,0.8107694651051746,-1.1810129127881004,0.9314299273734264,0.9828488819365303,-1.7882267243656793,-0.0923890994252028,0.45301338021599136,-1.2529551445955103,-2.723165320823958,1.5212021309652073,1.2325518900035555,-1.377003965091351,2.034268755647472,-1.4713802798032842,-1.6109919495756662,-0.5663093987468305,1.1461445018062133,0.3088602386357945,1.436136739879975,1.2701405388544953,0.010834420012856422,0.6715287732352364,-0.13826896837468305,0.17211538916939617,0.6007255679455743,1.1460676477167164,-0.26115581211610106,-1.722178575318512,-1.4807571165037159,2.762199477357434,-1.2295678055084753,-0.3643848737678825,-2.399886892686794,1.0846627445574069,-0.6410274050800376,-0.9890754631226263,-0.4193142714242488,0.6089000923220818,2.0511794331982554,-1.225761413100338,-0.0715598307270321,-0.5297082236668166,-1.7783958814500558,-0.5546878393256398,-0.24334603454288184,0.2796294770287553,0.989447534549353,3.614779279499613,1.5376777962250407,-1.8809366356663644,1.6672792976609794,-0.5620460534317255,0.15272739397854734,-1.6068678048455527,0.8897868888405291,0.06022029057901894,1.9284089192520688,-0.2753879611072771,0.3028316760501225,-0.5780415390277839,-0.6573761615700875,-0.2045200888977766,2.038210811628398,-0.9004445568626559,0.4953640819670352,-0.1761434162605371,-1.5671454419250943,-0.8560450593961245,-0.31253466091687926,-0.5249923433924377,-0.2956487455245247,1.1311091157561857,0.8670427961461885,0.38597919723645596,0.9222936591220159,1.629433674455243,-1.5457990306926175,0.8497856929995505,0.11814579319345128,-0.3694672824201655,-0.42884639131723545,-0.3225499968974842,-0.7802569586907016,0.04443533710149952,0.8845383545068733,-1.1193754103245361,0.6721133076398979,1.4386803007464444,-0.8093634621411557,-0.26102121988477245,-1.5972998660668052,0.35772183485711995,-1.2426865704378895,-0.9970643860950035,0.759459778457936,0.2409037200992093,0.3972971574662886,-0.870824356849627,-0.034237989314208635,-0.6891733433473778,-0.8926786916858915,-0.20175524359822344,0.2139680498758208,-1.122060191721137,-2.9289380499623037,1.107585410371802,-1.1543940207254997,0.030709704607154192,-1.6394308736070513,-0.2750163016504749,-0.46954253401235235,-0.11253098099871053,-1.6818110477262762,1.8126800345158172,0.6124278260776731,-2.3954814004394365,0.9788514329586427,-0.3326248819733575,0.5845578965653176,1.109907382630673,-2.000351584810046,0.1425891757460462,2.109853409581294,0.030332297537232975,0.8538286491234615,-2.7288229628811145,1.2935824801024014,1.7840415862735317,-0.2766884564828693,-0.7996467208543311,0.5352476969651799,0.6974785153501747,-0.48050658666560575,-1.1495229662166242,-0.41684336042593595,-1.1754000505051905,-2.4883780631430747,-1.0102175760961736,0.5428034794470498,-1.2514457167456776,0.8507301631387757,0.41940895014133867,0.1013267162884228,-1.3864101589213695,0.9801799588044336,-0.8506936653890368,-0.6917562457519153,-0.4688455612523444,-0.9244067435240237,0.8903434312084497,1.2540505942874718,0.14634203055122655,0.30529085795151933,0.6395603819998347,-1.5287221336557955,0.6526339739408965,0.5247921200217867,1.497937193552149,-2.1590914467159634,-0.8571637177567334,0.5775086349786408,1.1118703749587118,2.8808365680836037,-0.28543379930833424,1.0840677383479662,1.8551904750266235,-0.07555534332425674,-0.2927956166226364,0.6537520479574573,1.7329414385445883,-1.5547754282596207,2.3414556521323178,-0.5188117158168136,-0.8828823932017502,-1.0858092944095739,-2.030318645766231,1.409654743925674,0.9574638915346265,-0.6900093805895677,0.49908848811294604,0.8907051939951354,-0.7505530452029808,-2.0111356992210854,-1.3653335594192597,0.36799657555145704,0.9268532871740738,1.387847556809427,0.814349360037009,-1.3472876197121515,0.6966994569355919,1.069054809724985,1.7684057980471675,0.13960891603626197,0.24122525171197076,-0.4825588366133935,-0.27361616726762544,0.1051638635250324,-0.6610947045769091,1.471011999405033,-0.7502090537552352,-0.009589727677155657,0.6789070237375061,-0.1063962579756021,1.3840494232166638,-1.2910494986984486,1.7002051671932081,1.094128280002848,-1.6828565639825535,-0.25254488873522807,0.44107650611384136,0.8874305227466797,1.9120171386180755,-0.061290411699548575,0.6288773311414588,-0.8208233458932708,-1.1665436288060378,-0.17656072409242232,-0.8376048210957988,0.8947840242420699,0.3676101617539632,0.5555757872004969,0.3649464958822701,-1.6493106382672387,-0.9721408887652745,-0.5900084942463126,0.08296043512596657,0.43216773938452824,0.17794677321785604,0.4858944677921252,-1.7249492021180404,0.7532819869050048,0.03701803492065446,-0.058157299194388334,-0.6912434559722295,-0.06336982525864844,2.6543235779509273,1.0026891564700418,0.6583495019827288,-0.054038570834572655,0.12392845353756757,-0.9007998683860357,0.25805910932332204,0.01667673492474249,-0.9312340804161168,-2.666537680323871,-0.7502230007088808,-0.09459991428089123,0.309461467977104,-1.1311865836465766,1.4295807292539922,0.010655960976724568,-0.5458641710980574,0.19595758885735626,-0.6369681897192854,0.40949850384728326,-1.184301392092778,-0.2199009121412285,1.2816222622361402,-0.44096474575912814,1.8581477310219192,1.1770330040501267,-0.09585425123028446,0.23896220118656503,0.73939414587587,-1.757793293611467,0.6878976699119755,-1.835369806472086,-1.6945163570830184,-1.06704343454633,-1.794059348246123,0.4454221951586672,0.7585700029155119,1.88358875871242,-1.1091054007689471,0.9628902912249432,0.7382602934704505,-1.5473417613164597,-3.1589013712269507,0.07811475903245838,-0.5669699208157385,-0.05750092284504102,-0.6416359955009875,1.3064817347909559,-0.15090634410902606,2.244372487769716,-1.1447313497187512,-3.0817614292746947,0.25839294427173853,0.7388096938657017,0.16739950318497446,-0.3972748796714237,0.7334790436538672,-0.512140805081558,0.2110588271366463,0.5641185420999788,-0.31934464361575415,-1.1244246573580448,-0.6580041362440323,-0.5516808209302984,-0.8675179241169777,-0.49048724032227486,-0.22478362921357803,-1.176579520816169,1.1104063654585639,0.3800641137224711,0.5508803407043337,1.1421426470882128,0.010091250254186085,0.9733380088133736,0.078765201655252,0.6964155524419825,0.34849440332787307,0.8494257996568142,-0.36210480202879336,-1.1973452084612726,0.3607736078633351,0.06324026089205284,-0.5887658731900485,2.9171174443420598,0.06966641546975803,-0.5198153013746728,-0.5064115430572804,0.1249387234460038,-0.24973381321088767,1.1874153535318421,-0.985351850246114,-0.9385595073778177,-3.180294816321065,-0.21577388059727573,1.1064858917242555,0.22005006149286027,-0.9397106794592935,-0.9497805048617363,0.8256459777368076,2.5687316495842945,-0.010073893472871992,-0.5121059028255535,1.9184499006222222,0.8789609081120532,0.3444158698313019,-0.33662597461581856,0.09957508411417265,1.0962790505392597,-1.9773401021118897,-0.786402770257191,-0.49171043809936626,-0.8556791251594087,-2.00139565181617,-2.6741941693060496,-0.15255313783540803,0.44260695659743243,1.0940194058618709,-0.4404304611653974,-0.5107100216524643,1.036940888012744,0.640530110074065,-1.3826559182513045,-1.428270974041422,1.0837908937877723,2.0033473387741614,-0.46211851122273745,1.1352685292846392,-0.2628048065052327,0.20324229935281807,-1.332666282671849,-0.6972416539871553,0.7020612236304108,-3.074714729450267,0.18105417939034787,-0.2729660687354605,0.04951532405166069,1.5438363451233443,-1.4768382211262563,-0.8672028653266235,-1.1239488249292968,0.21420983322328857,-0.5860325678647249,-0.8208296091192265,0.5489532699548706,-1.1657280606231064,-0.5971368712028923,0.9511758279270717,0.7078120500408233,1.328843078977505,0.6175728797233566,-1.25694283985234,0.17037238218584128,-0.6940408291505692,-2.3218155396541063,-0.1343553908206946,-2.0496574844560334,-0.7298815900601912,-1.3831371634811718,0.7131940880724632,-1.8452754525251411,1.9037093129410394,-0.797064191111737,-0.4262068513817974,0.21970070392944624,-0.7471098945789969,-1.0134322794813664,0.8719870328715406,-0.6336774114410489,0.8889175870635823,-1.6051628821966955,-3.215452094372199,0.8241157913965897,-0.22375362515866898,0.9678035110844178,-0.9254107140552251,-0.9630876945640783,1.4194583710509094,0.6276600282179645;-0.5076286098671985,2.5754915595160965,0.4833927826179691,-0.07116750939120778,0.6037110797269883,-1.5825456374847584,-0.9830243255129987,-0.14317912991196613,-3.9066179788531255,-1.7763038367778547,1.9749419578409766,-0.5086649936811203,1.7001694697249408,1.8675965700809474,-1.2158880889690704,0.25407877893605135;0.510916241484996,1.7043545705272896,0.17709179297196642,-0.34613651879780255,-1.5287827181639841,0.5007302721540019,0.08514785578749626,1.1653428278255176,-1.3265789666462622,0.6083497547887738,-0.5844649059811055,-2.725462198523824,-0.2262820157300847,0.8977901481419253,-0.12453695102238982,0.8334523906113612,-0.6645488822716665,1.0214210180201428,-1.3007012595770207,0.7366117394409214,-0.5440141114457928,0.7701353560613123,-1.6391394231973695,-0.025692591672359405,2.626521444238674,-0.7197914457261424,1.750603340760547,-0.6460256034728328,-1.675471137112948,1.7902842068753895,-0.7840710394982621,-1.6029729953913632,0.09449821163656891,0.6166907800361296,1.8566810019263944,1.2406198320113022,1.0733452040716949,1.6563413696246827,-1.6872987496274452,0.1299070255629394,1.1549242690636592,0.10280178853500413,-0.3247849004159331,1.2183469495451502,-0.25247008481684596,2.1459262286379355,1.3235326207470273,0.62785769926915,-0.3481728940058326,-0.6248563404988913,-1.0369927551773357,-0.1549699914538408,0.39156380751137027,-1.0495531594295158,-0.27098202532101406,1.384985665328341,-0.8064541352781569,0.014686114601428601,1.5008961651680377,-1.4943392159623137,0.1393282606000583,1.7778952072827194,0.5011251167931284,-1.1006785850559888,1.7966744098662848,1.3465324161904928,0.9114544414150748,-1.8898453923409646,0.35288784506963355,-0.5568258209878131,0.29242406773389584,2.206619641697757,-0.5559627079635029,0.4567073349568734,-1.7068980004732368,-0.14136417903382442,0.3209773575636018,0.4936528255386,-0.21365993765347926,0.5005887587902915,2.1854489044858885,-0.9654529614145638,-1.3159950088085912,-1.2744457195182706,-1.0985650311160449,0.387704800763194,-0.22830280773293427,-0.5275258232886334,0.03675026102666558,0.909398367822138,-0.7067699724731907,1.7636346403342913,-0.3613272949090022,-0.5511193370901882,-0.3634935819306147,0.04767161799033143,-0.6481249154948113,1.322166971757833,-0.22696527620461346,-1.065745231316555,0.4523532464324085,0.17293584437324322,-0.9170595827229333,-2.4580632721189573,0.6223685188664188,-0.3225753438033782,-2.2557875197759167,0.19730231772485504,0.49512946718064266,0.9072163482202146,2.2584332488133776,-1.2812034658057954,-0.8572060237710037,-0.16208550225393106,-1.6732815668744552,0.3379007786138551,-1.6988264117699643,2.1245763443984473,0.10514804688638173,-1.16846701751512,-0.2570019157315927,-0.797008326602511,2.0646479889400697,-1.0839447581997785,-1.439670250907036,-1.2434891853698578,0.2545608452550928,-0.18896593191887842,-0.3625691870778217,-1.471562058904949,0.6152727375242942,-0.8138290192975856,-0.8826600059186553,-0.5316156452733904,-1.2028563517443807,-0.6526208302444256,0.5471822613698651,1.6767707791098438,0.8631954465570054,0.21349989406937145,-0.11532151027772791,1.2735751925013286,2.891789720744137,1.600936733676649,0.940112864440651,-0.6450330607789271,0.17158440181536883,0.6266728522938729,-0.19598382954692434,-0.2136459221500769,0.8943478901054247,0.08804906429150823,-0.36838680324913686,-0.5013476467409304,-0.3322012545526644,0.8604389578534315,0.5536449664713646,-0.7274060400693625,-1.372277434205673,-0.8732078922337467;0.27960043373172605,1.1714552146014334,0.015087448632673493,0.2518882000313732,-0.0032841054370880488,0.9565569079656556,-1.8847918910716461,1.5696764828300624,0.9060213226796381,1.8260433275296146"
25,0.07716573550128863,"-1.78838466695059,0.22177448248053963,-0.6912967963489544,0.532645586968107,1.4356674875871303,-0.06747111953458362,-0.2544499720260178,3.2855121464030907,0.26821925610442415,0.0826749050510201,-1.209668420502845,0.918106138908367,-1.049911670298556,-0.40123311621261654,-0.27546236639356625,-1.004367794465523,-1.2741766317262415,0.9063471362521355,-1.897029682628355,-1.2843079230793362,-0.05771707766962119,-0.08028780413703768,-0.9348437591086602,-0.9996254316508385,-2.334220911900799,-0.15531997382711243,-0.13812846982926644,1.120543212880905,-1.4506249856756128,1.4103197822636215,-1.4359375656617683,-0.7385174795900982,-2.3882351716601606,-0.6993440762913787,1.2352701419929275,-0.3464511746353473,-0.6278849687689783,-0.11455183756625881,1.5554102690173577,0.34054329622332685,0.14318181886527595,0.5564178016952291,-0.7510197847531566,1.6116912164861312,1.599894976040528,-0.6481814823593905,0.03148606604371182,-0.47189957261535487,0.35383727286167943,0.004984207259613432,-1.2930497482288184,1.029597714602997,-0.19239266987389209,-0.5412084077081812,1.2612109328461871,-1.2025646688170437,0.6573032007732523,1.5938233920679632,-1.2195696401229097,0.37621820824607904,-0.3892793511416866,-0.2702782876080723,0.41112779350426315,1.5286083966968311,0.5484448495956803,-1.444570523478689,-0.07750224110005668,-0.4752064625511875,1.1209487109940761,-0.6769836837262326,0.8743138728171421,0.7692434300452271,2.067332434644468,-0.29496175598390656,0.251477581672173,-0.7561920676107883,0.15944633960038782,0.9530808799887867,0.23596982448663878,-0.43958721941241796,-0.41662777588281896,-1.2418882440982266,-0.032723242414104195,-0.681860116143929,-0.41220755746141136,0.3479739156241245,0.6728350062321021,-0.7280422735450378,1.0835708937751378,0.7570299451612685,1.6694025173161327,0.33612572400978447,0.807592284219766,-0.28802287111310193,-0.47072565119289517,-0.4686279266847367,-0.28089311884890084,0.6123091057950341,-0.672348073040841,1.3334765851768242,0.9957273201491822,-0.40690789976591885,1.2357586968605527,-0.5994985398362548,0.044560431339454004,-0.276723428066321,0.6582694216145508,-0.9566826673005376,1.5433854269009157,0.9849917882394812,1.4501640812308574,1.3377268580022394,-0.8948355430791312,-1.6966842648367466,-0.36053687236350523,0.9785111316031535,-0.34984319346860143,-0.45994581913479354,0.5534737140206496,-0.3953906103435505,-0.5965247224272143,0.10152496831577734,0.2345027083163382,1.698719267145742,0.9091334205518102,0.8982168787136886,0.010490082864699324,-1.4843588587882681,2.162471986269564,0.10605261943654275,-1.690965258965091,-0.32503692464221495,1.1679712720453095,-0.24914835561493193,0.29433234605837794,0.33552187834809455,0.985286938947703,-0.19016622701886643,1.9095357910210264,0.41824263510720483,-1.2444294896778987,0.18483314841171802,-0.14873821739747023,-0.026256700101410013,-0.5755830337405169,1.891143798392768,-1.3536822235843864,-1.714545618412544,-0.614790105965949,1.6316391972010182,-1.1306230671476951,0.01439556722525745,0.3270009652744891,-0.13855712846342277,-0.1964590919269095,-0.9930107405382669,0.8097658703140148,-0.8861460925595432,0.5685952708632144,0.0704423584102538,-0.904818010095698,-0.663226954309694,-1.0199777745678755,1.6640470980160071,0.1688505713392215,-1.0373042015601786,-0.6448713102001956,2.081827177026115,2.30505971749694,-0.23799821676827249,2.302335870736415,1.7242826940698783,-1.5599878777348444,0.15614069239481188,0.8529707522980421,1.2633960768775725,0.03878514051916028,-0.0840642032773777,1.2829973798839984,1.0299819857250592,-2.995461174098552,-0.20498573928592398,0.5036051993462293,-0.47126697917248545,0.4184942536571773,1.1901795826655501,0.3914239020161966,0.5959196407174734,0.1953213831014953,0.013176530885309713,1.1431329191699402,1.0514859542243167,0.37877790333447153,0.12210375027396089,-0.15221967084264432,0.3212199205525514,1.691214189378205,0.2845590083513001,-0.09809973498141025,1.4828828403168521,-0.8959638862958365,-0.15683699289936415,0.14249250888571136,-0.2286069846507029,0.34691724948598046,-1.340415415216355,-0.6912781064343866,-1.0750442993694818,1.2147854710644999,1.4932862867182526,0.19975484720995368,0.21065730237742594,-0.41621024932661543,-1.5568386217255115,-0.9450191121644171,0.5441507165692822,-1.1592556686144937,-0.32188544895774895,0.0005462144546505288,0.5787527908674205,-1.2126127377333589,1.569340117418157,-0.46760655472800816,0.027347793839520768,-0.015342108419187261,0.4021745681633466,-2.2060338456738657,1.2573110735230681,1.0925518227959976,-1.1852959265235432,-0.6349151277997149,0.04200317951860309,-0.978496544349849,-0.853500195517239,0.10696598706143662,0.9092853519974441,-0.3099583111527088,1.0144713463205566,-0.28361277291282083,0.5702473783785651,-1.5381566282403822,-0.8982793052282624,1.2249335506811514,-1.1077946412150685,-0.7100206329161014,0.7526753949296036,0.4790612355467992,0.970358331541576,-0.6942228248370514,0.07742853670597405,1.25658000681229,-0.04337230710487583,2.3099834195114712,-0.19223442748693403,0.3974530349320629,-1.4012293049998439,0.9735188795382406,0.08191372440442178,-1.056478449722038,1.3327481452047412,-0.4077094653851356,2.003244329853759,-0.019596665448681105,-0.933254684499826,-0.052404483799392484,0.4342428708633079,-0.054079976870594515,-0.7281587865848556,-1.890205665012083,-0.10848948744634541,0.19187608002954956,0.6314173708369069,-1.2080928236455055,1.530087975451322,-0.7913010170860263,-0.20136752709363526,-1.1828990374307278,0.6981981648536769,-0.2899685304048576,-1.4236558210551358,0.7588285232367585,-0.19517181253137336,1.6509537545860105,-0.5739676621615385,0.7293358301577711,1.1459851998017028,-0.014423931009051844,-0.44094387835718307,1.820920135248833,2.8325050262102986,0.08747609661488435,-0.07471852157851983,0.8590332969972281,-0.8937736257004192,-0.4389279104277356,2.02276223388628,0.8148452585419098,-0.21018571051600626,-1.6609484415488143,-0.24197721731389496,0.8676780177097579,-0.6996993959969162,-1.7808184856438254,0.8929745035020791,0.32858877199398256,1.057137934003099,0.1431003601122785,-1.390778022512908,-1.4613445708660175,0.8122940521365765,0.5808506785139357,-0.5786759936785258,0.8216961987249883,-0.22142040061869703,-1.271663656702299,0.5068359162258662,-0.4226327283534248,-0.737932538661092,0.35066399853443164,1.4154646820618333,-0.7970719205838991,1.1836375626556517,1.1277738455739628,-0.03743823175006543,0.5980074799432026,0.9847659213370592,0.1711088174167949,-1.788977089195571,0.37661982791203746,-1.3304980011698182,0.2780358206683489,0.04630932144591014,1.0064829299703317,-0.24463852768363914,-0.7969477288141549,-0.12218706967635695,2.1684084382001148,-0.006623752587380308,0.5364654407901162,1.8888211781538424,-0.2621661277709427,-0.38077100273596787,-0.367580887271704,2.1719699469976677,-2.387602061966902,0.4756078856062938,-0.19182740086650896,0.3837555228602592,-0.03800699037051267,-0.23242896437240954,1.0610968394179119,-1.66782999931352,-0.0813658172475077,0.806421992225163,-0.6483012226942334,0.30192602265651947,-0.8333212306845815,0.6323078895801457,0.9266551485500701,2.282441801223613,-1.8265591804893682,0.4155205954482334,0.7810362836105907,-0.24163159090290956,-2.025389213238837,0.4055797270578245,1.1865696996517654,0.27997081001366214,-0.7321124048675172,0.21258918968363164,0.3423703071825692,-0.17082973696403703,1.1380626104007183,-0.11597614494886714,-1.1417969782806403,-1.3364217049220781,-0.6176765204951,-1.5753158539288858,0.7245067608882036,-0.8205639433337957,0.5956308353177647,1.4298745621690836,-0.026051319339239182,-1.7538153959117144,-0.6762408200473878,0.8049170905156827,0.059697994187150966,1.490029035967229,0.1908656327257462,0.8584278057351742,1.2223163270588557,-0.4043752143954312,0.28241369132957533,-0.911833011254863,-1.0106531020148941,-0.7194362689543282,-0.3337818823181214,0.21444132815887898,0.5792482448021914,-0.8998926386099001,0.4935245744875446,1.9464268334540051,-1.630982042621256,0.763265173026285,0.11392968589487941,0.14717403938615448,0.22531680340995602,0.1922682509606461,-0.15017937638599232,-1.9747744189827523,1.7264424543297912,-1.945464090472579,3.7800791758983827,0.08344106354601014,1.398148587451853,0.05250208822013751,-1.29297673394479,-0.5364428102410623,-0.5306077694991466,-0.42590911462115477,2.38902257675454,-1.2720036374772512,0.5393421893219884,-1.6133510625012513,-0.7778704035903535,0.34361732327757577,-2.7413210791330775,-0.4022183677603857,-0.5191542433033494,-0.8639534152330375,0.8597530339136992,-0.6282446927566658,1.789592516544734,0.6107892511414988,-0.12882273354259044,-3.0305341337931666,1.3221721363562822,0.6149569242493287,2.115034544937381,-0.6785481195159722,-0.47197601598587713,-2.6193391367985708,-0.9638175531360632,-0.17025629838275053,0.20573928718905776,0.5497961744929354,-0.3054872146045981,0.5271557666218692,-1.5442169689546672,1.117951367502967,1.1508779915565084,-1.1629690739397758,-0.15485393599325029,-1.965651000983388,1.2696204929889459,-0.3905919188011058,-0.8398890520364236,-0.30906253078075324,-0.2879870015293323,0.20485993658878474,1.0330647222273721,-1.8314147958782159,0.24379338303749204,0.011485332449278088,-1.0494102763506086,1.0089754491858771,-0.5652357627071171,0.292900854706973,-0.870000141411611,2.1592754310041244,-0.14144386668817163,-0.4297496166417385,-1.2221018790472993,-0.43300713718232686,-0.047282661906533324,1.5738030581915559,0.8273439362517616,-0.012620011648088666,-0.6117446264403633,-1.52137207174977,-2.2314573957793176,-0.26242214175111245,1.3658122192763038,-0.960793725305945,0.017688013424888297,-1.8650456116776164,-1.0079676156833874,0.005342189384601348,-2.1554717062293136,0.5106590501534827,0.18959909535128017,0.5423052794662269,0.9946445066369728,-0.7153720446530241,-1.4236536574820016,0.5472467312506563,1.066820322014955,-1.3006247030396254,1.430590967259237,-2.4005023106692556,-0.3104126048008896,1.1412530590893288,-1.2053864591872572,0.3929953803340378,-2.17942639148686,1.3483092752138188,-1.4346860635949563,0.07951614057080737,0.8357457678700637,1.0336364250888745,0.27488059291435213,0.4567712026718571,-0.6537004256269966,-0.5771716060017296,-0.8015984239694651,-0.24932939173356386,-2.2005304826878085,-1.1499970550606626,0.12851074087438744,0.8253744686546245,0.8067756897815266,-0.0026811560289702052,0.9891855690059022,-0.46047780148851786,0.3115106743725208,-0.6315003818078971,-0.0952758129603045,-1.0573358213299253,-0.15253345993996215,-0.7924215287337146,-1.163470962104843,-0.3978933504401003,0.012628945762780924,0.5662615796678393,0.5153019015624141,0.5465062433095254,0.37275850369996943,-1.1180992813130186,-2.2196081114342467,0.31740652985276807,0.26433764571694496,-2.2796344501213115,1.5934819717007325,-1.206115396619346,1.9666202662858587,-0.5112503006266906,1.1923567681381415,0.619994168333894,-1.3565399318058409,-2.7572181151188646,0.1826789120692532,-0.8683506268009167,0.08325648288506976,0.9988234163963308,0.6385578014750283,-0.14277268727375475,-1.3246172100253513,1.4084229955921326,-0.2625842407011246,-1.3058053842795552,-1.2237437864977603,-0.4354856688322559,1.8312724955835296,-0.4980895073046535,0.45233446683842443,-0.15075855763280346,-0.5741818487568405,1.2041385514992755,-1.9705074676513339,2.4597251012855508,0.21840346435089408,1.182267284653678,-1.6756887399329732,0.2783224434270112,0.245292011131495,1.9458310965858272,-0.529910904011314,-0.12409758291578038,-0.6120982703828812,-0.5570485100411956,-0.4341082569097255,-0.39583017685462857,-0.007055505959218141,0.017535333687389548,0.0009758208697452087,0.9103003383645333,-0.3300833339873953,0.07080562026021472,-0.21953955466553807,-2.0190929897367944,-1.427471207885103,0.4963470061856904,-1.1006913421985434,2.614411664700264,-0.891607235533319,1.2379841838980303,0.2835233938238073,1.593154569476948,-0.5032411536780818,1.0177237814700095,-0.008058477687183666,0.4860449163788536,-0.5954682038655266,1.0010591985155979,1.1731222666166214,-1.3723078543002578,0.08844053815796103,1.050134595285358,-0.40114785697058875,0.1338130677361294,0.748642126446126,0.2501396264263843,-0.6899985460442437,1.5820533232981013,2.0800365503949325,-1.8221700509626655,-0.8312017700796548,2.773553978495748,0.22845089105709354,-0.31192197782989495,-0.26313435764066134,1.2278172380115078,-0.13874650597104837,1.4563072846110288,-0.8793461448888742,0.2901488338345216,0.11018576706080618,0.7486927727187539,0.022689237918017774,-0.5099308896880432,-1.8704852613998975,1.2266835043019513,0.27001872662808285,0.3126087425304467,-1.3423861446389693,-0.13030153590517662,0.0838372148091152,-2.0210567511767628,1.328778282293504,-0.1096862078572436,0.33520062052740707,-0.2996096169712025,0.7152995154337476,0.8482205862065435,-0.11279411353247802,0.976584681356893,-1.1808069727722892,-0.5748517044767815,1.9495501546350285,0.48298717120310786,-0.8011110679301549,0.5092494701770642,0.1801265679916274,-2.6465137387842548,0.4073873006927801,0.9142460903973948,-1.9419226621433776,0.4471006468868563,-0.992790013087757,0.4648461555526512,-0.7505731769923574,0.7919843490145844,0.6408476924512817,-0.19741777421953943,-1.5133306778998739,0.12035280627732617,0.19879891585093484,-0.21042080627443657,-1.4811030460626586,-1.7765114145938663,1.021448772429662,0.5970525696610268,0.68091815684656,-0.39364407254185685,-0.08645343374957382,-0.08221974636766767,-1.2305416873051933,0.9385890984924747,0.13743466326704512,1.177018189030102,1.2300890016970232,-0.007890877620692342,1.7666614104651766,0.179591862473804,-1.5124343296785334,0.9853818877536878,2.5453171118796956,-0.10297052544223348,-0.004977881649450053,0.6812466223075289,-1.0228016959082722,-0.38773786838902546,-0.6783583802450419,-1.2042858318191496,-0.03281045602721523,-0.35952215075467264,2.9700859800252735,1.0388601338884285,-2.4145802416838604,2.028367889257511,-0.42860481110429294,2.0784348654028513,-2.5529609129031696,0.6079416624320874,0.2095967499743513,-2.555501331565171,1.252883166904674,-0.8437914706812114,0.2436957716961496,1.1396969089959712,-0.6844639395125487,1.8316705053718774,-0.47156201006131393,0.5644461414964355,1.052896619236607,-0.4612404341423008,0.4009190850334875,-0.30272890431631927,-1.8707521896455197,0.15293439317892296,2.295559882798754,0.05672356755070175,1.9339946157712293,1.2929839853080645,-1.2525513891198894,-0.23886648254245568,-0.24215609620660805,-1.3560182733921222,2.331045405357414,2.6523632883342345,-0.4464748510777744,-0.4994066779196321,1.922091473379423,0.03258540813584218,2.2236930552520886,0.7243325879895827,2.4301194315247456,0.4121662123873744,0.9131958707417893,0.783955362009586,-1.175801299691446,0.8557433828087514,1.3394673280802825,-1.9177504058890036,-0.0149688935659665,0.3880734005064528,-1.3071799226769019,-2.3619530533462445,1.454708863171653,1.1380979198241206,-1.4788294038760963,1.623413773111586,-1.518183884543505,-1.8783682249814506,-0.44402948622720195,1.042704952351991,0.25817883983440093,1.3941516681572732,1.1643266875099496,0.1845587724828857,0.33034660281849976,-0.05939086504536062,0.1288103257779242,0.7094962395140136,1.394648387980973,-0.17245685124709442,-1.812968795489418,-1.4978888940038797,2.6318222398368833,-1.478069848052123,-0.7626468516089867,-2.7477349965468405,0.9780506766134144,-0.5367775643673003,-0.8123784828202484,-0.31136255584610784,0.5166248507816369,2.2712559335018843,-0.9772971386927588,0.22011229773024113,-0.44841525003720717,-1.4110457285265323,-0.410139459038578,-0.14170279045432493,0.3230174808713859,1.2858375607440302,3.5544286450837825,1.2065033148459186,-1.7064097893988721,1.5142917419194195,-0.5423954458161021,0.29340548854354465,-1.7870055497416326,0.8444695871196437,-0.19582221674915992,1.583599086361982,-0.5628133752062694,0.1408319600677918,-0.8260188401628561,-0.542741210626875,-0.11466719986655566,1.9050277422269095,-0.762119967538027,0.6517475267571962,-0.1730092498503534,-1.8257557291565292,-0.9581268721772421,-0.11338811467840823,-0.9943107218572794,-0.1336882866780584,1.467214669955451,0.8067596824898026,0.5716305892533329,0.9446601237116261,1.579304341595245,-1.7142920276745253,0.770558600664187,0.03229106007699893,-0.34193957855405355,-0.5970117430022507,-0.24691268112758713,-0.6587984955299547,-0.23381842564222796,0.7723883611534766,-0.9670120123729979,0.5464314332483979,1.6411046298608647,-0.7014100568483664,0.11921425879784125,-1.726452425841583,0.396645313587931,-1.2073667770265264,-1.1073750968708225,0.3654828907416498,0.6965252005022934,0.3958082291079382,-0.9725447726402213,-0.03252126518181221,-0.7497173692120646,-0.9700347282590405,-0.13254108155990474,0.053327367182889926,-1.2534106897788109,-2.8892507393808318,0.8554279489432871,-1.2940794665365387,-0.2875220825575532,-1.8863119377928403,0.00039418538049876273,-0.7344069093562714,-0.07648545500817354,-1.8871258303110539,1.5223659665031133,0.9201060948445545,-2.145916720126759,0.39563206704711157,-0.14780759296141152,0.5077137789471237,0.9410537281204818,-2.1033505108814508,0.36812004535580856,2.1222704248416764,-0.020721749264386857,0.7941274412329464,-3.11418095463898,1.3635217864704614,1.8047682266264515,0.11169088992213659,-0.7908612307637004,0.769667625046351,0.4649772474793073,-0.7728628638571536,-1.0918019976581994,-0.39357302788979087,-1.1677045711035157,-2.3252266966459283,-0.8473068439285769,0.33223038735161614,-1.0257074905892336,0.8156022977645705,0.6842169584136815,0.17892524003081994,-1.6267576682964175,0.561470768230725,-0.8183006143442051,-0.529257470624542,-0.7301862906640103,-0.5471416058946462,0.5371576010161062,0.7686012296015524,0.47996526958987773,0.057671196954379764,0.7613169644477341,-1.530732128152276,0.5550677652430748,1.0110754255703531,1.0033501379447802,-1.9820507669415173,-0.5424150345958243,0.5164210242943431,1.133528447215177,3.0097933762653324,-0.2672642247635689,1.0397720875948264,1.79056928390823,-0.0748604374351023,-0.26854433768134434,0.5491757917452929,2.2473273527164594,-1.438165862723962,2.0914138094427708,0.029964566277210877,-1.1304874054014198,-1.0952900956028588,-2.1112621932247846,1.4617897108810085,1.0633699494345867,-0.8325387050512083,0.5710585366946258,0.8736693113425857,-1.0262284793021514,-2.0624483932364175,-1.1146880759876767,0.28869005570508893,1.0077368121074204,1.2839743823378573,0.6280973576154049,-1.3153692662311764,0.8451978450045334,0.8932789500160112,1.7513584673181153,0.28955205657180627,0.4170982167165432,-0.48034042872186183,-0.07054608112970664,-0.22318544818284736,-0.7088867820039654,1.6935956500240965,-0.7849971738952916,0.3765391415264037,0.6884195642766867,0.13800519293798638,1.2952913703955538,-1.4502402861959534,1.8085870031789733,1.175261713661544,-1.399010386301476,-0.039655606217805034,0.1906183322653215,0.9574530337737044,1.4765014586988592,-0.05066005389490352,0.7481056591634799,-0.7139540661386679,-1.064169290876979,-0.20729904354658557,-0.8014651887429027,1.1062281380671886,0.44185923765627677,0.19868494759557218,0.43087109661128764,-1.5020158409546256,-0.6462805264361356,-0.8007408969582289,0.11178484187706658,0.31450000394815897,0.0027718312705631784,0.4360199989971242,-1.863135342060721,0.7593913545716588,0.2346261529895297,-0.1655466656529307,-0.5000715067480626,0.04975173497951807,2.7322715883249042,0.7205513697331497,0.894884734305998,-0.1241787078880974,0.035962109688415,-0.7859302769463992,0.20004133452601464,0.2859660260890192,-0.7779248107531653,-2.459570125445517,-0.5424286507512772,0.197857632881484,0.1637032114038314,-0.5450068817526369,1.4111185925437395,0.032753387115238126,-0.952895578411163,-0.006560277287735814,-0.6220600198451125,0.22738903573555372,-1.0638880237137116,-0.09120762072589941,1.3515272631015594,-0.2869464244514742,1.8650049092528584,0.978097078528305,0.025611005417285244,0.4759163180628107,0.7149186966358639,-1.9584495656892689,0.704527811495079,-1.9492927920822005,-1.7841852929984658,-0.9862378461820119,-1.980144557627594,0.19175943252160996,0.9901931702166737,1.5667399922932828,-0.827527487529143,0.8709288251631363,0.7613231345982128,-1.6545892565333122,-3.1891309334227187,0.13594088116890854,-0.3352281689133399,0.004907759484851115,-0.5339423558119714,1.098498843065236,-0.07275015473173851,2.2195301218077033,-1.3155660316407196,-3.255299461987253,0.5457014772296233,1.1836817363960117,0.11445430313003788,-0.4562183884759069,0.7690576984987452,-0.72646945093925,0.1774333567424058,0.2617101700568796,-0.36079898197275023,-1.208035496563727,-0.8123224302891212,-0.3601300374230669,-0.851210696257728,-0.03346302999341146,-0.1681707967092087,-1.2761300827095121,1.0476530304655811,0.3768029871019504,0.25772850720155405,1.3285403289375588,0.19967584182842218,0.7403721655692662,0.3091439825557545,1.0339547269361948,0.38133294431296477,0.5075767259642511,-0.2835679159328377,-0.7124105165062844,0.47990871720084594,0.1599391219593569,-0.7985504348235227,2.5922464054733174,0.014531331442783221,-0.4331466837033618,-0.6722729096113779,-0.07013405369548595,-0.09241061407216986,1.3096543509590535,-0.8881809970491954,-1.2443553505074982,-2.6855527663141308,0.24832202496439412,1.2473742213862613,0.506671182533502,-0.6532076956876409,-1.0744753216845768,0.6037020096577348,2.794614955225524,0.2217479940146814,-0.15473431459135426,2.0805550085931155,0.9028080674183304,0.45493685340144957,-0.2640041050750327,0.16494941042935912,0.7991846485250362,-1.9144987006602,-0.6385783022063164,-0.510786769358303,-0.8283832145633784,-2.0617237194457783,-2.6572078823245633,0.020337393804202825,0.44070463387769476,0.7192151372650373,-0.4650013454649915,-0.5652040882813062,0.987154012463801,0.2931853721167937,-1.339842587203114,-1.3091116098218276,1.2122367558791214,1.6472871893319188,-0.9672001362054938,1.5582336140441195,-0.15347319147997093,0.34069065420141736,-1.1298967196262704,-0.41879829435824967,0.46389902587958054,-3.026603597398393,0.42878755270519897,-0.180825081520476,-0.08042468252661393,1.5130801280575579,-1.6372486513866413,-0.8221829874862006,-1.0088228175799476,0.4286134663075475,-0.1802950838878616,-0.6288055690213723,0.5260076595559776,-1.1102069196048718,-0.5961508073689115,1.0516174975086028,0.8031853428525473,1.277831058468339,0.764030954308783,-1.073156356269906,0.2974204990398522,-0.5512220282253838,-2.0231319555216487,-0.032095825017283114,-2.1803780338017167,-0.5932753803745173,-1.5708097994630943,0.7150325857000956,-1.8877302826412592,1.8283413916930609,-0.6081840219001226,-0.6533683424508507,-0.29000154617543655,-0.6441815501803572,-1.097459027679322,0.8945238457259337,-0.8213350993881753,0.8690469179426348,-1.4398484897211203,-3.313175252234635,0.6903987595657275,-0.007754119131855655,1.0842775781982816,-0.9748877026323319,-0.5933588743077352,1.2380405038600384,0.7330017028207316;-0.3489842192121394,2.600438198710966,0.8676784179655354,-0.2521453798671999,0.4992003171906631,-1.7095168716767375,-0.8807955822284732,-0.03855917647813212,-3.631084156015363,-1.7340037820367975,2.0893091962142547,-0.5174945371936048,1.8143280172694125,1.9058282703667897,-1.539806415540236,0.3959420946194711;0.5893411551100205,1.7826402381287498,0.3340406653229807,-0.4028109372362181,-1.5942577278419137,0.4015282106121568,0.27273496629876226,1.3634908179302048,-1.4679411540256324,0.6276532393021108,-0.6507356284021754,-2.576557465109691,-0.5922830330221421,0.627929138550331,-0.22919827463314732,0.9011456392963216,-0.4566978787933386,0.7335431651569634,-1.222983853115487,0.6589641353434332,-0.43309871387601073,1.1173173667408571,-1.525299299240471,-0.12132861545563584,2.521167533184748,-0.4607509331699171,1.6093350992145228,-0.5872977806275002,-1.8255159624004227,1.9761851007156797,-0.6870149503480013,-1.3101064028206184,-0.04152656151887177,0.5849132992238889,1.7737224822621172,1.241827346838169,1.0294280506740698,1.642092033407576,-1.8387518700716616,0.263718177042922,1.2165187518232068,0.2875606206940589,-0.4051933542099771,1.4629926820312833,-0.33658132368902666,1.9996089679059768,1.0048147395227107,0.6614913585067279,-0.5267649204757392,-0.8562179353121194,-1.1548916632168873,0.2579315234218105,0.5988774217001285,-0.7909744963232839,-0.16284160166409883,1.679653608029939,-0.7242725925033876,0.13965605721708851,1.3463331695799405,-1.2674152330845276,0.10603881191239095,1.3533997483073354,0.4320950405540257,-1.1206005344741308,1.64413074921964,1.3607626303426499,0.5232184758403287,-1.81332105817665,0.36016917190416065,-0.21314155775674573,0.1039723501946751,1.8006777564269443,-0.6082235316053939,0.44884884682551596,-1.6978342224964935,-0.44744360849766435,0.4163720704496083,-0.034923663558629706,-0.10692668988647644,0.20970048091066373,2.2289236653057167,-1.2449339375736062,-1.3688725037790108,-0.9622868051539791,-0.8540899632889939,0.652306554523,-0.14833897372808064,-0.5601374556177894,-0.08909051628364507,0.8881700940321811,-0.7011874688010171,1.620722609168237,0.05954993275857193,-0.319799560711721,-0.06796815041437954,-0.20813390359931735,-0.6479976365120004,1.4573856351817218,-0.27468921235858657,-1.105004779877028,0.6277611213246856,0.043766811968679584,-0.6848397595625954,-2.4021618659307524,0.7761032653412224,-0.36224021357621494,-2.35849212658854,0.19920197808477919,0.15038779538696456,1.014610613885235,1.9842379743156868,-1.7529582727707589,-0.7110140783989487,-0.2187566350002292,-1.2377678466282447,-0.07993295027148584,-1.9983410772360524,2.0230614962177476,0.25441548884695503,-1.3802424901947337,0.0546675921034227,-1.0424784056467244,2.084103289470753,-1.0918386701756395,-1.545639950444847,-1.2834809881950926,0.07716661154379782,-0.2031807234836919,-0.27891330590307717,-1.845748507554369,0.47965427359423657,-1.1917238771831988,-0.7388591474414611,-0.553489111552693,-0.7702002466784076,-0.8187623646029853,0.5171924481764245,1.6817193428280426,0.7289277499647944,-0.05163610338323682,0.049343431861162634,1.0469006519955841,2.9341943110208657,1.738960131014875,1.073208270688677,-0.7363403957775942,0.5622016377185097,0.2530233580766381,-0.01641207794599306,-0.2733066625272356,0.9185191494704128,-0.04105440810450069,-0.42462816905349104,-0.5159038134122675,-0.20167540771545486,0.9760474015227859,0.3034108719289791,-0.7047862014678642,-1.3437324824810666,-0.8255873038823203;0.35914302888831867,0.97154916214478,0.019248923259970373,0.2767107660703577,-0.3333373946419479,0.6950142935130611,-1.7879683980900698,1.5651281135169997,0.7561348143970678,2.1508153483468795"
26,0.049281229233676116,"-1.759461143578958,0.6487331756115657,-0.5821307009822422,0.8285998404477186,1.356870751508962,-0.3166427145340882,-0.32417752820180923,3.0903469455865595,0.27504278105030494,0.01570769590989346,-0.7803082961730613,0.3106311391703013,-1.2351963705713873,-0.4547642002665223,-0.49461415913831475,-0.9027322891257675,-1.364203072993292,1.1224416816763825,-1.8817535795522424,-1.140399741076443,-0.2983942270245674,0.12573552691477546,-0.6460500893661887,-0.6908046458651345,-2.0566438436008756,-0.5129497542269217,-0.12518966407683685,0.7444209137742392,-1.2439436897274747,1.2619590281011739,-1.9295056035309304,-1.237985853712563,-2.370857298742971,-0.6455074836673089,1.3055665240028247,-0.2430768242557771,-0.7086726335430154,0.1061476836446115,1.3862056997506773,0.5636233807382001,-0.1623720713184,0.771297513894313,-0.9472272017565879,1.4534592256896375,1.5541422775609177,-0.845806366147338,0.02973953549500441,-0.6747934023039851,0.31744312859616153,0.05247944009600149,-1.57418993089903,1.2209870480716045,-0.0917141964837444,-0.47808002341641953,1.2822375987281411,-1.1842686165000238,0.6970733862676056,1.601390426115439,-0.9973906736029433,0.585643592943681,-0.4374127340238547,-0.7298389076092835,0.44349578462633554,1.719457378094989,0.9734850994399945,-1.373160501655281,0.05786281547983499,-0.7136664054485812,1.2234400190887014,-0.779771089176909,0.8804780208927243,0.9467840463287018,2.0491754260507684,-0.15067554040335032,0.5386377559817176,-0.5745444223238765,0.2249952458175321,0.8027534835858459,0.25507619191638287,-0.40537988117074975,-0.18575293941514343,-1.48268900339854,-0.1286224250244828,-0.5141183167438722,-0.18451553639078305,0.22193596421027,0.45314733381414624,-1.1467491437497122,1.2165389324221183,0.6203498882347143,1.656423463056695,0.8658749194874535,0.5544060479374785,-0.2949659932963896,-0.6684194013387823,-0.3879010505168579,-0.27173724493832585,0.7105292227507691,-0.9828956983833343,1.210128171370068,1.1526029622112612,-0.574944898457419,1.7262457530916628,-0.6513673975605363,-0.16938372768264523,-0.3107681967161784,0.5746783368825401,-0.7108298701695527,1.2793603296088432,1.001013528892739,1.8472919963177339,1.0812594759840417,-1.1418928622973183,-1.633067665098511,-0.2580950910383282,0.6996544415495788,-0.3425643782128641,-0.5890071057689967,0.3075488518756929,-0.1252138461431156,-0.4752454064384466,-0.08005070023132613,0.40464893552277803,1.4514279396364063,0.7629453350941487,0.537132783939641,-0.09665636548367909,-1.5143826516855357,2.2596845135486543,0.10669317334107817,-1.2997291778815356,-0.1209670668244812,1.2528384512808242,-0.6013516518571882,0.31011804549429856,0.7430540559350998,1.0215494739735869,-0.3731694943849002,1.6725388156727763,0.27941637029241473,-1.732561425634915,0.06764672366152434,-0.2543823459140371,0.34215346404761465,-0.42948661463597027,2.0301722843021572,-1.9212407053406613,-1.540915689744612,-0.3429791722240614,1.5052011329269546,-1.3143111775090524,-0.05318254995812682,0.5034927719942629,0.2205220483480048,-0.03264834805939946,-0.9041938806619049,0.9990785314266775,-0.7095325528648195,0.39607378862354775,-0.060851347086428226,-0.9496860408227767,-0.5593954909429625,-1.1428170638832156,1.184988348773752,0.7276259454457492,-0.8822710480684544,-0.5607263304931417,2.026862649322482,2.3124287340781535,-0.20684752484590407,1.983482499848979,1.7393717848083758,-1.8117180021356467,-0.04374133561733587,0.693470647470602,1.5665637337302563,0.15346255543387333,-0.39873230940590776,0.6958508893941913,0.9531813876058901,-2.993199353473514,-0.05881502243020034,0.30373402634757,-0.41979955775475447,0.7309542660433911,1.320469661278567,0.3738033307405819,0.6854393729866677,0.03337175842973375,-0.27723894719244013,0.9255485171754568,1.2459671932179786,0.4920448323590161,-0.26534332382631537,-0.13290474513499606,0.2459413813957633,1.6312866099522458,0.3389019751615195,-0.12696922984484388,1.688768163029759,-0.7720317922247236,0.18759968025410637,0.47659102988315816,-0.5630837308486173,0.08131342926669276,-1.4299281609040038,-1.0146454828661127,-1.1353653842813454,0.9653895831844294,1.1819379549893194,0.30938659887917536,0.47114155390383633,-0.8202012614798949,-1.5466303040454392,-1.2444350356668683,0.5946950855508895,-0.9763670366596587,-0.15950652303428406,-0.15673903885926754,1.02064355536497,-1.1074787994221396,1.7757246065635004,-0.43281737960433586,-0.13278282311826642,-0.22685032201187552,0.4983873847556959,-2.2620175780910334,1.2590383805377297,1.0924456486023426,-0.5678116978593498,-0.8887690537808423,0.14848474640880818,-0.6824451416753057,-0.7372440014523493,0.2335083036334422,0.8562582980463378,-0.49349607269718176,1.3622895799411445,-0.39928898288952097,-0.030229650309975473,-1.1826778826777078,-0.6865503196299859,1.185008037636093,-1.2484927266438668,-0.9322729648841395,0.5118362212575853,0.7654177345925613,1.0726270833661882,-1.1296323765316947,-0.19921832696324682,0.9655290372968308,0.16162744179816313,2.6087311619426874,-0.6673980591400918,0.2152880278442721,-1.1123914513897304,1.056035425291752,0.008185310205082764,-0.8391552213472224,1.345796119106708,-0.01028388003650102,2.169074805727596,0.1640560277018818,-0.7000471679742987,0.10791228460310828,0.6755161589770746,0.4763933385771523,-0.7492568387998274,-2.0079534219817994,-0.7249310805271173,0.3676418417098338,0.3322155459175488,-1.0416811796445975,1.7874181911986595,-0.8690269511191531,-0.35719738825168446,-0.8172498295980071,0.1549917227252584,-0.45184322233072327,-1.8257692390956966,0.8115984013081581,-0.457528467477476,1.4932113285081516,-0.45168308373178234,0.5800718134726403,1.4923664783445618,-0.18808325061397585,-0.5606550461269916,1.9206523792594519,2.860469848511751,0.13109242977710983,-0.39704341214414246,1.06799584096418,-0.7280129548336145,-0.8108541841307109,1.9215300761286802,0.12077664893339643,-0.4736268646926987,-1.8241827111541777,0.3647993189578908,0.943891224933513,-0.8530850645295898,-1.8918065016421572,0.953994010900602,0.5244516083031499,0.9559145392467616,-0.3083181927278704,-1.5222508357761182,-1.2793826606536982,0.7682286223010144,0.63874766679451,-0.24797461021084163,0.6144588317011639,0.07697436155435321,-0.9529821385687288,0.15837308001203707,-0.7583487706168703,-0.8084422497227259,0.4131697019028764,1.1992924469597925,-1.1581324047727546,1.3223521044708293,0.6843321384666772,0.36821544702487574,0.9792586341453915,0.999272705639037,0.4192035522326313,-1.6832915152048709,1.0408145411698229,-1.155739089083564,0.33150511848243946,-0.0987503306445695,0.9933930314079519,-0.5108374299620885,-0.34254832031928467,0.234131876218298,2.4654938521372305,0.6807841647605466,0.5473200450252556,2.0964234369547174,-0.019806106104034812,-0.36337425079667324,-0.5287270949051271,2.0909489763441393,-2.138980226469548,0.4326323559379591,-0.4926303799061533,0.4791448246383311,0.11846162579829032,0.06323965689233986,1.3646007625653156,-1.5802383630884609,-0.32421553015760296,0.8649119833679457,-0.3383202069315053,-0.17983433874200708,-1.0340655795059126,0.4679418018322088,1.1054189838190915,2.108770323942562,-1.7295505190128961,0.6427608030403728,0.829798147795995,0.10888525151183043,-2.583363025080103,0.18316262758916568,1.090688212748162,0.33981039907090815,-0.7237077858097782,-0.2310675554506661,-0.02697143617676029,-0.35487293679217774,1.094753065586348,-0.02597988635562589,-1.2888885689340237,-0.9996772204576184,-0.5986244724911353,-1.8074219989858487,0.8790609913831594,-1.0647242286804588,0.7791024433103647,1.5523408034527244,-0.4931301081576162,-1.4760462456533088,-0.21111879342482398,0.9369971057909352,-0.02911723087380147,1.4521783777849362,0.3307942148847467,0.6376561355746824,1.2208379743977094,-0.20557309247841704,0.5913820086518551,-1.1594196983897607,-0.9761826287252227,-0.39720436529250824,-0.3061390991413151,0.24946355197077827,0.6055524970544233,-0.9586913417966363,0.7672460222005804,2.31371688077192,-1.1696809116223705,0.18523407385046187,0.21862135409418754,0.06587682836919355,0.44353482441890424,-0.02629502955237617,0.17838450759984015,-2.0558494262211715,2.036018161089473,-1.8395790926677857,3.555337374444036,-0.0045073927712595135,1.5862594271838344,-0.07239295247883958,-1.7316689093697075,-0.7913264929658613,-0.7086789336114774,-0.3360637084850564,2.0149283421895503,-1.127083411774073,1.054086912290506,-1.7802407176000303,-0.7286496539052242,0.5601752866962096,-2.658809492347686,0.39473306268135394,-0.45245756257749536,-0.8323890122455732,0.8314150048742128,-0.6182322012063791,2.0366471346706394,0.8118921280428552,-0.23990577472251565,-3.2611534022995534,1.33530455245454,0.5692402096896814,2.0456673650620014,-0.4769307195213527,-0.28459123728187397,-2.3364986837136223,-0.685799036752677,-0.9826638911680473,0.07082560878701825,0.5870138905728343,-0.39490076455344647,0.006085225694481888,-1.460043144090075,0.9840343955781358,1.0159903793227092,-1.574894874087827,-0.2731521806643574,-1.7089388566618253,1.6696926994858028,-0.49339608150111414,-0.9473266429240514,-0.18622076131012694,-0.5650650014692691,0.5187043768870244,1.0663063538674886,-1.5532002390387039,-0.024113778269954853,0.09356628297590307,-1.2021490726922546,1.4707445816732112,-0.05414780736488531,0.03864327059850832,-0.8667303596954625,2.440815556716733,-0.1751401396440168,-0.6505211976818887,-1.683165140635193,-0.35721451287704076,0.09007337958378102,1.2708010389726163,1.0752923666976912,-0.35163647292933975,-0.886784753823167,-1.2247414920531983,-2.0346850081975525,0.2315724863021926,1.1477279388075758,-0.8909604372893533,-0.3382821130544837,-1.570278192974883,-1.4421188093959245,-0.15630801215472545,-2.2402655206840776,0.6541165651519959,0.31245597323082347,0.6628981092689983,1.0154562354864194,-0.7994843518878423,-1.2386311579892506,0.6142803214691976,1.1330986530989056,-1.268906002141259,1.3952913784584604,-2.2934711590007772,0.08503967930699492,0.8841615281751984,-1.369925205189388,0.7731129266572979,-2.1906735645100803,0.937500861736529,-1.097908543114076,-0.05585523615839631,1.0477567644572974,1.274677798857808,0.19622402636203895,0.344408081678062,-0.8298131826567245,-0.33845197667736104,-0.6177725500895833,-0.3807197921030451,-2.0477869702922047,-1.4093456407429716,0.3081294779262717,0.8455441863586913,0.4908849775736979,-0.24157344552126453,0.6729983999359364,-0.7189401508093184,0.6190515068127069,-0.5550755401181524,0.15227093183440144,-0.8493978190050757,0.14096596935527794,-0.9216779444802139,-1.2953846083013076,-0.4167540205109899,-0.1892112495214494,0.7060105176313807,0.7279844925746608,0.7807391379663218,0.49427112164446807,-1.0095263521658484,-2.229799239662692,0.39303242320402143,0.30634583897288914,-2.451769802556473,2.204183640661108,-1.1316938711878246,2.2341647920863097,-0.20094066732775737,1.3234948760818592,0.34325027232135186,-1.040792944708859,-2.893606762415643,-0.1415587100300078,-1.1835476825575202,0.007923772227978715,0.8140549664319314,0.7973389157233001,0.20585636043588773,-1.9158862747257461,1.1938986131445302,-0.13370907763305284,-1.7163726613658785,-1.3091224920317404,-0.37196812225441206,1.8571817660585224,-0.7675245300353832,0.32173247064714955,-0.2587952705669372,-0.5598454425433623,1.6468536813728853,-2.172472775382474,2.361362759036816,0.6823207645180096,0.9258795960511829,-1.2739248954986848,0.2677669821280717,0.02887437818503319,1.9896004657619075,-0.40090781904537076,-0.3279793544175962,-0.9349061907383145,-0.6618606548638437,-0.5325270658316144,-0.18285891031685347,0.023811582440990624,0.17630813623334035,0.1563395500665111,0.547071527680872,-0.5915299450994848,-0.2000508625265721,-0.1202369676417676,-2.250101280330389,-1.6607888961895112,0.36263216315626956,-0.8744784767167841,2.491105486248131,-0.9959312456296331,0.8961607667811284,0.3924105291681239,1.6640378516336738,-0.5560004188520264,1.214703089280687,-0.2295881421120185,0.31698101820018504,-1.1041517331558546,1.0324822228220325,1.5030086001892158,-1.0920409991306914,-0.391606324034496,0.7376611703366752,-0.6247677750645431,-0.2987633413778501,0.460983072768451,-0.10100971617067638,-0.8779137402486236,1.313070154997656,1.8266502682774715,-1.5284739119853468,-0.7738529252891392,2.5751136329045567,-0.042403911208351686,-0.394564843409021,-0.26993465816472195,1.154203096671337,-0.031019391331711332,0.8824015749183968,-0.5041314053066976,0.3981039307517228,0.33127428934394343,0.8725469081230546,0.007807202008630609,-0.9374087758793226,-1.545742561878101,1.5284278286233532,0.5464876874117893,0.3017917513559665,-1.5859097515084248,-0.24956417426604963,0.04006321854832926,-2.2732586735657865,1.5052500837259863,-0.09657111988394296,0.289645361915177,-0.3887426202665395,0.5149538556996578,0.6817870055157076,0.3099781145736401,1.1064355916609985,-0.9653491576452053,-0.5765047627995068,1.8279372493003874,0.664289364169569,-1.121708438104266,0.5047242480067946,0.14254583456497116,-2.6847995781581853,-0.054133179837354384,0.940271589589133,-2.3406869097237624,0.255220426249682,-0.6086745079323261,0.6570225974441902,-0.5150665920142228,0.6309215132937219,1.181705743423794,-0.1732829198242956,-1.4676084330698644,0.2244182465542956,-0.013685689133102617,-0.29419626655519815,-1.442734304769645,-1.8129350688200159,1.188354322595138,0.3402198030790648,0.5583797387076495,-0.8619608855436794,0.06227023130570495,-0.15606962951128905,-0.9701125821067162,0.8638060729233517,0.29170048067942206,0.9951193583610538,1.3517240478951298,-0.20525440046097093,1.5177372432694605,0.37271719793593305,-1.2609056164900874,0.8888858469371854,2.0654890401169217,-0.07872624760393857,-0.09695494638855084,0.7929442123591698,-0.9007174758205879,-0.04784536486173667,-0.3665841621639889,-1.2674645059794083,-0.29576758391137964,-0.4512668560698041,3.0673402595062833,0.7540369316358095,-2.597661246389102,1.6940991405638075,-0.11242194702284193,2.3321717572544958,-2.5950654276173215,0.7388113707450559,0.7033998536198595,-2.1666749769837277,1.182946835792787,-1.1460377008670726,0.62957378060192,1.320136010079759,-0.644808032496048,1.4183889179662263,-0.32629837053029265,0.6871383018389593,0.8986319287769781,-0.673466869202707,0.641568389879261,-0.451516705304578,-2.1696854825832506,0.5760058866567752,2.226482075413062,0.08529352994316185,1.9572608385218495,1.6660029619737229,-0.8195064334425729,-0.66970916029439,-0.01738658395337389,-1.119361858400519,2.590769109305739,2.345049176418337,-0.5609995938759533,-0.1602052564514878,1.9161593568360906,-0.09594841003394941,2.297858625000801,0.6611244930783658,2.610177456193345,0.9314642861067788,1.0159772515515169,0.6159120282715853,-1.3461313503691343,1.0442919114997014,1.5094555316154574,-1.8965108960731982,-0.30480308104934745,0.5199354796020258,-1.2715069315325984,-2.571635150573975,1.511245645940627,1.6546461745018608,-1.7597296521290917,1.9331359655279743,-1.9581742223148133,-2.3021144652362175,-0.5941764942058002,0.6110815691307323,0.2883598886522213,1.4397236279277863,1.1191116528884242,0.05853545118430717,0.16421842096018555,0.20726532543134335,-0.29458412864128825,0.7094942159783657,1.5142612241767706,-0.6061521367612315,-1.8262755449320012,-1.512399464708619,2.5687975440218707,-1.0925610300874355,-0.6704723651580652,-2.880921867465884,0.9969688867781841,-0.623847504525309,-0.6432821016543517,-0.39687632940450696,0.6832096821061043,2.151689499746487,-0.5160207337519352,0.05282083409577387,-0.07242597775294257,-1.5293530047119324,-0.48071628110632875,-0.4820334149546545,0.2559658155180458,1.257011134235249,3.319899614194661,1.3106770865749844,-1.9016798539799036,1.0931616144995655,-0.3233090426537794,-0.11373400836300446,-1.860736993073888,0.9548765139253947,-0.06463929276512666,1.5842440148211405,-0.7564629983914067,0.043034447031301465,-0.5400486559971529,-0.5734080128422795,-0.3255646007441748,1.6850740078692237,-0.9970767021304487,0.6711555963066091,-0.2578715543797282,-1.9598978156537712,-0.9370558128141224,-0.1601504659675453,-0.6190547900588861,-0.07952471501816114,1.6482056529663547,0.6665707030292924,0.764471393037122,0.6996822891845937,1.2158816799440098,-1.6013605667532556,0.5395689004204033,0.2524723981963641,-0.10879001413001767,-0.8715428931962612,-0.24699524201146347,-0.7069429980383443,-0.15438740343974555,1.122315641591952,-1.3668569474603478,0.29034510947450753,1.4920980065481255,-0.7731195504247268,0.09768252930693114,-1.5613910637995505,0.805392554909814,-1.513889810440983,-0.9716525030353265,0.664738666080617,0.6865180373720732,0.15933539425827062,-1.2842822864947652,0.17437017538609545,-1.0093541544116709,-0.9509189753514874,0.24009548230559802,0.07296106389329118,-1.1815537682597859,-3.1736739948528747,0.6384452911687213,-1.0162837688970132,-0.029823462622001973,-1.529715319185542,-0.18106610293686076,-0.4497860410070629,-0.36796439064311987,-1.5450724951276407,1.974847241641522,0.8567286123021014,-2.281907421278606,0.5684033424273915,0.05197145855451703,0.6371361528057511,1.0099505770910102,-1.8235609551148553,0.2199917403526713,1.8620787991896508,0.034340815365445754,0.9946255154008182,-3.1044993755906116,0.9781054645055727,2.1796294369163105,-0.20362069084862813,-0.5800691111267791,0.5728312486837832,0.955523208341564,-0.5693145563911584,-0.7885364074624002,-0.27351312400657374,-0.8983745689662905,-2.12240122568527,-0.8423804974348293,0.09595919190313337,-1.4243866198076178,0.6564016159734415,0.7231779737490834,0.3055261757611172,-1.849828727944888,0.6170135722638611,-0.5174309147243019,-0.9641397479359292,-1.0074240392852198,-0.9113676504296092,0.6685210355096022,0.9970146535310923,0.44334920252360105,-0.14452163672564095,0.427104152997782,-1.6396439601274613,0.3461107333449366,0.5869623781446318,1.5973574691375658,-2.0524094685390333,-0.5533550846182385,0.48484988262888173,0.7606925113415394,3.221769179397142,-0.008177396548820246,0.9034234586343219,1.602646843280817,0.038372369023050044,-0.7458713903494357,0.2745423646956311,2.0875625114144256,-1.2589750325392224,2.2013297409649306,-0.008067481835757244,-1.6333822243626264,-0.7845235981625441,-1.9353080457830332,1.6683506365540126,0.7070595818480412,-0.8591195444947707,0.676415229373252,0.9684552646555662,-0.8165504475683717,-1.754607926206644,-1.4239592354281314,0.6714726232034298,0.9082006088205014,1.5384615181800345,1.02453643892724,-1.1411902480372869,1.246780532841754,1.0360299099490382,1.6563446894433518,0.2527478400902956,0.5533668841202917,-0.8214875105476906,0.12201202285127444,-0.25381367855547915,-0.27746909740670267,1.3072828867815924,-1.024154016446372,0.19652656700578663,0.43770600012006733,0.2040931643681278,1.4014605535055726,-1.4727039137788625,1.9460482929362777,1.3375352043592132,-1.390463313905893,-0.06623622252667839,0.19718543073500833,1.0089640865314877,1.3281313790810643,-0.17592833449993545,0.771083389790886,-0.9046454496483296,-1.0872981569940297,-0.2884131562224484,-0.7988906601720759,0.749781613122451,0.24270236871216472,0.16119548757573401,0.5061968578521048,-1.4207204578313262,-0.9932791622154418,-0.6085855636963667,-0.1596759067929043,0.2666294238048388,-0.13351572323087457,0.23839269634941662,-1.7321347585111786,0.786535758783323,-0.23052065031371488,0.3791555508515455,-0.5838511352229065,0.054868957903136076,2.9097547309631664,0.4418265852815798,1.0310471948228512,0.3431105001460075,-0.02282222360991236,-0.6381621460485986,0.21679551934656013,0.11029933977563983,-1.056355280514099,-2.143702714134969,-0.9020931148189075,0.2815733847006606,0.02675792592315929,-0.6631023201510469,1.556327389928994,-0.5169812394097373,-0.8396675710993018,0.06745316957555156,-0.6433233652003665,0.3894647138284078,-1.0547012660135313,-0.13521116228850288,0.7554660041756548,-0.19446780927458124,1.9636230399176349,1.304713542918007,-0.3269689556448429,0.729266679449116,0.9634828932190415,-2.2974981763755156,0.7611087216134913,-1.431065807082416,-1.8753724921064976,-0.9217854842868122,-1.7425872780055054,0.35465866643126637,0.9612699911353779,1.7489362922023117,-0.8974761816141495,0.9543687461581979,0.7105270986811363,-1.5317477050950226,-2.779932976399193,-0.08341106099438397,-0.08979725753680988,0.06810284017269368,-0.8778218684975332,1.207574052342889,-0.1571291623933625,2.479691368541617,-0.9616008745713924,-2.7917832788380084,0.37274205415958955,1.0563155257156422,-0.06640876888466427,-0.47934890157937016,0.5652485120907157,-0.5548269479143927,0.477303108358005,0.187974334750244,-0.3718974018091022,-1.138366415291411,-1.2448909436358317,-0.7146915583019714,-1.0701761475968836,0.09922610329102137,0.0658296652247245,-1.4518814450752213,0.9988009291496855,0.5362651896776622,0.36767726272293416,0.8672223829904812,-0.006998723392395101,0.4096041303183151,0.22203452922738826,0.9266950231267869,0.5429929733585765,0.9817747108410634,-0.12296479043625427,-0.7364010686098258,0.5009892507960402,-0.061853907892736495,-0.6187790090300803,2.7413252262526973,0.02255909769312489,-0.028460663939490177,-0.7115280272205822,-0.3340898134310804,-0.4870033711767433,0.9308992881973269,-0.8576115208691095,-1.1099833172218965,-2.8293523945757015,0.11810363397442672,0.6888881079686504,0.19961383645837322,-0.6200844165134929,-0.7689636666622011,0.6058876287665171,2.382688638516867,0.3246216964308527,-0.5897708867483342,1.9652814940378165,0.9952201407074411,0.3702070650207019,-0.4001973296908588,0.1695288151995635,1.0211701986270014,-1.886082673686892,-1.2194784038918711,-0.678435110673264,-0.5091186137457895,-1.6847346401838332,-2.7166899147348174,-0.07884056709184353,0.5037572481801469,0.991173337832125,-0.5349958081749364,-0.26536933439693333,1.2976267835687019,0.21956502852490842,-1.593909926687287,-1.506231241806736,0.5385593503859132,1.4084349406600172,-0.8288416288288719,1.1572824125243562,-0.014733457330090488,0.36878450018812825,-1.6612801841031444,-0.25228676071078093,0.40851551477387743,-2.9250230746819366,0.4870763510415209,-0.3131261947590767,0.07449905434270206,2.019241583848135,-1.848375938401841,-0.7855680748185198,-0.9992799707784209,0.5368364805862632,-0.16787822235173885,-0.866441561451564,0.9239337697010116,-1.5475971581753951,-0.7286495835193776,0.7329053607440308,0.35776255258837053,1.4013520842323914,0.8348352730031277,-1.3998878855634778,0.5704814413617244,-0.4782392313457592,-1.9266247080549748,-0.2915891533218342,-2.3344520646587537,-0.3846913662032859,-1.4559589257768026,0.6200012169610944,-1.63724739172045,2.053945036712467,-0.4052317414699148,-0.6395183741792624,-0.2564511980253883,-0.971319157710594,-0.7804410263702617,0.6941353802896545,-0.8826195247712503,0.7983060069134784,-1.285998583247508,-3.1868396500803895,0.4887254535991899,-0.42656418654772166,1.103050061832809,-1.152878516932855,-0.6079072595560537,1.1836752696682427,0.5328395291406951;-0.32775060639746023,2.8947443225336276,0.528080510931797,-0.2047959014961903,0.47247786230276373,-2.080437120996846,-0.9413626447363639,-0.005836796387383825,-3.7911128791489825,-1.441079479168261,1.934068105689917,-0.737419892176912,1.5866409381003108,2.0644928973253798,-1.5151089711183805,0.15805912947399825;0.475254607018176,1.882565442273517,0.2828939670923435,-0.3857439357673258,-1.4531023910909429,0.47427572393942463,0.1259135540446641,0.9808054395395824,-1.4866441795000038,0.8191558102949628,-0.500883341015664,-2.1046373553888547,-0.6811652055870521,0.47488378862003927,-0.33649197269532616,1.1503964129047848,-0.5520389488431148,1.1677019519162317,-0.8371808131497044,0.705100947736866,-0.2946131969259473,0.9620939427948947,-1.5012141820931106,-0.5937529655404127,2.3673165004515493,-0.6204374853703936,1.4798120206148806,-0.2801311508728339,-1.6534621024051306,2.1492893718187975,-0.9115421379819256,-1.4846133822445815,-0.3602632936610577,0.8863406562708722,1.7215027920213082,0.9932235852906331,0.8883027190618258,1.5533436833887608,-1.6358693904463935,0.37803068743864066,0.9420728367262757,0.37675465333308145,-0.538284398745003,1.2998990520904758,-0.2696232908453833,2.333339718672096,1.1346867145499329,0.9326549206170689,-0.31383332380741713,-0.8903936774030292,-1.1464261144832038,-0.34339490761773417,0.6366996193420987,-1.1646621095653993,-0.13697648864163936,1.3585881065618515,-0.3641439741798246,0.2258445218710794,1.257741889504451,-1.0615193229923443,-0.34016447413504003,1.650670394393241,0.5949277388015053,-1.1062983798144275,1.5961276942080622,1.4396854359405247,0.8881312307385054,-1.8512857036371273,0.3317297974121223,-0.4363698156506669,0.1566744096747912,1.9892517339422267,-0.06421654971659099,0.5222274482372555,-1.7671799967761719,-0.354081124759306,0.2434915326557727,0.3925774557278086,0.12678531981624722,0.4156807767044236,2.149230391899635,-1.064268123128069,-1.8024986560046685,-0.687628874917742,-0.9700549477324768,0.6050300563323762,-0.1421384409815889,-0.31635517258802714,-0.430373376970844,0.6538081182351959,-0.6441528385089841,1.9081800791700074,-0.42713222884151847,-0.48743325815831995,-0.24985368534872532,-0.4818639564664259,-0.17019532560952894,1.1448537256333493,-0.5621559355220395,-0.7754876975711146,0.7322524293874831,-0.1035225882705615,-0.8992181991664596,-2.20542015446138,0.2952341835480942,-0.21004237732211978,-2.6217768431788935,0.3924447668509633,0.48325786610998483,1.061246635331741,2.2556950364446977,-1.417724446651573,-0.6538986241755398,-0.35787795786851795,-1.1882248865566551,0.04840713692987689,-1.755713902671446,2.107720400093141,0.29553261246164,-1.516889575972237,-0.025346119829583912,-1.0388933235572568,2.1513732627508655,-0.9726622825095678,-1.3747874155186515,-1.051253957806054,0.4361327270684564,-0.22116879611812149,-0.3078136892136074,-1.9422311465902666,0.7185151958500805,-1.2522118444356118,-0.614093637136135,-0.4988525852794123,-0.6444454715839352,-0.4707265679412239,0.13905914700268995,1.8203060989808744,0.956431781475171,-0.028848253056767845,-0.36991663515443246,1.1549322333551713,2.831114517911526,1.9264410268070793,1.3583188757975557,-0.8645578961588779,0.8561097204031001,0.774618950040012,0.14087889301476797,-0.3236176659024676,0.9208076588928997,-0.01632043041898499,-0.2191959057898201,-0.5355836022323395,-0.2565336143665345,1.0113065939534953,0.4798375258360104,-1.0549984780818322,-1.6216529165391012,-0.775303437097263;0.37079681015336086,1.5186707116017846,-0.04499398826347696,0.3774134256286931,-0.02701742578843127,0.7173175818515081,-1.6011861392653306,1.6012406743546463,0.8111391056260593,1.9481110217977398"
27,-1.4263589155633942,"-2.022159924223505,0.43228344590756396,-0.7119001535013121,0.6116795276268502,1.3354492799849498,0.08399793384470643,-0.27111931658314997,3.120508057436171,0.2670072319656145,0.3182907474190813,-1.1575707797633468,0.8856635944679323,-1.1580844896146598,-0.665798875154103,-0.5111653709214098,-0.6806514870846111,-1.1957107946778098,1.1133339446195532,-1.762740203646608,-1.2600191244635237,0.3820389757302012,0.07492157535458838,-0.4106827722248732,-0.9454385369708598,-2.362593926645782,-0.1693681314580478,-0.1054641080478409,1.2426013446557655,-1.1467282221020225,1.4950659712270513,-1.4051742222987678,-0.9324526031411364,-2.3730699455580613,-0.5474271050394366,1.2781668804434088,-0.2317768617838747,-0.3958215025955003,0.19328101966035205,1.536151956375412,0.40341374936022684,-0.16462357708097036,0.5326638424583451,-0.9307778781610672,1.790785538060797,1.5734518941235525,-0.5957819920925405,-0.06532582025958175,0.025627546427625658,0.46379258674028334,0.0815754080826471,-1.6029419906750122,1.190520103284556,-0.2275213524404105,-0.39061777571474116,1.220677780530296,-1.254225729252466,0.7121164739415948,1.636798714527144,-1.3633993794375805,0.7397993303804804,-0.3648090494743963,-0.4479000805164383,0.5027408573840253,1.5623828305730454,0.7559273820851355,-1.5140808129254844,0.07710034690038241,-0.5445812095006006,1.0207783863004813,-0.6264920595756374,1.0345148039870105,0.513780186414175,1.8415931442100584,-0.1670396724643739,0.5630296545157865,-0.7244080650624249,0.07920269991015977,1.1492636999039587,0.08520770212374035,-0.5972423190689796,0.11871398762711413,-0.9903631332263534,0.0995689148948024,-0.5558456929208979,-0.37868933161447205,0.18570661755301016,0.8099917931457377,-1.008208655980899,0.9957808267970598,0.583200279724944,1.092286647141726,0.9639037461091652,0.8445040719980905,0.02153724468652901,-0.3989118342376721,-0.3912636781829232,-0.25675065619528914,0.6814324957732748,-1.0023648079910141,1.1363591825955202,1.381004116026982,-0.7260237714774462,1.170574931410469,-0.9271890071054562,-0.029652823804886444,-0.5052770693890747,0.5201274614483246,-0.567232799926626,1.2615314857992537,1.3815353937198682,1.4225581538499044,1.589613131561144,-0.7063031888365068,-1.571867209471152,-0.6989653721900484,0.567784992570677,-0.2665480637102793,-0.5545920187616129,0.7308392800431637,-0.7899871334733847,-0.4666464437161721,0.04589019976872496,0.10221713469547453,1.538121467912894,0.5329958872779045,0.9319122047452396,0.21535554023474554,-1.3641498749759586,2.0602318278918035,0.14646524206938247,-1.3701755340928914,0.08623685404750767,1.295393962751029,-0.5169180022380409,0.09773893277639112,0.2449293579268716,0.7740134079327214,-0.17286164525558517,1.7252102606034472,0.6107134511445973,-1.5134226289474322,0.17670863949024265,-0.4433179080461934,0.24814668952316254,-0.5626887202116962,1.7043917740854844,-1.5427795116755691,-1.6678317634353117,-0.4837009595123024,1.4227379451129842,-1.165007803728978,0.043666335712496646,0.349042062910858,0.21759875582509478,-0.2678260837806385,-1.1693422136477782,0.7651571099743472,-0.9733353447172981,0.4175882030168919,0.2941719923767471,-0.9075278060779034,-0.913541265756193,-1.223645387149566,1.4165357808569927,0.4603829613174042,-0.9940407963679285,-0.4687555340255891,2.163240478545625,2.4430630498388277,-0.19017092242034864,2.0355752134759104,1.4914737429933178,-1.2412246938796647,0.008262959077660982,0.3275496713137874,1.2637210579977023,-0.006390109665436518,0.09765670799402719,1.0610592299959951,1.1286356908971962,-2.906127961090408,0.011095305848649664,0.37818278977611347,-0.3055647870747077,0.6920720783716687,1.0962836945819723,0.36671697890977706,0.5520582888291531,0.048780903048492655,-0.17433517194658527,1.0081197294656705,1.2110816141436829,0.41062556500863545,0.056933720223816014,0.12694888198852733,0.35234321113322514,1.294765993021145,0.23261101953201976,0.08375820361187065,1.8513739394490005,-0.594933732146625,0.2723821772322722,0.5044754711200531,-0.17425744141284163,0.07824328892198473,-1.210638081692541,-0.9520848708940768,-1.3250202012423464,1.0178362430111776,1.1589426792653796,-0.035970004702207334,0.17781575499543623,-0.3914652818324561,-1.5413737377020729,-0.9544300186558846,0.33622370356573184,-1.131833066851479,-0.17371801552771007,-0.4707665389648037,0.7390641682851715,-1.5814578405648956,1.8523918019159125,-0.43837994156492976,-0.04526813015674106,-0.32845740597526907,0.483472951157502,-2.019987617170191,1.8226608539288016,1.1042130003501227,-1.2795735810253965,-0.7451828765847573,-0.09587637121455828,-1.020210488300516,-0.9271273909287903,-0.30154164464109645,0.5180532415738093,-0.5680454371321538,1.0635060661692806,-0.41929044234640533,0.24318952450846773,-1.2367954302007462,-0.6989563989356931,1.0080100644981178,-1.2811331424502697,-0.8280642691942748,0.681701429321589,0.30407063394065725,0.994845279438627,-0.8495513289124623,0.1596232350548871,0.7400726574605454,-0.034503036163535616,2.728378886857484,-0.3512850728648186,0.1743411893288267,-1.2029346140721948,0.7731914996475193,0.08758209310584435,-0.9494674209519688,1.3498222325121145,-0.5057235576313339,1.9694048923234595,-0.044550698646810105,-0.5661837803272519,0.017536502557863973,0.3606382054103309,0.02656997801941563,-0.7856583955804494,-2.0991559755450346,-0.3420010940289672,0.2608773194972746,0.42481281315770303,-1.2991081909485793,1.583396412813172,-0.701072292837955,-0.054998659360973395,-0.9755217946675121,0.6464504028518046,-0.11824133703020993,-1.5786163427102826,0.8245607586306389,-0.24975607791920446,1.9634496153648544,-0.5259787673599452,0.6308816456930281,1.2675204114040863,-0.06327973110868418,-0.5597719015663527,1.6911695705672722,3.094934872800683,-0.05610486872019127,-0.24109896533976002,1.1056230578284867,-0.7179295208258234,-0.2458448344707087,2.192489614400189,0.7023375384657007,-0.14663129141087294,-2.0887652512020045,0.3722148827550703,0.9954106442904895,-0.7614982469486203,-1.8453395904658048,0.7995027254573264,0.5143768383644711,0.9707115804963443,0.056211125151572255,-1.4964530360577293,-1.5302706001120088,0.457215753350703,0.5379176512408572,-0.31773907583419125,0.4268546948211951,-0.0488403594327248,-1.2799756774218833,0.2576134044713874,-0.42006577725167776,-0.8031168131070533,0.5651598635268221,1.0945863731025842,-0.7961001015165755,1.4849527214878075,0.9688051962246856,0.10572544055765692,0.6187341405224082,1.0570940262125965,-0.06939894024914137,-1.6712821432642782,0.453399300397944,-1.4912749922087003,0.42714071550688343,0.14919772564959205,1.1987599805802576,-0.04595538722128997,-0.6150415652668558,-0.14148578300461095,1.9195158542752162,0.3226020496466706,0.480126512679113,1.967660879753391,-0.2406883241508157,-0.1883791884580517,-0.5704822096475959,2.1003031697552843,-2.266224885760148,0.1603275550227067,-0.4276781471324481,0.13459859428259602,0.2008751633203073,-0.09271644388407575,1.0913274319457673,-1.102628648043413,-0.11978133246463182,0.6462408028338351,-0.3677808580609886,-0.19259344282006813,-1.0675716987214539,0.9513453082027906,0.8929136224574696,2.239200724392339,-1.7746454035680796,0.5401736038137951,1.055752124991122,0.07221847107256456,-2.2841675754312547,0.32015784919591944,0.9504819421625625,0.28271043958182024,-0.5527263063404292,0.06641926143422178,0.16046518150233202,-0.16357009922525623,1.435178040017184,-0.1225112037413487,-0.8183971538222106,-1.184237556701476,-0.3588532551717333,-1.7773823634636405,0.9358929373957193,-1.067150752319984,0.7735754386137894,1.18001278394494,-0.48400218746403456,-1.6898033061741804,-0.6997021659264006,0.7689192519160168,0.03894773240491127,1.6526173162342204,0.053948789129961906,0.6525845316390129,1.411590854196339,-0.1883506857764749,0.5864955619296305,-0.7246327625695884,-1.0779686152997972,-0.6048382803414756,-0.4190096584156549,0.29398267992970684,0.5145901715053817,-0.8109691529508939,0.7994409642332129,2.290162713124613,-1.5527798170237785,0.6062290036292906,0.21096267440659366,0.14324548547535676,0.19522347818855146,0.34358379028872765,-0.007531570579722091,-2.0070224323185895,1.7847891590658873,-1.774835785476657,3.5449765983725805,0.36474251563405363,1.5390926245408396,0.0922933144764577,-1.6527276823162687,-0.7475134459703476,-0.5037034014941336,-0.7305337413538082,2.6026890960514586,-1.2843161889423476,0.4572258492019177,-1.6192290258198438,-0.39332756041876793,0.3672158507070924,-2.8462285965486966,-0.05419537714398277,-0.5239583638444877,-0.8776934001356164,0.9919985931797353,-0.7811756996755386,2.164542683762339,0.6264617374265368,-0.06540528793319098,-3.078086117371364,1.4249692889344237,0.8872626762444352,2.0899048556796016,-0.7284235087756137,-0.2197665665629829,-2.3682036487770377,-0.8905283406099509,-0.4077021979408232,0.24406775367952882,0.03459859465565915,-0.4191436015433137,0.36930424321901373,-1.6833483161122356,1.2401437502501609,1.063387650783561,-1.5687636069220496,-0.18748606474160748,-1.780453542619029,1.4588636521102778,-0.6543380521704899,-0.9316297738007701,-0.28270006449469876,-0.3142882457196586,0.3757151881646937,0.817987753002125,-1.7092332713311427,0.06873955138401998,0.1841404856643945,-0.9340994678185373,1.2624386003046395,-0.5052995831583914,0.3125226169897481,-0.8674694128146071,2.1604012779944375,0.025583639021562396,-0.25762729381183946,-1.5082766394396956,-0.43496621492168114,0.22984632215659676,1.4225450429297193,0.7271676593008987,-0.06566632293062406,-0.7219124796532093,-1.4042076683955602,-2.186487618568705,-0.11496470223545335,1.2682668794042573,-1.0259709421043428,0.08286554972572863,-1.5230291056511835,-0.9835877269755212,-0.21306563912865537,-2.460066159234676,0.17721816094461457,0.5211638634637897,0.6834550702004736,1.1447642749538474,-0.9441415723914907,-1.4777928218121035,0.7103158222052595,1.1515943351565117,-1.4512587744241954,1.0083714455919097,-2.3395466554320885,-0.13802445422828938,0.7949898154560545,-0.9114200367532825,0.3687651367642236,-2.150927782076511,1.721183817880157,-1.221819775359731,-0.04173781731088207,0.73558667833581,0.9103996997590875,0.5165218899654723,0.40461810180939073,-0.47095683705474434,-0.6684797994526378,-0.9644081569120586,-0.24660200139279403,-1.8840833779255868,-1.2557269708982992,0.2932625842026404,1.0359174914658655,0.5684989458596416,-0.10211695867467901,0.7202140640424537,-0.5654369763757148,0.3355849372958405,-0.6165031335046078,-0.11292262784107213,-0.8502591834607302,-0.14136135247133602,-0.9553802339915485,-1.205426132567124,-0.41502154710130706,-0.024172899631042265,0.447502518235936,0.5432023899656073,0.7208630391203935,0.6329344040727904,-1.2119870235146308,-2.1601912040570417,0.5034241987901169,0.20276452451707866,-2.324586200174111,1.9541149248429504,-1.2488537437534637,2.017864052459293,-0.7031554819001788,1.1879344945874117,0.3981416579811612,-1.6958700444970238,-3.0295851771088698,-0.05929377334479216,-1.0635974896089486,-0.011797339251120871,0.5124170401397281,0.9857869352507558,-0.29482044775253685,-1.331454824959905,1.2172323081986332,-0.11352514327954562,-1.5996831745390399,-1.2298391660783614,-0.6045138742832783,1.9279783803315589,-0.691002044867373,0.3014652804281045,-0.2908966528074762,-0.8309436917638789,1.4121625263502937,-2.338795374469366,2.357417827417729,0.045081307926143344,1.1017132529494305,-1.522538929893514,0.08816252362792017,-0.022480463428280632,1.7693929648488875,-0.19372370631720237,-0.24018375948591428,-0.517674942525509,-0.46043416834700285,-0.16382199940615158,-0.05778307031667668,0.34501295409758453,0.21857168677421762,0.32778852266245817,0.6251805763129354,-0.8301519009187044,-0.21440307673585068,-0.02754865387125892,-2.251703887464401,-1.581195424361417,0.2691121373950859,-1.1702081340781554,2.2550306403503524,-0.8217515667085697,0.9571387897535043,0.34941216757190346,1.6036713331848782,-0.35352441294964404,1.1869795473217815,-0.0037127712486963345,0.2496611105855246,-0.4295614937061576,0.8034012050500635,1.0729065504273156,-1.154921280489289,0.11557738133437062,0.8365802005541522,-0.5701779034123368,0.07549822400523601,0.7250183999384987,0.3418231748486726,-0.7844868247865955,1.4092943894226206,1.9933342252559183,-2.0305419369915856,-0.6887562049471053,2.780961850670723,0.19716420411322239,-0.5638950144702708,-0.2819172291128872,1.1716559197875733,0.17645871275851394,1.2230735077115154,-0.9936436541192677,0.28057834277086363,0.4406597142723249,0.7904997971691904,0.001237307171179692,-0.48148638342593214,-1.9863810421522095,1.417890070842307,0.5765419067808383,0.5720174585386792,-1.395611129197899,-0.05755547802598631,-0.020744768161757826,-2.154416913723368,1.4292159118316143,0.20533036055286485,0.3679404969330026,-0.1414228612752605,0.34746576363950443,0.8381079525994811,0.007720489236963599,0.9300105964355172,-0.7997349080315984,-0.4147006672420982,1.4931749994219141,0.8325312165974925,-0.9099383612689561,0.5104086933893771,0.08986816133198447,-2.5142725907426464,-0.13056490101547027,0.9924589638713349,-1.967649955286318,0.3880477952859655,-0.6878403118327332,0.6449892723334564,-0.63806472346115,1.013872998862605,0.7640171121778154,-0.35318463514546744,-1.4869149249630487,0.29365093175596313,0.14114041338935338,-0.269765331732455,-1.3736156687642398,-1.6926995301057768,1.3834947999493366,0.5663964451703056,0.5660797444436301,-0.622053832704695,-0.17149126543613807,0.1544837888922074,-1.32749162943075,0.6548763108690144,0.09056662399642537,1.2857272840390972,1.1379027282207195,-0.24008934972943644,1.785127747961992,0.07055057372253579,-1.5493039887984814,1.229594888410309,2.508982614977056,-0.06254131472655554,0.13092000691146005,0.8920389779673636,-0.8201490337712276,-0.17327109634067217,-0.35475848306721935,-1.36225995817955,-0.05668693524516579,-0.18783197657548822,2.7159976017672545,0.7508517263357207,-2.606591202499903,1.5106191009469412,-0.0016380380612909667,2.223846948221011,-2.5354095410355524,0.6359690044663293,0.3027733919164755,-2.5091225152931775,1.061515828353388,-0.8567550496927747,0.36401877687385126,1.2835535157174511,-0.919145770004115,1.5821890205978757,-0.40689726751982946,0.5843183622157248,1.2630610891352434,-0.79195533678424,0.1831037039588189,-0.44327160781094643,-2.3449087818316405,0.368940987691196,2.155221729011101,-0.06253309097803306,1.8290203840806858,1.353781722814141,-1.3258523586519575,-0.4506310438489354,-0.19242662456101503,-1.2065906687209396,2.3276863119414957,2.8426217664107742,-0.4850103298859217,-0.457853392397473,1.9987801778467953,0.14801504994248843,2.0668854271082866,0.717654154375954,2.4503561847319903,0.5165373731219701,0.8538472318612279,1.1884466942683196,-1.5305216373984722,1.0699492755033326,1.3539455024373945,-1.969183884741072,0.07641219057832833,0.6271860857054654,-1.416641489240669,-2.71824200128719,1.6361346298546713,1.2714246835983247,-1.4119303003049666,1.8322048002881104,-1.758963342878123,-2.1240143363374004,-0.46672396992728693,1.0348909907914834,0.22488915999408288,1.329283436119622,1.0616512662951834,0.16245091705817444,0.2600363263857651,0.22857106259400228,-0.02547720990317534,0.8042661411379098,1.2888843747388083,-0.5411032471945544,-1.8334492086650702,-1.5446594222730516,2.4041066862404072,-1.1718677615145605,-0.5128755488579052,-2.5390640685598767,1.165308006422462,-0.5161092446682515,-0.8802471238767678,-0.18834141803370344,0.3588830322611116,1.984627677936628,-1.0579748378703906,0.07748850295118599,-0.4946984014418855,-1.4752237156797419,-0.7212723581162395,-0.49680593380310234,0.3179172128514923,1.4566637801192854,3.6676414209258135,1.3189733249763183,-1.6722003735323736,1.5007420561985692,-0.7401123014552096,0.27490891819828334,-1.6150996926899603,0.832500592022896,-0.15978565318796425,1.8133577725204306,-0.5357190335899221,0.11224461347760264,-0.7314366345764812,-0.48788969861715326,0.10001644309224506,1.9321353038060243,-0.8684635072377178,0.5936399031026012,-0.28611213900735477,-1.67361826316274,-0.6104859728477886,-0.22391860973751085,-1.0643277895721943,-0.06536353037255066,1.63629790628882,0.8091323910301133,0.7094699046999655,0.9847919179033332,1.7478772810532694,-1.1987448760879809,0.9150924795879605,0.3507607028259048,-0.27900765835359387,-0.4742340283848624,-0.43096630214944853,-0.5206024588224001,-0.18841245134806528,1.090629219646169,-0.9940583621891977,0.24490481190658647,1.7797536061384625,-0.5277059482217887,-0.2572790101955972,-1.425746046938221,0.4890506264960581,-1.3869512147818723,-0.9915697125287128,0.5797130950204147,0.6900981735692241,-0.016624066235745187,-0.8601640235553925,0.17233562821392795,-0.8425611850619508,-1.2156745562514102,-0.04289835976434153,-0.14038625105071684,-1.4834816820978305,-2.7577069594474772,0.6464097159543585,-1.2109284037681376,-0.22153560306536438,-2.0263706918379585,-0.05516271991270366,-0.6718713889250628,-0.13134015377421282,-1.8927682660828382,1.6356874827910608,0.904970212328755,-2.4762391003705058,0.6761415661079783,-0.19545492936127404,0.44104500230599797,0.6394991159826434,-2.063222176795256,0.4341503677925349,1.8073257797242228,-0.19521864353031543,0.7104276399471545,-3.0351053274835893,1.6195609607122694,2.1117762887782314,0.05270731307158001,-0.2661766253823581,0.7463081718057528,0.5192118604843017,-0.8830605795487185,-0.9216260653806939,-0.259478009123371,-1.2534754681697766,-1.9814204315528317,-1.0434247334454652,0.055932005795651635,-1.1863737746442804,0.7226030735094665,0.8051253311668407,0.28479403890943533,-1.6179429406463772,0.5533794542669292,-0.5355754609296466,-0.4921395309209592,-0.7021217250617751,-0.7226009432718997,0.7788066241239535,0.7297842224299556,0.5536024184314453,-0.16163065431663268,0.36458807766423146,-1.8027941265386447,0.3016909016595578,1.0881239217217167,1.5382466041405338,-1.8831093209601222,-0.8259529755715939,0.4075139723878386,1.2254460298324084,2.9514643909349045,-0.436301728599692,1.0139106421925377,1.9799931749314774,0.04624024334944743,-0.21964778844692637,0.6394115682141409,1.898810893303375,-1.6226723909490237,2.1150279947977486,-0.16299637682861162,-1.3734247905169559,-1.0173705988486708,-2.055096319887853,1.3296131414625338,1.2520738674169642,-1.055260033820927,0.7632820127544817,1.1066339544513029,-1.0488169585802456,-2.1925137758367708,-1.242066744034956,0.48376982659723833,0.8349210792288455,1.4314275964049905,0.5543391131559348,-1.354137238097277,1.1845479784534931,0.6688105437788888,1.568556971460119,0.4938920262552476,0.6669729790929261,-0.7396599008793643,-0.09664875562167827,-0.16336176066823532,-0.6657725114652876,1.8516681570769764,-0.9201757659617589,0.4080016967776757,0.23106086199658712,0.5513901155108905,1.520542293317563,-1.4412051514416735,1.7834940584189918,0.9916479785003078,-1.255495923166026,-0.24471293962188514,0.0869997707596944,1.046871719668488,1.5978203562601099,0.03756960778389544,0.5734562214606606,-0.9079881496571893,-1.025947262596754,-0.1549830956892928,-0.49041349570660864,1.0443987690292569,0.5222037441252649,0.2620021430807456,0.4530226338161044,-1.6337019699446358,-0.5498863797969166,-0.6467081871058507,0.039137743174165955,0.30451238941305464,-0.3079213217245545,0.12103397978025182,-1.830656055116977,0.6812108486678822,0.18271335845216907,0.1944257763763915,-0.6034275953776918,0.14595029418531805,2.579155266289133,0.6189436961004859,1.3002393867729125,-0.05250785053607925,0.3292635054552997,-0.8327331519198293,0.22654141161325,0.4175804187580363,-1.0975399419219098,-2.4168451334336236,-0.6176673956378624,0.3431840596407672,0.13384822908597524,-0.8089971283714447,1.6604449411865922,0.062264598802472836,-0.6839344017571297,0.21335119275833164,-0.6805360278674424,0.4508210484505165,-1.3575455757586639,-0.004257313086634325,0.8754012477213622,-0.022533853756589686,2.1573817827595194,0.8749509895816336,-0.2967663103849731,0.46885335937131994,0.8501019988606623,-2.1843956387170045,0.8564878475496359,-2.1024088125595672,-1.8503952266560726,-0.8954932731935037,-1.914620578807115,0.38860409115611927,1.084720568647891,1.7636367928823145,-1.1051545186781357,0.884687923126362,0.800276244173855,-1.2988268425453315,-3.11593449667936,0.06494213064770925,-0.49171984563245785,-0.22686281421482996,-0.6372717439620812,1.1878707436156266,-0.12260984326453118,2.434062806087826,-0.9749085509674089,-3.3130764271235034,0.25598893784580656,1.0368378468577684,0.27192536991208005,-0.32364682850891335,0.9420787128417214,-0.6163552335050997,-0.06582149935130344,0.2723041355121343,-0.19438484819400748,-1.0972745045215508,-0.8030499184128533,-0.41824880510248874,-1.154114240077622,-0.14137620368884518,0.045696696648736906,-0.993424850570046,1.119077143241153,0.4688644803442228,0.6395220029709552,1.1945096692239265,0.023762972703696483,0.3288523878144882,0.41982894780555763,0.8848264550803051,0.4128739150814499,0.6547326674772617,-0.38866314048624845,-0.6935448624141739,0.04267920556644368,-0.039193592296339314,-0.6639114776484706,2.556238887001428,0.020802089952684927,-0.027178528144378704,-0.6288724755710254,-0.19114852637024657,-0.22161389991235114,0.9643099344337015,-1.1195692472548409,-1.1248677720144986,-2.9844579334199492,0.10875954057990192,1.177821831707717,0.16040074706721688,-0.9910897887220906,-1.0190695546349695,0.7898555746689098,2.571802281354633,0.38079605497810515,-0.2425027797117941,1.9403729501407843,1.1487525128286282,-0.010974522622158894,0.02188359383342317,0.4011629967266944,0.722466480660959,-1.7471522307969725,-0.9737694016523457,-0.27448757109060873,-1.1285249800577728,-1.6697393432828935,-2.929915318964079,-0.2955457281847843,0.3494231489994121,0.9120142580081736,-0.271465363610191,-0.19183638346910875,1.0532736050332339,0.456475132299868,-1.391859218350227,-1.5776393017960395,1.0017130092787314,1.629741637428347,-0.7511654793243975,1.4442537908889193,-0.2516378362470343,-0.23664322313358963,-1.155454482154683,-0.22091785188317464,0.4412607235368091,-3.0087294443976873,0.7089621447886125,-0.26702604582614126,0.048750150156189755,1.627247158698335,-1.7932622501994058,-0.7375293459960509,-0.9601391142524391,0.6958780629297321,-0.1411168731787705,-0.7439025155073674,0.9467099173644641,-1.287162499204016,-0.26970217193931667,0.8389919069479325,0.4945915952708311,1.100178446150813,0.9279529165527993,-1.1493346410237308,0.3279886364264998,-0.3796066781481039,-1.9403035064954863,-0.35422077751115677,-2.3365827029930855,-0.7264649033373579,-1.5696441748313539,0.9277515068489826,-1.9951478847292017,1.6624577046039368,-0.4135073457290638,-0.27767673212707356,-0.15033411634377175,-0.9269257692722381,-1.0826906175539108,0.7937788989157569,-0.9740450357915424,0.7080025090893061,-1.3362286908546719,-3.261414117871301,0.48257120875868903,-0.14588054361201297,1.068813955286605,-0.8780646432606258,-0.7214941757295379,1.3651809204041758,0.7395027450029449;-0.16368739364503956,2.3672598044078303,0.7304974957666887,-0.22098394730704835,0.6067355211611964,-1.7318264792475224,-0.9698494026552481,-0.33917800507894025,-3.826475559932763,-1.4922768219735127,1.5848749933759176,-0.5820001809612033,1.502333668524716,2.151460086555411,-1.509046760529319,0.4347923142975135;0.3637548214640791,1.4832311550235433,0.23352462022684045,-0.47091105620796725,-1.4835534230765342,0.5861148358031063,0.17199503256623283,1.2614435574917768,-1.5146732685836133,0.7460027865686121,-0.4653734993133546,-2.25764501579042,-0.9165278278462695,0.8304089055078414,-0.2817994657281371,0.7090575407407974,-0.6762302609172713,0.8024705152900367,-1.2000700593865996,0.686730764724163,-0.7258143000014015,1.185488760007502,-1.701626466989595,-0.3456308351949127,2.3616159531071563,-0.11624481522715616,1.7239625299185581,-0.6352319065572238,-1.7098398603050764,1.692798103165119,-1.120719279337481,-1.4577981093009826,-0.2698770021663425,0.7874229316739543,1.387481930524401,1.1150814006828198,0.7874779914770182,1.5668357413316987,-1.8966515263334793,0.3058373299821013,0.984902684059351,0.581958652230681,-0.5066725240956957,1.1277805640217027,-0.43618629837003936,2.513993119270508,1.1749377500454647,0.9357385348374702,-0.7900663252435197,-0.6669246047299332,-1.3710544577543509,0.3371192784475481,0.4304192408077845,-0.7979565192339458,0.027900701136675615,1.545747866734079,-0.5563842825359027,0.32568467983657595,1.4516488766186502,-1.3535284185425451,0.009531631986649684,1.4654435647779702,0.6616665721270476,-0.7926214014199884,1.8750969183739115,1.2451139275770546,0.27004369292470093,-1.966420949449232,0.033124440836577326,-0.591888144817275,0.06544012471076549,1.98445759856398,-0.3862657612963065,0.5555318875578712,-1.6874462895902989,-0.3012427317383504,0.3710440046041325,0.20679703355047746,-0.18207868119352688,0.3906122126365965,2.1699951323373563,-0.9970834748127405,-1.4904810429626303,-0.980482300004315,-1.1571717950064806,0.35501417168591787,-0.19655337699899103,-0.15722192310294517,-0.08315596521821861,0.6207098354928787,-0.4860440799840779,1.5489086715526952,0.047922347391224,-0.3321186533854438,-0.10308817131402269,-0.37768504754819576,-0.27573302380440057,1.7111854489589708,-0.44874523610500555,-0.8493838070061848,0.8827019638606325,0.14798015274284407,-0.9479438921577854,-2.4854573253332144,0.5800488892734131,-0.3327040418078727,-2.259969696458424,0.3187049901959361,0.30879922547932376,0.8201587083307972,2.011740419829725,-1.7735170893773475,-0.5911694719445999,-0.33516909193970246,-1.3838466877703417,-0.12151938828596665,-1.8313587268125366,2.01681667663472,0.23544459432710055,-1.5683070535966441,-0.047999732493580305,-1.2792714908826222,2.4049157238497076,-0.8540197167637049,-1.6748506521093522,-0.7132445162672915,0.07900405911553449,-0.10069617796898986,-0.23032965228048974,-1.4831142781871627,0.7176594413480921,-1.0088960365260713,-0.934540888568129,-0.8573214351511664,-0.793565302754984,-0.9786367828749196,0.3262631927734734,1.600404555273237,0.6987026740808422,0.010573594640949646,-0.14450591211530628,1.3650841680726868,2.7360782204993295,1.6996887115096693,0.9395214534250439,-0.6099125787981438,0.482486806265277,0.36136059093500306,-0.23668154340064718,-0.017768312876731376,1.2181797256454985,-0.14086083054443846,-0.187460686263278,-0.2018110112487349,-0.29162645551142125,1.1289427409092656,0.6229439589950276,-0.7204422125518345,-1.5308720508066183,-0.7933279092848965;0.5609795773585304,1.1242956206390906,0.22242947698357296,0.20591597691319458,-0.12455442900934854,0.6677735324165958,-1.8382764415513708,1.4629002211106648,0.6717380682500238,1.9240549210920925"
28,-1.4869612006198794,"-1.95646319508829,0.3947789544353063,-0.8631758517077648,0.6430838184638179,1.486975735321741,0.25766378484939234,-0.2724305305703457,3.1985177507275426,0.244118431214561,0.26807589636179724,-1.0401767097911185,0.7449715616149094,-1.005552993465624,-0.47975905208525205,-0.5749717371738137,-0.6315340971514753,-1.6257468192348965,1.1244744280528884,-1.7096429704388239,-1.326656362509364,0.12505103404961604,0.1218387326979295,-0.5694240332075542,-0.8473810109199018,-2.1773976559910633,-0.056083718748409755,0.0398155128149178,1.3010017997120222,-1.2428497373677612,1.6048717890808644,-1.7103938681352708,-0.8456054415028684,-2.6189240795406232,-0.827033249209513,1.382048618952825,-0.3160258394923384,-0.42172077532650487,0.16102840669128454,1.6927592185068685,0.5684105851629007,-0.089959460411269,0.48998967668317805,-0.8327674347405856,1.7115024649916752,1.4027717060372606,-0.4958877856469459,-0.04065182227618941,0.0019717150295743557,0.5999168533465673,-0.04799476830776159,-1.3428560134459493,1.0921188510901922,-0.3076253151642889,-0.5955775551427761,1.2872171357115663,-0.943915910546943,0.6770847520024618,1.68283442616837,-1.257041042272133,0.7480766167600637,-0.5660947956750428,-0.33391482893749713,0.5321700358987914,1.720557706097238,0.6585676044795485,-1.5028300964274526,-0.07844766078753143,-0.42058763088331663,0.9910480201759384,-0.7518206075396773,0.9962531699053929,0.7775795917145122,2.091331021650573,-0.3254468911602999,0.530965846712456,-0.803540019525998,-0.14792748278567455,1.056298180692485,0.5155548272871442,-0.6193877708965342,-0.14989246128560402,-1.2718257677475409,-0.012306460333785572,-0.25202678458535466,-0.44593620581665716,0.1560926489164965,0.534296509609596,-0.9274208068796166,1.0194328804003652,0.8625157903970074,1.1529014542539593,0.8351794223552984,0.7748751741475247,-0.13514638927713282,-0.6639949755006718,-0.6351476099668643,-0.31311779845686905,0.5672360539258794,-0.9322934169108685,1.1068778250244262,1.221047557621901,-0.7180308059628253,1.4369574131979146,-0.8103580324454317,0.027329848077695847,-0.3374921981714081,0.8201728659165604,-0.803088926495942,1.4256328666092715,1.412275364492098,1.5323133343491673,1.3294947858354298,-0.8675782637074252,-1.7954817085325265,-0.8092912312991933,0.8599893427884167,-0.2444827023644687,-0.5725745956251287,0.49444641757925567,-0.67779766631584,-0.38717070721843094,-0.09112469678456134,0.27908013659122644,1.8327452278846526,0.36637970712241386,1.1004432819150365,-0.03246402509632239,-1.2440802795799584,2.1387360391587467,0.035457852054723606,-1.2903856068602473,-0.0019580151609553467,1.219285483760359,-0.42466805493949,0.2048939251089672,0.3098573665520921,0.6948472721876156,-0.22796588565758058,1.5594877612873013,0.554585485851323,-1.4800317466274422,0.18266878359469732,-0.4862153149002158,0.19117964720973493,-0.5299733661510493,1.759208969769388,-1.4692848798819655,-1.774130704253221,-0.5736203778556187,1.172782731308939,-1.1699461307784138,0.16939217360767628,0.32395263913708683,0.18489226603654102,-0.1984377967239932,-0.9049477716850997,0.974926716217922,-0.8552792655969799,0.5603797865284855,-0.025589348605577655,-0.7003957788605649,-0.6705411345159465,-1.3874666167448453,1.4611456980641104,0.6464289962991594,-0.9493776272842092,-0.45912899444482935,1.9369833811919737,2.110401852526293,-0.3236744813227372,2.061389827693796,1.7857770830610034,-1.2405511789101777,-0.006099094387830878,0.5574722314863467,1.2789928869517835,-0.05330046894191948,-0.12724452757608143,1.0031567138579462,1.188974237914056,-2.6587181780405427,-0.04173252746217858,0.42452191943723994,-0.3946512488575265,0.6918913078076756,1.2719603431881559,0.2852919210213032,0.6102352082998269,-0.20774983853567988,0.007865352674528175,0.8514952391718467,1.036156158673166,0.5659705940236298,-0.23386939717246114,-0.012025863424288685,0.4292934667273844,1.7367440109005883,0.4538459275324564,0.059455116973600924,1.7240889627340563,-0.7050774573713382,0.010980875252373623,0.26342754107399696,-0.06188337253098694,0.03653334769488728,-1.43569964314048,-0.7303792718467698,-1.4657040185572268,0.9963222920853847,1.4828956263922142,0.13847297330498703,0.3485999451614793,-0.499679542106647,-1.671779548765257,-1.073658492525795,0.3418327894409747,-1.1913591684134486,-0.134112674793593,-0.07993538302325448,0.9499777156143903,-1.397021890798673,1.8716736251919048,-0.4727596682239077,-0.06752510043483999,-0.25432879640511613,0.32515998453623207,-2.164143353169224,1.7994048709851198,0.8495240466121582,-1.1680943717827783,-0.6985138071841839,0.20887943261934405,-0.8667335917572316,-1.0775040030287688,-0.22143040119300425,0.7878208168598684,-0.5912773348522654,0.9955487453446438,-0.4657719468474391,0.24185727951105745,-1.2429256882261341,-0.722395640031088,0.9611127970039426,-1.1870692778936967,-0.8217935848059387,0.8260749488400921,0.35186846565784957,0.8137922632782868,-0.8387550224609301,0.294645129543215,0.7897208880511968,-0.22338645857838546,2.4096548592350384,-0.10883168192279544,0.34893299399294886,-1.2713633567181606,0.9047529579365713,-0.020935326790406807,-1.04517007907754,1.1819212348804975,-0.49869264037762046,2.2442021644911785,0.11633496159034806,-0.6048796336412942,-0.0901384493041637,0.26581095479391137,0.3052208558608417,-0.555080753315982,-2.2710370665479265,-0.221449421049712,0.21391520346164822,0.40473427010437135,-1.2224045895183864,1.4818829665391788,-0.5045663671219769,-0.01130469264370329,-0.7987982289312614,0.4567198010680802,0.08240012688810827,-1.2239148720376878,0.7352784104967411,-0.2913933141912424,1.8244026147984014,-0.35829164923090284,0.5959390005258001,1.241379579240656,-0.05918152110182087,-0.4441848901071317,1.714803007212762,3.0831195739534216,-0.11217390030723984,-0.2765588995699104,0.8603021930378142,-0.7927856635481602,-0.49709619442742425,1.971747354733645,0.640822479795801,-0.5436279153590899,-2.099135982877215,0.1643620871820857,0.6612107112278204,-0.8683082398655387,-1.8880990489662006,0.723897737832866,0.34429849974305554,0.9774882059996468,0.11006310079290439,-1.6766637845187446,-1.6276110789108134,0.5738977509526314,0.5462657450091774,-0.42932337301496115,0.3958660541446255,-0.29083359973431244,-1.0832598705688241,0.3567999762048473,-0.5418031166665004,-0.6578689494695974,0.6169377084109161,1.167613842142985,-1.0441372533246132,1.4783975468172907,0.959182120931228,0.3183151308975433,0.7761502586157873,1.0491143818775923,0.1439250311554271,-1.5967459901421641,0.5390960648341191,-1.2700210332647175,0.06155682655554329,0.034760527517132336,1.1516955701250526,-0.10837852055145705,-0.6082559556068382,-0.02644070511986671,2.063452698707364,0.28512776611346036,0.6199308554502516,1.8673049547102623,-0.2870812443329584,-0.4080616473731138,-0.6761514350978782,1.8997712411188532,-2.369856785784326,0.5424781771542162,-0.15704781941201634,0.3181701180110556,0.0759912469555345,-0.10064576290998373,1.4029045300771275,-1.2446916739351304,0.09286430010615221,0.8475592801900239,-0.2585687081559523,-0.03231697010488502,-0.9788921493868618,0.6698534949793647,1.0183369352142244,2.1676404324317375,-1.7679215218004516,0.4575399753154777,0.9459935030883748,0.22510420670786407,-2.2260674687943722,0.14370294262159333,1.0146769823161956,0.49168898443043263,-0.5574385023955083,0.11345135889316632,0.14214483632764147,-0.24816759265782076,1.3762155546897683,0.1573516520276098,-0.9393028415263623,-1.1638210663402215,-0.37318074833879883,-1.5620873048847037,0.8941742901716485,-0.8731794881503897,0.468487783711094,1.456490134928877,-0.39363945410016055,-1.5521605283034343,-0.47267998419148344,0.8332136075053364,0.2254273715872806,1.6610436088160214,0.0751482885898724,0.6448446768798954,1.3604338929468274,-0.25769446886537734,0.6530083436852914,-0.7196417197488647,-0.8945250196374401,-0.48414137973011123,-0.3607685307288641,0.23083245919568263,0.44310650394395473,-0.9101248870430924,0.7591928837848977,2.193896646119785,-1.4784361607776388,0.6374652166787281,0.4260011660539514,0.16624806862008598,0.10776030686313604,0.46907359005478566,-0.19820437901662014,-2.2816285924748527,1.630665655265908,-1.536647967211834,3.478080691392677,0.40292254127108307,1.4537527667301977,0.2404030165982922,-1.7519438577381672,-0.731366631407455,-0.5456009843654266,-0.6752109410048268,2.4606679401321014,-1.156201049248547,0.6490430053881991,-1.7375374010309061,-0.5345410941380737,0.21390153636298842,-2.7762456848590698,-0.16286823531138678,-0.6773992698357553,-0.8494255673338551,0.8015480249403394,-0.7202858752562892,1.790924340488719,0.33495486814435765,-0.12126485373872287,-3.1728387002212948,1.7176152922543626,0.548311170770824,2.063723163260866,-0.8167234725652958,-0.3458405121661604,-2.7198601925170114,-1.1220758129889732,-0.28554322334236515,-0.10023548784858936,0.05197175005912885,-0.43593587678463763,0.43773719853200305,-1.5506589639504853,1.3964280542721839,1.02573082251597,-1.3719818406075732,-0.24725869193251238,-1.8971350620024856,1.2047748233837472,-0.6198695730095894,-0.8660376959727308,-0.36997248012157036,-0.5339779627950832,0.4007656157303924,0.7381712248570688,-1.720044308763908,0.2744994025463352,0.2885671384067081,-1.0033569891936889,1.2801838078447898,-0.5032494384976015,0.446949762142229,-0.8795608854429867,2.0525122462716476,-0.09896494556697352,-0.20379738152387641,-1.3935221063662062,-0.17877793640976786,0.1179852900501455,1.5372118192606592,0.8011703125508729,-0.0072092939492870295,-0.8470514766996844,-1.4250522600692022,-2.1617966608776236,0.0693713644364522,1.1863117933686906,-0.8791972657515597,0.2887348595592952,-1.841377006788398,-0.7397876852908074,-0.27796206644866,-2.419039287332751,0.35319303294680315,0.45762565947422235,0.6788547086877805,1.182969085768287,-0.6662235511395415,-1.3925690687390806,0.5288230134079794,1.3188985108019788,-1.5046059232174824,1.1102822761129156,-2.3818345120049584,-0.2039426362599171,0.7713316345003614,-1.1275925769718051,0.5310626897830082,-2.2878173405462903,1.191281771301508,-1.1710425302554808,-0.06177818360803078,0.737874427053701,0.8851457494783059,0.3460661661188661,0.3993001542418124,-0.6355380251987868,-0.7485855355432006,-0.7843943718471802,-0.18352388830925884,-2.193838739024767,-1.2965687063335163,0.30686590407015424,0.8845372799846768,0.7311441610229705,-0.1595213402191652,0.6479786929631206,-0.4689906013326206,0.2606264052203883,-0.5559836686527259,-0.11248010677420045,-0.737328595211771,-0.023032124746767246,-1.0781710827310595,-1.3005943209601707,-0.2991813728256354,0.04282565790294063,0.6503886316197042,0.6683592200976383,0.7426597903592634,0.5945183589251537,-1.1266652472259118,-2.1860420977304664,0.46379808839981185,0.06662523408210123,-2.5948163660594865,1.9878294453906502,-1.3319755170771606,2.0016100696142285,-0.6472379172791414,1.3574325790301724,0.5014670617867779,-1.5118482949294763,-2.9739086342730388,-0.10872679511952987,-0.9928013336474997,-0.05849732157399861,0.6301316595566856,0.9120091257022828,-0.2254444021504251,-1.1717106463031681,1.1890878732126664,-0.023994774020588465,-1.4866379985239693,-1.2121339596265022,-0.5303866670370797,1.9189358104247132,-0.6290020287442891,0.20962475112224316,-0.4324400331238438,-0.6342846632994349,1.5181436492200768,-2.2628495945073026,2.462258279170584,0.0931535093411471,1.2408737312654265,-1.513189663022961,0.33711366955321076,-0.09310832280720818,1.636876885681426,-0.3053113355101035,0.06274837219881167,-0.7013332031327753,-0.587183803180869,-0.32841886686053995,-0.3072733873747632,0.24186014140374926,0.2818673496786729,0.28581807824011085,0.8047638112593342,-0.9117815225922554,-0.16542592319214328,-0.00808365104219795,-2.140288334997836,-1.241329516801284,0.26217671502223355,-1.2295434151662927,2.3697929075760866,-0.7480045568704526,0.9800321982828398,0.09019454424925066,1.365841692014807,-0.2487343411826885,1.2876247618328602,-0.008498449718471742,0.451103486535375,-0.36041685135869705,0.9364234824385631,1.1125967351127641,-1.079414208228468,0.17135002674051633,0.924752680511344,-0.5254450830486961,0.056602456515273306,0.7195187867422802,0.34700610387859915,-0.8684305490910568,1.4155796592630665,2.144714217136444,-1.9264343661639138,-0.8488773172318986,2.8176313897649727,0.3354212160144503,-0.428212925011187,-0.19279841908988268,1.182973964694192,-0.10373514722128344,1.2601161034082495,-0.8992835181993631,0.05376628343774692,0.1743854777757275,0.8109939556765342,0.08751720205999264,-0.7080060437146682,-1.8488306283039138,1.380497599531401,0.5870994100474071,0.3959430536948814,-1.3263281358268417,0.09504419970157156,-0.014655332690255138,-1.9413636936009682,1.4473119941849226,0.07770685039464312,0.41308201849420545,-0.0757414501517716,0.5127817183500091,0.7204891615269117,-0.13198274996642873,0.7975665618872059,-1.0204249649657022,-0.5823967729629357,1.428075856060131,0.7642948767978532,-0.8007144395468335,0.4226063983518538,0.16040912947495134,-2.620318601527225,-0.1586947948752171,0.7991125723549308,-1.880884688485694,0.4973676651325673,-1.0288948939518312,0.5884310712415306,-0.7530281860114656,0.9485155137107563,0.7150634680266359,-0.15895999594317617,-1.5603915314999057,0.4352743186874733,0.33789235475740004,-0.507584909871229,-1.6669802209244715,-1.872765340627348,1.0931097141913422,0.5494540998482614,0.34719392012051975,-0.8067197536297045,-0.1027342647315812,0.14806327942679584,-0.9815737242707306,0.9754893453533091,-0.09897020555655217,1.3463473263201629,1.1914663365106373,-0.2090487104691487,1.7399449258944026,-0.09197654776168979,-1.3070661810656972,1.0917706042683122,2.112487374124576,-0.12166783133742715,0.10203073340164995,1.0050262171993394,-0.7826812121294016,-0.15726425776931025,-0.41417385447640637,-1.1463550039860038,-0.027751919589277765,-0.28140080538879086,2.772780746544991,0.904689016643472,-2.53644542189768,2.009524786419937,-0.06799496718759941,2.3340371968352303,-2.514935598405241,0.7584665670735456,0.24424551056166727,-2.431329481811121,1.0614021061336183,-0.9190644738026433,0.4006596994646712,1.1507849981138274,-1.0384370134556122,1.8035606351412825,-0.3961595522057925,0.6123489387302334,1.3307684172655878,-0.6740807066145914,0.16819743272535514,-0.5076168252896874,-2.3083794827855204,0.1675821748356017,2.1794230042135476,0.020104418851590505,1.7323353337214358,1.378889181405,-1.0138787848970672,-0.5577714163671451,-0.19204931217587945,-1.2081863074792454,2.322818647750749,2.6294724686043693,-0.5729739301567347,-0.5336570272038145,1.8260896465798309,0.0012777872326424772,2.3481985505705216,0.6843480916971986,2.4864647121837127,0.7090008112192753,0.8522200872960008,1.0506704358404357,-1.4416088917681054,0.9445287546938849,1.3874692693908057,-1.712195520044584,-0.07293116723207464,0.7061827761513956,-1.5839188986138388,-2.631173990307229,1.5943857076453625,1.5025287425648453,-1.415507815315288,1.7196501239687443,-1.744185614995466,-1.9645805482966117,-0.42057285444352654,1.1040101830447107,0.10648679582459367,1.6847324426044423,0.9752917561135207,0.17776492596928622,0.18585827079108255,0.26217343851946706,-0.2248682027008231,0.5665147004808395,1.3564658591540013,-0.35709599127915137,-1.7677342772742721,-1.5883180706556113,2.6073439190399363,-1.1835266326061007,-0.4038371075938861,-2.4721937628248516,0.7560521645392195,-0.3739670222230854,-0.7163059289352885,-0.2766993238061256,0.42616049573694414,1.912836015691619,-1.0658075743244058,0.07388138685124081,-0.4568323871880241,-1.3035782253803292,-0.6505187194094892,-0.4579548081608023,0.2196904837699873,1.281071963398183,3.5704588971733555,1.1451401553819869,-1.5953190771155874,1.5880320044566856,-0.674145676083618,0.11682512694910425,-1.5332446749217887,0.6843629922313871,-0.05859852905740717,1.7984742251283625,-0.34640004432285165,0.3120286574732839,-0.6390046269993311,-0.664506713023711,0.013081571027993857,1.8603924308265356,-0.8642696083605641,0.7929265897878981,-0.4560712334674759,-1.6833576960951944,-0.5684296040718753,-0.10991682726772924,-0.8985734626093036,-0.015554873604573721,1.6396413290080287,0.8416260610740603,0.6207851725279396,1.0852823427085596,1.5801804428247999,-1.3445093337482266,0.9418525903494204,0.24039629212238037,-0.313338171150382,-0.4989563433254663,-0.5569433290514828,-0.9192275938784046,-0.3120511557817935,1.0679766673833326,-1.0758803394586915,0.4273343013328458,1.613865689816533,-0.5353005463410958,-0.08853637970696486,-1.5652625599930745,0.32914752165911754,-1.3906095428067,-0.9464569568379109,0.4339294446205206,0.7250809228937087,-0.07510936774166588,-1.020309072304835,-0.0981146347158827,-0.8984999245702345,-1.2030897311890392,-0.17628927540360845,0.027642046648368987,-1.3167174815467018,-2.928639075261036,0.588127699033439,-1.1851005116016913,-0.35695367457719196,-1.8033961779719325,0.055042677572550436,-0.7023486363707173,-0.17523263327375393,-2.0465435907166025,1.5998752115945796,0.8330475901016042,-2.436617392008985,0.7931978055961882,-0.08836743057129583,0.2209401494657649,0.9575297126942621,-2.0518452921780694,0.46534334385517406,2.0451097936021303,-0.02788822720518702,0.682931833652576,-3.155707913549588,1.4198668556821654,2.0430707310711504,-0.09042026248512422,-0.4483540461126573,0.8025893077183982,0.7098210999374173,-0.7226760974060524,-1.0018639013256594,-0.055848316004276505,-1.435320333997342,-1.9950158448819408,-0.9499590251909273,0.15686176309233546,-1.288872475270523,0.7303362441531809,0.5265878228532865,0.3036027577612248,-1.357184754307423,0.33400848537110667,-0.6360264853114006,-0.6293658364195399,-0.8017074940994887,-0.610009519225155,0.6691924317911617,0.9119357079145591,0.30864204115042587,-0.19978824420158703,0.535338944332006,-1.8325522742570466,0.22509978865848074,1.1559696117991225,1.3860177162056961,-1.9859952705804254,-0.6788635390989479,0.5581208074189662,1.0809390522535434,2.9874293877606912,-0.2805919462368742,1.1249573984596248,2.0498930141782727,-0.05616514416225221,-0.3148150300026116,0.7213187531130405,1.81627558324543,-1.572849592713643,2.259226182603027,-0.30678959653914456,-1.2227849059575229,-1.0070480105253812,-2.000149274422364,1.383879670289461,1.2145430500537144,-1.1381516127593396,0.6803210277039289,1.1890422245168502,-0.9877818602719377,-2.0006069296912776,-1.0214370531034922,0.5096518584755965,0.9470793404893542,1.37410958592269,0.6472530269746869,-1.3014135151036001,1.1619515906685451,0.8319876163676845,1.6901304368596541,0.5267364012986219,0.3477054981907137,-0.9704075166010142,-0.3937697611621168,-0.04540659363141933,-0.7823955465238289,1.620104215772479,-1.0576134740797722,0.5219496360337069,0.23773334642435973,0.65559714484195,1.5621269430252267,-1.4807703134636705,1.852794466322836,1.1129391690849753,-1.5513202603419325,-0.2717323932987217,0.22237665146572078,0.9406032090663943,1.5250553040215067,0.05282203424356195,0.647156697371016,-0.7871472299521829,-1.1250620386688888,-0.19039787076494175,-0.5243314923959144,0.9213117444597874,0.5774173354017037,0.3989314983873147,0.4603855330496133,-1.5679131682354484,-0.7400594249984959,-0.7953924011673597,0.15837889550721482,0.418802669159851,-0.2938222965278262,0.2935272040706064,-1.862469006130572,0.6716032193634948,0.2937439170555055,0.18529821289345041,-0.559335660723055,0.04536225695011445,2.795995331933044,0.7805304853227067,1.0385897614209065,0.06903844847613043,0.2220080669324087,-0.9729568040371529,0.18301414743720743,0.5770265470448539,-0.9924673968231166,-2.570906342449273,-0.5750946460011335,0.3463782491865184,0.021433606506631994,-0.7493260325844853,1.4541921454559572,0.10449069665918401,-0.7037123305150993,0.07424092746817557,-0.510378585972999,0.30070401428654486,-1.4267621026744268,-0.139761788708168,0.8900301562957005,-0.060035946214615644,2.1522203009951135,1.1082269472056685,-0.3791273016731266,0.2657275076996574,0.8660769441447632,-1.8972212523046268,0.9841602958480081,-2.148504380330997,-1.9298004246641431,-0.9110984768808623,-1.934051083653675,0.26281848848517614,1.0142329104974115,1.6075355703802432,-1.2322458110298429,1.212700277857868,0.8856006816067763,-1.2129583769954038,-3.081509688362129,0.272278867807317,-0.3655202942837603,-0.18339513439734012,-0.6468400880019931,0.9536333149252622,-0.1154492188473194,2.190814495740069,-1.060306299828781,-3.2253690710145184,0.2553507620201617,1.1110239044886168,0.13389638959273703,-0.40321729578424165,0.9499221871786284,-0.6272474945294785,0.21072408250365277,0.4301285157638166,-0.2783361194628761,-1.1386476040370948,-1.0042683481469947,-0.3088567745355927,-0.9675660628512783,-0.06189090412680621,-0.12145786348595965,-0.9339229681195449,1.0705917964270995,0.35835935528271823,0.31330733853656656,0.8533218850964885,0.004067675020514895,0.5654918727308926,0.4583744443394647,1.0975176692215636,0.6294364709217488,0.43000922649608486,-0.46217482966741075,-0.6642040199698206,0.0004660495911149448,-0.041998764616084705,-0.7633605914081372,2.4245498666495413,-0.14760996788930603,-0.07284799406660504,-0.6348399791605379,-0.32586928782490726,-0.4029910073955911,0.9132735875236234,-0.9545635194728219,-1.1198880067132204,-2.8456422634325347,0.08306343471359814,0.9607353120729087,0.4150883871074114,-0.9337587075642023,-0.9540978057440498,0.6122830965652657,2.522233694053604,0.3642189549172419,-0.2902756252879751,1.8324890651580654,0.9181436999232412,0.0847972828224404,-0.03834737448619581,0.34582523628862905,1.081785678794147,-1.8446193781504536,-0.7600073299328879,-0.6181967346561452,-1.0490109950120436,-1.5519994451185606,-2.651446420587739,-0.1709656336298058,0.055809561564910626,0.5477106171605349,-0.3697427572451765,-0.31079199994785656,1.095677841624986,0.11093545815804978,-1.4891943942790882,-1.4309809713501176,0.7558451514978837,1.5008982034346556,-0.6558251412929587,1.634572500341314,-0.3191554892424559,-0.19701295604650818,-1.251561126074709,-0.49691024974742254,0.3351662559474341,-3.0555090174314734,0.6988922958804077,-0.20766838660156123,-0.11007942993537502,1.6564103129972587,-1.8540765076844958,-0.729016178926428,-0.9751888672213863,0.5307418238590441,-0.3592316117986687,-0.804257236411393,0.5828582275980959,-1.3849857648335486,-0.3168638834564157,0.9286403635758872,0.03615426708917041,0.9722297064739716,0.850824547714674,-1.2971101127569626,0.3195881440622139,-0.543116051956279,-1.8438656597962813,-0.5055840432157535,-2.42328699427465,-0.8909260838499351,-1.456231115995155,0.7463229392996658,-2.0689684343023704,1.8638768220124546,-0.6559856892246914,-0.47677388794421816,-0.18104253487000954,-0.8709759800213345,-1.1004502156036235,0.891880049799459,-1.048765494912973,0.7515150961315354,-1.2697140205594517,-3.208759704689117,0.6026728843234952,0.005409424400743504,1.3766097870274345,-0.9938615184387906,-0.5440259220163031,1.2007381529575227,0.52693573179427;-0.42220524924270064,2.222531470934291,0.5683865677788145,-0.20192551880242238,0.27650088022553415,-1.405059182894665,-0.9831963241718248,-0.15152313693965283,-3.707928478521636,-1.4835400185364758,1.5709028383366275,-0.5981707863930107,1.8037027796487128,2.1438345566423163,-1.472988371550667,0.2775973493920532;0.547916970942694,1.334055659437149,0.41837610234851136,-0.7609269454923475,-1.662467864086532,0.38454774316960294,0.14259456583053412,1.434633162670309,-1.4673382756390023,0.7749537348436935,-0.5611292174128466,-2.2061250027975854,-0.8397508717610795,0.8043242446237766,-0.4457590025157705,0.8145271796781726,-0.2841451921116263,0.5498842933082387,-1.24643472918371,0.4071063474307256,-0.618251068753891,1.247898339874465,-1.6473611914062927,-0.5270286669287473,2.3385252992747225,-0.37770785176679167,1.6509506079228156,-0.6715846974138122,-1.8167125898112853,1.7200165543411357,-1.0744911563342032,-1.2961677084566847,-0.13197221969032144,0.8400668305287669,1.6856992645872277,0.9579777631125134,0.8190019077991724,1.256361877534862,-1.974090593385541,0.42073369054802845,0.9645803563983679,0.40736796742101694,-0.4436461428492806,1.1856439432663342,-0.5293003108164838,2.2924339254836736,1.288367131393372,0.7634430152879356,-0.7437533071899155,-0.7112659728084048,-1.0908933956789308,0.24804323661676264,0.5222040931296774,-1.000571527611009,-0.02668756164812932,1.4401841448227388,-0.6751550597050119,0.3006668090030687,1.3762203810591616,-1.2611772354293258,0.08546435130830878,1.337784677627462,0.627035538721952,-0.8502978843115302,1.7731006204422586,1.2503873397733134,0.5768104379042172,-2.117844773630939,0.12816599866045247,-0.4086292499434138,-0.007024597591389611,1.9676400129668397,-0.48114590451231476,0.6799876165566108,-1.649050189513975,-0.323591285723093,0.2609723853285623,0.1479672169998687,-0.3062866445314194,0.22721527527478302,2.1834433594052722,-1.1707092484876298,-1.5458029583095758,-0.8594444507342478,-1.20927286230119,0.28714519071986605,-0.17991525553756904,-0.20119427487329672,-0.2608851793685868,0.7697185514257213,-0.5369334369960408,1.630286379597797,0.22382475572254806,-0.3744087489493811,-0.30210366897838153,-0.5352426012569724,-0.5722175214747793,1.6342142428037085,-0.4428685206157019,-0.9150939211038885,0.9879123385881564,0.33197694176116765,-0.8624974354736663,-2.5574449890185385,0.5591066459837087,-0.4059450114955639,-2.4163614223805983,0.05117524098998481,0.2682929652174474,0.8566012470343298,2.1131373362996584,-1.825034929460825,-0.2681386126956661,-0.4038689870029524,-1.3222529347083258,0.08190081002515474,-1.863686906967595,1.9008819235074237,0.3226609902267532,-1.687482652544112,-0.24483451482370744,-1.21138285804092,2.2988816043663984,-0.7925386660559012,-1.5391111684271717,-0.9429390790995057,0.16173999981779524,0.047601059721241054,-0.18630768395271663,-1.673725989051164,0.4868531346797689,-0.9654186823526659,-0.8129465389660407,-0.7765566066778136,-0.7551942749782945,-0.7873839694547251,0.476770471938197,1.5648537448565183,0.7627881252352696,0.01563681250989834,-0.10809322251936834,1.301488831630428,2.83815603061489,1.6533683800113146,1.020420224328813,-0.5263826822173413,0.5374271948591266,0.1627815236837373,-0.30786918241636585,-0.08238417364471218,0.9192430558931002,-0.16757810740431756,-0.16156408373583653,-0.29332697717065215,-0.4859825497005855,0.9500280079748921,0.4467868472859872,-0.8280945538521911,-1.5039259822133313,-0.9543695737136126;0.5701700797694198,1.2637328899160674,0.14744463220632958,0.03288846666704001,-0.27813391823998324,0.7521460862718016,-1.6230957392195302,1.4340047454657086,0.8448796515348553,1.960075522645574"
29,-1.4925237950581238,"-1.870317770336034,0.3382811537033908,-0.6475135701217591,0.8668155660554766,0.988582334621604,-0.03942505347561999,-0.5066019432499725,3.0003295684327083,0.16269272463297726,-0.12207092934349356,-1.0678637690582071,1.0203831629785154,-0.8410780960910855,-0.40106374738386386,-0.6553551440653294,-0.7253428487604329,-1.3200996565151708,1.2449008925111396,-1.8313827669377278,-1.5236759538904774,-0.19203261291136728,-0.024169432646160637,-0.6379251686017458,-1.3036926425364779,-2.3476294140616085,-0.2917162015601182,-0.17675895938181246,1.05409652720238,-1.4333662676098977,1.5359388413472534,-1.5878442655756908,-0.7315823776313864,-2.335340880322837,-0.5183838458080193,1.5345740837208264,-0.21495333629874086,-0.7120035956997595,-0.33162408869503746,1.6544105294128588,0.0058518081841019,0.032371605775529416,0.46640132003423074,-0.7276111787569497,2.058994763812601,1.507269870190277,-0.41632602702236043,0.22618293392796762,-0.4486903693062608,0.21355514688359195,-0.18098690861931074,-1.361878074362709,1.2046188035614391,0.20032393565487008,-0.5621699225748107,1.4374773366493285,-1.1322262142883734,0.7450865513786292,1.8281772845596242,-0.9946027065244413,0.2524751687967256,-0.5282701146442875,-0.4623501209914111,0.5278860454001146,1.6795710459693198,0.8222221768810928,-1.6043773835575348,-0.02728278053120764,-0.29295480593812573,1.2444048100403453,-0.4680388538903277,0.8720623849136492,0.8059348050333514,2.032199675167128,-0.4794850064282412,0.6064016890919589,-0.9244401564970006,0.3147078629354864,0.9864834567484788,0.13941702908280001,-0.524794328207173,-0.39818270713784915,-1.1315767989814427,0.18937226651551678,-0.738385730418235,-0.5014924600084953,0.17384290854264095,0.6955502332959074,-0.7543988328324052,0.5979093360582345,0.6092969771878418,1.4293574917506215,0.4305394603220405,0.8093849010452683,-0.29014338875024154,-0.3793512821012783,-0.41495191941835496,-0.2888839269542845,0.6940045353001274,-0.7185655797733004,1.395390031260131,0.9389878539449588,-0.41402565318981827,1.6014528922681357,-0.27484048677430956,-0.05153028864930202,-0.3278550219228594,0.5381116431068702,-0.7313999279516132,1.4815047792757605,1.0622263017780127,1.2791072247682278,1.3337444211946752,-0.8111704608467035,-1.1240314484522993,-0.35496122119526974,0.807420451093585,-0.28634905219491463,-0.5136292386534858,0.5059112084809493,-0.36993598468661704,-0.3223608384917933,0.35912345555985237,0.35656971879516497,1.6764782549851258,0.7609975134821968,0.9698546214351792,0.18716111416966358,-1.6133528325607611,2.1510869781675415,0.07813277488241364,-1.6018810457010342,-0.22983892515328266,1.1615353510911948,-0.2580971683281582,0.4991992138585476,0.26670646477181237,0.9102682321174401,-0.2612711580644294,1.8330653573262627,0.5328117602461568,-1.181738732963493,-0.06904435626484656,0.034475527056895716,-0.023795655780664976,-0.7874103896890469,1.810988963781768,-1.4598719617995946,-1.6347719667097798,-0.5343803721924671,1.6710332500016385,-1.107630305724132,0.2231711489772008,0.5609743680743035,-0.18834425337867405,-0.22320136366069163,-1.1629297793914928,0.9331987329383259,-0.693986055452406,0.8406922292466716,-0.1734745314841059,-0.758425654414178,-0.47875435042152625,-1.406623665806145,1.6538376799958747,0.6081322455053951,-1.181036582325773,-0.750276974917974,1.96991604770466,2.4004848310517812,-0.3873565445176459,2.3291533672911777,1.928980170203825,-1.5654382281462207,0.3033330270422278,0.955991330893308,1.233210113915724,0.06227634717824638,-0.2174702269925456,1.116544752326953,0.7888530516480871,-2.9695459669431603,-0.14408699077234433,0.6287191399263715,-0.36641894594975777,0.5351839019695118,1.1469474149704222,0.35623492889013364,0.5821010091469587,0.6061255581667943,-0.23815740587683523,0.8683524910457939,0.8219696955206908,0.5137662447962082,0.03209084839915312,0.07636607500813776,0.24294329143093263,1.6456020607904889,0.30183955087332326,-0.3155726354886561,1.853631618762916,-0.9632758665789874,0.1417119577361462,0.35567103412042933,-0.2214994780391415,0.7182210636948647,-1.287478306012031,-0.8507739739081618,-1.1973832135398101,1.019819502906313,1.5627465263801932,0.4249328486963133,0.382594176397395,-0.3234975734955695,-1.650096052136661,-1.0542049425701343,0.1824874420363395,-1.3192190242777473,0.03273526418116849,-0.14604525718877298,0.6624352588404568,-1.3319386552439365,1.583709933643867,-0.3290576083219654,0.1312195543566966,-0.1778306418360036,0.40184819845712616,-2.170353358859377,1.4732061452943233,1.1336137411423857,-1.043513320741041,-0.8440931519780837,0.3591580737133915,-1.213400607591737,-1.1718765676231684,0.08396329387416586,0.985319924400855,-0.29770964176074977,1.3813959127340727,-0.4819568619560057,0.38443293202872497,-1.3424902679244273,-1.0218872444875233,1.389732671755449,-1.2850169580496762,-0.5033428684248038,0.8147612793971656,0.459162840131442,0.9917098225851256,-0.7021290329850277,0.10347759584169133,1.0761354218863974,-0.008155010258850265,2.680980438319714,-0.07940427193074134,0.532661276984105,-1.424770136465456,1.0669797065218194,0.02424008845627562,-1.0881372658405384,0.9725182550244282,-0.46757554381261407,2.0200917917256307,0.1040063893220515,-0.6273710027905247,-0.14029145782860686,0.34015944655665287,0.2698321224716986,-0.589129070705315,-1.8554368870114344,-0.15268764724923126,0.23666055250874263,0.42706714876684193,-1.2010685930697982,1.648596905284223,-0.8975048410926968,-0.37119952290919733,-1.3066238060406223,0.6816209400532879,-0.20714808007648175,-1.5148960218398877,1.2698050894640902,-0.26704720432586077,1.7646105261513427,-0.47452760525273424,0.6092691700784919,1.1886394156269773,0.03860849756185181,-0.8960782138150233,1.8052001212493902,3.246056708334718,0.08769539302596227,-0.07693631550806518,0.9569603051862022,-1.0273931185913678,-0.190520052646747,2.080258947976649,0.6670847779182278,-0.08890465762118649,-1.9408565778341051,-0.21623996988270208,0.9357239655104768,-0.3858320759560326,-2.2052905317872056,0.8314922861683512,0.28088474871631486,0.9717690191637272,0.11171556106341972,-1.4010358353959256,-1.3451594753713327,0.8472212063688571,0.8471811489056853,-0.5073681253427744,0.538695015195948,-0.17221195551826934,-1.3865071738701238,0.5369597953130237,-0.3892113078021315,-0.3997894218078919,0.49167423158819645,1.470184117410868,-0.8209053862024887,1.099670880496351,1.1499238215153287,0.08477409333332879,0.7035431531193366,1.007021086735237,-0.11626165535267521,-1.6324377787037065,0.4422334057116607,-1.3591938377265649,0.3212261096225386,0.1953699207845559,1.0436328820735485,-0.36429910306376667,-0.7761828442291656,-0.2889720252030348,2.2560264125355745,0.18067162096665917,0.18633802585225617,1.6369337530391082,-0.30578203766745576,-0.2624980235883224,-0.2886376969556186,1.9357445588508988,-2.4646536276886017,0.49424743069025007,-0.19868257524160848,0.206722748085792,-0.17033484401158436,-0.1160090697232161,0.9004533124529228,-1.5595670754541955,-0.04239524440419304,0.7546457235189252,-0.700620518198842,0.204942579155719,-1.0568279948072345,0.9547454545297408,1.0021474573073041,2.1716080895845895,-1.6524336474333017,0.09076112300649203,0.9534694098609485,-0.12702591964893417,-2.141299939724431,0.17053786619805034,0.9749611589299877,0.37463637605274525,-0.4695154666582965,0.24095340965141615,0.24016648862959677,-0.34980708679927014,1.2690575112989289,0.10442647207946076,-0.8481575918332301,-1.2324281521507054,-0.6011422856751424,-1.9214071547091276,0.9654375782132238,-0.5364633028103791,0.40670783859961834,1.1869212250741235,-0.24669696674300948,-1.8911029862140922,-0.6916156775637654,0.9834080348056307,0.10230476492893756,1.2785725250593574,0.1600371512167696,0.9942770407004781,0.8840508252935813,-0.34328810793551134,0.10143471302126686,-1.1083445985631437,-0.8925181273309999,-0.5949229532639764,-0.58524342530184,0.34866665605877445,0.707186915689165,-0.8221114883718325,0.6665175034755753,2.3076954340381017,-1.6325916140927188,0.30487106241491135,0.20251537002707592,0.22239988514833234,0.1585410779410752,0.2283043019378248,-0.25455025188798674,-2.0885999883724877,1.780679420019252,-1.8304883764540918,3.2871274477811885,0.35905421667113174,1.3243223443144825,-0.018131501234998626,-1.333726263485429,-0.9920198783375814,-0.670454341258831,-0.5379688728364698,2.28385355650326,-1.5317107720682408,0.6032243598202895,-1.7709337565122796,-0.8246359492741835,0.2345415010336549,-2.8988368056733385,-0.1461249993983882,-0.5407186842744606,-0.42375890489854456,0.7574782775042251,-0.7500702891584939,2.210331491736562,0.8699691730636776,-0.31266458719641316,-2.9980633519768567,1.3993632435074959,0.521916421416594,2.121101051455062,-0.8337088819620748,-0.5309695062039074,-2.2612870729384857,-1.0244337397570422,-0.4014509254516077,0.029674781149985924,0.4563871521032803,-0.4519265858224233,0.5264110505564499,-1.322781566908814,1.0682777819562614,0.8527393802708845,-1.103336583746407,-0.07868646621178987,-1.617033390533335,1.145245760235832,-0.3010853620425379,-1.0925345886961388,-0.32402457718219435,0.0068183917050575055,0.181868800863109,0.8850421895205878,-1.934403538833174,0.14772587562535527,-0.11392061270986802,-0.8969413234657231,0.9118809946319852,-0.3449713037047016,0.39945748522119834,-0.9622924456563988,2.2360031194158316,-0.2759316227747804,-0.14436066559401817,-1.3511279422779663,-0.4634615152594822,-0.04638495454521663,1.6710327176334905,1.0458509356367456,0.06299453105586791,-0.7014177077093464,-1.3838773291178468,-2.00350214230099,-0.1723640107488778,1.482571601472427,-0.8178721419096671,0.10295230234131128,-1.7458095529862223,-0.9912549993926286,-0.21041439767017042,-2.3242050518715325,0.8470241266349915,0.23450257099141822,0.18438008493688746,0.9499889078305814,-0.7705406107130401,-1.4753434889811816,0.7133698795773193,0.8538455042238007,-1.4535230947290163,1.3881442861221505,-2.5886113323271434,-0.45045961846507737,1.2917414865562227,-1.34199190721167,0.1852773945114886,-2.000831086791896,1.2782585096728296,-1.6105710202207721,-0.17059908382672592,0.776534350722098,1.2316913046504652,0.24575870560419955,0.4600973917719657,-0.40650391471283776,-0.6731489070960861,-0.9729523890566301,-0.005739867019183942,-2.2025110442845843,-1.1619832700746866,0.08347942237785792,0.7838140313361346,0.6886173197128518,-0.17251204322590474,0.922861466041699,-0.6543870225160314,0.5151732691076512,-0.3699767484002836,0.09348215458485244,-1.1208847127552877,-0.05936921639329478,-0.845020413361434,-1.4145643967759902,-0.6758500091979843,-0.04690313974574442,0.6810179844138171,0.22146568916194012,0.6440281167716266,0.30272327904562985,-1.2047968218536553,-2.174666518860426,0.2768020783263437,0.42804580247963975,-2.255222811029394,1.5786404624222092,-1.4079334986893308,2.0881594265031542,-0.3950541513651498,1.002025823066716,0.558897836287477,-1.707740022322399,-2.8241217010316992,0.20076372176269958,-1.0332399488239925,0.09120752687442375,0.9262853017717622,0.7686538136393004,-0.2939333373616273,-1.0826430088423684,1.5440324605767932,-0.3973505951252315,-1.3274309444022376,-1.2974267230303582,-0.3590467014578286,1.8797866311302742,-0.5595328727510408,0.30440868903201673,-0.25753551895095156,-0.6283439537415562,1.3769237521256825,-2.3524091579859747,2.360116734070657,0.38404567562447434,1.1229168823346398,-1.64621307751417,0.18306186668259528,0.1407533655294359,1.7260865556606335,-0.25132802853787195,-0.015004470235300965,-0.6566927498536225,-0.8684616688737679,-0.526541225743263,-0.3575872327182026,0.317742613516087,0.24147470669566645,0.08185389431707452,0.773465764119508,-0.5783445262916699,-0.2007703594392133,-0.22192444725681398,-1.931880049707076,-1.2971330877035583,0.59641993382376,-1.0583510994641845,2.4179442738723536,-0.5321904081543583,1.0167282554596928,0.5289986287146099,1.6668583811268722,-0.4230874107915199,1.0542713255535068,-0.21485545957722973,0.7164559827632954,-0.6773384492307392,1.291002221015443,1.120549748133687,-1.429276945285725,0.11904809371141935,0.9345206123119992,-0.5763035790655524,0.0688447260037511,0.4279008373620019,0.17194408641053358,-0.5208098278165515,1.5504621328728758,1.9357596144621718,-2.0543990624895727,-0.7655961065705659,2.6718646990386183,-0.09202461139150536,-0.301676069481452,-0.3836097571518571,0.8209748767335782,-0.17396092711106667,1.59936878530321,-0.9846761483753363,0.2943724851505307,0.04027634900866542,0.5955021604366552,0.0037595569693146397,-0.6320812998465722,-1.8048349395021097,1.2602963185193334,0.3220345862784624,0.2752208730977966,-1.3018481086850764,-0.2023176889754637,0.06272982749118594,-2.1621760039945332,1.308509134814035,0.006335774788937253,0.2064267365579417,-0.033371394206603955,0.8179075633942909,0.9705044989370756,0.018847420352081798,0.9527378334101755,-1.0627598634658617,-0.5424029999522825,1.9157620134043378,0.7061993331354383,-0.9580811838217793,0.5881906731817592,0.25411612513007487,-2.7504916887048587,0.4010107229719747,0.8833431099704949,-2.0258789303124303,0.37138592194973374,-1.1066183629522144,0.5069569523781748,-0.5135400317279721,0.6895366663755063,0.5586566687283119,-0.49214097975988524,-1.553756941498785,0.33743965431315953,0.2624404589700364,-0.30372556718185006,-1.4231480481540546,-1.5037833271365315,1.331873141528655,0.6080593669374681,0.588487677162357,-0.414989312079419,0.2402370294163857,0.11763123530652594,-1.2665637538116703,0.6838626250699206,-0.23293633404512598,1.206501156049083,1.545004259520229,-0.23617727387088389,1.5253642620669168,0.23215445541384738,-1.618342163330958,1.0178328182252245,2.7322717835967465,0.06351720400183193,-0.0411062614285221,1.0574623417097462,-0.8189452490641366,-0.08871541514698089,-0.5725073559010082,-1.1722553043389046,0.014899685142586425,-0.36400848829177146,2.74007941503842,1.1328530846109948,-2.5340687601021923,2.0373596690918183,-0.025804714120123473,2.140518725438258,-2.560774578293963,0.5852238996119093,0.21322117367999205,-2.3986710431031173,1.429656083709517,-0.9734310508565149,0.20391281636910152,1.1864264674840412,-0.5247734033999898,1.7818805557014714,-0.35360005772486697,0.4944752576878045,1.0265057527510484,-0.5259875421700074,0.31490034353847784,-0.7303728477148936,-2.075019055537033,0.4711941538701557,2.045848842413686,-0.053089608499466506,1.997947561880389,1.4801528696997401,-1.0966203927724036,-0.490159556912509,-0.30090844162887903,-1.2588975167163265,2.0425461782032817,2.63092028626683,-0.5264402472351564,-0.32938626708912394,1.8314319852821377,0.05781507550591988,2.0973518254176327,0.6065165919157832,2.5103847000827426,0.6370403154936595,0.5446273244257707,0.9080160520422219,-1.1943840549382752,0.8743395413084403,1.3477715186865384,-1.8460388769141955,-0.22303999036127375,0.24155383648637202,-1.3342540817046658,-2.6408005274241044,1.458210599899974,1.197731780753957,-1.3376676806602728,1.6477578622881062,-1.5226944786031338,-1.8449145483612481,-0.5769944954180322,1.1279473430632851,0.455017702525492,1.3553054577439079,1.4250921236489422,0.15466465155119608,0.48820189960516325,-0.02217820741238874,-0.19978018117244578,0.893918978376569,1.2776539266213434,-0.07415396273105365,-2.124700243622616,-1.4103905861063954,2.552235610871891,-1.3071808499509756,-0.9639622383072539,-2.679853465305945,1.1360341441382138,-0.4113407521728264,-0.38245428569922313,-0.13331338708422985,0.31154373362457627,2.160350488754244,-1.0912249332442185,0.227257076434713,-0.40159667283748196,-1.461903825745347,-0.4738105028139785,-0.23934914304711646,0.46712172965284604,1.4620281862457583,3.4962708340773467,1.4154722189330893,-1.6530004872106006,1.5735763430011205,-0.5529081658243635,0.17819579396112695,-1.7745911837197015,0.7927365104645265,0.11612934856290073,1.8889221749412441,-0.5159948152654172,0.31151037740325266,-0.7006801018606834,-0.6571177194699795,-0.39936776989729506,1.821236819468798,-0.8248986321629531,0.5963074997809691,-0.3846876653121239,-1.7118405870428164,-0.7478435424114911,-0.20265228552914577,-0.9684027082966368,-0.3971240726593461,1.2539588507604749,0.7267999302849788,0.5156722338270527,1.2585644421537605,1.799239753693421,-1.8414097973746018,0.6840716514835311,-0.18752300358279766,-0.7264433496587137,-0.683952640670206,-0.4378482245380676,-0.73528719263519,-0.15523879402972293,1.1322059584339446,-0.879604694400151,0.41553945571165873,1.6021695525284343,-0.8674096444206285,-0.09997118707936435,-1.7521287184716352,0.5779473987551773,-1.2483923876792555,-0.9767559428024697,0.6723714033090442,0.6356965769653069,0.535340804888957,-1.1281162198775367,-0.015698954690511614,-0.8410968525318999,-0.7310868132673842,-0.13581091682138302,-0.3049754998022106,-1.0711306935176677,-2.933488161940081,0.6189109996559811,-1.0552418434360038,-0.21847430539043083,-1.7869165144604908,-0.1386527378947441,-0.7557116612106732,-0.33499389613293434,-1.522658784539758,1.2523862005189652,0.5607694124703371,-2.103029956836363,0.5562807637970927,-0.18095361668301585,0.4143997072088504,0.7990808895609767,-2.055912885745288,0.15943781134659632,2.191793396120891,-0.15043421504350635,0.5371678559709561,-3.2361003256450265,1.3925306377332136,1.9887363231049442,0.08889731425974033,-0.6710156817157664,0.9639435905864093,0.3837566374311032,-0.7813396926072935,-1.2944955209566302,-0.3747070141792968,-1.2343078345345928,-2.1909131841391916,-0.7900413437433517,0.2524497181899011,-1.3810746555258546,0.9410594515827709,0.4442403752333167,0.027455893401924635,-1.5965019674492702,0.7312141901676866,-0.6972639683398837,-0.5815105473693568,-0.8078555741934252,-0.8838749600748801,0.5179340849386884,0.9505401918341514,0.385092770818733,0.3413301250371952,0.6191429989026127,-1.2795252153070282,0.20169660093709338,1.1886045073260736,1.4086088559405288,-2.1388100472912726,-0.5976062922996388,0.5691088021991106,1.07748736929812,2.913995206083383,-0.20043598070360757,0.7407555446688261,1.7899729399508755,-0.04637054111356516,-0.2103592408391527,0.5979857416745379,1.9814011439549462,-1.3703646914036012,2.3515485918206473,-0.11176745684229039,-1.367457802651892,-1.1674989110152272,-1.958746946908845,1.2579642882323319,1.1516509265855068,-0.7237895387747713,0.45468135203601584,0.5985942168314402,-0.9080446075133296,-2.170482363004755,-1.255307685461202,0.6529147370749232,0.655904245663887,1.1726910502240806,0.5789922588714952,-1.2798843985738724,0.8978357282631821,1.2339640998585317,1.9736694189720614,0.08891376052367188,-0.1630522342982288,-0.39233708075464396,0.014356062008003878,-0.2686879763971295,-0.8017416647055327,1.3867246190692915,-0.5216520834993166,0.17909873466733245,0.7027077345624531,0.37065553458108436,1.2653744384746053,-1.63400555852064,1.9082390656299615,1.1846577506364855,-1.5114072146842419,-0.23631111967373353,0.2639233581641648,0.8721968292825714,1.9117406964048096,-0.30681591344950476,0.5318805464231637,-0.8536201291659555,-0.7370560987221499,-0.34979558350650675,-1.0056802484199425,0.6226070924291756,0.386972785824145,0.4814076845247789,0.12841662218075095,-1.9148908463532162,-0.716674625198796,-0.612043936008845,0.1354025227790902,0.44364468880398383,0.14203281429394068,0.3591183654249569,-1.5452840396001701,0.7679490078296909,0.24687083026566636,-0.08370941046538591,-0.4150918981691323,0.1053780911874075,2.567885282076361,0.6866409553911568,0.8691511151634792,-0.14499621734475474,0.17411225635215594,-0.9440858344639533,-0.12316424614539043,0.28726045008143775,-0.9526848197756885,-2.3979295244530063,-0.2997715734755476,0.14960895454666123,0.04543349599457108,-1.0876564757296834,1.563152318707897,-0.015689234005404132,-0.8422969864646918,0.09465747944533642,-0.9032011872325162,0.43989939084828894,-1.2767083035869813,0.2600275087058755,1.3708492764097264,-0.4936903213456685,1.7385777184850553,1.2952893244888755,0.062378310671135015,0.4061958479585102,0.7107730363662995,-1.9585777735166099,0.9253517899553898,-2.080476832576097,-1.7873485647999852,-0.8223609304545988,-1.728329226917333,0.4312924762438931,0.7632983412782799,1.4836136136852203,-1.0167069244288283,0.9476207741312891,0.47782693632425066,-1.610112108569492,-3.164058588996843,0.2633465092883235,-0.08501359001434332,0.21330521153681353,-0.6029493880862566,1.0624376710136538,-0.15166687676213397,2.0235607127156263,-1.2079973032039704,-3.4782564165305017,0.1894934947984841,1.0683467169592755,0.06612322735660682,-0.6962920322536625,0.6616119963159611,-0.6535190974867925,0.22855819669759672,0.6616871300176531,-0.13148238841426818,-1.3106839011197393,-0.9790929131850297,-0.5151462763898448,-1.0211166591830843,0.10237684373610169,-0.21263295169714344,-1.557870122946315,1.2185493396563063,0.48456662351198077,0.5586462485470294,1.2096701697110182,-0.48848673798394326,0.9185161762284135,0.2206558051196119,1.0567603748213374,0.37132974251400025,0.4311410736203061,-0.5436047352188166,-0.8692535938313396,0.5103379348890726,-0.3005919428602791,-0.762216658489468,2.42154256673527,0.0197271072186906,-0.18073662441677024,-0.8388205688760885,-0.11417414575167423,-0.3929448148730823,1.1944193592191887,-0.8390495556297227,-1.4274322731214109,-2.7563285858285864,-0.1404941137759031,1.083995963553631,0.39433726894418064,-0.7400428302796273,-1.1519999248862265,0.5021449662373458,2.5995413552417137,0.48695421205840267,-0.37952261515211844,1.9735555939977065,0.9226424029597926,-0.015443771985359706,-0.12726973315743387,0.11342907550297826,0.5610874656455354,-1.91670548823562,-0.6759635837821067,-0.3484589060331383,-0.8227877431644286,-1.7380259185051659,-2.8181464058311794,-0.1397232956551894,0.5178793676927145,0.7080963064705015,-0.5243230989555282,-0.3918146235054114,1.1773633096985305,0.4318949545030717,-1.3236306686145067,-1.4841270978525942,0.7871461285725968,1.6856389292461582,-0.7193304696239262,1.3890133840148087,-0.11780669297373282,0.30832877653467283,-1.1269011627211165,-0.6200789516681156,0.3845615391371711,-3.01914253227474,0.30359131868235656,-0.45801745686591006,-0.25301071975625083,1.3479731592341109,-1.8852618175079505,-0.8022331194207868,-1.1320285574439009,0.3336843597817224,-0.34125378546256335,-0.6056787692462193,0.4863104814257877,-1.1593379945110438,-0.5774812309633479,1.0682378917782782,0.7694769662158079,1.2980205786315846,0.7305170844354987,-1.219559111614846,0.5228269045264502,-0.5316474850796318,-2.0595208236458866,-0.01968277888820042,-2.1072983276937896,-0.6127563580778957,-1.5684123573469761,0.8045657855770276,-1.902449782052798,1.8182739710263387,-0.7720374953387396,-0.6093160720766155,-0.08744023646510189,-0.6428141051662435,-1.0082671796363758,0.9379702385056883,-0.5435936101413824,0.8041950916704257,-1.3768298742752656,-3.144475513100486,0.6993845493778209,-0.032962793174110244,1.3782098449110107,-1.0882825067215232,-0.7207490713200383,1.3032379940706202,0.46773358183266645;-0.43750053497117464,2.530297178401382,0.8400970140025916,-0.22181394452583184,0.47504073785014544,-1.7571202790667984,-1.0054459224590409,-0.14101345777721896,-4.039846970717625,-1.5003406308700038,1.7610442407061737,-0.6035163855897335,1.73797063559411,1.7699850370920107,-1.2192326941145482,0.2150535247674546;0.6860770687453244,1.6672133024475138,0.11979585637674778,-0.17698728029333258,-1.6495541516694254,0.4287030619165942,0.1848455387461233,1.0829659436695878,-1.3530100452889087,0.4945891915336479,-0.5630565840171591,-2.468636916690868,-0.691150395593793,0.7218968330162521,-0.39186505527317134,0.9367640463523867,-0.8456373282980452,0.7793893750832902,-1.004009507005289,0.6160203401281574,-0.5139622364764267,0.7922833867443985,-1.3584328824498104,-0.13331241501880298,2.384342757529954,-0.444372522771712,1.5630476545429184,-0.7424951560382568,-1.610761650669125,1.7359935758963096,-0.7660651230533926,-1.5329930276301413,-0.06878418746744093,0.8096207759909573,1.9865722343570666,1.1283914354845441,0.8670007204572681,1.7909228196536753,-1.7588005373683426,0.5540491834771575,1.2584287236713585,0.28794970686751375,-0.30772262242370974,1.256979651348149,-0.26535362844302496,2.2960083272113043,1.2111757960588763,0.5497206531007588,-0.5321460527837367,-0.5976913541727616,-1.1060138623768314,-0.06783344926993472,0.6270134872479017,-1.0100729051567137,-0.2605121429713754,1.6443840899382052,-0.8678798793536512,0.02516493740266333,1.2421971030028347,-1.1863265896776365,0.15394655105017974,1.548935268834712,0.49080174824469863,-1.0331360754524326,1.706816951405407,1.1023459446751998,0.5729096983195628,-1.892828863820571,0.3168973813257171,-0.32901424146975844,-0.03458784236380946,1.9388612096341478,-0.25403803967898597,0.4505028026094001,-1.750512782669438,-0.4731246972729728,0.3931335249418262,0.09882796697045987,-0.17714202338941143,0.1665340258775571,2.3314191898117844,-1.238198225177091,-1.5502448449107387,-1.0012631303066952,-0.9864947999923972,0.8887036974864955,-0.045042707791691214,-0.24044561495517963,-0.08961647158323163,0.8941197393029846,-0.610914440520308,1.6021929408017372,-0.3027472401943526,-0.38909090184188655,-0.16644872291280824,-0.23385767583468767,-0.43875104081233907,1.4531239372037859,-0.3245169519416353,-0.9993477082049217,0.7301928725675673,0.02257779846923443,-0.8121078441496086,-2.5799248542457356,0.5796827445003742,-0.39241208264139027,-2.228701863845703,0.4386051257999307,0.2540004233995566,0.8612396253054704,2.246273998997339,-1.5312350699438715,-0.5828396636826971,-0.31171065221079863,-1.3329524707664655,-0.0939543055719854,-1.9553253048672852,1.8714229253265784,0.17091518527978924,-1.2348200520692867,-0.1379044751591867,-1.2557265067386225,2.2496428605492396,-1.308924585163813,-1.389196164793708,-1.204461416938591,0.22347830005000732,-0.12789059613086812,-0.19065160247607876,-1.5274883987599313,0.7683842161972352,-1.0449265647643113,-0.6284270813583532,-0.4254202970910543,-1.2076789212162256,-0.8004744566182034,0.4807743449947288,1.7482624677905254,0.9967792908270667,0.2564440650832528,0.07385652492828701,1.5356419749916188,2.9409155388820767,1.7165520183885046,0.7773413460373649,-0.394589811841361,0.34030864025826013,0.5110821528842844,-0.04405706511776897,-0.2664370026022917,0.8691233153010776,-0.12156775650286278,-0.4277124613306514,-0.37851515308517364,-0.26722978393654084,0.9948918284116897,0.5509963526642857,-0.7261323653454658,-1.4227212091325758,-0.9110000738366181;0.5137952648456143,0.8912435427195646,-0.14984896688109794,0.14042666034898035,-0.2083708725217814,0.7544104235659971,-1.7212230141688147,1.4687441537014565,0.6544622461083182,2.1617624611390003"
